286.1995846429698 378.80688947662105 299.5722636574103 395.97430689158153 0.9961839318275452
403.8914177157548 373.8171714465592 433.17167507397306 404.36370574708565 0.9958847165107727
233.07875596951862 384.4558741773548 243.0831962629604 400.7176851819943 0.9907392263412476
359.7482687267534 364.5542396151424 372.03137861156125 381.8635315889285 0.9586242437362671
715.4732912360347 382.25667542322054 721.4259775429013 390.4519909825099 0.9570993185043335
637.7561110717783 378.79922721208015 644.6775624047089 389.1386023922228 0.9397127628326416
685.2787589453882 376.251007818876 693.1484249418504 386.21782348119126 0.875648558139801
698.885110699527 385.9809791205113 704.5422863122106 393.85858861466613 0.8723616003990173
738.7151176440113 382.3297786678748 745.2957066924995 388.98746613201524 0.8649510145187378
167.3456961963699 385.36923828592563 177.80947960520106 402.2431383275627 0.7378125786781311
-0.0419005193807281 378.6688651688991 13.157226184825312 396.8424250840884 0.7286424040794373
269.1251243803175 373.4668324686137 279.9810296315744 388.9037231786362 0.7144022583961487
608.2208073096438 380.5454616455767 615.3387371123896 390.3817750052317 0.6548092365264893
181.8790954980568 374.4368826753363 194.1143638685601 395.74949904960243 0.6496090888977051
658.9979505952239 397.33031037582407 671.6240552076071 413.01057992866873 0.3862887918949127
244.36652139777075 373.46136548000914 254.48062608208392 387.86591825022776 0.31997355818748474
517.6496974650581 377.1939728464441 536.4571010368271 404.84970034334833 0.28107261657714844
811.8061039247785 342.6874381449109 821.3868031950306 354.9463457047957 0.26186656951904297
726.8730428846247 474.3898898674262 774.0194057654563 526.6774004486385 0.20170877873897552
491.82494185724585 400.71229457359 512.5133611851898 426.4493187813508 0.18134035170078278
824.351510156999 459.4669132776551 835.2062219017978 472.64392423315525 0.17069515585899353
746.6719036823515 380.5155094472759 752.0362980613437 386.834831526208 0.16795320808887482
635.3478786298887 360.8130720499928 643.9991790425563 372.45275986607004 0.16516517102718353
594.072394487533 369.80753324063767 599.4440355801454 376.8964795707588 0.15591970086097717
720.6943958598495 391.4914471686214 729.8092592979557 402.78831907448296 0.15363667905330658
862.0110262142123 420.5344656094459 909.1489685607728 458.4556867732508 0.15044094622135162
756.6676777556916 386.3253658772688 762.7528905136955 393.8096954533036 0.14953234791755676
151.8228155884142 369.27115716684676 162.0654010027354 383.1926426164799 0.1476752907037735
705.1414727457714 371.83847168358005 712.2967626272085 379.9859047215209 0.14437395334243774
679.4538372899218 456.47965855755064 716.4904185305006 492.02082282546894 0.1427174210548401
634.0062414348172 454.39608276588507 677.5711061462641 501.0856639169647 0.1412310153245926
677.9448525287117 495.4903964783305 739.8627382296341 557.6125448511475 0.1399584710597992
1039.0479165945155 523.0704330103064 1050.8533027011642 536.2420755028924 0.1369815170764923
67.27583512034536 347.2558361605329 73.86852284323463 357.0706951841519 0.13584637641906738
616.4860225504548 386.771112327064 625.8531586125721 400.4040094553068 0.13545523583889008
887.1325248857586 490.56570709876195 936.4044220028347 539.8610932504363 0.1350599229335785
654.4163523770927 386.2069759616069 660.9581664780329 394.51621782221815 0.13350163400173187
658.3690317302622 385.8217326290017 667.3553772972176 397.0547542255496 0.1326410323381424
1045.2820402280786 539.088709737883 1051.674962945303 547.2453309533665 0.13194039463996887
511.7134577096331 423.38389715482987 544.4015202886859 470.1157160225489 0.13176195323467255
654.7989017658722 395.2932720937025 662.9298054490662 406.07024605825853 0.13101768493652344
317.5988540736321 371.862333842657 329.0924399924159 386.6354008533744 0.1296025514602661
767.4018412294322 378.3248354383908 777.1061893760609 390.13802310705324 0.12937423586845398
733.6536763447352 383.28132147587945 740.6560228568467 390.8952475122462 0.1291535496711731
651.1684555517683 424.22428882108085 670.2607447728946 445.6508160202697 0.1288226842880249
-1.2999186016000082 405.22151226514114 15.017371927133885 433.5729662475957 0.12800225615501404
275.4081257798327 376.9507142745102 287.47854706840053 392.60214256678046 0.1278538554906845
675.9899669168893 385.9635708671253 685.8069278607926 398.48850203702045 0.12778165936470032
953.9872323262753 431.5715022911146 1011.2613023773505 486.58574422532877 0.12719301879405975
667.4130239113127 385.38310050408506 679.3566695771634 399.57438945800203 0.1271219551563263
853.7749729398388 447.11938996648996 869.0523240636487 463.8997622882831 0.12677101790905
715.2213838831218 449.19841670945675 745.0903788881366 483.315277104362 0.12663976848125458
1.7198312283275365 420.7769221246263 36.369742609171844 469.29795293750334 0.12645159661769867
801.4723960310841 452.2510517640093 850.1197163788019 508.77355741801813 0.12641476094722748
690.2494658003633 382.1491260083961 698.3722605101608 392.7113625906682 0.12493953853845596
661.2998406636384 377.69467605318096 667.2811017415374 385.07016017256643 0.12461370974779129
709.5731763438289 381.23321383953464 715.8550218086272 389.3568500842303 0.12436072528362274
847.8793504357303 492.5885647158224 901.2501949476924 543.0509261774839 0.12361928820610046
749.2058640938842 387.97921509929813 758.1135901974582 399.0722086695033 0.12256096303462982
43.21690259885969 381.37136782209836 54.339103503315805 393.90470993882917 0.12229582667350769
13.663415463632994 377.8627007749776 24.880073096605997 391.8607449039141 0.1219232901930809
646.639053805506 367.42795855836556 653.1314209457175 376.8416906524055 0.12187173962593079
309.78030924103456 379.52364414447743 321.22656170735263 395.4546235339984 0.12170542776584625
268.98906678430063 424.9428307392841 281.13536908422503 438.6555858948817 0.12156496196985245
799.5705544718768 375.9886061497821 816.1769920724461 395.414082965734 0.12146943807601929
709.4909731743356 483.41687155859245 731.677524781639 507.93445850842926 0.12113260477781296
997.3300808219453 424.0960258526653 1017.5731857768438 440.317141676175 0.12073862552642822
769.0689061389 472.9111787850371 798.0988877989348 506.16152256835426 0.12059524655342102
670.0517988133719 398.76479389152547 682.9571961529903 414.4523270600908 0.12023990601301193
757.6805956701746 404.83781208239753 779.2622865589967 432.43051000340404 0.1199694573879242
0.6306496454448116 350.3392129492719 9.716779580291913 364.9981147633431 0.11993991583585739
760.1604247630798 401.12649218136806 769.8376410085938 413.05767466018403 0.11978022754192352
839.512210137957 459.26879557109515 855.7284196097985 474.98067142973366 0.11972521245479584
652.1200568703882 367.20040933652353 666.5907569307819 385.96129740884743 0.11959023773670197
657.2676542285848 371.87352968850854 661.8528490057722 378.0332803899572 0.11932343244552612
818.7906634035841 390.4664178826428 826.6392025419804 399.9536603416569 0.11890871077775955
645.7636350070871 392.51145229433376 657.0110208280745 407.5378404732246 0.118824802339077
668.1465299404823 378.47186628998173 674.1341321945764 386.08231422485466 0.11864760518074036
760.8377013123492 389.62223684576145 769.0896069068339 399.37402944861975 0.11861950159072876
961.8694376974245 395.46721196230374 1002.5919323933922 434.4257101972926 0.11843620240688324
759.5934087646068 442.96284431409896 776.2596061044932 462.8885224663782 0.11807449907064438
831.3068877983675 395.1010155942275 836.6226712056593 401.38395236740666 0.11781629174947739
745.9354395460047 404.2731670344616 757.9641506457606 420.0857103956791 0.1178077980875969
727.879614862102 397.59540188089056 740.5984115527862 413.8383449426912 0.11764024943113327
769.7897681650333 389.2213173391383 777.0953738232552 398.6661018616459 0.11762778460979462
773.6908530060017 380.9042283900804 782.8547158992343 392.39058254237614 0.11710075289011002
408.593220906729 403.8174864838938 432.7672496494444 430.7765446744311 0.11698135733604431
494.7236724124104 374.8696468461797 514.0120431629255 399.033161158478 0.11696337163448334
735.694164562903 388.800413067583 745.4885690573387 400.6402664586064 0.11671947687864304
632.7374884809611 442.10846523467006 652.2586290993275 464.50521806181854 0.1166914701461792
970.7103977939547 443.20542292243783 987.0348678171816 456.4494348790271 0.11646772921085358
671.2908276247172 447.4858126784179 684.2604326801267 462.31099137679365 0.11646687239408493
429.1687280712389 389.7939808280045 450.2922469818351 417.05740204954486 0.11640575528144836
991.8874869528137 437.0660932434842 1003.8169485212861 447.8367301793973 0.11629318445920944
621.6951043793048 378.2341038850654 627.8301490157834 387.28439535258127 0.115772545337677
842.8120565466332 388.3022564503878 850.2424937959282 396.8665247781247 0.11564170569181442
148.26318101009696 384.6669511484487 158.52357109363393 399.79321475494305 0.1153334304690361
824.6637166426972 480.37291743021825 839.3216882991132 498.80100668987774 0.11527585983276367
645.2005075215442 410.55441245652827 659.4857434306072 428.48310555158184 0.11520792543888092
892.3390709642489 458.4692187006254 906.8274612553055 471.2885977976206 0.11513113975524902
332.34333642285617 360.1479469352401 341.5930186694919 371.84101658469876 0.11496855318546295
710.4442928513878 441.6396593961541 722.6481156186079 455.31255003756416 0.11490955948829651
682.5711980900868 384.4377275811323 691.0166647656529 395.7724306117429 0.11470358073711395
741.9065091072827 392.1477761857088 754.7810343288797 408.65541544209526 0.11458854377269745
736.2734067657566 455.064698731927 762.3579073407146 483.29743178596243 0.1144108772277832
717.7851733361259 457.4059001434966 729.3391019539374 471.4021646046225 0.11441074311733246
768.7805512135917 395.39561172905866 779.9987091223528 409.38338055080123 0.11434032022953033
976.5261647774439 561.0014666165843 1006.2514884515421 577.3228816863068 0.11431337893009186
641.4327251355197 393.30993242350826 652.2276827561088 407.44218663861477 0.114290252327919
780.9049530866808 384.9776937549141 796.5130315449268 403.58902606527147 0.11417291313409805
737.6191256763032 365.2996098735187 768.5091909871501 395.2127481294795 0.1140652745962143
963.3360784406082 433.4269015797322 975.7985169777699 445.4447153897949 0.1140260398387909
697.1736284691518 393.4709783363424 707.2550822183623 407.26960228695884 0.11400900781154633
960.0438680864194 453.11435005356435 972.6267010596358 467.6698081375313 0.11398757994174957
738.7911869995891 430.8595569479692 755.6289968319469 451.7204500887378 0.11384400725364685
845.3724732245496 422.8800138739899 906.7649627877154 481.4590851464147 0.11383985728025436
960.369814939851 470.10018898858993 1004.0162305911371 512.8225865384577 0.11357944458723068
646.0489107776506 378.4402062433698 655.072118858882 390.21832315202874 0.11339618265628815
700.8387452515256 374.38303540375694 708.4613581664557 383.6983426094813 0.11326451599597931
656.7073795401856 379.7733703640177 662.605835049499 387.1643337246709 0.11323808133602142
708.4355309667618 397.335313071304 723.5591512146318 416.29914209218555 0.1130993515253067
735.3218806718824 376.4858103886779 741.3551507527558 383.07520356606136 0.1129060685634613
285.80890705180974 224.21231960541428 291.9104907999262 232.44222410874528 0.11283376067876816
665.446389044301 382.488010532157 673.0721829012233 392.14808087090313 0.11270719766616821
865.0713041831389 489.3497985247524 878.4241562352793 504.27138566621 0.11265864968299866
826.5110327011486 441.0021203491826 845.46918953893 461.42740378519767 0.11265251785516739
904.9900583837867 442.2924414584148 926.692083135489 462.77426591716005 0.11262954771518707
756.0926778841289 376.7144746930177 763.7896547777842 385.48370568465043 0.11262466758489609
720.9786188524533 424.33457092434935 734.5108646665994 440.80247268277253 0.11231905966997147
732.2754133375407 367.1807083571941 789.5486617711341 424.2997675082854 0.11206316947937012
774.8085351445775 400.6301997699376 814.9966428780997 448.2689881376761 0.11197047680616379
1000.3511302514133 449.3312434229114 1016.517077523996 465.05453401366816 0.11194776743650436
663.8458822950191 374.8655146512544 669.0070516144642 381.5038935491702 0.11176397651433945
780.2540024792621 403.68963524581864 793.0784218134024 420.904348899923 0.11170963943004608
739.2941478070397 426.041479640318 747.253251749502 436.9543622139927 0.11170552670955658
749.6355350673678 383.8183482320981 755.6517883735854 390.9631960225197 0.11158725619316101
618.1658443809874 359.88661190775565 626.5234543421278 371.34067215017296 0.11146892607212067
826.8197235904106 386.5301933489073 833.9161790233962 395.0089292460451 0.11139630526304245
760.7847648413032 415.089262778783 768.0260107889096 424.3146099004101 0.11134336143732071
729.2993975205479 382.4877082603056 735.3494908803004 389.67026992451133 0.11127131432294846
673.3282056740381 375.3890606684448 683.1868204015126 387.35079003238764 0.11124090105295181
930.2071027943825 448.77174935670104 962.6127133269184 482.10631846349304 0.11110308766365051
1061.7368452264213 533.0817505929458 1068.8939686770427 541.0025915324404 0.11108575016260147
644.8743734832756 358.18451691390396 656.6148229477932 372.13408626852186 0.11107953637838364
629.4232119791519 414.11750854575126 646.9820351013764 435.9457196297278 0.1109834760427475
728.9071246997252 464.88420379365544 739.5008798961069 477.2580889617586 0.11077401787042618
708.2555525778332 386.85774133044873 718.7940226665046 399.68853427449693 0.11074507236480713
761.198710044643 462.2938230153516 778.5828062666654 478.62251076739676 0.11061719805002213
792.5072102649444 411.4273110678378 804.4924929792645 428.908221235948 0.1105211153626442
661.4762635148819 484.700859255039 701.1526354037352 523.4787810609353 0.1105002611875534
753.205416370357 399.6465089740541 762.561163807859 412.30241546015714 0.11038341373205185
821.3487965749885 470.6431175293816 831.4112444355889 482.65416031659754 0.1103280559182167
758.8858731363031 378.33998103104193 773.6171009031145 394.14334867495523 0.11030508577823639
663.9508060565596 540.9981118766559 736.1942390430752 616.6159281732537 0.11023837327957153
793.0725721838635 383.2198642596975 802.5935405638127 396.7215268743834 0.11017978191375732
724.6965303134829 383.9788210348166 731.5079860400743 392.0473030097583 0.11009764671325684
682.340919017671 395.67169535503564 693.4670178615207 410.4623483989842 0.10983368754386902
695.6733601977944 374.6294588154961 703.3578456121049 384.35650630625065 0.10978002846240997
817.3922340702705 482.4926100181433 860.7372398225189 529.5582442934523 0.10970663279294968
701.0906842837231 401.17410618564503 712.5534803315865 416.89431624398276 0.10967452824115753
721.4437007676296 381.91184194622264 728.3723194399515 389.9764811658655 0.10962679982185364
955.260630709818 444.3857795998878 965.4742126357892 455.4764341515847 0.10959503054618835
939.9266058918613 501.75448990513405 986.7050654807005 546.9175894463605 0.10955454409122467
768.468737801063 364.7190171358953 781.8555475016136 380.90234178619215 0.1090628057718277
33.89533012637902 365.31565906182016 77.38471979677271 420.55858212771386 0.10901132225990295
648.9106932373164 387.84052193111927 655.3444685846115 396.12381967915593 0.10894477367401123
721.2912612550639 440.3768763888423 733.6500208560161 455.4454229953305 0.10892339050769806
731.6717478531771 507.2720721718094 782.0561654171669 562.4447829089451 0.10866151750087738
777.9729499970497 376.8739447010325 786.9548856028496 387.8617802678848 0.10858700424432755
725.7890780772341 564.0842985400536 773.5226316038537 620.402710328877 0.10841604322195053
1018.199052497888 470.5478309449693 1063.2926074645593 519.0303005787582 0.10834096372127533
660.541944401987 365.40526334226485 666.860679429364 373.68569460255526 0.10817933827638626
644.7853822920398 365.77406645961116 650.2479871069452 373.84956478502596 0.1081431433558464
666.0335654967051 412.392706096182 680.9812690774313 429.5117357091998 0.10810597985982895
812.9895994567052 399.5717558290723 825.3081375584986 415.49012792734226 0.10804178565740585
734.8626364760469 445.5715434328267 743.4320785738527 456.67029250190745 0.10794384032487869
49.92258085994135 400.0991037756747 63.78345155878267 418.89394079478797 0.1077919602394104
982.9071739095637 449.3562266436004 996.2703525763546 462.1740360369679 0.1076125055551529
680.8104924896613 407.4061403801429 692.3522084325799 422.48937571077187 0.10755255818367004
156.13357606633699 386.87341314170277 169.24607427313668 404.6638334160139 0.10750219225883484
747.1477729195813 423.70493872197636 756.2280261058359 434.962905635786 0.10736675560474396
875.7868686512797 550.7993976619385 932.7576960623333 603.006936199808 0.10732157528400421
657.6137109956651 365.12154125845836 662.3826026014484 371.7026923139556 0.10730956494808197
1060.6337605419244 539.6748450236623 1071.4914513276751 553.2844243766507 0.10724381357431412
757.26523354104 423.77582637866834 765.7153333467448 435.4721247653299 0.10716346651315689
537.5652134362289 379.3221306025717 564.0845956951148 413.33182535531256 0.10716155171394348
688.5255346886505 406.603659370887 700.1835028272782 422.2513382060339 0.10713213682174683
713.9067693368495 366.18913217395345 736.5079154878806 390.3525751078706 0.10711763054132462
648.3792257911897 403.40179056076596 660.1541480395948 418.6703280532198 0.10694946348667145
719.6153722557351 401.9687310870117 730.3446392162268 415.5377024712085 0.10693647712469101
828.9793155852701 399.60975209570415 838.9156041214134 412.0398998643906 0.10689786076545715
340.5922917630874 365.39539887874287 352.55019519713983 381.20399828545436 0.10678364336490631
813.0987537358426 380.9562947958678 822.6487328446441 394.0248238080936 0.10663123428821564
706.4976380877077 427.7040282742642 718.6622764004171 442.58915379396757 0.10662750899791718
142.6294818974717 395.20527904085463 154.76166451680473 412.79685831313657 0.10659346729516983
871.9034036407489 448.3008450031187 891.9418785370322 464.6303706819056 0.1064678207039833
444.8823294455087 396.95260363282574 462.6569029617613 419.07850726051726 0.10644953697919846
513.2625601393511 401.04927103553683 536.115152515205 434.2675400880058 0.10640274733304977
973.0321323179891 456.71748436153086 985.9320722196749 471.3661339748688 0.1063091978430748
662.6672710835804 74.66779207875872 669.6082327379215 85.06419734902647 0.10623625665903091
34.83567625999817 347.41582627382854 46.46493626396636 364.7989484598251 0.10618281364440918
793.7887510577856 387.3711106115593 817.8022102198616 417.5324334599355 0.10617078095674515
592.7366383073652 376.9716889129835 598.5223938193631 384.41551112918006 0.10616877675056458
831.4020763074665 382.27934664117873 845.1858104034166 396.2919533201452 0.10615861415863037
634.9634409724987 404.7757205949268 650.1308975954036 423.77634458284 0.10600139200687408
1030.3955050064797 548.2370099063196 1037.751207104986 555.7643917255346 0.10583266615867615
752.9544876492677 439.6954799648833 763.5172099446456 453.8310959169934 0.10573362559080124
868.6515160883936 459.03700246101715 917.8278523079448 505.0255034923881 0.10557901859283447
651.2245297012 374.09540953656136 657.6561685926508 383.4686828379014 0.10555317997932434
740.9333287863487 415.6509891055041 751.3823729012305 428.6588662114391 0.1055389791727066
742.3913793783971 378.1293336875745 747.8940318013415 384.5674110425956 0.10542283952236176
734.7081403078689 417.8529869538703 747.2141464407919 433.42294829113393 0.10536537319421768
732.7757670915348 449.9156296202858 746.3688692475246 466.116142083996 0.10534804314374924
342.10073953644854 370.5209113015453 360.72256305567254 394.16853140840277 0.10532353073358536
750.9776621972301 379.1553702099067 757.5155410162007 386.2670257530997 0.10525988042354584
631.8543569651857 397.37698173186914 639.9647109997826 408.1592871429231 0.1050737053155899
63.34541392887347 344.40330613812995 83.76402567903804 372.9665306725857 0.10505713522434235
387.40249745727664 311.15427089131197 445.9407173806027 391.79183221910375 0.10503057390451431
859.8422033556451 428.75554121376035 873.064531693982 442.16639494043756 0.1049431562423706
783.9108891057604 357.5382626861972 794.1708891309235 371.4205176590898 0.10493088513612747
678.1011682030841 390.5206706290279 702.3316216748992 419.63655982830966 0.10493023693561554
705.2966913738655 458.43317698308266 718.0969696841346 472.61623592786776 0.10486912727355957
456.9985719950821 368.04748794508316 487.321268101736 406.9114738848605 0.1048126220703125
-12.981520708929997 3.5755176349619644 43.551111009652914 86.54733038055457 0.1047830805182457
503.41668950939555 340.23652178211097 530.7588122632884 376.9278393901846 0.10474897176027298
57.7431344869858 396.94840489433983 67.29020407635012 408.9160213607701 0.10473386198282242
521.871029200279 350.8909310363376 548.4669765539958 382.6066387210054 0.1045418530702591
589.2452272266472 377.5670197127882 596.0905379821252 386.46279596212497 0.10447441041469574
479.7476441190158 359.05557020043307 501.11667156141874 388.34031905707076 0.1043938398361206
733.4010567637546 457.87430196392705 742.9362954893364 470.3379432245626 0.10439059883356094
735.2989360388292 405.3074085622654 745.9749188266104 419.37072398251513 0.10420677810907364
693.806775320715 414.59216685525337 707.1545325609522 432.0273603349151 0.1041117012500763
786.6170659969783 426.17856418590145 798.6753359362239 443.413634939512 0.10406749695539474
719.5273768121832 410.04648237521536 730.1416216757116 424.03609124021415 0.10405395925045013
691.0062771364676 372.64268052349144 698.2376007148168 381.20328288499303 0.10381639003753662
812.3516297452425 461.9506749622062 825.0648400839409 477.02725363347184 0.10354331880807877
868.2184757059463 460.8645051418187 884.8602310981871 476.34029977824895 0.10353758931159973
826.3669979390761 392.02301827266666 866.772270382751 433.58045429690895 0.10353043675422668
489.1438341900477 414.7744101236542 520.0577049273595 458.5026139908968 0.10337381064891815
589.3332835717473 357.8131937478555 616.541049460339 394.49865935153593 0.10330170392990112
745.9818342007325 371.4243777203743 754.3251559215753 381.103193340852 0.103298120200634
737.9631886791819 533.2952809844811 793.992323522159 596.0993040562903 0.10321605205535889
793.1322346426167 341.0861036436067 818.3567725886163 371.4208712222043 0.10318796336650848
686.7833457597268 358.16852534257055 710.5410118773835 385.1490462550112 0.10318135470151901
1032.8006054748507 534.733593504435 1045.2114278542153 547.6049516116503 0.10310852527618408
656.7694159732237 411.29055662356654 669.6148723174081 426.5265819148233 0.10307145863771439
668.4516905875087 361.7317711339782 679.2757768156023 375.66914128728337 0.10286398977041245
768.684940215988 421.3117036238111 791.0665190675466 447.86769522067647 0.10283725708723068
780.3618886046239 367.05030669820167 791.5783624538665 380.4566875237908 0.10278856009244919
444.4018274670427 362.0657778034896 469.6386063825204 393.11214084097077 0.1027144268155098
843.158256004494 472.2378801199032 858.8426707739901 489.76949048316783 0.1026684045791626
792.3824634799021 420.2710332355226 806.3374424593866 440.1861011446659 0.10258860886096954
783.051232942003 543.7713230609374 865.36359866251 627.0157664576002 0.10258404910564423
666.4186936916186 371.85601394911475 672.4233494511599 379.9925706889942 0.10253120958805084
992.4828650179613 456.7428527942938 1004.775445592767 468.5073018553054 0.10246029496192932
668.2138067227688 420.71938584891495 681.8561077304078 438.0521365645428 0.10231710225343704
696.1898078259812 461.9963019861803 708.3665573730437 473.83845535534647 0.10218831896781921
791.3159755337367 338.51429401121 798.1274650279221 347.10409204185794 0.10216552764177322
534.7799756131423 397.5728669366288 562.3172124469521 435.2864948643403 0.10209307819604874
733.5866958418943 413.8118393344764 741.3632051358152 424.25678168818763 0.10209061205387115
349.3519080520629 358.04356667973644 361.42033792814357 373.78627388853494 0.10204444080591202
831.5536183127749 477.80225686673157 839.356456705117 486.63924953487003 0.10198942571878433
810.7787539482815 496.8581600352434 870.860758000796 561.4553111558068 0.10195273160934448
680.8821400271459 350.9979995226515 700.0684311856268 374.1620372204138 0.1018882766366005
688.6294658856276 431.22521839453213 704.4737925555376 449.1576904111888 0.10187062621116638
598.6235983364438 402.10890590652406 618.6519861138194 433.6917982980646 0.10184576362371445
35.87754148583261 397.32213497420526 48.61228395587609 413.0361176472708 0.10182119905948639
629.291774575412 507.0681374979017 684.1659189282826 567.3588748177008 0.1017027422785759
838.6705261289961 547.1751469849897 899.0301350493895 608.6741929133025 0.10160737484693527
688.5700394412204 394.14130071580547 697.647445859338 406.085691162643 0.1016072928905487
62.568195094026066 403.3037292886683 88.27497801375162 436.0562988992686 0.10152345895767212
906.148773215033 400.077756041919 954.4733902303842 443.8302219269724 0.1014651283621788
626.826793987376 386.7998684890392 643.2130508119369 411.0950074084559 0.10146360844373703
978.9356406120786 431.32424317110565 991.8100891191161 442.3421470666479 0.10139407962560654
1054.2386555411958 535.0897929707229 1060.8271421250026 543.0001886590629 0.10138373076915741
704.6661023720245 476.6286876832412 725.0313310206864 495.25008217333425 0.10137137025594711
469.4726665481352 334.2185792574351 524.230904120787 408.82208135290125 0.10136261582374573
640.0537437538461 388.26069374204275 649.0795724684334 400.6166056619266 0.10121364891529083
615.164105806618 379.84162978863924 622.6317033876702 390.3252773134173 0.10105627775192261
747.5232560805547 452.81219122382134 758.6752592722944 464.9803073401044 0.1009107157588005
753.5518373444354 364.10975929727937 769.0901360832838 381.13519170737607 0.10088900476694107
788.3415978120581 492.7102102253243 835.1479352488002 547.431964521341 0.10068991035223007
817.6584248349468 449.1727458668102 828.3231224846327 461.62827041995246 0.1006302759051323
738.3272673210181 364.7240077946579 749.1867024021724 376.6331468389904 0.10062294453382492
731.4590239499596 420.1483665488177 740.273124351182 431.88288377332094 0.10052286833524704
916.2276713749134 462.85096523897965 933.9614406358287 478.45138622238096 0.10046467930078506
642.109723211857 352.6067522329089 688.8443828948373 407.80595697941493 0.10046383738517761
459.8469779555371 397.9999945480797 475.263741411265 418.67314671907786 0.10046276450157166
785.3090618221154 480.0271642007462 796.5384449096827 494.5208994782987 0.1004243716597557
697.7276225107832 445.1554169248588 713.8287383456477 460.9497931038456 0.10033915191888809
697.237669993031 426.66077717234316 708.4251585007399 441.17827519262596 0.10024150460958481
603.4164455820892 390.31569068304066 621.5789502143757 416.96422272116666 0.10014602541923523
751.784205527675 427.32444036350046 763.0306264777037 442.2954019583138 0.10001720488071442
810.2712623866084 435.4259305020426 825.1242733855058 453.76390164126383 0.09994945675134659
730.7876492363661 389.10753331555594 736.7118122346526 396.24843275721173 0.09989146888256073
550.0850479203268 345.6251325759491 566.2540672593286 367.91456123933136 0.09987637400627136
476.19412800642294 416.5187360875755 510.6366081153938 463.89201346095626 0.09985790401697159
799.0200420833435 423.9416785372113 817.1379619670291 446.60573082017794 0.09981145709753036
474.9257730117064 396.9724935868611 491.8235581534537 419.4950155416987 0.09977525472640991
24.798206463155893 376.50436058433587 42.148762555779705 396.33486834749357 0.09973423182964325
596.6937632840807 458.93698517548245 644.6111961659742 517.5303748382323 0.09968265891075134
744.4752955136984 388.7345123852461 750.5490683766308 396.08542033832447 0.0996759831905365
825.9225095902461 365.43250001399224 850.1760355660914 391.7876784150452 0.09965302050113678
-7.150482353906838 389.3972428441822 18.9085472140832 426.7705123353605 0.0994594469666481
608.2362153368698 370.9133019357724 613.9549372530566 379.0537286121703 0.09931786358356476
47.64021730903548 371.88189282648386 58.91967021453145 384.9725498696373 0.0992569550871849
195.05455328948085 372.9491058757342 206.1316281633971 387.9539502135249 0.0991978645324707
1041.810786825686 547.0555501122994 1054.2869357522536 561.1526905445819 0.0991755798459053
840.5981935934022 397.9751121547112 850.0287342385628 409.5942768544866 0.09916885197162628
803.7981478174878 411.1981857057253 821.1417704261147 434.8266148590216 0.09911514818668365
591.1667762706759 382.05342818724625 597.9026264559177 390.8496435532672 0.09910628944635391
842.8414362599176 434.1958586486239 857.399405635769 449.6612418445691 0.09905911982059479
639.7944209761722 424.7960669992311 652.206780959708 438.7171861925067 0.09897156804800034
599.0966898394493 369.269554487157 605.6302502540616 378.1550083830961 0.09893784672021866
658.7735212739401 350.7274368640263 746.6415553581422 452.5436712917349 0.09889698028564453
725.8741908228504 450.16573841523484 735.2558283436072 461.3904461349532 0.09889515489339828
675.8376377236203 411.6188098884513 686.9845549799927 425.87339575545883 0.09880004078149796
606.0070522226165 388.6838570146391 614.8210122046071 402.39055290370686 0.09870719909667969
136.97566709863364 339.21080504932576 184.1779492462733 401.95614366104985 0.09866957366466522
527.109188972091 395.8503971031101 545.3032033253772 421.0252250844673 0.09855469316244125
811.686880535886 354.1503486406389 846.0231769855707 389.469270952725 0.09837305545806885
931.2364386256397 487.7476365547668 1040.3508443531362 582.190254868289 0.09836556017398834
557.7232814325009 426.7052886157076 621.4571546916933 511.87680347829445 0.09829089790582657
712.1157612184577 407.4800382893499 756.3958530763166 460.2584909166378 0.09822773188352585
36.868304932317166 375.16314024368313 46.45699786754003 385.7349369647016 0.09816083312034607
465.47237316378124 412.3244631848718 489.45373647760437 444.6098449628113 0.09813819825649261
0.2232136598172573 309.56454601563263 8.208328203128348 322.98253416339435 0.09812548011541367
790.4057130912179 372.5952980149879 802.768824851683 387.55189967293876 0.09811151027679443
672.7134755999643 433.9744265454819 686.0864789013708 449.4943677666266 0.0981079488992691
767.3489227431122 435.0000409056361 801.0106165945307 472.2058606119615 0.0980958640575409
818.5692504210399 411.2960701606047 845.8323309492258 442.2531654862836 0.09809508919715881
63.452122542237205 391.58960848709387 73.90623001292364 405.87826175283345 0.09801134467124939
-7.318604490946717 343.05120581523494 20.240296182447683 384.3123054913089 0.09800660610198975
541.9372763395684 351.0733422273923 577.161744402717 400.7433751033985 0.09799335151910782
762.4962889141304 428.06402046469816 830.3769256863126 501.4492802316928 0.09766790270805359
433.03723018060845 379.37589760117885 449.02803729285404 398.5658237117428 0.09763213992118835
317.1877641722187 389.93977743700736 335.41144006873327 413.18850587195107 0.09761055558919907
35.86388045729873 404.44510768727093 52.75943015905547 424.89753307788675 0.09758271276950836
296.82404806049175 382.1089226600853 309.3547150113269 398.0071228011723 0.09748739749193192
804.7482130984148 473.3717934360392 818.0595712014889 489.46545435985206 0.09743744134902954
788.6134053553396 456.27692841010384 807.5221867923138 476.9807823491955 0.09725212305784225
731.7228470343949 479.3103540013183 746.9079179630535 497.32769987303305 0.09724383056163788
706.0092208980947 414.68187985321856 716.9164121851464 429.5976959665812 0.0971321240067482
711.163969539152 376.2043864528643 717.9705772589361 384.59996769016834 0.09703444689512253
868.3326784584483 416.7637262666106 884.351416140051 428.67409523671114 0.09665164351463318
6.984035006323923 353.28465953706575 26.214656741799516 378.342264985845 0.09664610773324966
574.3219478245803 365.1341475122915 593.9768288017038 390.4389700758023 0.09659482538700104
630.1072106667953 378.48056889629345 638.6622214310592 391.55769190564536 0.09657030552625656
357.91344436868314 352.0234102963448 370.07658119095913 367.6986353643072 0.09654726088047028
760.1493170608875 429.73854090611826 772.6655627052401 446.8153610374678 0.09637507051229477
880.1468548303159 505.76255255653683 949.0552801465487 571.2382745207362 0.09596815705299377
1023.4421115073532 545.519587638131 1035.4872421892192 557.1701154225824 0.09584316611289978
175.1245941985714 366.6502446721558 185.41871187957588 383.91935260461406 0.09574621170759201
260.51963477483804 366.8464289266403 270.0229799012928 380.7614916423974 0.09565461426973343
356.03291495856416 434.93447055177114 435.23886633726744 519.3567550906155 0.09562673419713974
38.62539412343224 349.1006449661232 68.48180227191482 386.99473110947844 0.09559080749750137
375.87570700425766 369.76627683270266 407.9616517242221 410.7568093009114 0.0955086275935173
329.16527278988343 385.8700043002085 347.68753482532316 409.6526763351973 0.09541294723749161
610.9233253974188 359.9928759247973 618.3814842350912 370.15898343540533 0.09530719369649887
616.9725833844448 352.4877910035837 625.5049740904049 361.5375121605505 0.09515906870365143
566.9295590842086 373.47279042972167 585.7392305803401 399.8432265241627 0.0948953926563263
587.539575639541 383.57027828772607 603.5960324962281 407.42831332100934 0.09461314231157303
369.3347259968899 393.8354971142803 389.76479789763687 419.0424954892459 0.09453282505273819
34.139399975853706 412.5932928231413 53.177453209220594 437.48669888827925 0.09435609728097916
81.19135377126257 372.1164954689187 108.53385130821688 405.70277097812647 0.09423945099115372
731.5741622162516 368.97807715054415 739.7460225202603 379.4228370726556 0.09417861700057983
355.0597153567172 379.12556569906303 373.4851101447263 404.49485669075574 0.094148188829422
664.4198172820714 354.5479661614267 674.3248271787725 367.15844969020486 0.09408920258283615
338.41509532850904 359.34441815951067 345.5567689730535 368.8372966870441 0.09386861324310303
52.04227337491026 388.4129211519478 62.17273135591475 400.35373882189214 0.09380834549665451
555.5566279231964 363.15470932089914 643.0910557930583 477.13581264672416 0.09378820657730103
324.06704056617394 358.8516818120113 331.5921792439289 368.60311107482886 0.09377235919237137
677.8883758506375 479.0077197575178 700.2197128367666 498.21491598542497 0.09362953156232834
316.8909801111774 302.2403036108591 383.4238597163956 391.063755628048 0.09357473999261856
255.04794136344296 380.5616142908246 265.14466490412474 395.48215337062965 0.09344996511936188
53.00557763746424 384.9958170338902 62.73047668736911 395.269614745041 0.09335717558860779
806.5204762227969 447.191424109537 825.0071896729876 468.6442324243195 0.09333819895982742
242.29583948633558 385.2289235959238 254.35283725446666 401.39459430755676 0.09332500398159027
592.8991658293663 331.18906102677056 621.8549036907898 365.90332444160254 0.09330600500106812
331.5333257781577 370.5776194004515 344.41494545472034 387.4223051004488 0.09327269345521927
121.40818188634574 369.89628716075794 151.07327931850503 409.04653987626045 0.09325099736452103
719.3029478338253 376.2757764742178 725.3807110163701 383.79394103093466 0.09319434314966202
568.8553788701777 387.4267281251947 592.5737506003711 423.2787647312047 0.09315822273492813
322.3659307692161 405.9086751638817 345.4848496373564 435.2885041854769 0.09288783371448517
627.5634717795479 393.1145303344485 634.0340415675765 403.1879107623819 0.09285800904035568
726.0896601826626 375.6436975924763 732.3581215853667 383.4377785840472 0.09264271706342697
634.3351910670092 408.85677575053825 686.9096951797131 472.52778652295154 0.0925421193242073
266.3887690778852 335.9813645460001 315.2037495751106 397.9818014903643 0.09252678602933884
579.2543897197056 339.05337999519753 650.4985207623976 430.8018436944491 0.09242797642946243
47.67668508822844 375.77490981321995 55.08200831357972 383.4883361395133 0.09241369366645813
163.54883213026923 368.3599324714365 174.35519452885535 383.44415685227426 0.09234166890382767
343.1631225433458 354.83823705350204 353.4136302642426 368.1010859850028 0.09226290136575699
742.8785496389651 358.27060184216197 755.954371463314 373.78235141619587 0.09225934743881226
613.474118220899 375.7270335020093 619.748428251501 384.26865207282975 0.09223947674036026
714.9453473511627 371.2131067570165 723.1423714022004 381.31768515322057 0.09213817119598389
705.5775694160018 390.5098668953285 731.3429063353756 421.44964018957324 0.09211178123950958
753.873512150369 329.70305996292683 789.3911758449384 369.72184096992186 0.09203191101551056
388.2302122907435 418.402740218038 414.2112158483057 447.90295297784263 0.09200943261384964
619.9882483815222 399.6132800948502 637.8060271732653 425.22298712682937 0.0918610617518425
603.37824823779 379.22536304851803 609.6168793892847 388.4143419165776 0.09184423834085464
323.13015422299895 364.471864884588 333.1943376419288 376.6414006977999 0.0918084979057312
1050.5236224903356 521.1395207847663 1064.4576869575847 537.6770655139795 0.09177608042955399
697.7771383861583 354.4609404657825 714.4317985833187 374.4802806119388 0.09174629300832748
368.0800539206881 356.01821402424764 378.947499650502 371.5047012718314 0.09159214049577713
610.8835932401095 370.6982618214033 616.7066757566658 378.59137240049097 0.09157685935497284
566.3098001526565 507.67762404970046 639.2226993670695 594.6159596710304 0.09134609997272491
798.7513094573096 437.76424669030587 811.1310076064481 454.0523862594013 0.09133215248584747
925.5388958831483 426.1253794548551 958.1036410054627 457.32326704112853 0.09132625162601471
560.7845370922714 346.5592911096395 587.2527326472357 381.481966493271 0.09107659757137299
76.19126143428414 324.5564950201268 99.93300677455412 357.41565956276867 0.0910755842924118
345.8997193769134 346.52523990425635 356.73496015707764 360.47201941065487 0.09104312211275101
907.774250173642 459.5137647574527 940.488103287995 491.15013901521735 0.09097911417484283
775.6837938626866 595.3189606824525 854.5219419531336 669.4665005965012 0.09095828980207443
698.0654908110514 327.74063736727015 744.623666058136 376.94912155226734 0.09083908796310425
625.1421498360727 384.64469670976956 632.5052125546838 396.54202624303787 0.09080076217651367
603.4784879002073 363.15798446761494 609.8815812738377 372.0912618961488 0.09069614857435226
629.3480792060348 314.80112466111984 672.9718914267405 367.32992326665357 0.09068221598863602
-7.700651517474746 314.28257425804617 17.657377790424288 354.73949649199767 0.09063924103975296
204.82551664450628 384.5270900953828 216.81271688933688 402.36316524820427 0.09015544503927231
613.1950088528733 430.649962502349 641.8433804302829 467.4511100467793 0.09015011787414551
458.7799975322044 442.0781616495716 478.6732095393239 470.3444836226034 0.0900665745139122
142.7095561230729 370.6569927809573 152.4786508907863 384.88443826117094 0.09000781923532486
76.19950315551205 343.62185148019137 100.44838585873869 376.75470081129083 0.08999960124492645
431.1704746516337 414.38419778587127 472.40961091015276 469.2747639359827 0.08987317979335785
378.58885057503034 365.08188671695353 391.85345554306747 382.5632781856867 0.08972395211458206
440.6597093296884 411.70544962576156 464.9961359066754 441.92743491031774 0.08945562690496445
675.1364975521575 368.7852115852636 686.4801611010348 382.2884504909611 0.0892246887087822
81.44031943912405 382.8067841380265 88.24486214374888 391.7538866757938 0.08894753456115723
655.9473697493759 357.5208998496238 666.7958689760028 369.90931479671457 0.08883931487798691
133.30542951466376 388.1038349468847 143.8680774031609 403.1293796804531 0.08851510286331177
252.38768553783257 369.9478366428636 261.53703187515947 383.1305710797756 0.08821598440408707
727.683009027417 352.68214879086173 747.2858910060138 375.95362658157075 0.08807224780321121
383.7739280918749 355.9172490817876 396.76777000359004 373.2007478748358 0.08791269361972809
310.84885714755245 366.8557383505957 319.75306436573345 378.50967931233396 0.08788302540779114
19.944997075144926 385.8412135438917 38.471598878944555 408.0613124100773 0.08786570280790329
7.238823128635528 386.9312408477198 22.909318859012597 406.10326660867094 0.08773661404848099
765.9168268079361 515.8913860240116 806.6667040541124 562.8264499614195 0.08767993748188019
23.927197654329724 369.1208973760283 37.26052905559589 384.77288316477774 0.08737209439277649
651.8021515600117 348.5897458709546 665.8373819889365 364.0753492925351 0.08725695312023163
296.88451435708896 361.5188778104114 307.6962697609158 374.4810189873297 0.08725453913211823
405.34206517092554 481.0005870394395 461.37509686295215 541.9682624883192 0.0872124582529068
627.5152638146699 359.9038382295257 634.9975368630222 370.3477389545263 0.08716767281293869
702.7344318251594 436.9801887374372 732.6010419887832 469.7343986758059 0.08693931251764297
175.04192695164488 391.0535484941986 188.27894887956353 410.9773423701085 0.0868375152349472
618.5265422737801 323.55334440597795 651.9095948865286 363.01159673272826 0.08681368827819824
201.31953800195296 336.80566366475654 250.08024155118778 399.0844877179129 0.08675944060087204
253.1801657333453 432.5202662188174 358.21252412685044 551.6044412528984 0.08674009144306183
552.3388345188222 395.0998017380074 589.109278152895 447.6676512892251 0.0867118388414383
16.58843928756918 379.9851708461955 31.374686193041892 397.632543865619 0.086708202958107
204.38490428393578 399.5164972332818 222.53096595148156 424.5233939758711 0.08668359369039536
269.8502313989754 405.2318180999831 300.9945487494389 444.6783497028271 0.08662968873977661
233.3780956240536 402.53205260534247 252.66460217296392 428.75807842883813 0.08662569522857666
187.86445855683561 518.297035647868 261.247212842368 603.0424913508544 0.08657461404800415
153.2622923209254 321.465346169348 248.20365618334978 447.71096085925905 0.08657021075487137
337.06974197077426 394.85537749929716 375.9891119800904 442.40160968250814 0.08654765784740448
679.2214079017137 556.2961110102908 707.9307659998028 590.6575220477228 0.08625305444002151
183.82155899589165 396.92577043309814 208.40319471492614 428.2582749574643 0.08622638136148453
648.7395976866034 562.8399899002376 742.881644012281 673.509109959849 0.08606787025928497
227.5651995898432 373.328546008842 236.14773653838685 387.2882519454697 0.08572334796190262
276.8183356152961 541.5402140531908 390.00459776455335 657.5218261170252 0.0857066959142685
618.8124397395653 368.59289422411257 626.3593180459969 378.9883800827146 0.08568564802408218
159.01399909073444 332.49891899511044 197.74204120670566 387.3385979922819 0.0855049192905426
673.9616172037391 319.76877539764735 704.2725442941734 356.71544287351736 0.0854768455028534
519.0575497928722 306.0324389742421 551.2114415842503 349.7224029198096 0.08547065407037735
350.8439074653413 405.78282953890516 369.4536873613479 428.30523302286184 0.08530040830373764
291.4044088954245 400.9022593837131 323.47234406611 442.0572023351489 0.0849289819598198
210.27597744401672 369.3721860846379 218.99130851897186 382.70195010462584 0.08468607068061829
198.46676827854589 352.31113247893927 210.22176342667677 369.70503934315775 0.08455439656972885
440.555159017718 249.7951759852686 524.0321194023727 366.69623758837105 0.08436688035726547
350.91551314592186 445.09107215004775 378.4049716246212 470.7346031605365 0.08433660119771957
310.61998050514416 472.1365493118089 323.1561641982148 487.96012714174816 0.08420012891292572
343.01833633609596 506.51975045583436 419.5648426173088 581.9061951190563 0.08417731523513794
215.82788624026463 413.6444286429211 240.75779499137337 448.03845210568767 0.0840701311826706
130.50457888487634 440.9724240693296 185.6636186224351 511.37785096039397 0.08405760675668716
372.87119035392425 348.1923614388356 383.315423269641 362.9534870286337 0.08386814594268799
285.57898000010044 364.5237830009931 296.9381761436024 379.00689370369923 0.08379518985748291
368.4668742400339 338.3610555530343 466.9526837178929 467.73269948058356 0.08377599716186523
563.7814154538503 306.1024020515072 599.3699297484592 351.0007394415014 0.08373606950044632
333.3883946000796 346.97257872798855 343.1579459104121 358.99302289223675 0.08345641940832138
623.3913560764821 365.9092359596666 630.912441507287 376.4269183779201 0.08333925157785416
381.78959929438787 435.7869212415696 409.42755018011934 463.12485380026726 0.08333278447389603
870.0946543200946 380.03778894161354 917.6409064912627 425.62832751197885 0.08317355811595917
105.23519373122306 385.76051817934996 138.67228758835626 429.30030282339095 0.08308903127908707
626.3176619241286 373.5993290610222 634.8414941910164 386.5930954341775 0.08306171000003815
82.76855491561123 423.51702177221966 91.58637232817432 436.42580096274907 0.08299268037080765
405.52331071061224 435.40755923636897 437.22708514369185 470.0509033825824 0.08294254541397095
264.40171381565756 386.6378222813407 277.8431493216623 405.6846538401922 0.08281363546848297
457.9917362992477 450.5753799288369 526.3063404022088 544.6948387558573 0.08272979408502579
215.24815677868378 383.2852841636593 225.0261295276094 397.8013724612259 0.08254766464233398
250.81386482667904 411.7554279833076 272.273086161613 439.58547542630527 0.08245178312063217
82.02847295280311 401.63645993025625 92.46227708345032 417.3873085759265 0.08225864917039871
379.7944508529912 535.8853948501296 492.2499765853956 659.714066936323 0.08217184245586395
46.38942772218852 136.6014608522638 416.03034692630376 569.387533245862 0.08214876055717468
708.2835895655029 376.0612234542142 729.8036997222015 401.9925507102002 0.08208692818880081
123.18347888009627 381.696517180004 133.29051490053376 397.1992837509401 0.08202648907899857
606.4608327429692 355.59665702542605 613.0953761405525 364.2183735064141 0.08199963718652725
88.93888836623347 403.86842876240496 102.0446233011527 421.7144965036736 0.0814715027809143
153.61518299677581 399.8791764361275 174.48572155604955 426.8811383645782 0.08113670349121094
98.50253995731273 325.76546234396557 135.58276275540206 379.546177153845 0.08112242817878723
84.74906539865563 483.3870193495326 193.58561540547095 606.8353724133965 0.08099742978811264
225.50945389089236 395.92260656776085 236.71367747962574 412.8131694961716 0.08097999542951584
631.6567716121812 302.47573735599667 689.3006082657705 372.37664985647757 0.08086175471544266
156.65824335103048 353.26001654471116 165.84138792380628 366.70652113371733 0.0808212086558342
448.8753417809744 324.12284467442765 476.373999664658 363.86517722376016 0.08079210668802261
364.43892075976345 226.80722939612411 443.6998245267506 335.4267101971684 0.08068757504224777
133.59359457960323 372.5130685667145 143.94470040078497 387.5221820426657 0.08062808215618134
299.9963646201849 439.8561615118549 323.4404291040065 467.01801541611593 0.08055289089679718
61.48323576960091 384.1868760171423 70.91155775269978 395.9960147586595 0.08035405725240707
381.5049748471637 335.3648011343473 388.4861078256022 344.8638731968882 0.08035260438919067
297.82832834108206 480.83991372536155 325.2749660754865 510.6512042011337 0.08032646030187607
607.7479378222873 419.37149755394546 630.7148329416538 450.4175836364009 0.07953799515962601
281.89224279400054 423.2025546254826 297.648473833952 442.18563355367866 0.07908545434474945
178.98576943951085 435.52208696105913 260.1082153073861 539.0612066854762 0.07904013991355896
489.06159680448695 288.4430379858059 519.1460644928089 331.62227634318816 0.07881218940019608
51.58490350906797 422.46287717987633 62.17633743953085 437.565556280907 0.07867424190044403
187.93896800969767 351.58272447906603 210.96443281137985 380.86535810827775 0.07858342677354813
320.5626025235721 426.3645685165963 343.3642500575382 453.1641117505192 0.07856912910938263
348.36834843170874 326.58835626227494 368.60062331242074 353.12758002667715 0.07843836396932602
77.48737542821242 411.9163988923887 118.94703683418747 464.10019808030233 0.0782628133893013
234.93772347305566 335.6626619843698 244.83105011301856 348.7827868660237 0.07819071412086487
922.2252783013254 475.5292102017885 945.032897448991 500.5682653258846 0.07802192121744156
62.219079717155736 401.76252663559706 80.06354276844905 424.46414988272244 0.07796687632799149
584.7698436089678 305.4885130888423 625.3239573072578 353.8493541073431 0.07788249105215073
314.21557740724836 442.0763489332897 342.12506684032604 475.2820535859237 0.07761679589748383
240.7751212092326 361.68318019117066 249.33775416287992 374.137800838989 0.0772630050778389
597.3826858811617 378.5728597869103 605.3753835143386 389.76535225372476 0.0772416740655899
307.7869794371653 399.79156426497764 323.670800175022 421.21912385922843 0.07714451104402542
272.744976549453 439.5485994183525 294.24442497921257 465.82828425624746 0.07701800018548965
390.4335900819207 367.636353063885 403.68261946257803 385.25108097651685 0.07697385549545288
95.79680481958599 415.9777748317949 105.88140820293087 430.101654940354 0.07650663703680038
662.9254226227292 430.5347849089218 684.9093161347982 454.5536905012452 0.07649817317724228
735.1300178748268 300.76483071947234 798.1571584768501 365.4134792174071 0.07646999508142471
366.56513147641175 334.68228453669457 373.75980476675693 344.6564365396088 0.07641687244176865
307.5784895775855 502.44717726735456 354.8872132685982 546.3660104556317 0.07608278095722198
60.35899705028593 287.59158702874436 143.96035927899626 396.0411134380398 0.0758681371808052
202.1475473347733 417.7646790233338 223.88532913124266 447.1786077849427 0.07580053061246872
217.32353390969948 362.7391513701726 225.76175719054788 375.52825920565704 0.07555793970823288
317.4969078278717 353.6550364297165 326.19216175864034 364.449854859466 0.07534943521022797
315.7285991031555 462.28138489615924 345.2370499339091 492.8157575232391 0.07515750825405121
510.5320912328304 238.32724515062125 569.3252883285827 312.49420272218185 0.07513456791639328
595.3755237878823 357.6421014021095 602.9959413572441 367.8397519176855 0.07504475116729736
382.82281020530615 343.44843531152105 392.04033869111925 357.29700986300656 0.07504460960626602
897.5573622349257 500.5904362140454 1202.7853135377136 849.0658321616521 0.07497700303792953
161.23286376291892 226.1634235985866 247.82132037342782 342.7241676115472 0.07492998987436295
111.83808781421767 435.7202564407366 134.75006012065433 465.40198666893446 0.07458855211734772
396.99208125253654 261.6175586702745 424.91821288581997 300.75344811128724 0.07455936819314957
118.16905253797613 372.0225276206895 126.52894756957217 386.59796773983606 0.07449286431074142
236.48736066242103 433.6775944323463 265.946954860681 471.275344056383 0.07395540177822113
292.3325721824135 201.79858848654726 375.889158410382 308.0729369456472 0.07313009351491928
274.09709547011715 359.96333224016917 286.69352066520366 375.38953091242416 0.07305914908647537
238.42702229136694 231.90608561987165 310.7877138420466 333.1768235596265 0.07297100126743317
198.12902206074793 525.1589004849183 208.9740079966944 540.8409628546987 0.07279825210571289
225.75007389503114 302.70371945616535 266.82241506866745 359.1677994092763 0.07156440615653992
62.71647235591082 423.39629813301 73.38902061636448 438.6833985810734 0.07089708745479584
831.44846706103 325.7953790847755 883.5260143697896 382.8627785840906 0.070796437561512
-62.014020268172935 554.1919403797037 132.21212209503045 785.2918091754674 0.07052551954984665
142.19699313179265 404.22995512401303 155.0125106075948 423.7046576143167 0.07043829560279846
48.097161618114946 511.3523790242853 105.69656892816181 580.200576379938 0.0704205185174942
502.2905641109107 566.7236325021682 677.8471738914119 761.6927404758188 0.07033723592758179
428.15815736354693 272.8040696172204 458.36717812289936 315.49132293284487 0.06956955045461655
191.93766122424253 535.5968626660022 301.2245076580996 663.5332115272828 0.06951102614402771
341.9925291554995 265.3052276139178 369.39135824917696 301.4182879535353 0.0694083571434021
616.326149235351 196.79268780534844 972.0256719039396 588.4238347953725 0.06910832226276398
383.21798912292377 214.04412449202275 412.4264911230527 253.2215004350441 0.06696069985628128
726.2908306724485 635.0151507184327 843.364226545043 757.5541385853736 0.06691154092550278
406.59584492467684 201.3151279360076 457.2650512858001 262.20574473554996 0.06576485186815262
882.1785005001326 -38.86194613557957 1219.1031994000134 357.49883049485635 0.06570083647966385
450.7758430270804 244.13551579588574 485.4178348142681 293.9118278868705 0.06427647918462753
375.9129381004017 288.4237583591472 410.18859164944615 336.1597818285597 0.06396994739770889
306.49084431683514 248.88639154419576 337.8788260692879 286.39604910766127 0.06386763602495193
545.7192886301657 181.74692318546397 593.7218074747019 243.23366299231256 0.060742322355508804
141.7307546474498 210.99669892996752 179.60613731152253 257.8319442421592 0.058950770646333694
166.69921187675266 130.22479665745226 224.8951835443158 214.4593514089976 0.05605418235063553
