531.9650613493758 417.5028488577959 540.0432404731566 429.0031974003348 0.9956979751586914
536.0870166121229 444.1746852485136 543.1203298949919 454.5177355491956 0.9846975803375244
71.57638848361087 373.32861562199565 88.65443442108841 399.6674426290049 0.960662305355072
990.2371250216806 367.9832072426543 1001.2773942859068 380.40168836377825 0.9266030788421631
512.5164205012442 406.0544015018686 521.3838925483399 417.3136469920037 0.8591880798339844
494.03181080345536 416.9732877418001 501.45792942506887 427.46821087718126 0.8098212480545044
416.1336836202732 427.6886159034761 423.98447998132536 436.7867503275567 0.7857623100280762
544.828889760075 407.36145674694876 551.6717160584598 415.85672185858755 0.7132654786109924
408.4280320121773 424.2878293487397 414.0992472756545 431.1268381051456 0.6528026461601257
502.41933439318836 404.29268518183795 510.2752331331746 414.76963857401563 0.5812175869941711
387.99320081314204 424.4811689491245 393.82231108304416 431.80119884988653 0.3370664417743683
486.0407012863376 412.24986356622946 493.2720897523682 421.28694957474477 0.28087687492370605
690.7021628202148 395.19866848335346 698.4730188170859 403.7152752221776 0.2622651159763336
970.4315649833492 294.22486728647254 1036.5041829995398 371.2784431063904 0.2522788643836975
575.3757027998413 413.92767421737085 581.6838046546362 422.07723516354633 0.2373184710741043
408.1072775236303 442.88347766391945 417.14531994226525 453.67471008239204 0.20887181162834167
591.2692986888412 392.648592141055 597.175876425926 401.55920333537017 0.1965906023979187
564.846242886267 405.66536256083134 570.7057190522079 413.24051745040094 0.1940782517194748
702.3504619144675 408.06107535263527 710.6939369315968 417.9921590977442 0.1892469972372055
470.948793820877 415.4985835818398 479.051606980792 425.2053394515666 0.18202859163284302
810.8697471172605 285.59943518387547 885.6977203002599 377.4300583679661 0.1762184053659439
524.9544830141592 411.51488394163346 531.3203367024522 420.0674730302055 0.1737590879201889
1056.605908734117 361.89860676931926 1069.492246205059 376.362101180613 0.1529519259929657
463.21787115122027 418.3975735854834 470.24295416664717 426.2030804060184 0.15272462368011475
542.4110146718452 418.14680994438305 549.2414565636802 427.87132487254405 0.1515350341796875
532.1907501302325 406.67484341315156 538.8535755557643 415.98853787411673 0.14154019951820374
1009.0648376635036 326.24945463416896 1014.0849565617345 332.9762930301161 0.1390625685453415
494.99348756784 456.2602664901996 503.7355410978756 469.06997027576597 0.13732992112636566
623.6088731916875 443.33135694428205 629.5449735800315 451.22370697065776 0.13400179147720337
569.0003264058352 420.5052243723385 577.0123423071783 430.8359470813729 0.13339021801948547
1036.7735213131944 360.45109401280644 1047.924889132455 373.6350380760711 0.12744440138339996
464.96792936677457 423.68951112340505 474.82020261482455 435.44341548922165 0.12657511234283447
1016.9065999347077 361.8209189247907 1029.4200154051084 375.79373955065046 0.12551958858966827
452.2442081340165 419.0018037107539 460.2621963295555 427.6765405599439 0.1251731961965561
634.4470447636321 406.45763508269965 646.0469623607852 421.25380244566793 0.1249917596578598
426.92196264953066 421.23745163322536 436.4710422640095 431.96613956764065 0.12346018105745316
439.7184965485386 413.5431795753605 449.7263573479948 424.0107372122143 0.12060533463954926
629.3104825498059 418.5493154394393 638.2044952213315 430.5728828938603 0.11934387683868408
444.0843277320146 426.81184862305463 455.0088320581465 439.03942526485696 0.11851956695318222
1030.6358397123863 324.89375173911566 1046.674000171671 342.50939615103783 0.11800075322389603
443.21683506160696 420.24521639724554 451.54649220637697 428.41219097279617 0.11656862497329712
462.66792087790003 448.9267590430612 475.3989871302519 463.79705120578456 0.116414874792099
423.2117606528711 429.81771407580925 432.63187679387875 441.1553520190948 0.11614233255386353
411.3328956366639 410.76226113451406 427.81374568917744 429.06968876878284 0.11572384834289551
467.1770595130895 414.20377781159203 473.36423924736664 421.5184258275522 0.1156378984451294
581.2105314889735 412.4916913477084 590.9989646907599 425.0651210828973 0.1154661551117897
1002.1376234171606 363.4233707676543 1012.2358030694169 375.72830264654993 0.11496665328741074
452.8212571796676 426.66855505494334 462.6427693265768 437.65893294437063 0.11488191783428192
436.47908950544735 426.408940694452 446.96016758657055 437.6522862310408 0.11473339796066284
215.01492276419418 589.8031465483097 250.67976335404106 634.9166488434415 0.11392440646886826
451.24805244391206 409.10267358811876 461.88929816020857 420.8268608824832 0.11360681802034378
470.68153591547167 425.6720740567959 483.1538749798064 440.3652620814335 0.11349323391914368
443.59692436452497 436.93070531834377 454.43429128790234 449.756064114907 0.11294080317020416
1027.6694424821603 361.5947566218866 1037.8473068196508 373.9015454610196 0.11290401220321655
393.9778546382855 422.7421109866791 399.72185664989786 430.16668026438896 0.1128985732793808
592.0935053161137 414.4673084768153 601.0796080049724 426.39165099056146 0.1123315617442131
291.6054472738245 520.366028586555 306.79072709188085 540.7637857135427 0.11215244978666306
477.1213738064436 434.4681476594593 487.47222920915 447.2203148750935 0.11161608248949051
459.84149301340346 408.21457236205265 469.6253760384214 419.2273259947449 0.11087371408939362
684.721495740548 389.4388904125216 691.423203306238 397.0420484507376 0.11021571606397629
587.8825736111631 424.4262634884788 599.5856094037812 439.59039206088295 0.11009787768125534
428.7720116064735 416.87180899743714 437.7894227864982 426.3666460885537 0.10996249318122864
428.4533070123874 417.1544798777617 433.91088409855627 422.73162776641664 0.10994734615087509
457.7656273645279 430.60765397050653 468.09248462899114 442.41264444978697 0.10955414175987244
464.27548079324794 431.89701927082376 473.4863922169883 442.4735911832091 0.10946781933307648
624.0237382908053 384.14107078237924 646.8071887578558 411.2577446747633 0.10922631621360779
403.28548484850177 448.78780583101474 411.17654187833205 459.25177180218657 0.10910188406705856
381.6939694580179 456.3515610413103 390.97602557733785 468.23830189141484 0.10900864005088806
487.59230618799364 420.58766278226466 495.8402787677809 430.67062541673397 0.10893328487873077
473.7849913211785 404.2990346264574 483.64366813227315 415.93167488908045 0.10875467211008072
1002.0412439284454 342.51455039718206 1012.6621835508226 355.4912668276061 0.10862774401903152
412.85026720539594 420.1158976702585 419.74982073803767 428.49660219504926 0.10848298668861389
477.5588053943234 413.32445702128433 487.3016903572124 424.7548832760084 0.10845654457807541
477.1190815694972 420.3979589343413 487.9522858756528 433.38553976210744 0.1083945482969284
428.0380041709493 403.7512564324268 442.13909001670885 419.1965075123953 0.10812283307313919
542.6743576025326 411.68841232751953 551.2684573333504 424.15496612487505 0.10799692571163177
380.50419576293905 423.80823296161617 387.2960285545182 431.8987679998133 0.1077740341424942
399.64569523107247 421.11454835375224 407.328851047883 430.36190355389596 0.10741215199232101
506.11131583620323 410.64470521831197 513.9442031734674 421.9549449546475 0.10734433680772781
494.91653307120464 449.0822193350704 501.47733905633044 458.07326621901245 0.10710972547531128
232.88671713051323 531.7415921188832 286.4562936432885 592.100032681283 0.1070493534207344
1019.7346022511074 331.9349482032521 1031.0091450703808 346.0334101932285 0.10704075545072556
579.9368484093271 405.2559727862553 589.5371136939929 417.47191875959516 0.1069527342915535
585.9017688159635 392.2336919110023 597.4261972348036 407.456770384761 0.10682614147663116
419.54800873490797 419.0704596163944 426.46618746239557 427.057303930276 0.10681556910276413
434.1181215445984 435.4880779141614 443.45764838980705 446.93331839568424 0.10656953603029251
469.96033612283617 433.1560183909086 477.66139502695677 442.72375769718343 0.1063939705491066
570.3527651253414 404.8377197809387 577.3860729515974 413.98750468093834 0.10623741149902344
459.58702036386285 440.3371002393936 470.7918194928907 452.3622156870886 0.10615687072277069
1001.4722503530896 330.8069666102039 1010.7678865878482 342.36691286837373 0.10587996244430542
415.3635958209439 455.5408933082451 427.0418841044166 469.0682158215762 0.10579242557287216
1023.7220513247914 343.42676002368626 1037.3821720865942 358.27071149401814 0.10572529584169388
565.9223897372127 411.2115145276866 572.9447811449473 420.66080404342625 0.10561586916446686
485.32233139478456 425.80368697812025 496.10986967168304 439.7493443462048 0.10557956993579865
613.3633815665959 404.2606672494564 633.5214247931585 428.15092355701734 0.1054522916674614
492.3365240448454 430.9218224354216 502.62550149635194 445.327095554353 0.10534052550792694
670.242510175394 362.8347365177094 693.8384777058395 394.3209190613651 0.10521740466356277
417.88543214657153 441.9714390136063 431.1396277759673 457.3159517709207 0.10513904690742493
552.5749643264282 408.4190591466879 559.823552681556 418.48179785815574 0.1051144227385521
252.42075026241932 520.2594901404103 267.06725919475684 539.2743363089014 0.1048295721411705
243.56525541441172 546.8947528458559 264.10435429727636 567.873764468474 0.10469729453325272
604.1313817043466 436.70256648542767 611.7320596399254 446.65027502993775 0.10468751192092896
601.5993634429973 412.39237810738484 611.85639076578 425.2387340641221 0.10465537011623383
465.234873446479 334.48857119938106 481.58353311156554 355.48165983184333 0.1045362651348114
688.0235489507944 377.74650511615056 704.8271752304413 400.1146991485812 0.10410283505916595
467.713493186048 407.5783195875874 476.16216519006434 418.12162296175177 0.10391144454479218
606.4667762983872 441.88397497688925 616.8116696048237 454.67050330567685 0.10390520095825195
410.13952027430184 436.1214425118685 417.85978935375385 445.54966992353604 0.1035904809832573
480.1476586396516 417.1428625824649 488.40261776035555 427.2382215097955 0.10357052087783813
488.30327175567805 397.5492277595693 498.9310837164204 410.433925076273 0.10349271446466446
681.1121088190913 388.9704152917231 686.8015421493042 396.74401233709364 0.10312379151582718
381.7315996455237 417.36293334943974 389.12330206419836 426.8688735652908 0.10304293036460876
469.01676126331165 440.0315938793234 480.23363561528333 454.23420634859923 0.1029614731669426
1012.353543250896 329.07931883953415 1020.8269736399302 340.59708495598136 0.102725088596344
494.3965795533471 406.63678599960036 502.0819152454912 416.2878420767261 0.10266511142253876
500.57265166715996 414.90029437867145 508.5539137518723 425.922008969358 0.10265291482210159
577.813428195117 419.54585516948663 588.3928765924559 432.9602666336902 0.1025395616889
522.2449261058814 409.2888195086404 531.9865805610382 423.15476009865154 0.10253877937793732
578.7629990895615 399.26211031524315 589.559959200365 412.9989310968066 0.10250812768936157
1011.6590685753479 349.8055208762897 1023.9641895160242 364.0391709338531 0.10230685770511627
675.477234528417 390.6124850232044 683.0462778027445 399.59808133432495 0.10203893482685089
1011.3619886134816 341.8358814657425 1020.1834355201263 353.6245795354987 0.1018676608800888
233.82236267072884 568.116317441843 270.3678030260529 611.5997433334394 0.10181192308664322
78.81608517524326 406.0239970858502 112.72788629072498 454.9408647902159 0.1017053946852684
271.5014515314753 549.9899394696583 294.5369214664495 577.9774756950893 0.10170265287160873
575.4470879292554 391.2672865937542 586.4856370157253 406.02984129741156 0.10159412026405334
606.4859370180335 421.5743644305236 618.1951414891405 436.2547619510619 0.10124814510345459
376.0764834389765 428.86464031158357 385.8641557432236 441.07288014052847 0.10120882093906403
257.10377303386673 530.0204624999851 273.96536322297004 552.1749142590742 0.10098125040531158
396.97022122440814 434.4626122316011 409.80143237048003 450.02046315834605 0.10082833468914032
484.51334674134574 436.8453238659199 494.44949091813044 449.2883613093012 0.10072082281112671
653.8351458500222 408.48133295718475 666.8955877693985 424.9828917235475 0.10058240592479706
414.2131658029713 435.600644033803 423.37841304727397 447.3117627540885 0.10054754465818405
458.76699749548874 400.11008138315884 471.03383967388044 414.0177766822072 0.10054677724838257
429.8282286143444 430.8161183085846 436.0549588097041 438.2566123881133 0.10049648582935333
610.0105686430603 385.2682515579924 623.6888369450525 404.45911781584294 0.1004442349076271
556.7536049674737 418.48483041956064 563.0349066832155 427.2955439465618 0.1003679484128952
387.5834402716631 435.61468363339077 395.7931002058501 446.4524769187602 0.10035904496908188
590.2450073537474 412.26436772240294 597.5768468970641 422.2854124082664 0.10028789937496185
678.6542186019311 405.4184975352967 690.4230735395121 418.7366593238283 0.10000789910554886
599.3804200368517 420.06900058781065 608.4548707618236 432.1216108923697 0.09998557716608047
405.0601842146099 454.77383834103046 415.7156619659524 468.37529570106534 0.09995528310537338
389.13808124661597 413.31592705238546 397.135608051239 423.16951749038356 0.0998837798833847
434.41026409174395 409.9639601913761 440.7988545151644 417.2289362689648 0.09986716508865356
577.7761061590744 427.99945616828364 588.6666705897883 441.69603749861193 0.09985111653804779
272.05316102839436 602.028505483305 324.3239562110213 667.1257244509046 0.09978770464658737
487.00325470161476 406.80113278408317 495.8907911271834 418.0088324139374 0.09967948496341705
574.8290726149773 407.2647565653061 580.8702038832125 415.08006704151285 0.09965911507606506
564.467303220774 420.81952252815586 570.9211918472292 429.3274078005481 0.09942936897277832
399.7371394799021 405.1878807392729 414.30679823115537 421.87906521494597 0.09937282651662827
509.12893923367596 419.3797910467252 517.9303082857731 431.3204475423821 0.09921296685934067
637.6382384831742 419.30135559151756 649.8367572376324 434.8663948694918 0.09908466786146164
459.2802106969739 421.9856571180019 465.5100773004994 428.90011709228366 0.09886590391397476
1026.8875474807685 400.23385057514724 1031.1567555745924 405.1829771081885 0.0987415611743927
528.4050885733635 423.27924138142293 544.5128128359469 449.08923476105497 0.09863268584012985
376.14104846197796 422.70793272390597 382.60156655179685 431.31741482170804 0.09862616658210754
449.71981731973534 436.7632902241605 460.79537871881945 449.82623589772106 0.09857487678527832
438.2255611920839 389.2032539628353 455.5328987578838 409.27740018848505 0.09850486367940903
597.571305614949 428.6849826805582 606.2779763247858 440.27954530780005 0.09845374524593353
1044.7925443628053 386.02148374646305 1055.382418321837 399.0770656035083 0.09841877222061157
423.5373413246112 423.77947673923506 428.8500390178649 430.43167136349246 0.09832893311977386
391.87952561000463 444.42200350514486 403.16822787211316 458.4439575987169 0.09824906289577484
597.932975902114 392.3682271768298 608.4642186499881 406.44684554914164 0.09824475646018982
737.6631254626061 310.20771053819874 802.9912426409013 391.6983221471236 0.09814450889825821
996.7128403537861 338.26919318867266 1005.1994100212746 349.7956351801426 0.0981365367770195
1033.3959506194158 344.19754488422996 1047.2426039048178 359.36251824323193 0.09810908883810043
645.120849857973 396.36924454902896 661.9046741918086 416.4892423505837 0.09806333482265472
666.4152089542124 396.73297699070696 678.5445721758915 410.5873579308537 0.0979909896850586
997.2097253909469 327.475736814182 1002.021357913322 333.28865889023285 0.09795407950878143
567.7253486487258 428.90806111917306 577.5142166067823 441.9850386226257 0.0979456678032875
555.0551006412877 423.86659540740186 561.0883031607789 432.4030241452852 0.0977962538599968
604.9464754473895 408.4481281343401 610.8329243404037 415.7493345060848 0.0977383553981781
586.8015842342086 444.26077721312316 596.8638053472189 457.36143661773235 0.09773768484592438
587.4330892786166 401.1485878714707 594.0984042105016 410.9482964903949 0.09769690036773682
989.802088617085 344.5207691967382 1001.6452803919852 359.49676868625534 0.09757187962532043
1047.189165002751 402.7920645785594 1054.5582514004777 411.2809418683821 0.09752774238586426
653.5626689774964 383.43536532732014 671.8073105938807 404.2575227954908 0.09743842482566833
562.1993593445471 412.33011205137876 568.8455903941226 421.61677056931904 0.09715300798416138
998.2895468617099 329.43360106271723 1004.9867106294056 337.4232394191906 0.09705275297164917
621.2979545694062 429.9648656183016 631.7445984196102 443.3338339852678 0.09697934985160828
1070.1271401856588 362.4011609874299 1082.002539371732 378.11637254386227 0.0969056636095047
402.4810734719538 423.7472594295851 417.4852317028227 442.3072987508723 0.09663233906030655
571.4074674051319 413.45652821812257 577.1011518619828 420.66599096605864 0.09661055356264114
443.12833605804667 445.92974438088834 455.1933953634361 460.289516451239 0.09658800065517426
590.5747585268034 374.34828701494916 608.085539525521 396.304877640943 0.09655390679836273
429.7099078024592 443.78948547155693 440.23382369782394 456.0062327830111 0.09643718600273132
500.58272367270405 394.62514150066784 508.03286672899645 403.8846289643448 0.0962381586432457
418.2751052259193 403.63827381953394 430.2814463690724 417.2497891864019 0.09618277102708817
385.6038446093507 430.4818708966567 396.9739137423187 444.61605405383364 0.09605848044157028
445.3491241623052 408.2430228221301 453.3983362886918 417.84207544050815 0.09573060274124146
57.89979574832984 377.54281846313586 72.61928769948956 403.61801481343366 0.09564085304737091
387.5027979386903 421.0035842106885 396.3500452397752 431.77594193290764 0.09562241286039352
558.4776229914586 405.00622421059353 565.3394107974544 414.388889209591 0.09561502188444138
1045.26812588411 351.9901499347376 1057.1038483140414 365.23310429379165 0.0955609679222107
481.6946723783431 401.82525147679775 490.0877928169126 411.81649364245067 0.09554672241210938
476.2287459538782 399.8594040335713 484.8696437568138 410.15872208808014 0.09530365467071533
1017.1265743303989 379.4332491301335 1030.3938457112222 393.64967705090794 0.09521252661943436
1028.7729142419105 374.29419412115243 1042.6303184064468 389.87869722003734 0.09520568698644638
565.810418716663 395.94901511420954 574.4543260593492 407.174736037342 0.09507416188716888
1072.5210620211046 373.50801041996016 1083.6036126985985 388.50303525415234 0.09500651061534882
526.431788814731 431.24074084433164 535.0520668665993 443.68260141190655 0.09499353170394897
578.795009718792 437.6288507664833 590.7797461065835 452.6493578913323 0.09488356858491898
683.9134124178869 400.7696272950029 695.602937520586 414.09480558645316 0.09476105868816376
380.0140146779074 436.13788261863465 389.8481220739603 448.5342323962623 0.09464770555496216
402.6467417179868 427.71012129008705 409.1533449055446 435.8184928047784 0.09463892877101898
558.0450975630657 427.9966608442617 564.7335416592928 436.8962553782668 0.09453980624675751
998.7510053866532 377.0267401586371 1010.2932054566116 391.23471650237195 0.09453418850898743
471.9960280642835 391.8104837558648 483.36840573981124 404.7306105389191 0.09425780922174454
575.821869592294 401.000536683981 582.2472475790705 409.4358055874276 0.09422796219587326
404.4267388418881 418.05682983121613 411.3848190134937 426.65852824439975 0.09403248131275177
1047.6030597981867 374.897670710794 1068.3951217434972 397.40385448804255 0.09355748444795609
633.2457789162988 300.6411979523203 674.272766896334 348.192498166123 0.09342274814844131
481.00092430835747 444.8299943560381 491.5021806294895 458.06368502482576 0.09336652606725693
1030.0027491396909 387.768010586878 1041.571095389467 401.42066833900066 0.0932595431804657
631.2267696469015 434.36271934825595 649.6700089587554 457.26954000798975 0.09314348548650742
701.5157465052317 399.06956961048706 708.5159475571127 407.6906735939012 0.09305576980113983
694.1576757373567 399.20318032905385 705.1515729976419 412.4199608766071 0.09300927817821503
977.621109856719 341.25025362051105 991.076909596069 358.4220449334406 0.0929182842373848
630.1542910180359 402.17500570254106 638.4215385132035 412.2398715020854 0.09281643480062485
233.75993808376748 543.2062213099115 310.50031216734124 631.9188714417926 0.09272576123476028
495.04382171403444 399.6725202666186 503.0393007081277 409.87500171984914 0.09266552329063416
663.337895587894 406.83391547697363 676.1827559470012 422.69028617208477 0.09265788644552231
461.8230341173134 457.67056563217 474.76671711282137 471.93163208467195 0.09260758012533188
548.8536099879229 418.45115618242124 556.1557166727 429.106844990879 0.09255790710449219
1024.0303991776584 317.3165950211748 1036.8911428930962 332.3103060599737 0.0925261378288269
524.3521887012421 397.5424348418497 533.1988083160886 409.64495527291797 0.09235473722219467
537.0929687027509 405.2331582470961 545.5360441603468 417.14103962630037 0.09231118857860565
561.5188938840831 432.37744319259997 570.7066709372975 445.0738245201411 0.09225684404373169
647.810768153389 421.5871979131155 666.2249467567281 444.8009413926255 0.09221028536558151
295.2650592330471 626.8581014308955 336.22130322193476 674.4952412550214 0.09218692779541016
606.1112615470711 449.7245703394555 617.7154433012046 463.78311104997096 0.09217183291912079
438.43241779490734 443.1710951692097 448.5453073194933 455.54834808986794 0.0921650379896164
430.76815261362805 393.5184373532785 440.68762420974946 405.68081595227113 0.09209336340427399
517.6121578114868 430.17740835437513 526.7512338503979 443.36079704173017 0.09208271652460098
498.3686417932662 425.420861741212 506.46744687865277 436.7978086701083 0.09203191101551056
395.77998629527366 406.78026269836295 404.69702928765287 417.916227995973 0.09195408225059509
375.0814771596951 442.54916147981857 385.00407838759264 455.2879433689157 0.09194585680961609
551.7334721992964 442.7278004343786 559.98660718237 455.0604865036918 0.09189780056476593
306.60967614407116 593.6361090858152 321.62897563349424 610.1614910697348 0.09185347706079483
380.9147917519366 446.96696250585626 389.04590096365285 456.99465166538783 0.09181998670101166
494.2346063663894 439.5623436789134 502.1417896559577 449.67407959784754 0.09146398305892944
503.3678375489398 435.25197903985446 513.9716442091462 449.9979683339801 0.09145296365022659
557.5998339621568 413.5316118843238 563.2997158020052 421.5614318886121 0.09125354140996933
416.2141822093741 448.52964779888623 422.73787811444964 456.27526972158415 0.09119220077991486
1044.7028047890708 316.18789488760876 1067.9880640234137 344.8298993397627 0.09104922413825989
405.9476395392253 397.6362461122705 416.15037076632257 409.7683600052374 0.09101588279008865
424.5525214510061 417.5765860919131 429.7950384958166 423.78965536736297 0.0909895971417427
653.1412226467182 366.0812179116613 675.8702407718472 394.7532245644297 0.09096646308898926
515.0681595075962 443.2540387157125 523.3419178134244 454.56943526341075 0.09077174961566925
520.188880108745 410.4194001373666 526.1160118135173 418.3988369429778 0.09069141745567322
677.6896336454872 370.2815382269965 691.2896211642394 390.6283900551573 0.09061197191476822
604.9538559138234 398.7065397137989 617.8393231583552 415.5723161224767 0.09051068872213364
666.0289673155999 387.0866237292973 689.3676442914214 414.6986533927538 0.0903867706656456
594.0737130022601 460.6129595167516 603.8943193592343 473.4753040277303 0.09033695608377457
613.6256265647684 428.3049170880829 628.9671156318768 447.68839894381705 0.09032659232616425
1059.8654144149773 350.2837086899007 1072.3930051858486 364.6224547005974 0.09016432613134384
566.2010982964476 394.6356095150541 631.6395558117601 467.546825147045 0.09008686989545822
541.537460026934 428.1471283254086 547.7719994492331 436.6065214491343 0.0900837779045105
266.08692365765046 505.73667215842744 302.41474806063985 547.4973564066667 0.08993656188249588
543.3033739281419 429.4145955930292 552.0268940436468 441.92755507097775 0.08993113785982132
389.20850048832045 456.83672933311414 399.4960743138928 470.41210061848244 0.08987859636545181
226.2541508034369 594.8943646117295 273.9619034853199 657.5910414825888 0.089790940284729
987.104871230079 377.11235664253644 1000.5594352068359 393.3708617558955 0.08975708484649658
1022.0989962158703 372.92332439065683 1033.8668943398798 387.19370810284636 0.08950652927160263
1001.5883113458406 324.19156469351543 1007.2525775056675 331.1487044575611 0.0894157886505127
395.7015964018653 458.4850312761963 405.50325808367455 471.29308149794844 0.08938521891832352
434.5983562936112 450.896146148328 444.434850834814 462.6070602424671 0.08932458609342575
593.6426665455168 437.7543519862789 606.1395008230892 453.8989088618999 0.08922230452299118
223.12952969247897 556.433178151228 242.33999167543908 574.6440420082793 0.08920757472515106
667.7083254709296 417.14643313114476 680.6174038212476 432.5343566806461 0.08919777721166611
369.0132811521807 442.41254053831403 378.9130892642749 455.81454061645445 0.08917509019374847
501.45180442007637 450.9375183155942 508.7027654677283 460.86658694893777 0.08907049149274826
366.5642651775119 422.55044975315826 378.696243749155 438.64654093846895 0.08906619250774384
556.226626265725 395.3637410884799 563.8864030128615 405.34910748666806 0.08892160654067993
990.9762696877817 331.06428883289664 1002.2570935603115 346.47443659037884 0.08890336006879807
376.0121962557723 400.91576969608826 395.96970844422475 425.95534856354055 0.0888923704624176
1071.3446896941584 347.9409734214832 1084.9537383387285 366.30229208853154 0.08886758983135223
285.57899164128986 585.350198380493 308.5603019637388 612.3098766612292 0.08883067220449448
1042.3464156304933 333.85675478570624 1056.2533172557357 350.6882297299152 0.08879402279853821
490.32997353851795 387.204504704845 501.9051211415271 400.92430321594776 0.0887686163187027
509.65083078626793 429.4372893134752 519.1048920967808 442.2048138271203 0.0887535884976387
213.5111193930525 509.5065916428397 246.2396952257632 551.2430693826926 0.08873793482780457
596.5094424454848 403.9500921213764 604.4583180929204 414.194932735792 0.08872490376234055
236.54335020001767 472.5524309219843 275.5897323173064 527.0860022216424 0.08872310817241669
552.8223141883342 426.5003951206456 562.6585512789032 440.65598462511224 0.08871779590845108
593.1407385832475 376.9181794878983 602.6815472016723 388.69340079631627 0.08868052065372467
1009.048664808854 378.69556164878435 1019.8913749134421 389.5161610659821 0.08867897838354111
529.950266124473 396.33058223102006 538.1917685976535 407.2363121372185 0.08864510804414749
368.40345800054695 461.49066869807393 376.6767004996033 472.3601920579249 0.08859772235155106
421.53444562252673 452.68166366167435 433.2731011224338 466.41489698360414 0.08856576681137085
503.7231250476012 423.667771825701 514.3591908659502 439.22082974929054 0.08854856342077255
392.2727455683798 408.7478380155722 397.4321074685981 415.0007411257416 0.08842195570468903
672.0144783337082 413.40094243061793 693.7765907383442 438.4247419230301 0.08840316534042358
498.5081906741872 389.2118089044711 505.88496727429515 398.5612226349651 0.08839643746614456
374.12213059115686 413.14392613499007 382.93380377289685 424.2473097710879 0.08832401782274246
970.9165601740087 359.2569822445909 991.5468836698207 385.2006917159546 0.08814898133277893
1004.1125464363754 353.361353897136 1013.2220406003337 364.017509171918 0.08811656385660172
82.31450200254277 384.94363725238156 104.5455722553392 417.4520518414681 0.08809633553028107
450.7958698519114 377.3918540304171 475.90230462306374 404.73145915828303 0.08808588236570358
1006.1430653455718 314.03768775532166 1017.5255756080227 328.47037273912275 0.08796710520982742
421.0522122231527 468.7585771421009 435.72032520181375 486.2207408468167 0.08785504102706909
697.7129611082206 373.78848282782326 723.3697887067674 405.10307988621105 0.08780515193939209
411.45486706315313 411.57208011323104 449.6629482157817 451.56048390764477 0.08766787499189377
596.9886975041259 410.3487625593993 604.5056151429512 419.931774448259 0.08764902502298355
421.11478367354255 444.9230835135086 429.39292953574585 454.8884407442405 0.08750256150960922
383.1545138669163 409.28091642014743 391.008760827194 418.61481217647133 0.0874711126089096
499.58329948447056 441.7685452925916 506.5228279924661 450.7587042766038 0.08743668347597122
294.99597639657793 528.7602574222522 330.565020271032 575.1303854159198 0.08742419630289078
562.5423002843088 398.1311255492551 569.6812456101801 407.8514424824247 0.08719734847545624
514.4560552916058 394.5061166915804 523.7414220254472 406.49204989882486 0.08705530315637589
385.96303885442785 444.14441885825494 396.4849226689145 457.63553903629264 0.08701717108488083
689.8765357449771 402.2439845825307 703.6603771477111 418.16593696171685 0.08699981123209
612.6220923245385 360.3075909614607 644.5101950288852 391.9717129596154 0.08696963638067245
406.83127030152406 429.55612461303235 413.8339565112074 438.2642976225762 0.08674976974725723
514.1826943126267 420.6510901380268 533.2688729260799 450.4323990640602 0.08674438297748566
1047.5051892588303 362.34910110480354 1057.4042294070432 374.25391523011143 0.08661531656980515
668.6444522057768 385.3926948444427 679.0235550529219 398.24472987701904 0.08653540909290314
562.0034359561827 425.92341297456096 569.2998698821948 435.27201946225796 0.08652365952730179
390.42976052732877 397.96457328091327 398.60054522430676 408.1899519247575 0.08650725334882736
610.4518314358255 406.3634996863846 617.8087835321196 414.7511150501621 0.08639615774154663
374.1148404375591 454.4255461728062 382.4691213621783 465.31886590183865 0.08625734597444534
616.713807237755 444.53458078847893 625.6972767040086 456.46013645913456 0.08619028329849243
626.2327270833981 450.54344285078025 633.2825210325469 460.40114991371166 0.08604582399129868
424.2003737401698 434.83133251960135 435.50065610634704 448.32085506745574 0.08597719669342041
522.4428689951908 405.34586304589163 529.0487202119575 414.14315943571506 0.08595146238803864
504.5379034025881 445.7449355890059 511.70813733004155 455.5586832108792 0.08591250330209732
521.3040666943308 419.5946578854651 528.9450372473485 431.1160183541335 0.08590000867843628
479.34525521844466 385.29863246032147 491.3427589307729 399.3871314341096 0.08582454919815063
567.3535841076298 440.70444970652926 573.9886674637244 450.1641964475845 0.08577851206064224
619.2802680377653 391.1158691370773 631.0193711145596 405.1802275189981 0.08562527596950531
576.4876764037084 377.5823458189768 588.515004120352 392.7706398472624 0.08559397608041763
88.4211697626004 94.25295043281403 442.15127586187174 516.5077146586809 0.08538876473903656
562.325165925873 380.26101206850524 579.115512950926 401.15025901174664 0.08532857149839401
623.6223357219586 402.6601181119802 631.3853954950945 411.89879517902637 0.08531155437231064
458.2242743544614 393.7610036580249 510.0674699772891 453.03934795009843 0.08531015366315842
1065.052740665342 335.24837613152755 1085.963201957045 361.56649366978075 0.08530933409929276
429.2776178704868 376.3473380207796 444.4447246989552 394.8863696448002 0.08530764281749725
1020.0281558231079 352.44908988087036 1029.2100414255578 362.40759390051585 0.0851738378405571
1028.5579903674031 351.35662121399747 1037.7451313046133 361.4171296381525 0.08513081073760986
397.04668067568036 428.28730971918753 403.97589733944085 437.0387928694892 0.08501536399126053
719.595370268843 47.679979781177444 954.5980941059931 312.73093212503636 0.0848943367600441
544.459253145559 441.71048273971957 552.6331713621468 453.7360123811572 0.08487337082624435
994.8197564277042 317.2428869465223 1006.1404658201151 331.5982382809363 0.08462777733802795
491.0468962927268 444.0906193124156 498.55635123629946 454.4154812968218 0.0845659077167511
794.5477373682965 320.2465641321846 819.1716501806487 356.50987112636665 0.0844380185008049
1062.045256906023 307.64123135384733 1082.290931095605 333.5814125140552 0.08439478278160095
479.6325246196223 457.2053698827733 490.5575037379322 471.44263854786806 0.08416108042001724
663.1724642319489 310.8211118481213 679.1148100182247 332.1896300281097 0.08413469791412354
520.8591798440091 453.0573013910589 528.5961928641912 464.0736836414653 0.08411001414060593
553.9143161602583 397.887042792411 585.126194549642 439.244502589671 0.08410045504570007
996.5054460644201 356.7383166797966 1005.6488259926774 366.5209344487764 0.0839032530784607
554.4743294187672 434.1645359501885 565.4889541206293 449.71481202939464 0.08372668921947479
578.6667998097104 367.75772977053856 594.4103065495931 385.20892908063297 0.08369725942611694
511.4446459603389 456.8873048215342 519.667418870198 468.13578836604836 0.08357254415750504
510.7812299159885 437.3302635876091 559.635877388853 498.8789871911861 0.08340249210596085
584.5859718897201 454.82984779809556 596.1872616892166 469.3695570074847 0.08331076800823212
488.42427599907097 453.0415215187462 497.4172545300129 465.3513490680478 0.08319857716560364
572.1384891922029 441.57960668147797 580.8227360465826 453.1689102550564 0.08310897648334503
528.4406306437111 452.20157636865196 538.1879831406809 465.33496890638605 0.08310180902481079
541.4181047592306 395.3701832295908 551.2721807180509 408.26071200811964 0.08301637321710587
648.9158850293511 416.88024806939063 659.7832394392226 430.9853408598512 0.08290597796440125
805.760383835729 320.60243771398865 815.2152002797181 332.81825552305554 0.08285938948392868
503.48582023324445 459.5336465960352 512.291016961769 471.79247683095423 0.08284486085176468
467.72355836503556 384.95107349685645 477.87234870133176 396.80748136284086 0.0828288123011589
372.45803942478625 425.8744149453131 378.81509193377343 434.7703418916539 0.08277326077222824
1015.2777724758245 308.5586123295369 1026.8706513007278 323.44407522036806 0.08273761719465256
667.1181000848821 440.445679114028 715.1338199301182 493.09186389922456 0.08267123252153397
695.2216060463986 415.5764340719677 715.0944771424332 438.6933834964708 0.08257812261581421
276.47477473142186 470.34009171406694 315.50185741514287 524.0031387024051 0.08256486803293228
417.3465856653794 392.29828679410986 428.5372036040078 405.57932883364873 0.08231382817029953
534.2605206645966 391.82998059387717 540.6010914120425 400.13708681831974 0.08230751007795334
1016.6850441682457 301.8969542689652 1026.4714738570053 314.28147387888527 0.08180117607116699
631.4495182775208 394.81141394757424 667.2809178999214 434.78961377019357 0.08174243569374084
406.1210422120637 461.93887053361885 414.6370610240186 473.4412092471147 0.0813644751906395
651.6756684428296 358.16902842593345 901.1862868288416 633.2872508401206 0.08135069906711578
582.5159340898146 379.99374406727367 631.9760045370604 429.9993181815492 0.08129372447729111
523.7715580294213 447.1368519732185 530.0120943821299 456.12300174039655 0.08126145601272583
615.5516010779929 434.84698186648137 623.8426986669426 445.7497347188181 0.08117601275444031
686.8635986391648 338.3842200524559 723.5901645338275 378.7593112736999 0.08116455376148224
613.7365290499941 450.29581006396216 639.1651855896075 481.94153190193435 0.08115792274475098
629.4102808027964 436.7182372576452 636.7574588698902 446.36013379292115 0.08114805817604065
646.9454044034559 332.5245913273103 690.5588459306679 380.18479046119677 0.08099215477705002
308.03701893246995 522.5768340002 322.9424241530942 544.6320268286845 0.08098182082176208
567.0291356686823 439.30935874190556 585.4318457964262 463.25320910412086 0.08072945475578308
547.1758416277276 389.8103015839069 558.620889265599 404.41853457295554 0.08070758730173111
605.9922627573029 461.7031556687497 616.5424219038708 475.7245306913059 0.080679751932621
606.8080317108859 403.2247161980419 613.4806934562221 411.11668430287546 0.08067522197961807
612.6232580837811 410.1544101407947 621.3868924681419 420.581748764153 0.08063416182994843
537.7121368874065 452.50960350004453 547.6380907842849 466.4136731025578 0.08054036647081375
877.2459119163603 479.6110486454961 1237.8957524328177 889.8102958480497 0.08052363246679306
280.55259971879633 585.576379929969 371.89867279867116 689.5255015755786 0.08035803586244583
427.56851164488165 449.88586206326676 443.65118733196914 467.6769618970602 0.08023520559072495
1062.890550156346 378.0307394294527 1071.703563314299 388.970356923827 0.08023048937320709
627.9761570427688 464.0009946311847 634.5473033563903 472.9738822855748 0.08021491020917892
540.3540908548526 391.8136403404574 547.8280553986692 401.2577643511786 0.08017155528068542
559.6941943451393 442.4952132341338 570.4237632876451 457.8536262222071 0.07998910546302795
603.5309950691418 370.79840696830416 617.7453565778508 388.1264514431861 0.07996678352355957
470.34424766609123 369.97745760166384 481.0794698841454 382.92411084550014 0.07946053892374039
601.2642435255652 471.3305472190692 606.6138139078776 478.69489969223656 0.07941213250160217
813.7496404375954 331.0937570011782 818.5565372647342 338.93866238714105 0.07933119684457779
398.04559559556503 423.4708814867662 445.5844944018783 481.7493915926907 0.07928096503019333
740.0875858106134 272.9217622424941 777.1042463025323 317.49948831118735 0.07927455008029938
379.7751568560415 465.8967219094975 393.8026356493644 484.61294752250575 0.07920083403587341
323.9110439557978 504.7059605328562 371.02129045758056 566.1493211574151 0.07916178554296494
469.947320835671 459.88195948033797 481.6782420722184 475.1467311900824 0.07906899601221085
501.0335352328139 381.9700428024108 510.8687520979746 393.7681234613817 0.07896696031093597
597.4511522397163 340.85503648636825 626.3814200895264 372.0478757180388 0.07891019433736801
-1.075218871736488 317.3704377023929 27.53615485163644 378.0250933106548 0.07886786013841629
638.5907108631093 432.31118890995265 674.4830877146517 474.48633217208 0.07885593920946121
438.27953179980153 456.7401777299907 450.363263392955 470.32034302688686 0.07881255447864532
815.8535328751757 305.846822391067 831.7850372823517 327.8343854256786 0.07866600155830383
576.0756628321111 346.2338792793275 607.8234780046644 379.72035788629285 0.07850111275911331
508.73022533189214 449.5451945508197 516.4228563702047 459.99628939552343 0.07849238812923431
645.3644618605786 394.6874243951856 703.1140859862719 453.7518637700031 0.07845962047576904
507.3322247868702 392.9744055381561 515.1296661241787 402.2032834189725 0.07829226553440094
510.32048899909904 399.2072215222327 517.3456013017991 408.3188337181317 0.07824493199586868
702.7627085269722 338.97620718766996 734.5677331049501 379.1084897601292 0.07817568629980087
392.7723326537344 463.87618977744455 411.7373314971037 490.21269190928837 0.07802686840295792
793.555107139837 323.62222550585176 805.5389485453529 335.82522655993444 0.07795879989862442
489.80108372975633 472.1190331653962 498.16933609757507 483.0214076962691 0.0779334083199501
659.0273684562407 422.0990646313226 671.8544631505574 439.4417228841675 0.07787898182868958
600.8325502318215 446.2390304495795 608.7080343336122 457.28839833061375 0.07780950516462326
621.8366772103681 321.5161195809022 658.3960016181584 365.06829711114017 0.0776815190911293
620.8328061919153 418.40363583082785 629.469850286835 429.5749780923632 0.07748248428106308
618.7202801477408 410.04860074229055 626.9045997883384 419.5323309227884 0.07738232612609863
698.2992346073543 389.73113575962253 708.9650010917632 403.79986600435774 0.07727988809347153
565.8174524138144 460.3389262659714 575.9809306960719 473.4014890301524 0.07713039219379425
515.6755514813269 462.2283761565736 527.4133388602601 478.79859816919685 0.07696907967329025
560.222718213025 449.2114329059129 570.3519608487588 463.3965072458981 0.07689250260591507
988.4622533960166 359.7721189869881 998.0917811210606 371.29411218361366 0.07675669342279434
545.1705706155283 454.0214489597414 554.3337435123346 466.755601748645 0.07667269557714462
569.2200774299149 449.4518760806225 575.6675741625024 458.5661621849152 0.07664740830659866
176.0940165029156 605.5681963055516 267.0256129447537 713.743354475956 0.07654327154159546
590.3195092706659 482.6180750455828 595.5231908378038 490.00374903578853 0.07650571316480637
456.7317426742206 465.20498887064815 468.0112731982283 478.9002083086648 0.07641778886318207
576.4085772512406 482.04661699729803 583.0651666260759 490.4905563452019 0.0763404443860054
523.2072086030487 376.10091667832035 544.0092712301806 401.3657515253634 0.0760439857840538
571.1325974203329 456.13697512894953 584.9649706062238 473.94497898311283 0.07599357515573502
664.7774673083698 298.6091020210877 695.0784350426546 337.17011136187665 0.07581537961959839
359.7470065094125 435.89515903999285 373.53560103086687 454.8605970544498 0.07580622285604477
234.40684838754953 534.5423028466693 255.40249152437664 559.6161610759915 0.07574956119060516
494.7174707398697 380.4898651676362 501.5564650635156 389.1648608227923 0.07568956911563873
347.57230323813354 462.02709619294956 391.31507924535975 526.2878440587003 0.07567295432090759
74.40592551506747 406.84247882348444 245.70299140249088 618.0021717912891 0.07565685361623764
698.9998764505294 408.3152688337636 742.7082058994935 455.7590240021316 0.07559321820735931
551.6275750425399 458.21815025318176 558.8323765128281 468.7142847920479 0.07559025287628174
169.13555141593002 429.3230581073603 236.47640430642173 530.0717824432246 0.07544516026973724
530.8667037829522 384.7544075058008 538.1110374659032 393.32234058043787 0.07534568756818771
114.11382372199878 368.02076863316205 133.94818323241847 399.03508573269335 0.07522466033697128
82.18361780815023 360.4724747249486 100.1038959728319 385.0137704210145 0.07518140226602554
538.2798570972457 422.7432224792985 547.3879299322197 435.2464003984309 0.07512856274843216
296.09613730724254 545.9382599221252 350.43054627676366 612.9181248750609 0.0750930979847908
637.1522143048061 434.4993374505639 645.5639448357342 445.2495256111571 0.07503397762775421
439.0365677396535 465.7167014813131 455.55132024751487 485.06215984083616 0.07499267905950546
763.7991136687108 342.11146383445043 803.1826984072942 392.9037307315398 0.07490748167037964
439.3986504231928 402.6560698880372 448.54968870917156 413.67785356688375 0.07469938695430756
239.549238117038 514.0573296830124 255.81614966562609 535.2765269746242 0.07449988275766373
446.821679235636 466.95462754968656 458.1135458025994 480.1031236716894 0.07447123527526855
569.1424183038547 365.68391746594574 590.4022127567085 388.7987164824713 0.07439082860946655
430.22545123498514 456.34146854661446 438.80188908678326 466.86736870950136 0.07428799569606781
371.66609841152143 479.7278848542911 381.66515264600815 496.6708238379837 0.07428444921970367
513.7470517765339 398.557236694241 559.6852946297456 459.5452582700515 0.07424265891313553
718.0686574424445 388.16458829948226 751.3238734631161 429.29919397198523 0.074154794216156
558.7011260050319 461.9807552536767 566.6071390827772 472.517642779838 0.07404619455337524
582.7546906782949 378.031054929221 592.880329086556 391.2712276607047 0.0740368515253067
455.48914567474833 472.68365709125305 477.56815960356124 499.47835826960346 0.07399901747703552
932.054961274801 533.1723824395235 1145.924762259816 778.5446614066797 0.07394655793905258
576.7030023400971 456.4191353075003 583.5977164420242 465.73767577589916 0.0736653059720993
673.6547676087389 419.8667643746591 711.6150187211051 460.0077125403986 0.0735447034239769
502.85813564928395 390.2843875775219 532.6869839089356 432.5382590198936 0.07352874428033829
406.87680553015934 387.55043557160656 427.56290585124964 410.1052949105155 0.07352598011493683
391.20348315548495 392.9161184464717 405.9132135885367 410.8035979914436 0.07346195727586746
689.3934620637945 363.3446225720603 701.2628099416912 381.0412469384959 0.07334054261445999
586.2579222763518 473.35571654627756 597.4748461988387 487.6011411645844 0.07326582074165344
636.4345945007877 447.0208508114981 644.7333298475797 457.87570141202895 0.07325827330350876
798.6743853533982 355.6370660246171 809.7382285994919 369.86128834412796 0.07291951030492783
123.3189514291589 559.2777206915188 215.01719186750182 666.4885495580445 0.07290799915790558
-73.90626898029042 522.9951606977281 158.6485048167362 806.4893405869908 0.07276001572608948
504.918227440117 375.47564537738646 522.6033829195318 397.33789801594185 0.07275046408176422
597.3974314161911 472.510099445814 605.1237186882585 483.3338949708254 0.0726315975189209
540.9515444698159 382.1243452502523 550.9185456178878 394.6239240028687 0.0725204274058342
498.90902559419584 466.78517909537084 507.0871680371437 478.84352193485364 0.07205695658922195
485.9242721614515 490.46084190032497 492.8700439370428 499.16116950837863 0.07180075347423553
481.45388730238994 478.8076405169022 489.1668312443694 488.4845538566366 0.0717998668551445
34.22109114785114 364.49051963462557 56.47322148234345 399.711342245458 0.07170077413320541
100.76568527919645 388.292830722104 124.8353138746779 424.31319783887403 0.07165971398353577
409.7135208546706 476.8165833110213 424.1399996352687 495.19509674104273 0.07154965400695801
442.20674178304563 92.31056385311929 707.4707619503064 382.9514366173883 0.0713922530412674
458.3189330013693 327.38990039178265 495.4986081239585 368.78638221004593 0.07133077830076218
795.5368555362066 342.3966151521378 807.9841059534687 357.47686144381424 0.07129418849945068
487.5699730934075 460.9195609811566 494.8981462288617 471.08233683345054 0.07124950736761093
54.926160222697774 409.9242806333938 70.61931903084857 439.3360864196961 0.07105734944343567
529.7414057640221 464.4958088624204 539.464014696762 478.15553777570284 0.07083487510681152
489.9575943808823 465.69081277286284 496.3740535054778 474.71610124385757 0.07082702219486237
225.09040762623457 665.7257757749991 292.50268331341533 746.4923688598607 0.07077918946743011
547.3430608045819 467.23327637719984 554.8743737159468 477.5977112688199 0.07073762267827988
450.09699678845 455.0820236832136 460.3467629621487 468.26618059139525 0.07072588801383972
626.252516125633 472.3611042822139 632.7673682733539 481.1276216748616 0.07063058018684387
278.5088490056318 519.7105380069795 292.2342089292338 537.8424307175271 0.0703468844294548
389.87503395299416 493.0599005105497 440.7369650834551 558.0563331959023 0.07032227516174316
310.8415511831785 498.9550232987976 341.43237483836464 537.7353357725294 0.07011904567480087
562.3533707843487 471.20584252297004 570.7403302391385 482.3909732324925 0.06980627775192261
782.7095410975593 389.6929895513193 843.2886549341806 463.02083472559895 0.06972029060125351
489.2333382517979 480.605548492828 508.2413115935731 504.12244581213673 0.06971225142478943
511.9056440364823 351.64467795541105 552.3969492986489 398.56280902504756 0.06928686052560806
692.5885760219411 283.4485094454488 739.060698546026 336.08712417334164 0.06925998628139496
1063.8778411610128 320.07271695943865 1075.1241048483691 332.4372676048 0.06915898621082306
318.43132119865123 442.5863291658947 359.98231795356315 501.79502931385844 0.06909578293561935
487.4973036538907 351.91618075648654 512.9554015757129 381.8311965605964 0.06908407062292099
373.378827386481 471.93591064467955 381.2543607895682 482.86717016046236 0.06896314769983292
399.78639067119093 391.0383175056772 406.92214486654905 399.7138448185903 0.0689459890127182
538.9098987442959 339.34546458894494 572.4817158437129 378.0118354730372 0.0688539445400238
905.9437769676958 242.29018632859194 1146.9128653585574 537.7140085104357 0.06867006421089172
489.01458408196294 533.9992853592498 748.72881059754 802.0712400484632 0.06854374706745148
489.02040124060005 382.4750490687089 495.8753182328893 390.6971844095772 0.06845482438802719
380.99276384074153 480.61278300028675 390.35991813267907 495.32290434404285 0.06845475733280182
1012.2833235347344 361.54027730508255 1023.0976581765159 374.62538906061843 0.0684301108121872
769.6605049011434 341.1797578984605 779.9791267266868 353.46167408985826 0.06837083399295807
303.10498851692034 512.5677483601036 312.2223531288455 525.9752349652691 0.06834466010332108
783.5260924041254 373.318668978259 792.4793736176962 385.80515889895025 0.06828766316175461
809.6757203450643 337.53017414376205 819.941184695113 353.23396290431714 0.06816254556179047
184.21752243983997 575.1075992052556 225.02783457365646 625.1932344113385 0.0681341215968132
431.04369632015823 430.45519179313726 487.88942579310924 499.1412108173147 0.0680808424949646
412.7843579707498 392.1197814440596 421.1175619231139 401.55826497854287 0.06798187643289566
967.2118439127007 366.3289254175081 976.1262619579338 379.08885795477045 0.06788978725671768
633.2522790972953 458.42334588474375 641.0876272238739 469.5738819717901 0.06788124889135361
572.714182957958 469.69559269909547 579.8443054989675 479.35858324543335 0.06780669093132019
783.7840000832401 324.81270426793446 793.3488973556441 335.3051710674206 0.06780379265546799
292.80071874974163 676.3829221519798 341.18713679789107 728.2376202381078 0.06773768365383148
904.5596058218626 54.51013874162471 1100.8260293849305 302.3548540061091 0.0676734521985054
273.210834944348 76.80088703102838 467.89445739659135 289.153988319731 0.06758315861225128
618.6565538361932 458.50500202918874 627.0736369662246 470.4858221057824 0.06754927337169647
435.5987235589602 471.57205067726505 444.8378058811668 482.3381995836156 0.06725990027189255
359.97257015443523 382.7517571350492 405.08380102826175 432.44988803689864 0.0672025978565216
503.6790214962015 474.6157711192504 511.42592828072 485.41772342033715 0.0671893060207367
362.0452060813808 581.5576322977902 446.52315220811687 670.4596174329087 0.06703456491231918
754.8877727041425 382.5404110211336 764.5241943125405 395.1402993586645 0.06701090931892395
101.01070843064018 267.87921623131325 147.1473159773244 357.934230127591 0.06697213649749756
242.06972457828147 405.08206949174 297.06217692793547 489.66614495014346 0.06689468026161194
54.45114411085102 351.94847230231363 70.91083281231718 381.63343800909416 0.06687544286251068
275.30555109512864 570.4984302116743 308.7048290845968 613.7793169731186 0.06687163561582565
501.10010175081464 492.4923336466802 519.0427020063215 513.7360315744545 0.06673813611268997
490.7583965416748 308.6033720381774 537.3802369131344 361.36921942563663 0.06661877781152725
558.2122122773853 389.0227429662091 564.8533648168999 398.29753928687586 0.06657542288303375
599.7774411646748 481.338382066947 605.5070630165652 489.20249296030374 0.06656394153833389
176.7180865955432 -6.298940072320023 234.66925109140925 54.04100171392249 0.06642469018697739
709.4791318387306 400.855455387384 720.9600953593473 414.60454870362804 0.06632214784622192
579.752177367762 462.9578504597529 588.3872023067917 474.60273449991786 0.06625563651323318
109.13513133489388 413.25905428943105 160.09803001048982 488.58000622867553 0.06618692725896835
796.9806571515936 370.1616430100664 807.79320194271 386.7312327547155 0.06617823243141174
357.3074415754239 456.32034342873874 370.38382829948233 475.42537331938775 0.06609708815813065
574.6369353877211 479.2873845707023 592.3218287758851 501.35483958183954 0.06601402908563614
640.0217150221476 354.8966241599633 655.5894017014214 371.80358533221414 0.06594415009021759
507.3730092792165 482.89607395302113 516.2907172460716 494.7519134129721 0.06580647081136703
103.4122266163316 367.5910357496392 115.12261893113585 386.4951169487707 0.06577496230602264
199.45305454117215 554.8768506606838 236.1552322099713 594.8915942507575 0.06547777354717255
274.42390134983594 506.81139724088365 283.97717171002967 518.2278021805001 0.06536892056465149
526.2964894471653 475.2239893539756 541.7033409189305 495.1632088566679 0.06523779779672623
611.8350587047194 374.0686811037266 626.6240466713745 391.2512065473725 0.06511339545249939
43.622125641943754 338.54918751848436 100.42691118029873 482.6525036078334 0.06496944278478622
480.76134557557197 467.62599567070936 490.3135983152844 479.6922507408443 0.06480991840362549
546.7779404922497 480.310395862009 556.1633108052433 493.1806847944377 0.0648084282875061
1016.1424147542774 342.3167084307473 1025.8002551388752 354.6844632880047 0.06474282592535019
276.02892179475793 534.905514056964 291.95482471403466 554.926613041576 0.06470327824354172
787.5925628863721 350.66445134196726 799.2885396807474 365.36392466397535 0.06459489464759827
114.38287122778155 479.27989999605876 179.70115149038924 563.1089178283235 0.06450016796588898
419.1277197439415 521.9662026628318 463.488644288782 573.7744834872099 0.06442108750343323
743.1106319056868 398.9491546109671 786.525001158815 449.5848280848794 0.06436419486999512
768.9715914506511 353.6801299446674 781.1361523455422 369.09526305839705 0.06434585154056549
777.624143564515 334.7651738657213 789.3352315564521 347.80513984636445 0.06412748992443085
642.3415572286723 438.12967723047035 652.2896705254558 450.9933859148178 0.06406377255916595
603.7404429972241 425.238542048958 652.348165205896 483.4735150607147 0.06394694000482559
674.985585596754 241.55133841201143 718.205868317907 291.35773710869756 0.06382615864276886
382.51184879212997 488.6164894115317 394.51802311733366 506.86359420645505 0.06378750503063202
87.92893998163547 321.55752923454105 107.13391183724981 356.3941541910249 0.06372381001710892
1073.7319699998818 389.8043728519377 1083.109753454443 402.5119050597212 0.0635533332824707
778.3065698059773 348.0426827425629 789.3138037731142 360.7154952553524 0.0635073184967041
656.3307790398534 433.43895014148353 666.2237363851917 447.21254020071075 0.06331369280815125
378.8923287383654 399.7099749307144 388.2329258860459 411.451546383867 0.06287875026464462
282.7525922108398 389.6098615678472 328.96787598789945 463.51352634927724 0.06281829625368118
1054.8631867252695 411.3379370540432 1063.5892743030604 422.06945860103116 0.0627499595284462
305.53568295137495 503.5586590854682 314.17804650763577 516.0896286141409 0.0627274215221405
559.6012299023365 482.8438769981663 567.915287184439 494.47810486223443 0.06262603402137756
808.6934721782966 356.5939179790488 821.1016450918922 373.4460667006392 0.062236104160547256
552.18601487205 378.3746457956176 563.6403687224245 392.7796578686809 0.06163966655731201
563.569816131234 277.1240476279175 625.9577715723493 345.2841063291287 0.061436135321855545
1047.0781536906475 344.37569917789824 1057.612472409061 357.1539516993135 0.06102887913584709
316.4823141488104 517.0897132789025 325.71796736978774 530.7533116036674 0.060719285160303116
138.29226488121748 357.0423916635389 186.49051326085115 431.991327844869 0.060606930404901505
-32.34695778687903 159.53373740573323 114.30213773307501 394.7503443040404 0.06054162234067917
-42.54181907923036 -56.11734073661825 106.88594945327428 130.0401061273735 0.06046830490231514
232.8949403357456 306.2410537348719 309.1134987047772 413.0046232664514 0.06031065806746483
438.63468128316657 477.29380381309966 461.1882057019974 505.56916148370493 0.060298673808574677
1037.5771533840048 402.1046345502242 1048.0472386850543 414.3497344609406 0.059617675840854645
77.70513334546588 488.1572201906495 120.72056434622733 551.9076807937914 0.059607021510601044
762.1229059991373 413.25602408546905 771.663268975824 426.5790044324029 0.05952252820134163
414.9173537555714 381.9352942858646 424.62451554877197 393.02995230111077 0.05945684015750885
165.74279219775693 517.4078482937604 212.83631487563886 575.693918646657 0.05935124680399895
284.4369402548117 335.73316012809846 367.2306640587969 442.6130617100335 0.05930864065885544
339.71307166697693 457.47411149437244 356.0571896539476 480.29095074728053 0.058863189071416855
-16.519992355933763 369.0894494700013 34.59849447223519 450.3445932035596 0.05828481540083885
285.3792893978356 507.04666564168446 295.9919231097898 520.5712821903204 0.05758805200457573
222.41631732111398 -24.41296505908941 312.11385845556487 75.0471911796397 0.05641106888651848
954.625294551664 -60.59254986355383 1128.9156096986255 144.09006617436538 0.055956367403268814
200.84828604784573 360.21385929026786 249.1604523925198 435.2082106714318 0.05462287366390228
180.21722646698242 159.6770907526866 201.24550207413503 192.04422123602643 0.05349746719002724
