642.27723628647 359.8362071247563 653.9556423268157 376.9794783194321 0.9277310371398926
354.74264026205293 390.9235148131467 373.4796419419754 414.7820429653696 0.902076005935669
422.63318376070305 369.0640913229782 427.402247603655 375.682028392161 0.7469606995582581
393.82338492380194 367.7140151772524 398.9354921890094 375.07009283070903 0.6948424577713013
622.687811335254 359.8537688377755 633.3831044842743 375.0148418885315 0.596903383731842
487.2457064223469 360.5674722153095 492.19279364338314 367.55503945244334 0.5725443363189697
437.84953812076884 365.6155355484303 444.39618142096356 375.83686042763543 0.35006171464920044
505.9983552350753 363.09961674980116 513.6839345594777 373.2066111967674 0.3371959328651428
491.4216350751244 358.797532996473 496.9949996964139 367.1172557016757 0.3248165249824524
407.04974069711983 359.2278502053827 416.92254223881775 373.8086892926232 0.32296058535575867
495.52322618911825 315.80525590505925 524.1786093928112 359.6043591576592 0.3212484121322632
562.3868882843549 350.6328326059604 570.2106700599089 362.3356135836172 0.301011860370636
457.5295748868162 366.1352773991271 465.98246348540124 377.1228032920077 0.2942984402179718
676.0962768598268 357.64566198463996 688.7227802288043 375.93299119923864 0.28674328327178955
492.19112045746016 372.3480318852506 498.43306110322925 382.3904787182224 0.24368910491466522
476.8299817873541 358.36184296631825 481.3234607858084 364.7977947936393 0.2177865207195282
572.3629779864171 345.73153102777917 577.602787154768 355.09228284996647 0.20985238254070282
541.5797120329214 308.49986951086123 575.1920834875406 360.48073227435145 0.18043044209480286
429.6615954111965 368.06988787991173 435.989543075799 377.07173019489795 0.1737673580646515
486.0561811858938 324.48241787066763 493.3263578506971 333.83870054635236 0.16518184542655945
615.1060621869618 357.9110382775857 625.0776449843501 372.5575916234602 0.16177083551883698
499.7856472377624 362.7766530887936 505.21750625032377 371.14038662685044 0.15965044498443604
539.5241401918828 394.4197779113473 560.5132535046084 417.2923908622339 0.14754557609558105
805.0067854345559 117.0949875680315 888.2403579115897 199.9389100142084 0.14719070494174957
558.6603635824155 355.00698147778036 564.2392420919118 363.929451174128 0.1372387856245041
600.8091419589374 361.6110521370708 609.2988791526185 375.58105670423197 0.13566237688064575
404.0485128681052 378.95349489024824 412.6811946741255 390.5828518822715 0.13479584455490112
512.1643753003019 367.93741568847815 520.2526269506781 379.0363530930162 0.13381077349185944
604.0416991113086 353.1867546292789 607.7228330000402 358.4512479908589 0.13243797421455383
379.9687664319661 361.81615366057287 385.6780402308721 369.99747532293185 0.13235574960708618
439.42431748021045 360.4779663420175 457.580935896484 383.342025971267 0.13171371817588806
479.3108345520875 327.49308578702255 500.6792482915664 360.66304227360024 0.13033200800418854
522.3639675448817 370.51334392452765 531.3861547965065 384.0574112647245 0.12669304013252258
417.07958198913235 357.2930892764432 430.28346643863694 375.2710189337971 0.12504619359970093
533.0604563747369 355.25839612894146 539.9486634151317 364.829833511551 0.1237623542547226
400.4979174335223 372.3732968462132 406.1403848699423 380.476715622682 0.12225229293107986
451.1944233878185 369.19703676271087 462.6837726224477 383.2188298710188 0.1217908263206482
526.1787286242549 364.2730349172812 535.8941775373951 378.38104143822926 0.12162753194570541
509.4347896282693 379.244860371593 521.9439952034977 397.0789762408949 0.12104621529579163
541.6824921831799 355.7106413628027 547.2359543013494 364.75679932578703 0.12076853215694427
413.1048687491129 372.2702408226056 418.7142229721104 380.41889245930037 0.1206522211432457
518.1930822131944 364.3578945174967 524.1715774933301 373.25293630708234 0.12050972878932953
517.1639379378079 375.86565318264104 526.6867855860339 389.53081418168716 0.11901281028985977
522.9998137664891 357.3806442877301 530.5107006072778 368.1290327422074 0.11803597956895828
510.15239723655833 351.4067465525062 514.3086678248119 357.653865181116 0.11776014417409897
688.0085851767889 354.9730257893264 698.8026688201262 372.28637954016483 0.11771859228610992
412.3814668026093 378.5230899914542 420.7178034752095 390.9614622778916 0.11757375299930573
515.9254668360406 350.1682942166124 525.1078952171491 364.4373211357087 0.11753931641578674
431.75398766499137 347.5656492234044 448.88444775768033 369.03536161903486 0.11741743236780167
374.6947083661417 375.94009284756845 381.96793391177107 386.1397788427436 0.11721429228782654
415.1958402027889 357.911123063616 421.57640005088757 368.7131382818632 0.11695153266191483
471.96312717492356 360.73405936040723 484.1708480113611 378.24516700542557 0.11634078621864319
504.2943399426353 371.85405422491567 513.0633754945608 383.7042148088406 0.11619296669960022
402.3786064634201 361.1546425809089 408.29700394087246 370.25634171436957 0.11559070646762848
496.6709019778134 376.4217873567111 507.318542140869 392.3289665058976 0.11549407243728638
667.2165991176538 358.51167341681884 676.3638738694426 375.40324052217323 0.11543700098991394
467.64526863837085 343.801007686469 482.0836576737212 364.8664166754027 0.1153663620352745
480.84204155219203 346.9249425910621 486.88724997563014 356.3369592473922 0.11450456827878952
467.79534104133637 380.37862984136785 480.8916696897587 397.9850588711936 0.11428962647914886
380.0020648788224 377.0954793444034 390.7638447039799 391.70276639159994 0.11412684619426727
535.0974973521506 317.80975988037466 545.0633765572569 331.9377046567423 0.11409537494182587
480.8831012089552 367.77199054843703 495.9377772060881 388.72667783549883 0.11401708424091339
387.48846945235994 367.43559575733315 393.2950994831955 375.23530880854184 0.11351898312568665
419.78463418568657 378.5234144877405 431.1716938232027 394.054262992955 0.11351604014635086
696.7102844057438 360.35750585350627 710.7809352313039 379.7932194485804 0.11324705183506012
373.81568215282044 385.8766283017639 384.56919136858033 401.8324995547059 0.11320686340332031
449.0345771752814 346.88059535478135 465.2200131517628 366.8536919523754 0.11309286952018738
528.0322377197458 377.4919896624672 539.557691738184 392.75308402440146 0.11298666894435883
365.8533126883055 363.7165394702029 381.0906208305654 382.9176491846949 0.11284948140382767
538.4348156157627 371.4584818150655 554.1651639937983 392.1665963409491 0.1128426045179367
458.5226225841309 371.5239335250548 473.2441691667325 390.8944197863044 0.11275982856750488
500.1589956559539 369.25962368069713 506.73703180391726 378.94606047107953 0.11257605254650116
418.9620019399796 375.1491171056838 426.3051821284893 384.9871500858646 0.11253240704536438
573.6607056628742 353.2192936091596 580.2544643766689 364.42977191784064 0.11246471107006073
386.743116169369 371.36767539071127 396.2584809823087 384.52862336913336 0.11208169907331467
508.17684976474476 337.40728182230015 525.7157976330172 363.06120473487516 0.11162233352661133
828.1651875120423 324.84759114656686 840.697134410049 339.51982708711444 0.11148083955049515
439.30500840967267 375.2705909448228 451.518688423002 390.7773697455838 0.11147221177816391
406.2393494981889 370.38891769467676 413.0416720880711 379.7681296347414 0.11147133260965347
528.8582945208838 355.06677710192133 547.4451160087251 382.3742810125806 0.11142699420452118
391.45726118071576 371.6031374113896 403.63616561854235 388.95243305430574 0.11139871180057526
512.1591713766462 353.5647509805132 518.6408179451222 363.7232920925608 0.1112234890460968
387.0892627835031 408.4525960646281 407.81712367055513 436.9035290533104 0.11118684709072113
545.7378214189977 346.9963016945863 556.6585500547491 363.40505085602894 0.11105756461620331
494.489825040113 363.81550361861554 499.7154645269553 371.3226743186256 0.11095640063285828
500.0342000795162 344.7812920383817 507.6421899178664 355.70711462282793 0.11095353960990906
523.1612265851714 344.70837942101156 535.2666270784697 362.12477993381265 0.11086513847112656
561.1098326611822 347.0527564461335 565.6020799028222 353.76961152646135 0.11016229540109634
494.36058386132333 354.47162169502394 500.8891042851082 364.36962763610796 0.10989043861627579
505.837965698608 342.60508808430706 515.5669995944005 356.81467782037316 0.10951031744480133
707.466791946313 373.5632153539969 723.3126637620918 395.06121083328054 0.10945527255535126
479.81866604178356 380.85349738952476 491.2013793950806 396.51545819944846 0.10908900201320648
505.31985700112216 354.75603317846264 511.35800844236803 363.0322903855696 0.10904159396886826
449.0774487693151 381.28802725519466 460.5717615912944 395.7715034913867 0.108949214220047
525.0849518008566 398.82313368040764 538.5104580902315 414.71851064905746 0.10880479216575623
472.339134855423 373.19482861441367 482.2646436284704 386.96160777125743 0.10870185494422913
537.9124054903756 363.8983281556053 546.0293390971815 375.2282281423084 0.10859498381614685
465.0283840428055 365.1155452848409 474.58993357028504 378.3168987658632 0.10858771950006485
481.6662723884172 343.82874517089925 498.6950215501934 369.5701891725251 0.10858593881130219
513.8871965156131 362.22849943153216 519.573093976499 370.7311692046106 0.10835188627243042
525.4846734890639 320.6612775870664 546.2320429832986 355.03638780677386 0.10834315419197083
546.360238733843 361.3112016781434 556.393368343638 375.31810884404297 0.10825913399457932
426.828261441943 376.0651135241576 438.53990041386334 391.83773316178326 0.10817963629961014
536.9061583039451 351.5796034653321 543.2039063856558 361.06916953442595 0.10808998346328735
430.9837823591411 357.4654203237484 439.7042268991553 369.677138625781 0.10790783166885376
473.3468156063392 393.3257898506017 493.6194214509231 422.5435801620097 0.10783486813306808
409.0871222098562 389.9555424210857 418.9407690778833 404.31536304376806 0.10779482871294022
385.9962631227692 394.7309664032845 395.504839857925 409.03333949363883 0.10763437300920486
658.3789016095508 348.40957441875116 667.002649895974 365.0029523793798 0.10734821110963821
680.8460938830334 376.95650401960637 696.5097461083114 398.5023162387731 0.10707048326730728
544.3136170920238 329.04290028540066 552.6989226606062 342.43109141672426 0.10706257820129395
557.8018995286232 335.72269472938035 577.073108464019 366.5365898169284 0.10681641101837158
497.723905938377 356.4716360481689 504.8116054940901 366.92598402972106 0.10644444078207016
490.5656782868574 343.01552476223503 496.21931492677015 351.7836281617631 0.10615333914756775
710.0085997557043 356.6826662626569 720.8020762489201 372.4669890676447 0.10601865500211716
481.5781226837031 357.17627195895676 487.0890072042478 365.52514161165504 0.10588890314102173
690.6670182313019 370.1086744266583 703.9352091603017 389.8462657074722 0.10573820769786835
519.1580560697713 342.9158904748344 524.6124169562745 351.6212826486345 0.10569615662097931
353.89367651639486 356.8802617610739 379.34125529566677 386.99037946240566 0.10554438084363937
391.51774901216737 355.55065650764544 397.3608999073416 363.8914679898924 0.10549439489841461
393.62196832054883 384.7504120013072 405.05969245237344 400.6713560441104 0.10543064028024673
519.6880740312913 367.8255647692527 526.1240199559895 377.2726877542658 0.10541883111000061
566.8030140043853 346.66715038096544 571.4278447285774 353.84433906086974 0.10537611693143845
653.2983351713099 357.36791783433836 663.5880218567963 374.6474355235213 0.1052308976650238
603.0543585909004 324.6593662459983 633.2187154514046 371.55108009195965 0.10497317463159561
547.94711461668 354.12541660975216 553.3766520056276 362.98138458411324 0.10456620156764984
487.31285756057497 366.1750300785603 495.1102827621549 377.27258607037174 0.10429743677377701
506.43816202370994 394.46301619934235 527.4981053699277 422.9407118371423 0.10377377271652222
557.9862162035914 388.8448505005475 570.1395858736755 404.5583755099597 0.10345380753278732
491.2336355915979 354.0104194407168 495.28573638066007 359.8014510471566 0.10292498022317886
633.4950320161549 359.8115961054143 644.4573569966741 376.2482938355875 0.10254599153995514
306.02889365199405 397.0025717072468 324.1697938897838 420.4359408438285 0.10245929658412933
620.340651296804 372.04174972670813 630.6374783639147 386.4081553441134 0.10230626910924911
387.39848560366215 356.43470077891476 391.09503448675656 361.9862527385191 0.10223980247974396
722.8046601290408 389.4629890059891 739.7509566050541 412.01967056885906 0.10210979729890823
822.5104548902422 314.6038942385214 835.7155607407977 330.5458080580752 0.10203421860933304
499.9981097976743 380.1332948839148 517.3852085166061 403.14169089293694 0.1019458994269371
409.6916038225324 403.0300259998661 418.7602798244873 415.64881622849407 0.10186947137117386
396.33517798806747 356.12578442871524 403.8740414006266 367.40414644949533 0.10182478278875351
552.7345263787331 354.24138385380655 558.6116545676031 363.39281718431096 0.10153961926698685
584.6715717647108 348.3652702217581 603.2492508045148 374.3753451193484 0.10135911405086517
575.9499415964851 328.06186549520197 595.263899307705 358.6959583382138 0.10119102895259857
460.9515725906769 354.6945461846936 470.83753360647756 367.90804373807424 0.10097948461771011
695.7259996483257 380.7112456808253 713.2202893049965 403.89694679579327 0.10097915679216385
828.9452111880208 304.68100987945724 844.135440959605 322.55785723050116 0.10078205913305283
512.8798056155568 343.3661425640819 517.7408793400429 351.4706074447948 0.10060026496648788
495.7463890986487 296.4758009215544 596.1311353180731 429.0179293202725 0.10059351474046707
837.7655633820546 324.5022692129574 849.871005346452 339.0521440907171 0.10039714723825455
493.14233935534793 383.55436835488473 506.4642131343645 403.89382464580126 0.10032644122838974
528.1548856058142 355.7425522995804 534.373135958784 365.31058441884755 0.10025185346603394
529.569207934674 385.80383368441505 543.4227507955887 403.3842668146422 0.10021517425775528
608.4695302569155 360.44420159789877 614.9880249124801 370.9597529994099 0.10021112859249115
384.3339324506791 345.68512178885186 412.3982216640348 378.73189087022814 0.10010892152786255
486.4179715065553 351.5840579145544 491.56521354187595 359.19861894522336 0.10004979372024536
519.0715725535982 391.1373432986256 532.7921396651741 409.90750006039326 0.09992384910583496
588.8330931663038 373.3580040691169 605.3774381482949 396.6647567630344 0.09954846650362015
719.6549967498198 360.3616937388579 733.4925718183014 379.9839192420543 0.09951085597276688
422.99510628728905 388.41656089537366 446.4115882796847 419.5056312176514 0.09947032481431961
708.2703312349603 388.10457804297096 723.1679318662442 410.03432094333675 0.09946884214878082
731.5164860555077 349.5184756707263 750.6325055367089 373.34791860771645 0.09934987127780914
724.2336655484603 373.4603427709809 738.9621197936845 393.59129519562356 0.0992254763841629
434.70918763459855 363.1567919272185 439.8286304189026 370.7406377769674 0.0988456979393959
712.8120217033596 403.95675335082626 731.2218710212264 428.48325635395577 0.09876243025064468
554.6480432994616 361.8885631847423 571.295459755123 384.0576480660296 0.09860241413116455
613.3384621997551 352.43696640994904 622.3831904139026 365.38920552431006 0.09845072776079178
568.3949674153017 353.11939631635386 575.1930431702266 363.1989154960461 0.09819924086332321
372.463889859824 399.2614299584686 386.57399477429107 419.0707860887855 0.09819139540195465
402.1553837596607 339.3915675354489 421.20079847138004 363.59757584207574 0.0981597900390625
489.8864506494175 400.1918190592135 505.0807470403651 422.95075134777966 0.09786376357078552
386.3765762268653 388.17317986002865 399.03930461298216 406.89077746837324 0.0977381244301796
567.9095228217103 325.2846329690991 581.1489472718163 353.02078502176613 0.09771321713924408
574.720766545667 375.1116935935362 589.298826671726 395.57681246110764 0.09768850356340408
532.5037066038116 336.82059279308623 539.166787873621 348.9857725464097 0.09748083353042603
417.62437442725565 369.7936517708031 423.1332052188742 377.95488781421705 0.09747310727834702
745.1671463408991 367.13040370884744 763.1638526896563 390.8511220797535 0.09736032038927078
513.1649408985517 372.6063841785579 534.6085059070007 402.1169849309001 0.09730999171733856
412.84829285514945 404.8985310782021 429.74767385644003 429.1910083861289 0.09725067764520645
331.09486568034623 399.1508112871733 355.21589028707535 430.89992520060383 0.09698677062988281
488.58985073867444 336.19585647838375 494.7683965170231 344.7423296683832 0.09691764414310455
616.510966480729 350.3440723454828 621.4205101750105 356.4943511876293 0.09681426733732224
544.2749559843754 351.14621938528563 549.1139019418107 358.960470519963 0.09673916548490524
367.48072619366343 337.8875062025858 395.7609097924003 368.2924720610189 0.0963703989982605
634.6340817064977 318.66004909841155 660.4621044058932 360.36737004841746 0.09636709839105606
457.28614930193936 390.73772132637777 475.11089875543377 414.95552643467306 0.09636061638593674
455.5440237616682 386.5747612371613 467.84475629977203 402.1600971939536 0.09629400819540024
715.5107816371288 340.499583880218 733.2948189744521 363.7489742660324 0.09619590640068054
567.1975518103319 308.8123948110767 579.1811597994871 331.4319977753713 0.09610681235790253
546.0796222766653 314.15628210815976 564.0580847993158 341.09143024007494 0.09594281762838364
507.84289512628493 326.23779724497825 516.4471894032924 339.3883380395822 0.09593901038169861
553.256333719747 365.795900047505 562.0594023336413 378.211381289456 0.09585155546665192
563.0680681984977 288.05198396513134 577.5652795720168 308.07872886149096 0.09569553285837173
600.6033871840442 352.20215033372244 604.8570456485031 358.9543900008671 0.09562202543020248
652.5089385866962 337.16008918397085 663.0768090271426 355.0783909837964 0.09555819630622864
674.8029681982489 324.9652504083636 688.4004148354464 346.7930283544935 0.09554608166217804
512.4533850917995 339.55208203031776 515.9177533902383 344.5841957929629 0.095447838306427
411.67448198647986 330.71557336968385 451.3102340658808 378.6171045899812 0.09512588381767273
865.1366599612531 313.9576226624595 877.0076211711478 330.56484019827144 0.09474503248929977
336.53546745873416 366.31524135542446 358.0339221370273 393.53464538515345 0.09470970928668976
681.5917044857902 393.1204082097206 696.4623554620784 413.37594171686806 0.09469494223594666
471.3907437826656 344.27740849052935 477.9174085905961 352.551322644669 0.09452791512012482
694.0960540871753 337.59296256381634 706.8949250980041 354.570616838542 0.09442970156669617
477.9076278191962 351.58691770290227 482.7472547812189 358.68143393832673 0.09434381872415543
555.6354746479757 406.84539794791476 573.7669379629178 431.9089095268815 0.09430035203695297
599.7855701391271 278.38462722636166 646.1068333721545 351.54653564507436 0.09424449503421783
530.952717815137 349.53126187656557 535.9289717295628 357.2436779400613 0.09392683207988739
585.7792946362756 309.3016955579187 605.8751423256348 344.47507407052575 0.0937919095158577
552.5823567281363 346.62832809114536 558.5132404803844 356.37704791153146 0.09363636374473572
389.56021685068043 429.5200231736692 411.5674195574155 456.4121842190568 0.09359386563301086
556.9390553790466 417.90130694490193 577.097274156825 446.1574285919455 0.09358925372362137
650.2379401858302 372.1950215392439 662.1463597324038 390.576632936133 0.09336975961923599
516.5711021620585 333.10455113675135 522.5600670758297 342.792005813087 0.09326212853193283
488.0986260773625 390.7643577794022 497.096949959798 404.2859850216715 0.09322362393140793
487.9130102439528 379.90201116529903 495.7725348594545 392.62561113492336 0.09321455657482147
742.5342819322963 418.57899081824496 762.8093232375132 443.61178376746625 0.09304191917181015
459.1547152346419 337.54547326209746 472.87928418190387 355.96820692685725 0.09289968758821487
561.8666736536738 375.8604469215076 580.1497799666797 401.4422069175438 0.09289731085300446
701.3555369199656 346.955896798464 713.6900286725731 362.6911026153354 0.09278788417577744
645.5131104629373 288.4433370260147 684.6729681489113 355.05205613428234 0.09277832508087158
423.4892203560224 328.0804723771905 443.0362654007913 350.40305563400204 0.0927492156624794
318.7533055917763 359.645400383231 339.53619172616004 385.2266940347259 0.09274094551801682
393.70042679005115 396.86569737187926 403.1775892678032 410.7479472238214 0.09257054328918457
370.33570838681067 392.2064090608363 423.2808668840926 468.39414910850496 0.09252049028873444
523.6232208905251 320.81077482188977 532.8269221220615 335.13569790541345 0.0921708270907402
436.04662994392396 348.5140162339487 440.9249366887274 354.4016599087737 0.09214923530817032
575.0871391496848 362.5026650375868 588.8099708850715 382.3921211231738 0.09213420003652573
565.3950305484266 359.22401526641585 572.630672239517 368.8818317620342 0.09190628677606583
791.6666369776234 308.8172401447944 808.8359865413487 332.0439903534159 0.09172892570495605
761.2864544403026 360.4007002866211 779.159548916832 384.22150418823696 0.09172187745571136
634.6510801002388 338.70345618453587 642.8449781340364 350.9857700846358 0.0916726142168045
354.7036281261408 408.7159155422277 381.79832359186867 447.380521169752 0.09160243719816208
439.1462059375181 403.3613922435742 459.2588820233073 430.10818127630984 0.09152486175298691
627.5083255043882 367.19845798759087 637.4751875195132 382.9555694836737 0.09139564633369446
495.2432465543633 344.7710554968266 500.3030943424745 352.35583041451326 0.09131605923175812
480.3038875263398 335.9117255496458 487.57564746515874 346.283127991929 0.09125205129384995
747.0093080300139 340.41122386154547 768.3623270480954 367.82927223127115 0.09091625362634659
477.68903218796373 344.44194641243007 482.69945420507213 351.6296370982046 0.09084727615118027
669.7509448523913 343.4311186135273 681.9846939060061 362.46192334552023 0.09071691334247589
443.5491036704546 394.8365571996141 455.5786303863288 410.3629981958862 0.09062453359365463
546.5220517340941 383.24848674687723 558.8571879406707 397.73998022440844 0.09057436883449554
740.7135716857057 387.9861364147643 759.8993448249315 412.11846603327393 0.09056322276592255
671.7332763957618 315.13128580053717 728.4433689197358 394.9737259650419 0.09056152403354645
721.2477927191713 415.6430164489492 738.8461507620389 439.01155983556885 0.09048157930374146
549.7595299951752 339.0671112554435 558.2882366877078 352.281746274778 0.09045807272195816
442.3737224332551 346.3942198889075 450.97875147029333 356.594507133441 0.09042152017354965
501.3658715297553 337.6157711394088 507.87181339690613 347.0812766989282 0.09028934687376022
661.2409001054582 332.1090707942666 673.9370642340959 353.3757581793701 0.09025704860687256
539.211677512216 345.7405189461978 544.8734115022723 354.2105436387033 0.09024886786937714
797.0158224044883 303.52669963487807 803.3449455929367 312.41568317294383 0.09017272293567657
646.5283535104023 333.78917392924285 656.5171308437122 349.50493992392546 0.09005997329950333
577.3944572211595 345.532446060782 583.6258042219603 355.61916600719286 0.09000466763973236
559.2268946776611 361.47728382820264 565.5908740010082 370.88332647869305 0.08999910205602646
885.0996402418725 433.4336465897559 931.3135809543127 504.1185839677141 0.08988264203071594
615.7439785173684 355.14671546715283 658.5395588905191 419.37040057640155 0.08975090086460114
848.4258713506409 340.05396563395124 871.9859547645194 370.86965198826204 0.08972619473934174
412.61917263417246 323.6658678492518 441.1697466805582 357.46059380524196 0.08970702439546585
486.8798472833587 345.4756116909467 492.227328210808 353.4920548242427 0.08968239277601242
561.2968946409571 274.45021156442783 590.3922870671348 317.5337532655728 0.08967206627130508
600.129660914101 333.2707903160089 613.5288555864987 353.80638766403666 0.08961774408817291
611.1430473163966 378.0315186450308 705.172771849206 498.5206934108201 0.08952541649341583
609.7490102292875 369.4190630698071 621.1318314737794 385.58391924745507 0.0894986242055893
541.7826094105714 389.29251859306646 552.5767303126531 399.83511734372473 0.08935482800006866
691.4750857403842 402.6660576803111 710.9803219653517 429.3594392274815 0.08929913491010666
509.71790169058966 344.3029617568057 513.5810091435233 350.3384617762019 0.0891585573554039
524.2438148276834 334.73965725053074 531.6530195292993 347.11578696368395 0.08915785700082779
637.6272389264926 374.99076505257403 649.9350349908322 392.6191931762617 0.08915247768163681
719.1931135551699 391.58717586119565 730.7835804734407 409.2125406160225 0.08893062174320221
766.2061490172513 385.18442253235213 787.3667693067081 412.14328025407235 0.08892859518527985
398.53746557319573 410.20905751268555 407.2649911088508 424.9706818122144 0.08885887265205383
447.2692249650353 348.4141371979901 472.7947854043497 382.0252107193739 0.08880523592233658
271.7281409677565 360.01746146190095 297.95698093958305 393.52298292786196 0.08874411135911942
425.1115097340731 362.71900992543857 431.3102940566922 371.67737518277727 0.08872421085834503
546.8118569659405 340.37757280337445 552.0647884771378 348.9903700381449 0.08872289955615997
809.6451325851101 316.49439615632593 826.6637182771769 339.16662730297224 0.08859691768884659
374.5071563291065 362.46305792883646 380.6240157848974 371.4294420010817 0.08855284005403519
772.3141256576948 355.0540497085997 794.7813559922369 383.71574241919706 0.08854949474334717
505.8590697988413 339.70078153605846 510.89902780388655 347.147601983682 0.08852797746658325
659.1015044897593 369.97218725999676 669.6544225093656 387.3931862116162 0.0884840115904808
328.2598671720992 426.03818696821963 367.4972619670853 477.3371391436742 0.08847083896398544
683.0076315885892 341.474583277152 693.9973539271627 358.221012350986 0.0884702056646347
605.7747493441772 383.49151236150925 615.5091412565691 397.7641327514843 0.08843183517456055
581.1291211863597 349.2080250681952 588.7694811848248 361.84411947945745 0.08839548379182816
600.1356991377211 385.34036347429225 620.7399248220236 414.58455578307456 0.08838497847318649
303.2111502725469 370.05298233761164 324.9588201146815 397.44224727956737 0.0883849486708641
293.4054423171134 413.2657127676403 318.9922328474261 451.28281288152266 0.0883120596408844
442.5499913104272 418.3092434144552 478.5732827073075 467.8051050396875 0.08825720101594925
583.1182281788798 362.74670543555095 593.93610391952 378.40358630462964 0.08823993802070618
638.8462031867609 346.05094906612476 648.0117366855353 360.1971351341026 0.08820810168981552
13.11290228988085 434.00674425315395 95.83283954205201 524.3159598645443 0.08810455352067947
555.5106586094822 412.8468148983236 593.9868961263508 465.89390682168346 0.08802998065948486
425.05342333944014 375.0013066734371 431.47179514662673 384.0546449992207 0.08789275586605072
272.4429637689613 400.2418297424932 290.2757847258121 422.18729183298603 0.08786138147115707
471.9578132018342 335.56651228072394 479.87972759526616 346.2022812146076 0.08785033971071243
600.3176199439316 297.6730441691735 621.2844735221917 330.9061241003339 0.08782141655683517
446.80215485626536 322.05639930844956 470.1219762392713 350.57739150410896 0.08763592690229416
496.55079696049904 397.5430109875903 511.9018218905231 418.8543944009265 0.08742117136716843
421.9925583622034 354.0512269471797 428.05616167385244 362.43900134450195 0.08738264441490173
340.2908419783389 341.3102214510368 365.213767417799 372.8192392868832 0.08727286756038666
726.3730406057551 359.67591295860564 761.0806865092511 404.5436386138104 0.08716008812189102
844.4443656361523 307.76829208385465 862.4379338358083 331.92078904987505 0.08712009340524673
612.565270805111 386.1523784046423 622.1523556937336 400.1128240830954 0.08710338920354843
799.5799054528375 332.63376196261436 817.3422850556769 355.7015719313643 0.08709989488124847
499.4774651904155 332.1451035695447 506.6388198514717 342.000939908718 0.08709394186735153
793.6910900960397 301.2188401315279 799.2405790815634 308.74983707264687 0.08700898289680481
622.3765298941905 338.7684779787701 634.6598381224138 356.240740998339 0.08676251769065857
528.6675220428118 358.5165848311358 602.0879103481107 469.9099722241111 0.08676150441169739
528.4136438727563 411.5509557993622 545.5516968195811 434.1363429661328 0.08672069758176804
730.9574644374546 402.18853148145996 744.8214728647464 420.32580230901556 0.08669880032539368
655.6022542183476 319.21348986978353 668.956012165444 341.72722553624004 0.08666323870420456
607.5780869286176 350.69891888380124 612.195742356314 357.1897277852224 0.08642269670963287
493.1377550906975 419.352670250845 533.4424226204925 474.80208767073896 0.0864197313785553
417.5859398451628 392.3625507315019 428.4538326886716 408.0308548098526 0.08638376742601395
421.7803647087274 430.98741266803165 448.88110956561354 471.54848668406913 0.08626123517751694
415.0846176173744 353.54542625201947 420.1609910810522 360.3355664970011 0.08624402433633804
568.557581922201 377.4908289491546 579.624270712279 392.0761892485436 0.08614864200353622
471.68624380037113 360.2270052456887 477.64627944493816 368.7391915278562 0.08613201230764389
569.587399016191 391.10459390868095 586.0905357467055 413.3838338319635 0.08604317158460617
586.1300848272708 454.6730216643313 641.8512430224292 527.087260181194 0.08600924164056778
544.0121561223496 345.4108249052856 548.5993204100927 352.609793615904 0.08598523586988449
708.170535817805 300.5359630811193 740.3136970106457 344.9912123394294 0.08596251159906387
820.4589411234064 336.1024051075148 840.8243507682039 363.7195231506057 0.0855763629078865
478.9941508496779 421.76965774719537 500.57002111547075 454.84810338081394 0.08555345982313156
534.1495396301709 348.4874085203119 539.3774695445308 355.9685994965738 0.08554153144359589
543.8737581715229 315.8612907771882 553.5664984999034 330.20472110883713 0.08550027757883072
450.40148321621444 281.32813705151835 498.42895197177114 345.21435272432944 0.08549067378044128
572.471744592765 411.3087763681193 588.138149513323 431.6903229495331 0.08546998351812363
671.1171139889238 401.4145359651226 689.6622649105232 427.50569350812714 0.08546562492847443
402.1810285029531 352.61566570495665 407.4391454240003 360.3030625587785 0.08546473830938339
476.91173288535697 451.6581437325134 528.4589515744866 521.6881002182909 0.08544781059026718
771.405455837484 341.58034042602105 787.8141500488036 362.4134950018256 0.08536456525325775
628.0849949011501 351.26685228118373 637.4268204803705 365.39518720962747 0.08522814512252808
586.2687131543349 403.439288289802 618.8999235373627 448.40535563280673 0.08505155891180038
898.6930120966723 343.566306782886 921.391495124871 374.31882680131713 0.0849650502204895
567.6830372802306 363.3397362682701 579.0260154825676 378.53224681409495 0.08488578349351883
409.05012488296046 348.3282178846146 413.8202865669546 354.2143632548569 0.08483845740556717
521.6142334205222 382.9138444063964 528.4960250685648 393.7837917860504 0.08477217704057693
811.8366670675312 369.7877308432806 824.1203769090332 388.90270233414395 0.08473876863718033
619.1717971081086 392.93846949001323 636.5433428047567 418.4649684322987 0.08473431318998337
441.64132966446056 358.38252395337844 447.68526388713354 367.3331776168666 0.08466971665620804
480.58045482358665 370.62241031367915 486.9245972321339 380.1020575682783 0.08462534099817276
672.577871397308 371.84836576525805 684.7261125340409 390.2238606927872 0.08462508022785187
886.1478394545413 304.7039974826774 899.2845849262944 323.89385520348384 0.08454407751560211
733.6873661791262 334.9811026709047 749.8177637553882 355.44558435237144 0.08450478315353394
630.8626518342522 343.40674303137774 679.4353921418385 414.64702926956153 0.0845034271478653
716.3708967977802 374.17016445369933 725.2024577741896 387.630808142274 0.08440082520246506
661.0353879312405 393.0867121773683 678.3373857878277 417.28736213693907 0.08429054915904999
556.5036602696142 304.89654529033834 568.5462550419799 321.9460650318191 0.0842776671051979
664.858188109926 374.7683789810018 676.8884216258573 393.33720129357533 0.08426806330680847
505.70276610847475 270.08851372044717 548.5373968535915 329.59780402542714 0.08423694968223572
737.2153301085293 373.470659931318 749.1900442335487 389.6203733895666 0.08419137448072433
684.5675998022421 289.500769107109 715.3566039810134 336.1013913302963 0.08413047343492508
426.46202633141496 442.5309161079064 471.2332042128673 505.8307582782622 0.08411797881126404
464.0416449471809 344.11581716771093 470.8618038729613 353.52499593414694 0.08411376923322678
496.5015813495568 409.70329533753255 520.4103176652109 445.23879823916354 0.08410196751356125
555.7563747764298 340.7853650054813 560.5709586550431 348.8226051120443 0.08403430134057999
572.0201386446031 307.893038127676 576.3484358584612 313.6995494034546 0.08399901539087296
738.2256515023688 312.5374442570731 777.5328324005949 363.43651879662696 0.08395414054393768
429.21008881690204 352.1801064424549 433.95373176857885 358.4081301688147 0.08394038677215576
462.86092562893737 316.0573060867266 486.008002332518 344.58655453170525 0.08389978855848312
312.65599124992815 419.17645556206514 339.2973758593615 453.5186603208644 0.0837976261973381
811.6072324960193 359.6392831587859 819.6158001025262 370.31313979522764 0.08377007395029068
424.07749312474033 349.2451118675741 429.11026792772685 355.15243782933845 0.08365623652935028
439.45633911634786 378.54348991934967 465.0553946815695 410.55756531846214 0.08362182229757309
548.4052968084684 409.873256494972 563.6417243090631 426.94453567882636 0.08355563879013062
596.3643931517978 353.9884157588411 603.8567559754493 367.0893916236101 0.08331666886806488
256.80223148920436 421.74236089978575 285.5994621015025 459.6439410215645 0.08330921828746796
466.42567420149464 412.918340962386 491.07796425840496 448.9592200926095 0.0828445553779602
417.9135990162118 350.9231872620928 423.15638463522123 358.22263440407875 0.08278924971818924
540.5499775749255 305.3977389252816 552.5225542396232 322.7614788882319 0.08277557790279388
821.5239523389426 304.64011660950126 830.5487930841699 316.85020897320277 0.0827317088842392
513.2626590821258 323.35152017049404 518.1825909694325 330.049288265746 0.08255085349082947
824.7066313221798 353.2052230071607 833.7991721081307 366.67606940584477 0.08247505873441696
580.695268501611 394.7361685926432 597.88493114571 418.34595401969557 0.0824727788567543
513.1426068008883 293.7139608885737 535.7339611314051 323.62533818465687 0.08238092064857483
711.8656301653772 344.3580569096373 720.0166149235667 355.2643323635682 0.08237829059362411
791.0628242569927 358.9136189195197 814.4660233195559 390.0146091828134 0.08235777914524078
757.9292580994126 405.02442083202453 777.1406559566813 427.6025845500797 0.08223650604486465
842.1179738522303 335.48116871942017 856.8238729949003 354.89572232702477 0.08220352977514267
585.2917674052713 279.1259914970955 609.8526235657845 318.0440519997388 0.08184506744146347
322.1063484577965 392.2244510819939 336.4141532942647 410.5975404083361 0.08181132376194
609.6854527602345 347.7557408990604 616.9406581013194 358.912428540603 0.08172544836997986
537.240277308086 339.3679415984992 542.4991988469542 347.84985884692634 0.08159046620130539
766.395128230248 296.7428568640321 802.6402586009687 343.5578832688648 0.08152320981025696
375.64973216595985 365.95639959137026 425.5484361758609 424.59632666020093 0.08135885745286942
613.8623680964993 341.93090089143516 622.9515968998102 355.27313705050324 0.08126498013734818
801.5551324135974 317.07679164665507 814.0754230008266 334.74042547819613 0.08124590665102005
570.0709817720434 338.3798728708892 574.9184839170222 346.9795005170447 0.0811985656619072
740.3208153746816 380.78058108801736 750.7027339302612 394.4711750232339 0.0811726301908493
454.09739893445936 487.2304274980486 532.008371366837 595.1878138709651 0.08116447180509567
791.0366874045405 279.83661623041513 835.5320959076766 339.08550271867045 0.08109597116708755
282.6556494029126 392.75511365193523 301.913252194987 417.4271176681209 0.08088238537311554
601.895617755157 394.2655870824925 614.6167695550035 412.29620084745494 0.08087316155433655
700.7742641359902 411.40717342993327 760.1754766253787 488.41375058360285 0.08080638200044632
704.3978368605505 420.0477465319385 721.5702983440231 443.4829465624617 0.08074882626533508
68.24067687441567 65.92740802553199 297.0549453907426 323.84613067221215 0.08060416579246521
705.8277187423174 336.98158936018814 714.7175839568446 349.43635185166585 0.08056274056434631
917.2589627338666 348.47747087144245 939.9721614453255 379.02321301897655 0.08048540353775024
527.5771254268295 485.19789836799873 613.8280707108942 594.2369858460969 0.08038932830095291
593.6387401799605 346.7920016170835 600.0418748104391 357.7719617085775 0.08034861087799072
783.2601785493924 322.63196549284817 798.0542980203935 342.9564000922515 0.08030539751052856
646.1426154560789 347.0990675352166 655.1266509216202 361.34216942756007 0.08029117435216904
640.3560012716445 274.0039954766161 670.6733501994889 321.8894750568803 0.08023516088724136
309.2587344494659 440.6114247394109 348.12843376899417 497.06762509754486 0.08017286658287048
492.941356160247 323.4833818554848 500.1927977857362 332.873191189023 0.08017101138830185
615.8723375149636 417.9173276729096 628.9782457172282 436.4908583276657 0.07952932268381119
296.7265058403714 364.9057041898147 359.1577703005978 442.4945560587827 0.07940518110990524
419.0926124834078 347.7009509837756 424.07578189407263 353.8098856081027 0.07929574698209763
783.35586469283 387.6703212537156 812.9438077543555 427.60732873399564 0.07927848398685455
772.6663682412144 416.9984783380475 834.006383602851 495.13473147873657 0.07926484197378159
403.749835871372 305.42432323837636 445.63501771181075 352.37030764662364 0.07912398129701614
827.5236814250184 300.4576817953139 834.8165440617777 308.86187656705346 0.07907499372959137
757.2321607742176 387.19273649102223 769.713053955777 402.91212284591046 0.07906351238489151
842.1775266881066 286.95870781728615 871.9714460772736 323.8978542470067 0.07904639095067978
654.2472963737174 410.8425484073043 670.3005511780235 433.7934665137681 0.07886698842048645
398.0551250335256 460.1642896480297 455.86104173777954 540.186637825002 0.07882963865995407
493.8276395770249 334.1954805195163 499.8784382528754 342.40967619401187 0.07864324748516083
521.2192955911634 448.57107200618105 573.1064794215257 514.5670827865814 0.07851363718509674
498.71533963554947 321.8981209870104 508.8052856714752 335.86838694707285 0.07841562479734421
553.0744016605214 249.58344101694667 601.8813085333253 321.1780760460605 0.0783197358250618
497.4704293445373 296.97244991502686 516.4050559137404 323.49924844061616 0.07816996425390244
849.3386461145188 349.5999597432422 863.5204451269364 371.6390446115845 0.07749723643064499
537.1089296602058 310.48811234531325 545.9851599454153 321.4267241235855 0.077262744307518
448.6115621291664 406.33112629508287 478.5854789715362 445.6167934568537 0.07723359763622284
645.2181205816502 392.55015654709894 654.6207878432384 405.5736424573569 0.07722661644220352
709.0402233615446 230.4972116273815 765.0331232044136 302.2912541686928 0.07705911248922348
874.0118263222021 339.0904233290348 887.0753314409275 357.7330405956368 0.07654686272144318
873.5731837600956 321.2938295807774 884.0885100394395 337.3192722947657 0.07649015635251999
845.2671733390162 324.8622271558097 855.2102551756406 337.6165472176171 0.07639382779598236
661.8581489189168 454.9833880210856 669.4211152212158 465.1243892877457 0.07637333124876022
653.3588261176174 241.50818007035258 703.5105612090191 317.267915666403 0.0758940801024437
853.4322785053406 316.5101058363081 870.011862998478 339.34663507145854 0.07586292177438736
848.8832415315277 355.46328343482014 888.7906251974907 412.6350040391693 0.07560478150844574
538.2101860838281 138.77277547640614 871.3355249880084 522.1338261292968 0.07556159794330597
874.7912511035718 283.89650047565146 918.1095122426997 343.92357012073626 0.07545408606529236
632.476104195054 298.23353455107656 638.6238109714901 307.0205754950916 0.07522285729646683
349.9881034352331 459.2351400788824 391.8558412723191 517.7949598391351 0.07498008012771606
619.967933389639 316.19175786348035 626.0808275568095 324.3955086622293 0.07474133372306824
632.8726544015191 415.63044443273884 654.4745400566786 444.48051420980494 0.07461752742528915
717.8820164309953 435.8599791929068 731.7104523056396 454.9085740286567 0.07439813762903214
822.0697376164193 367.2665652415881 843.7995739674401 397.4252296609696 0.07431404292583466
809.0645295065658 376.8268561730486 845.0586229612696 427.2844367574649 0.07419037073850632
912.8139046862253 309.2268415419556 927.4573546510766 331.35118268072915 0.07418210059404373
759.7535492121651 425.3956769544442 777.0495075952875 445.9338878863627 0.07411980628967285
834.8162068819358 351.1645528469056 846.8212814497206 368.7460630744555 0.0739477276802063
840.1200521870315 427.0306140737144 1214.1008716273982 865.292171150542 0.07384099811315536
-71.07123702236807 531.7849302434657 159.47970539545116 798.547718849091 0.0737420842051506
613.563141096648 515.9608886703317 731.2513655013835 646.8647607251718 0.07374091446399689
628.274856762145 295.63690522197743 634.2688920447765 303.34825084077386 0.07365106046199799
517.6543024747428 315.7389393589623 525.3225438500267 325.85069874466564 0.0734361782670021
652.8013581958539 455.3408988272034 661.729255634664 467.37262817883544 0.07332848012447357
502.44063455357167 283.6595334944929 514.9201420655054 299.8553760701285 0.07315018028020859
884.010670059994 339.3064578895878 899.9744008901486 363.91019478955303 0.07283063232898712
820.8988947357162 360.1863281612848 831.5183542052097 375.6399239551964 0.07253953814506531
546.8796193507337 295.4806039865139 561.5153701932986 314.8336687525784 0.0725206807255745
366.4427692862647 275.0383427296877 430.0272191790986 347.3337653191742 0.07222871482372284
722.3770372500813 284.0862914766463 755.5271388348519 331.1671259648668 0.0719044879078865
329.8824503449174 391.28389980448935 442.3036776750905 540.0620707310395 0.0718347430229187
727.3326711115242 323.5140491161107 741.1653297299732 342.59859042834546 0.07169827073812485
738.1031544846937 413.81770244050836 748.1273621994882 426.7504944667158 0.0716518983244896
534.1382449867477 259.9246393243709 562.445812652885 299.2125892053498 0.0715995654463768
834.6227980710747 241.36135068227458 882.5074204869993 310.5770877977957 0.07090132683515549
647.8963804477808 283.3097508960676 655.9531931032263 294.16905983922317 0.07074113190174103
679.401244105885 431.660575256206 697.0612242441013 455.04542597165687 0.07037997245788574
666.1029210133214 449.6927651257885 675.414655800195 462.2931421461401 0.07035167515277863
604.2577216707725 231.5590612800446 654.5890459234877 293.01767580016946 0.0701519250869751
614.5857414657818 318.75441105319123 623.2494829040041 332.97154867680786 0.07009600102901459
645.5370294139412 317.4660983932584 653.9773337240077 333.67458316568354 0.0700695589184761
469.27607454876437 214.60355805647285 528.7489114853723 292.44967920302827 0.06980319321155548
626.1281870797684 317.6640409560378 635.955262938145 331.7313114728187 0.06948419660329819
330.85035706279035 307.37535446405263 387.49618046373087 368.3745129673013 0.06867923587560654
882.7430142743087 316.4094077723331 892.6591576591857 331.3779042079562 0.06859347969293594
576.5530823947844 423.6939825464885 587.0185898828171 435.90782343859235 0.06833896040916443
784.893028318734 370.32321463431543 808.6712081736099 404.19024690862307 0.06764340400695801
235.81294959545383 310.6081854513083 329.80919254389306 416.9171245896371 0.06761129200458527
933.4173093898429 538.8343571444102 1147.6506796124397 775.5399251228301 0.06748827546834946
880.7864549675146 360.34336111310495 889.3081447268619 373.2945017428388 0.06737276166677475
893.5763481090332 316.05278063897555 901.9420689448011 329.5625282782955 0.06720171123743057
655.17212950236 444.03215158660424 665.6074351560733 458.0142321155306 0.06702673435211182
668.6471431963971 413.16558709658034 690.1333739982111 443.1124032798468 0.06696754693984985
822.1046147555744 412.50135870481375 868.9820208054066 475.34121118785396 0.06681898981332779
732.8723393666319 428.3337719040894 744.2934486054194 444.1646033644856 0.06678979098796844
95.5766922800233 258.12287205804347 466.1431535094848 667.3649897880055 0.06633579730987549
-48.47615087862949 -26.372988871997695 118.9072994410589 179.38663612123779 0.06602650135755539
529.9047794482331 210.83386183643174 582.6872101917774 269.54779353832026 0.06590890884399414
576.471899747275 193.6392908425732 634.1473834820928 262.24931365656175 0.0658222958445549
117.3287933813972 444.8149799604037 323.9977036714178 667.5351962411186 0.06561946868896484
854.1201388883807 306.22622673287736 864.4628939839846 322.28770511975983 0.06480952352285385
885.1523272365787 -117.26442807866032 1233.4203644954594 272.41124378137073 0.06456725299358368
678.4972965570022 312.73941672820536 687.3488420654128 330.45225411811964 0.06431534886360168
751.886715570482 249.02177205824034 806.9970800598466 324.61536495169 0.06416422873735428
902.6196807403069 317.0515950931314 915.2290242774297 335.4281771266796 0.06410188227891922
690.1889549597553 326.21379915915185 701.4186919470525 343.78738596239134 0.06377064436674118
665.4639563324589 305.3276101641428 674.4062087844599 320.23794482881794 0.06322925537824631
421.7116589085817 232.42738639242484 477.8918616842579 298.43762946571366 0.06273987144231796
563.7457970298366 230.6975677912923 603.2984129738467 283.0094716523027 0.06273110210895538
769.0226241996627 333.39194929595044 778.8455975537354 346.9765877020364 0.06273030489683151
406.12921281941635 375.540212089203 435.86415605781116 413.63098759694 0.06269785016775131
670.5640527768223 443.5492212971519 681.2252707125072 458.0899390012764 0.06259710341691971
738.3484122057104 331.3981829909196 746.7067720032428 341.4792603975013 0.0624920092523098
870.1287118536392 299.6148778902592 881.9694128987715 317.93922075125874 0.0624585784971714
636.7122036919276 307.8459318397362 646.9352064126348 324.8216990195763 0.06240426376461983
638.9631885802861 156.04795739044962 720.5286625909622 257.4432006553334 0.06211669370532036
535.4947570789268 410.650418271259 562.6901274487522 449.4169409490275 0.06204446032643318
752.8847353023378 313.71078889079996 774.7181720756146 343.2612136535466 0.061708323657512665
661.886409790691 248.86756650411587 677.9093738599161 268.28857184625735 0.06124842166900635
708.3107583370374 316.91501423782563 824.2323408827559 457.4504224862252 0.060634464025497437
577.2950828643477 180.58567233816575 613.8724073677045 222.86317675462558 0.06055845320224762
942.3402045417371 -73.37869042469775 1160.105478501599 161.8803908917832 0.05962592363357544
669.7082554476931 456.82688444996535 680.584344845428 471.10305223385126 0.059358540922403336
844.2899035478009 133.584337217069 868.1187893764554 170.32699182741987 0.059099599719047546
492.2754728427674 157.1998422952376 579.9567589675344 264.1024025812755 0.05908767506480217
700.4394358673327 466.543130302148 779.4020577850144 572.9118888817483 0.05851741135120392
800.535904918486 246.45348398514528 830.2631793572453 281.5052788212727 0.05807129293680191
815.304264811288 176.21185196903718 869.6246773123903 250.00231858755217 0.05753724277019501
-111.53196242583469 -127.2391855447682 302.71332728097326 356.2003185818992 0.05332538112998009
322.03147135481817 193.79287054116233 415.7737801293012 302.7485601111615 0.05291862413287163
