551.6037408814394 359.2804983235084 563.7728554210056 374.3906364717638 0.9989317059516907
651.8642529466209 349.3530890301943 663.451618612085 364.21813185471746 0.9980746507644653
509.73864933087606 366.92471632704945 522.3011481509749 383.1827021002201 0.9969306588172913
695.9791241292106 354.51778082925546 709.660697603761 370.55008103591314 0.996397852897644
532.334219543348 359.58771272241626 542.2620124467752 374.3705618567249 0.9942418932914734
674.6256059195041 346.38104916685506 686.6164694868162 363.83270360664204 0.9765498638153076
469.3562726669189 355.50226182912684 480.34770154091666 369.58169949516366 0.926615834236145
582.0547737347152 350.7051411845424 595.3060415627778 365.8977396452651 0.6956614851951599
398.3485171735727 366.81117738848195 403.18058380320406 373.44628764700093 0.6206124424934387
612.1005364799844 354.4865349477324 623.8173634035852 371.02597669596753 0.5915160775184631
484.69213038326563 347.53852130780865 495.1139740265532 361.5427701396661 0.5420359969139099
408.15466425501506 363.3586305717233 414.2724243146095 371.2338529758455 0.4882058799266815
459.7700585072591 354.57759078842565 467.70209867323587 366.8565849716648 0.4269486665725708
559.0024869108289 385.18400574223125 572.5501124795222 402.4760939131931 0.3049907386302948
91.09999435404357 11.590435158340888 172.48851234890066 96.20846096570482 0.2552277445793152
489.0827822521768 363.41315161171406 495.138753553675 371.35985883711743 0.1978251188993454
964.9889512247836 61.022488471089645 1056.8132820042974 147.9732388211936 0.1945497989654541
617.3858363522603 351.64761227666514 626.6046053420463 366.42519527505914 0.17415882647037506
262.1105104283756 204.23284089219126 270.6018354875453 214.6516915551718 0.1725800484418869
444.55423975756963 353.4902780383097 451.1604409530357 362.4691111442584 0.15731117129325867
420.87767175245153 365.6326613622173 426.7391027892575 373.37147268924014 0.1540139764547348
518.9059309023611 353.3150838321853 527.7432305412541 364.55008492581186 0.148849219083786
385.35324996209533 370.08763284487003 390.2794992568261 376.4603511557979 0.14404311776161194
425.99023059628803 355.00663221541953 431.9653806351198 362.8247322283916 0.14064930379390717
694.0025917639435 367.48320242382795 706.4722707062035 382.66095962931513 0.13579246401786804
724.9367624351338 354.38526252044915 735.8344772904179 370.10882074355834 0.133828803896904
789.3812962251138 338.294633260802 795.8642757887147 347.06220857479644 0.1329900026321411
1051.8331692671968 289.04243367825006 1064.336359144613 303.5954787491193 0.13021527230739594
519.6715356148065 361.6599448888961 529.7176467353767 375.49673648034826 0.1300290822982788
593.3671454290757 347.2288459956354 604.0852018983683 362.1612358632719 0.12878786027431488
466.227906454997 366.45056984559244 478.2643860265082 381.1115231870051 0.1275423765182495
435.20090263039907 368.78348162716554 441.519016495028 377.7610124484599 0.12389194220304489
626.3326705754877 385.2349072225875 636.8556014526589 400.6279224396912 0.12344512343406677
425.01481690252916 364.71206635703254 432.25467327998246 374.42258622335413 0.1206454411149025
777.7505061153621 351.68398244943967 784.8230630932878 363.8159785507185 0.12055797874927521
426.8026379681784 374.65929850230424 434.898512256125 386.60422934098926 0.11973971873521805
549.8249710961845 314.8316067294464 557.2290440707445 323.02959608259664 0.1153201013803482
518.8372891805282 336.8096297131763 530.8186836900693 352.1768650650037 0.1133679449558258
818.4765898171735 344.7705576664605 825.687002427093 353.6361794913417 0.1122414842247963
601.5319484147803 350.8573150743666 613.4149758260477 366.64820525154687 0.11151573061943054
450.1942281607132 357.8294486448648 459.5949148927266 370.9272983947918 0.11061811447143555
126.51279195768856 32.32887645948999 148.6229565716636 57.23986294765797 0.10936186462640762
474.946745611421 321.80601072560233 485.91934587432826 335.78821016654354 0.10929140448570251
445.46421494194647 371.26186946279176 454.6962805263556 383.65295974672097 0.10924657434225082
775.0668985186898 346.97098047146017 780.72931960508 356.7823476388315 0.10915093123912811
529.3147098335365 332.9648235011794 540.828924256981 348.5339323985462 0.10859129577875137
800.3815021109007 348.68863978227057 807.2137260782625 358.1819480105606 0.10820695757865906
781.412295099504 332.8948829674342 788.3975613783391 342.28475788701934 0.10797183960676193
388.2977019943867 325.22637238528836 395.4346631925797 335.99649147899964 0.10688909143209457
635.1159151625316 399.8996089083588 643.3439496368444 410.98954197822826 0.10675957053899765
434.25798239555013 370.98967369917153 445.1685537536435 386.13399625509885 0.10514860600233078
467.18219270066135 321.3216171129952 476.709930090966 333.89232221036747 0.10493854433298111
401.83784195236086 352.6701207872071 407.7468105304088 360.10364623214184 0.10492421686649323
389.21920260184777 368.18087274688315 394.66183388963697 375.55606073681986 0.10477510839700699
444.88740018092113 378.72608074616073 458.82055943323974 396.6169865596999 0.10466913878917694
475.6520946442088 364.9173419971879 485.1705598427668 377.65442370177624 0.1044912338256836
783.8863818652121 359.2323881716842 790.4585811500378 369.3307335749343 0.1042698472738266
823.6626170608067 341.5445289546506 831.9311223545601 352.0840261969707 0.10386989265680313
154.88936398654428 26.10904548332698 241.72658954308707 121.16244267174207 0.1034027710556984
440.8907531519822 362.4775351929171 450.6741702178992 375.1253363763135 0.10309047251939774
196.43586905067548 285.68878625093396 232.05152703138182 341.17177122918446 0.10301654040813446
434.4970263118614 352.7841901733837 443.51954810734014 364.9472997422539 0.10281040519475937
735.0350447431489 347.9037608282883 743.699119269506 361.34551658130124 0.10271990299224854
796.5408817248 363.41417644154546 804.2586095657492 373.8914827458311 0.1026153713464737
606.9773054486436 367.07974455536333 621.9249947956118 385.4891474350749 0.10254910588264465
415.58975376569435 354.542891010222 422.286325970311 363.4472055960371 0.10251927375793457
404.1182649641221 367.1814187076194 410.19656159119506 375.5456351556924 0.10231739282608032
417.0320630803821 364.96602133448744 422.5442810961613 372.0651808242228 0.10212142765522003
452.85088323835015 373.03885462954935 463.35372541256953 386.54110750555157 0.10169215500354767
412.90401057752086 361.3243316119627 419.31707163993525 369.3952237956951 0.10156812518835068
307.5784335994634 167.2747200063845 324.77487851737243 187.51788632698822 0.10149148851633072
778.0853804690571 330.01253085968546 784.8644250127351 339.5435321709338 0.10146992653608322
456.0747243148092 318.6831750653869 467.5290987180309 332.27520610295244 0.10137183964252472
623.1720987821203 357.20536015757847 633.5853411330629 372.62985065187024 0.10130976885557175
434.1846994529827 360.8654711511468 441.81299120645394 371.15597829675323 0.10126328468322754
395.6479583748167 362.1628216995752 401.08244464376696 369.1081449261873 0.1012476310133934
630.3290061351572 406.12689079269865 650.6069744696792 435.53951558441673 0.10121482610702515
773.5592464667083 361.30219385550527 779.1427550141375 371.7104181221685 0.10056237131357193
412.88932931540273 370.2737458460816 421.1474939117113 381.34031140549234 0.10017097741365433
480.2138622594102 362.6755377203666 490.42892717502434 376.46668087434415 0.0999487116932869
454.09857729657546 343.4505203796469 459.71969821988085 351.08694693952646 0.09990227222442627
830.5740928724088 333.44637309389594 852.4966636897298 351.1309708978866 0.0997500941157341
449.97228864814116 347.00898856243015 460.1163899946571 361.2157520657639 0.09953344613313675
421.49478274777414 372.3897948668741 428.2625818114055 381.7954265693002 0.09945835918188095
430.84264653849635 361.4627099370717 436.52547995986606 369.0457150552848 0.09936535358428955
462.61209713689726 326.5744768176936 474.11808260752775 341.09413900393804 0.09881743043661118
457.40141544812775 368.27592897039955 466.2942216248499 381.340322425916 0.09875497221946716
421.55873026640575 384.4976611805765 430.75316025636533 396.7887552934177 0.09860842674970627
463.5961410140123 377.80048966472333 475.42002328775214 392.5243091332088 0.09794189780950546
860.2052511718847 328.1722195396529 868.6485643057629 337.96627601989735 0.09788718819618225
808.28999110547 347.26715894490917 815.4820653432336 356.66171322015174 0.09776987880468369
488.4447802567037 366.33851993045477 497.6845225454081 378.76538743031995 0.09774944186210632
810.1949900755119 336.15482979809985 816.6226279668065 345.0814820181851 0.09746106714010239
407.7845629237844 371.08482305619395 414.5826988743814 380.0877301593202 0.09701769798994064
798.6619639479268 340.61356245848634 805.9125379094431 350.9126058523363 0.09699934720993042
395.41413688597504 375.36412851845284 403.9916548378826 386.8295015830652 0.09699910134077072
394.0057383759131 367.1998324956402 398.7508082747697 373.4629605629834 0.09688060730695724
408.04677078540004 353.82911493782376 415.0794417357267 362.677573930367 0.09683331847190857
481.2811595830551 373.9850696784123 491.3326809805227 387.64345046630876 0.09681319445371628
689.0845191646494 348.31003731055154 698.995246771951 362.38728530652486 0.09657840430736542
619.6020190057334 369.412006314196 632.0356941909127 387.00832779226937 0.09655947983264923
811.6208383970986 342.04228660690757 817.8284506691525 349.6097599038346 0.09636219590902328
780.8301579859591 344.76663456322603 787.387601855032 354.3706817082981 0.09625057876110077
392.4707788680627 361.19978538375597 397.79363648707425 368.195596097742 0.0962207019329071
404.02535406962534 358.01251654048264 410.32485002595854 366.148865682688 0.09621637314558029
1055.6644293684358 268.8891687236986 1067.7738945995118 284.6105036236093 0.09612944722175598
784.0422434383382 360.5621076544745 791.970434400894 372.25246921486354 0.09604552388191223
452.86848641551643 390.6085533105537 466.44456562869004 406.5600870027537 0.09602399915456772
495.89605425667787 348.18136589669285 505.26446504425854 361.0543363997801 0.0959949940443039
415.00408344018706 374.52750200472536 424.28508210750744 387.0523256449603 0.09595121443271637
1053.173879939502 333.2954088402577 1057.7702854456875 338.59620287578826 0.09581105411052704
802.9282560726368 337.14805612134757 809.2429020816612 345.8595288530333 0.09579037129878998
483.14581766081056 332.5465821575682 494.57087718671215 347.3414310411396 0.09571976959705353
590.2762102380608 361.9942651264235 604.0039483999589 378.57497590224995 0.0956234410405159
803.8450915117355 358.96417950391447 810.7424772168515 368.0922043034179 0.09560202807188034
449.5940960385304 366.81139878260564 458.0374402764416 378.9388850732607 0.09559818357229233
50.823093380531006 350.70524216308905 85.61384440877438 403.85191051962687 0.09548872709274292
788.3096888765895 351.04859095799975 795.6156662897986 361.8063691280944 0.09528685361146927
346.5300437046451 166.3082329473643 359.0156151196175 186.49995971352752 0.09505188465118408
419.6746537285308 358.2316629449819 426.34386116916374 366.939334533137 0.09490422904491425
544.0379390917329 371.2229923385918 554.2543930448212 385.35531486193184 0.09481045603752136
796.2286034846178 360.84746976813244 816.3668747346791 385.3810947111772 0.0946618914604187
579.1855268460699 364.4158878960686 592.2239038109345 381.295038675676 0.09455911070108414
795.2218816520111 353.5333590341917 802.0420511874629 362.7868725299481 0.09449003636837006
92.07177494327831 223.1724295503117 99.47959024804676 231.48527972217087 0.09448553621768951
180.67217416456825 137.15026067358562 227.43436442590868 196.7040645063086 0.09441901743412018
378.9383385573116 350.9237605731417 396.0531636492335 372.74695985851525 0.09428434818983078
804.0265799084917 343.48085801432376 811.1444705457225 353.606513121946 0.09427962452173233
1044.3077264002347 281.3886734215062 1053.4209700753158 292.40379613912864 0.09399180859327316
721.9133133658271 345.0369064981575 730.3210593376295 358.3813077892193 0.09396704286336899
815.7004531804 334.8803397467412 822.6110966263393 343.6755120827968 0.0939607247710228
635.9451534223703 378.3735650117714 652.7080404358894 400.7904221446719 0.09387538582086563
785.2674751886558 349.9917562949969 790.8032054181122 358.4423734578204 0.09379030764102936
472.1252726265633 345.8239877647035 480.87373303438716 356.5906405802316 0.09378649294376373
497.7019861717684 364.67524313305313 507.90608286678946 377.96930599918795 0.09361328929662704
402.2012033564739 364.52899338535644 407.2866824191884 371.5086556953965 0.09350796043872833
486.14808646531463 361.5849369293484 490.8493956847387 367.92998174693577 0.09348804503679276
520.3680388048729 326.3522856084291 533.4360773475721 342.3601605703355 0.09345044940710068
569.2960825205537 353.18217121283897 579.5100841245406 367.17948899239195 0.09331096708774567
673.1113668424426 331.52276642020763 684.7273395047677 346.9765954250868 0.09322438389062881
458.7251083043635 381.8978074519549 468.8435270362116 394.24324836161844 0.09320253878831863
1069.868439539857 283.3546905695053 1080.8848061092249 300.96109269782806 0.09303604066371918
439.93278305408256 346.0632259219826 447.4851743085158 356.55030273648276 0.09296242892742157
575.7506858026826 343.37697766951635 585.1085503133453 356.7189994294234 0.09296011924743652
339.7613093663964 154.7322517407993 346.63929534606535 165.9322530290152 0.09294257313013077
786.7836376096419 326.7907664757704 812.2402971863912 355.4517213774824 0.09283967316150665
462.3661351441623 337.584310512744 475.4818306405393 353.9717745378468 0.09272884577512741
511.9158600658908 344.9931500205881 522.6255324665617 359.1043371453701 0.09247152507305145
643.2143689382401 388.4918305074646 667.5966835217646 421.662443774157 0.09246662259101868
788.3988968105705 330.4936528977485 795.4042561404303 339.820438963236 0.09246547520160675
479.1179369777205 333.74161758642316 489.0270796238864 347.4800550686548 0.0924546867609024
809.4275788379009 341.50386375017064 837.9833669367912 370.7969253697942 0.09241753816604614
711.418644990171 351.5280712940533 722.0700086683705 366.2016578912259 0.09241585433483124
503.9912042675939 357.12908897417293 515.6077779885009 371.44026594605896 0.09241244941949844
478.6343413402766 354.15923350646534 486.51814681980954 364.49499709526583 0.09236708283424377
486.97887292219735 377.6565414267294 497.2344491748868 391.4607209372814 0.09230545163154602
833.9452014958922 330.80285993785276 841.1282885553703 338.84253979530916 0.09227916598320007
430.46525645361567 400.49751856992293 442.14610546073715 414.9950686789339 0.09181097894906998
456.5664024771275 341.3330164393746 465.6514055492472 354.13050491391544 0.09172206372022629
798.4739366376779 328.3655238435719 805.1483119007991 337.2160123361205 0.09133216738700867
791.8469303266478 348.36578762012437 798.7310206116861 358.31562515718446 0.09127727150917053
429.54818368569516 383.2263217884646 443.2947459611273 401.1919511915198 0.09126794338226318
448.14114154144784 341.05803159703424 457.3955386286352 353.6262375447119 0.09116525202989578
867.5953118174311 354.3435252898739 874.192728455424 362.71311820540694 0.09087451547384262
774.3958482600477 337.8352547864202 781.0688469915692 347.55239440133533 0.090694859623909
587.0595904848886 339.12749792328873 598.4695650377197 353.48027763584133 0.09068424254655838
702.7109400332677 328.6418944636774 716.2882768754379 346.02584937077285 0.09030625969171524
430.04695527754905 394.48809903479145 437.3792262044271 403.95632818692394 0.09015031158924103
471.36643666762865 334.04209379343797 485.2041562855913 353.35072779451286 0.09012572467327118
715.3303613505575 330.11657562379224 726.6348581874714 345.1123079448984 0.0900874212384224
452.68929705981753 329.33213076877075 463.5760799276331 343.6957855023333 0.09003441780805588
741.1616278684925 349.3760329526989 751.6573551556869 365.30934860053225 0.09002707153558731
398.8141120153242 393.73367432393457 405.926809622176 402.72096803608093 0.0899268090724945
392.1560913864505 352.2420994225591 398.72518120786265 360.88103139164605 0.08981528133153915
641.2797415422158 408.0375149341664 650.4412588437425 420.6432711645542 0.08973697572946548
432.70886189123615 344.472063109988 439.9598453898361 354.4195029423841 0.08972221612930298
759.6888667952941 355.1312922788704 772.8017865365257 374.8701061594783 0.08960706740617752
722.8700286266036 384.8481916771193 741.782515668288 409.68164628391906 0.089571014046669
802.6663406917852 368.53954490952134 810.7305424568589 379.3232133563086 0.08953575789928436
407.2740627780452 347.12732386646655 414.3178245999656 356.20008766115035 0.08950706571340561
413.60528051485517 351.25370286196693 419.6162970420485 358.9403122566017 0.08939342200756073
400.21153014572957 343.4718401146833 407.4174020927069 352.5639981793374 0.08927125483751297
155.4309919395182 250.32803615004613 203.69980424235226 329.3540117536353 0.08919250965118408
526.7849162390308 349.0954082794823 537.5695118671586 362.85427311580776 0.08913049101829529
791.4629933851713 328.53289509692576 797.5853612718475 336.3388086841142 0.0891202911734581
419.3860729175449 348.3400873946075 426.9603464103453 358.1277467602657 0.08905041217803955
557.9769131668853 373.94301034289606 569.6699350472916 389.25448156475227 0.08893304318189621
768.9482279353983 384.7193591873659 778.9557842893649 398.16224162603055 0.08875863999128342
269.8960122902971 189.50652562932328 341.33644345465257 282.55053105424236 0.08872631192207336
179.72949478409953 105.9372138420292 223.08223038302376 156.22710546235112 0.08872200548648834
470.45788286907816 312.48572954702837 478.9415835819965 322.6358013345865 0.08871407061815262
637.6752675270207 353.8787879231316 647.9070028755507 368.49698785290593 0.08854614198207855
826.1589099582282 332.27116249926206 834.6055673558958 342.3458309356375 0.08842280507087708
795.3415556069339 332.4803730311037 801.817175399373 340.95223843180514 0.08827348053455353
718.0655480587184 372.9719923081046 732.7288343869036 393.6881698788434 0.08826929330825806
404.00292648144887 373.70817734264483 410.72763185902176 383.1712091812828 0.0881887823343277
778.4662869174407 362.4267588882948 785.9687389011954 373.6374386346018 0.08818471431732178
789.9147806831302 371.56909245271726 799.2751485606343 385.06765933026924 0.08801371604204178
626.3897607808628 401.4888024982127 636.1788771292355 415.56294151130305 0.08794655650854111
386.7049349647462 374.4386786526208 395.5429994891078 386.18850743821287 0.08792867511510849
515.0695371294331 323.17754525860903 524.8727563339959 335.2964981603935 0.08790095895528793
807.221499854954 355.380221767156 815.8256419249392 367.1933400917769 0.08789052069187164
644.7155182886892 361.56777812553156 656.7785523016416 378.71774719674283 0.08781996369361877
1075.0424642040862 333.8707227740193 1080.675918350846 342.20587737539825 0.08772450685501099
431.19575025534044 325.01953179565885 461.7266316391663 364.9737099868055 0.08766485750675201
401.1008719515619 410.39277635474207 411.7264647699493 423.35433860100005 0.08747522532939911
790.2095678020338 361.01664091673194 797.1331146920647 370.93805787814136 0.08737517148256302
204.9158224752706 316.6319440340052 251.66687662743195 388.19051254228054 0.08729780465364456
812.3954370319148 348.93233931374806 821.0358664002097 359.82917340556577 0.08723383396863937
609.6163842000682 340.21468361131815 621.813313081107 355.6771637224019 0.08701489865779877
398.2562441092254 379.15910949030734 407.17057110287334 391.08015144546835 0.086956687271595
617.5086829972156 406.6872996013207 628.644479671655 421.48665783450997 0.08674554526805878
65.39048895359619 266.22969198471884 104.81221379474127 327.3162549127779 0.08672896772623062
213.49973391611044 242.5260074375825 255.54844986243714 306.56612571297285 0.08659392595291138
633.9764660117268 417.7359612584043 643.8901136936879 431.6932650347479 0.08650805056095123
409.4644743973663 384.3085503057631 421.3690754206835 400.31519142242865 0.08644077926874161
756.3286192055988 344.5908934413917 763.7096340336739 358.53948937571494 0.0861290991306305
391.28833314848316 347.35818428633155 397.7619051788932 356.31209254462357 0.08609587699174881
483.70911581569936 316.5141130526395 493.1472210505767 328.75421953006844 0.08604816347360611
388.3093830048265 364.03202650938715 392.0524131946921 369.1071007861637 0.0860043317079544
551.2376205705423 409.876274968946 567.7040683751444 430.69573126487177 0.08595479279756546
457.98707149700857 319.16907827531315 493.6918620065466 365.8184015924019 0.08584947139024734
767.3609399645651 349.5758312941827 776.2826684407711 363.6658665135242 0.08584532141685486
1027.3461083711938 293.62273353658077 1037.453318084871 306.3493388504249 0.08578120917081833
483.81064788223824 391.1576972874194 512.8788301738674 429.43524105665085 0.08569559454917908
397.33522531811354 338.87331033816974 419.64616467581635 367.70154413262435 0.08567708730697632
27.781669126960438 290.8012918569755 35.55315219220858 307.7842347573449 0.08562634885311127
440.95994523061535 391.98161057466257 451.3750441064121 404.93409047031037 0.08552417159080505
615.0542100839793 378.10208176188496 629.6834828264153 398.8008055528367 0.08549723774194717
631.0449662781258 370.27952147853904 641.8834598352597 385.20499905133454 0.08547181636095047
592.8888539474287 306.8784148713717 660.4805188684419 391.3468248540885 0.08547000586986542
558.2554822251589 387.4300859218824 580.8818332411536 419.4846322304449 0.08543451875448227
660.2964107265947 344.28545302620245 671.001207934335 359.0151627038569 0.08533278107643127
1063.9681606388103 308.2733789377938 1082.6263573115266 332.96103457008167 0.08532781153917313
627.0687566875793 342.8498285800945 637.040393633538 356.86304093985035 0.08532577753067017
388.79310862526864 358.42298278959095 392.9396772482941 364.15671372402403 0.085324227809906
196.8414056281679 381.74209116406126 240.23605372670875 440.2666648983949 0.08529765158891678
393.88473468843694 337.6280280561383 401.60714431504965 348.484281427427 0.08527710288763046
121.97049275574625 96.74580998592683 156.0463858953064 137.32994045301325 0.08498992025852203
785.6867975924193 329.89629171394705 791.9037112431816 337.7982701267637 0.08494821190834045
464.07508187687023 392.40544807356645 478.0467814084228 408.9703458538134 0.08491753786802292
822.8688016162517 382.029026978656 830.1700232582856 391.4505156762247 0.08482375741004944
461.4445763030015 349.81819909580935 467.22032033890196 357.6514077314731 0.08475238084793091
1055.361776714128 366.8251751092478 1064.172945964188 377.2678155108685 0.08460777997970581
826.2337931007393 347.29962752539524 832.7899785765293 355.1408354032113 0.08451982587575912
821.3550545071147 333.14720530022885 828.9992898809057 342.4498923194019 0.08451012521982193
802.1415331175472 324.9876622907765 823.7310732282061 347.734956640834 0.08450713753700256
559.6531860446491 197.04299707636702 847.6222598628366 514.9749290756878 0.08450289070606232
772.2193645457477 361.5420528941866 791.3044461880054 388.25716657294464 0.08441445231437683
393.76085999435065 386.5913460033498 402.66087384091406 398.3973504890115 0.08434566110372543
664.0068270084502 329.4313681711927 674.6919567888592 343.3898985914397 0.08427868783473969
670.0146109798583 362.4537390693942 693.0328057781262 393.7963269907776 0.08426196128129959
406.40335944889904 390.4596730928353 420.51446364446167 408.4902794451303 0.08423850685358047
18.847498976289163 362.6338739530341 49.50489230465908 408.50000496119964 0.08422853797674179
442.8983420619934 337.4507412099001 452.7080475238205 350.2645647917315 0.08421112596988678
804.8133950272173 331.22114484004345 811.3774362667964 340.2316768440503 0.08420984447002411
525.5834723123858 362.27439082266983 533.7523671206297 373.79302550225407 0.08419255912303925
846.0776631698377 345.2922718990225 869.1892445342826 371.42896456851975 0.08407112210988998
727.229263107695 343.2825223436765 736.2435219685501 356.27256697455374 0.08399452269077301
734.2560540671725 337.57750076999 742.0983879231492 348.9777292658641 0.08394730091094971
1041.6325700609066 331.82830400315953 1045.622519508444 337.26774399571906 0.08374549448490143
1051.852998119653 277.99548575279675 1058.5681061182024 286.01100964382226 0.08374406397342682
526.5978529477836 316.23004245033985 540.5097346040146 332.1346455010799 0.08372748643159866
694.1499642180326 338.7856075755479 706.4321681463118 354.9172206300514 0.08366338163614273
637.5911623547861 439.93716547341705 645.9409032662811 449.9307695513126 0.083649180829525
718.9265504302595 361.1098600424468 729.0304336106025 375.3245433499805 0.08364719152450562
809.0509991338567 329.10602590421496 814.9456697545132 336.95110112051196 0.08363968133926392
542.844308534748 323.7399887275229 553.5411346326429 337.14665385978634 0.08360648900270462
726.7258039788987 371.3374117788003 738.1985084483352 387.9125289918452 0.08360017836093903
1037.4930024231244 290.8427117081576 1046.0962376244845 301.6283242062464 0.08358459919691086
529.1511455504057 375.62403038331365 540.3962029757992 390.91613613915894 0.08357905596494675
537.1225393171112 316.8338072490273 547.3206623728596 327.47865195571734 0.08354531973600388
670.6241367656656 360.4144549153059 683.5693879325414 377.85841777162705 0.0835006907582283
356.3120915866536 152.07800755603293 377.250343296882 180.5666588946502 0.08346831053495407
293.9404390597277 288.8832098858299 341.3228085592238 348.3688601206722 0.08344031125307083
403.2973684672096 381.9195459824022 411.25255996696933 392.6369227027872 0.08340813964605331
386.31630958915724 357.5977548945854 392.361028793307 366.02350951168665 0.08338309079408646
346.78337768982146 162.4471350833394 353.4414796322795 173.35456936049445 0.08337567001581192
379.94168402989516 172.32321583759764 397.776778031207 196.8664209113762 0.08334050327539444
706.2420415084703 366.52232617062157 719.0324956901138 382.8341377300412 0.08317223191261292
653.9618480972694 366.5286766065228 669.7104913502676 388.615477655078 0.08316923677921295
505.2825599469191 378.62769802581573 516.5244522177444 393.2713079397409 0.08316178619861603
62.87397504443714 319.5352535677206 81.45978526585586 344.0416890231254 0.08307947218418121
601.0268244002923 373.36268080263727 618.3322945990845 394.89255819070905 0.08297979086637497
849.255644447393 328.33109320927724 856.1748216845782 336.86831872691135 0.08297223597764969
665.0264159416951 384.38748007792816 689.6933986569722 416.9551722577993 0.08295456320047379
464.40640559885304 348.75223982357954 472.8206645551629 359.3734106266466 0.08288630098104477
784.3899697153867 341.1594259165236 790.0534119687177 348.95156312220035 0.0828726515173912
1073.698732016812 319.09159498608744 1081.247320338728 330.45953550890846 0.08286186307668686
379.88377578011193 389.5288318242075 409.13595963828107 425.876498765476 0.08285776525735855
370.76599517228055 361.1839192249615 382.9478580241846 377.86798173507674 0.08269710838794708
74.46765024139452 293.9397207596622 125.05738179074228 378.92277663062305 0.08258748054504395
826.0346369172044 353.76354001168824 834.673142018548 365.7361199744218 0.08257177472114563
747.7963530961713 350.76243924015347 756.959703198851 365.1597992129557 0.08254431933164597
474.50950443751356 382.6915644095738 485.7117678837944 396.92085089364036 0.0825289711356163
755.6298049416107 354.38332681881695 765.531044497224 370.24256369454076 0.08251948654651642
1048.6397516809225 330.6720947575681 1053.056257220772 336.29527870319134 0.08251464366912842
814.1711221207123 354.81001047605884 823.9274569754128 368.3374017065227 0.08250235766172409
1042.2700636757572 342.0990613660889 1049.4430233196892 352.5813229853108 0.08243151754140854
1066.7543848456537 263.10998394168246 1080.023704541423 284.1133334586139 0.08242574334144592
439.44673185311166 331.3964874743564 447.83264665910576 343.0367805589647 0.08236024528741837
418.487742341796 397.07856379489044 429.3721332776919 410.75854627345876 0.08234529942274094
688.3807474760122 325.52500065971964 701.2742970324151 341.3204206313036 0.08233556151390076
850.490925833196 343.13134181135547 857.5289317160086 352.12179685220667 0.08232470601797104
580.7282347349503 383.6072447125426 602.38487496111 412.64232776671105 0.08231475949287415
141.1358105286065 387.5693129750163 204.84209783522078 475.07535398190237 0.0822850912809372
506.1135025959206 330.773130490063 517.3934426493 345.6894934764708 0.08221247047185898
1038.3154064980986 335.8965700480717 1043.907945558983 343.37127322754225 0.0821969285607338
541.5280723030228 305.67335792090876 552.0871211004837 316.87490969108956 0.08219142258167267
476.77638863821653 392.5284501628103 495.04715494366656 415.8545236734543 0.08218255639076233
441.14085407559134 402.7709908517027 454.0215637179826 418.85815305610157 0.08213089406490326
407.855231797803 377.8366216324176 417.13240798522924 390.1639147029746 0.08206412196159363
777.4160625743791 376.0466418813045 787.4984772301417 390.16183443241863 0.08205941319465637
426.048261851379 345.0298568939053 434.7776805748291 356.25119258075233 0.08192260563373566
257.5273387420137 476.35213922101804 304.8399059303033 535.0906167133919 0.08174074441194534
839.7363423053582 329.5789778031687 846.649606833461 337.2531693561368 0.08168316632509232
268.5941985796292 491.2522991364871 284.43884290642825 508.65069525914606 0.08165138959884644
250.47161577010783 312.3359791549118 292.661893603333 382.5451471479787 0.08164428174495697
563.7893921651521 359.5209866599597 574.0636965220949 373.04339771022853 0.0816354751586914
700.8790232974031 387.11688203803175 721.4771098176781 414.9472621922499 0.08149167895317078
123.85227993576756 -2.039881870785897 138.75598182031476 11.834673207019248 0.08148649334907532
396.2158331659773 402.1000817894107 404.09407611071504 411.52886011205464 0.08128557354211807
155.19303317512478 324.0373688306393 194.11519669414693 385.55566146390976 0.08128325641155243
431.35762265884546 335.58960250253654 438.4732376535187 345.577736288003 0.08128230273723602
748.5591101858648 327.8615501411507 769.0220495115448 357.3265793969984 0.08113993704319
495.2816303771676 325.6265353199008 506.064303789668 339.79158247743754 0.08113183081150055
811.1694764629771 367.5533091113424 822.435535074915 382.7008573840095 0.08108992874622345
94.98545399968128 439.9700607788174 138.21380336355378 503.87686012191807 0.08105404675006866
108.41596232433447 141.23971187618264 473.68735264937976 555.5525290744334 0.08098971843719482
1044.1004947051256 333.7001745980019 1048.8077993779402 339.4605079229998 0.08096793293952942
499.03347552518323 401.22973186876214 575.3041405557367 485.10609921281525 0.08094621449708939
500.92497269573477 391.1483796486572 519.3141527176284 414.2696982456638 0.08093269914388657
603.2554828394345 337.2967971447709 613.0663502578859 349.8439185989261 0.08084079623222351
105.89668109047527 250.08149721726878 143.20517824192507 310.59662263868535 0.08078281581401825
405.15821376063445 330.045811236447 436.535662841626 368.9390848170415 0.08073901385068893
454.80488494671846 398.9873837168608 467.3248382780499 412.99650983346606 0.08073408901691437
684.417226223633 343.44376257699497 693.225764308931 356.9782236496633 0.0807233676314354
619.8352599461174 335.7260439707624 628.7915306313198 348.44545159395955 0.08071836829185486
771.3680846066761 341.6088792695133 778.2740625341312 351.6540999104444 0.08069517463445663
606.3074357543085 264.7905204257166 615.454126583922 274.1499521211035 0.08067938685417175
726.3169790512409 329.4951453133812 734.0922173672056 340.526711001234 0.08064274489879608
742.6698346554615 363.33304790581803 757.5151777233064 384.0015081374497 0.080635666847229
88.40584151569475 362.89536586095403 128.74181957656683 424.762896394095 0.08059075474739075
642.9230196142814 398.7496660487819 652.1113004161624 410.9056186219911 0.08058112859725952
763.7449720622911 315.68088349586435 795.3214858375125 357.0217415582934 0.08057112991809845
677.418127444786 304.4012085851046 731.7874263241779 372.5654364786651 0.08056621998548508
396.9707212721186 356.6987520670075 402.43324228025534 363.47416924452034 0.0805368721485138
1030.081234299941 335.11688696941195 1035.3578449965757 342.62174459464256 0.08052309602499008
343.4859342900898 174.88525922934926 349.41792656589627 184.19687200342207 0.0805136114358902
833.456777381446 338.0458484279386 841.4656638597105 347.9034369110236 0.08050817251205444
152.71780630631088 60.71968039129679 172.58308968657587 84.40628796710128 0.0804491713643074
181.00212698282724 285.2922390072528 268.06950069489943 414.92636909775786 0.08044587820768356
851.7051540564048 337.733825479213 859.414817635525 347.25933203964 0.08044340461492538
50.263845130953605 304.7338092613141 56.164820429998066 314.87528904299836 0.08039824664592743
490.3368237112081 320.3683502124349 528.2086322445887 369.47856882201523 0.08031599968671799
369.71949068386203 294.4336456388208 416.24703227779986 354.6698984957522 0.08022747933864594
785.9155433396751 386.11800644795215 793.25336139511 395.86260284612104 0.08020520210266113
650.3038815497654 399.00922695964584 660.6421828341489 412.2981706165566 0.08013729006052017
540.0848757803126 353.0728560280239 550.242349623752 366.8097713515853 0.08010727167129517
837.7968349855009 425.3271684243831 1218.0485900280466 868.557623682321 0.08009149879217148
1045.0058742434944 291.01952562778905 1051.7488608652645 299.45288864308225 0.08008967339992523
1046.7574929347502 273.73118956453845 1055.1721053143733 284.2942461832104 0.08007606863975525
613.3474456166664 388.87185028334073 628.4143028308232 409.82906386364886 0.08000106364488602
407.4417151961232 338.5600249240409 415.5995501891287 349.2486523366824 0.07988419383764267
523.2157971953144 403.657940950059 533.1872959194498 415.4614705206038 0.07988124340772629
358.4058545156527 179.5720139412025 374.45609661756134 202.50481799336427 0.07987875491380692
182.94366368390027 213.74519558369573 227.12064875997478 278.05623661006337 0.07986634969711304
1048.7035228319362 267.84148978519073 1055.7983507227898 276.68306409751096 0.07974029332399368
340.5568391650897 196.84328219936407 351.8353283379094 215.39526697777302 0.07969118654727936
635.9296519505173 345.15808752398647 645.0093563304197 358.44769296359215 0.07964983582496643
821.1879560708521 322.4492451244697 829.9980729134785 333.6349799913761 0.07952927052974701
71.52279706730872 210.91534276208225 110.33679203720175 264.8637695977425 0.0795055404305458
1042.76099492609 277.6396002930213 1048.682866900053 284.5729109337887 0.07947257161140442
165.86575540004264 55.76083214338815 171.943653979772 63.216523924920814 0.07940303534269333
737.0833394825124 371.464645291645 749.1561462357464 388.684471953651 0.07938283681869507
765.07696185864 341.2392105185784 775.0889703425239 356.79122610082834 0.07933123409748077
37.155973378658985 285.3952295219748 61.459862295414766 321.77088782658615 0.07931943237781525
361.5736470440544 379.06334918345857 368.10905524771346 388.19349309604144 0.07928196340799332
125.38065172897466 272.50163779995086 173.85524469175996 351.7978703825522 0.07922198623418808
784.854676508822 307.635093260584 809.1021389054155 335.74852832205175 0.07920607924461365
573.9752927727967 375.94021415437646 586.6286945561917 392.97095807935875 0.07918976992368698
262.02853409768676 172.2528198032463 270.2643574119576 184.45121798768415 0.07918017357587814
556.4743815776953 315.9270948242982 597.0214487750218 370.02875723000767 0.0791800320148468
1037.7576243970752 332.7071338179035 1042.5067182214307 338.5324621471435 0.0791310966014862
384.0366695414283 383.20296593188704 397.6074619999703 401.3861003971299 0.07912612706422806
630.1698771731077 330.56785511356304 640.9304521178703 345.37261672833483 0.07911108434200287
749.6750951236627 371.58830377534076 770.801057276555 400.75384356333785 0.07906737923622131
833.1511663740517 347.876385472944 842.7318187234183 360.0938835592436 0.07900238782167435
454.1011092630608 407.21494736140505 465.30808732949896 421.8428313391082 0.07891139388084412
496.76667451477465 380.3530802618089 507.8065035188718 394.81917917619927 0.0789097473025322
504.75863848012614 318.245738903249 516.5478403571154 334.0213274457469 0.07878603041172028
734.5626322317621 361.3369198220883 746.0124175207347 377.1452709952692 0.07868019491434097
529.2155658034629 307.51508456940593 539.9684476086084 319.16329730016855 0.07867700606584549
316.9421294014311 153.85438360715764 332.2170255137435 171.3740787448649 0.07854624837636948
547.522494340539 340.7473625657344 558.7218562808972 355.3727855382128 0.07851435989141464
812.2235624297023 315.58167658553117 854.1087581833534 357.3734319459943 0.07846370339393616
424.44225738856755 341.84549998791806 431.8556811490054 352.2010205383235 0.07844525575637817
493.7493317176068 368.6007252536628 501.0160075231787 378.06686332625515 0.07841723412275314
724.3583981327774 337.7595862866205 730.8622933370959 347.20810585885334 0.0784015879034996
859.9589549797222 354.6597325248276 866.8761789136905 363.011801896495 0.07833477109670639
17.780681468622454 361.226513975771 77.59699258272384 451.64252999501144 0.07831993699073792
1045.7228047932988 301.7919026833077 1054.5751858898159 312.43961215234805 0.07827640324831009
741.1097146336472 293.9272757151568 767.4053759488991 329.3025689418639 0.07823073118925095
347.4122664543049 181.2368907199131 354.03531956633867 193.03468540999603 0.07817965000867844
493.9976197849454 360.08263304675165 501.2554339535339 369.5430359421339 0.07815137505531311
1051.2811491504715 335.27344750829866 1058.7793069883153 345.02544492201525 0.07807788997888565
346.5311411004584 151.00696589315203 354.58705870266755 162.79906758535495 0.07804986089468002
1039.906155360801 284.8822913767515 1047.2348425699258 293.22909387499897 0.07803067564964294
653.6062596579239 442.22483078318265 661.6815543636676 454.0729363173514 0.07802993804216385
364.39628168549166 342.3466509309656 378.38540083224063 362.4600284620296 0.0780072882771492
838.0997067143984 315.6644046407808 865.7140107558218 342.49803535227255 0.07798326760530472
844.965445824043 329.350055462783 851.9334273734611 337.85492510070344 0.07793556898832321
803.1526096653141 293.41524156686194 833.9397392891585 328.7804127876584 0.07784602791070938
802.5930843172104 391.8623544505562 809.7466800553455 400.86962941014144 0.07775022089481354
793.7579762448922 340.59075501354573 801.1212050000491 350.5880719757969 0.07767694443464279
570.2644199303338 367.1135076803421 582.409365740655 382.864495363259 0.07767582684755325
380.57907885081113 375.45954063750565 387.73255761540025 384.7414339585578 0.07764366269111633
527.4024082911371 392.15150629235575 539.1943038917542 406.90352218801445 0.07762806862592697
855.7172003774016 342.3240428811698 863.1931188343639 351.6960286049967 0.07759391516447067
564.3420862008355 404.49525233647194 582.3020030510143 428.2810326275732 0.07754712551832199
856.2026496821695 330.97327031380007 861.6277362413387 338.15157355272 0.07745205610990524
828.1713541942497 372.1989488328826 838.6874800849023 386.2272938181399 0.07743027061223984
688.4977886417456 380.39424944883075 700.8170883169402 397.4417025582685 0.077363520860672
502.0395794421779 347.2848248726954 514.0862388048105 362.50896445572124 0.07732375711202621
740.7607438178562 335.8588294226132 749.45341320921 348.84721695792246 0.07731590420007706
817.2096637582845 387.4329521438665 825.5343782261913 397.79128517617386 0.07722031325101852
645.1612569650042 432.32479206923017 654.0317797986601 444.71789990992374 0.0772097110748291
413.0062018965281 406.88088408179135 421.44745640946036 418.1070633849786 0.07715808600187302
385.82431943788157 338.5593492523121 392.05357321271896 348.07658815634124 0.07711236923933029
407.8763732694239 347.2502161614763 458.0152800546861 413.80955293632303 0.07705153524875641
513.1193245739845 304.88953784121156 523.5437950924924 317.31980071818356 0.0769951194524765
621.6884148841938 421.9840699943158 632.898057757095 438.6327970463289 0.0769912451505661
774.8595669359063 365.0005848560631 799.648414285394 400.60579631515714 0.07688594609498978
450.6015156884486 344.7348573419988 495.4223084965641 406.99873481475646 0.07688556611537933
390.7954979813706 396.44719321653196 398.361708377994 405.947358387304 0.07678845524787903
1036.8358311945583 325.13648034838394 1044.0051227698525 334.10246875405045 0.07678204029798508
1034.1962736161286 282.65551733762095 1041.0092435079982 290.9846357764898 0.07674942910671234
150.36641758213776 169.3175118189449 193.37556738196307 219.56297128654361 0.07665760815143585
596.1727644745503 329.80867138624444 608.2265421380991 345.12426564917797 0.0765889585018158
423.4146934245349 405.5073551522262 432.39809669897477 417.9393741098898 0.07658699154853821
430.7883443425134 469.31458148068066 788.8459756980307 857.3154490221747 0.07657063752412796
730.8387097997171 334.5209862652499 736.0228542946132 341.893478905276 0.07649929821491241
643.0507253131359 419.775487570985 653.6604471823799 435.17389862164947 0.07648775726556778
414.6094527278554 343.91859508789 421.82048393330325 353.0893355045504 0.0764811784029007
365.30220050511343 364.4833709401959 371.1654592372761 373.61122706660495 0.07647208124399185
869.2111314618545 327.87975214108405 878.0063989922597 338.67796063044443 0.07645905762910843
787.286226735971 367.1957722355691 793.5672195404678 376.06433958737017 0.0764373168349266
386.39322397506373 350.80224504052705 391.2181289483915 357.2820898703441 0.07642993330955505
98.30905724103324 326.1593894644429 172.7422614314014 447.28452611629774 0.07627590000629425
735.6814568078066 382.23677001041335 752.6401991980487 405.5974421917488 0.0762115865945816
523.2445667727403 404.8876536341405 545.4281818833039 434.7345446587103 0.076131671667099
435.6518333895237 323.0401577795126 444.4155852583148 334.1993426621758 0.07611291110515594
69.59634159531043 258.72362758240996 90.60939470498431 285.9973561732541 0.07599784433841705
611.5977371917814 331.20012980909405 620.0310748003152 342.6549464257072 0.07598267495632172
2.0647688939661477 296.77050054391185 52.64930240006736 378.38130932670265 0.07597131282091141
51.96955581593882 444.5922196534664 99.80210471510492 510.89817704107617 0.07595615088939667
453.5282593957209 410.1837533685031 476.1499410862027 439.5049805097598 0.07594778388738632
370.6110976924315 150.06886678815553 384.14331968311603 171.6511100455809 0.07586707919836044
758.466874012704 334.4771334455299 764.5154848922929 346.60866059604126 0.07580768316984177
1039.272661528782 298.6459434958353 1049.506442332496 310.3427028485975 0.07578472793102264
562.9584032076375 342.1702095916876 573.7175889732628 356.51888320878527 0.0757782906293869
275.07251969599923 392.45641877992796 291.536696864078 412.4501055000236 0.07571528851985931
10.846384432206607 -17.992290803790475 101.56504835331715 77.74144967109659 0.07566967606544495
350.95219655349894 139.87126486627102 366.3810793694747 160.521110819562 0.07564625144004822
385.12886004047823 364.5893590483891 390.20190603149626 371.48559296961764 0.07564560323953629
488.93192309861007 384.78576856008647 497.9862018581957 397.0404619390688 0.07562223076820374
336.96116613709944 180.24968441730934 347.47611255912483 196.152900637645 0.07551934570074081
679.5691553386857 317.0194999319811 693.3810858343791 331.91679369276915 0.07540597021579742
30.816857485556174 347.12984398617914 34.36302435757217 352.30363324453236 0.07539588212966919
116.53804303879133 203.10509492987862 157.43740729982306 259.73603980285753 0.07537231594324112
383.56427167076095 387.07772303206207 391.394852280714 397.91665953277544 0.07534482330083847
416.9160568194427 337.53769808474215 424.7336504232176 347.7120802040341 0.07531846314668655
-4.376265940569083 368.2191112645575 17.474029899283344 404.4807270551821 0.07529041916131973
14.840050171253003 335.9632559228924 21.795944665803425 343.8982035979506 0.07528992742300034
859.0737346034697 351.32307616001316 885.7030498270249 382.0439400385854 0.07523392885923386
357.1410702774688 394.35773901144563 372.37256501349 415.5684149936999 0.07522787153720856
637.7355647871616 395.8601577105526 716.2950371497099 483.5095735091824 0.0752219632267952
161.06668000372417 133.66822254796617 214.5520995870883 199.46647812310707 0.07512055337429047
825.0611082808281 292.2299893194772 854.9657786962362 325.9393760929172 0.07494007050991058
100.78235757348271 5.649349252099187 136.3643629654607 45.87569124271091 0.07492046803236008
99.77159370945526 52.432139468076855 123.54636175942794 83.21347017422059 0.07491660118103027
602.3635334560859 404.4877025005942 614.5002812169065 420.22550971364143 0.0748545452952385
841.9072004587646 342.0989367175174 851.0475208844781 353.6472136632336 0.07464595884084702
631.3408432765698 432.15032968181123 640.8407572290158 445.1420242583165 0.07459493726491928
860.5456004558422 338.2943636488878 868.6241587393251 347.8951242081562 0.07454419881105423
384.20549078039414 325.4103661538291 399.27873639457505 347.94754760479793 0.07446613907814026
399.7062318177722 162.7230339953638 428.9382412120694 200.37916644563737 0.07439012825489044
235.18867209535085 296.43519994922457 314.7498098174291 406.87743744094166 0.07437131553888321
465.34550466203285 401.60382433525683 479.30317786093195 419.35110518373295 0.0743158757686615
666.8367758845257 352.4851085749508 675.8625554436227 365.1944480115509 0.07423880696296692
422.95544901812565 331.49791186397437 434.97806714092656 346.93430972470503 0.07423343509435654
616.9756708327305 294.71206284384914 638.3051991104384 323.09811900228476 0.0742173045873642
774.2222804133083 371.68809415270766 780.2170869639174 381.20181133372904 0.07421505451202393
383.4826285054668 277.7423226135113 417.6813895281545 323.93373852328244 0.07421088963747025
4.063222908509442 343.0666522632324 10.452278620804293 349.8279816471116 0.07415621727705002
728.2734665698001 392.1613853624385 755.695054891535 429.0901281905219 0.07414253056049347
389.1788227797988 346.5564125568026 394.2961381471484 352.85486699360195 0.07414007931947708
578.1611776980861 332.12104607937295 589.5449916786378 346.99710334739234 0.07411018759012222
-69.33239012900553 533.0487447703416 168.11338724443064 801.4502101474185 0.07409828156232834
406.64706459263425 392.3935924971834 415.18970949055694 403.59466200900096 0.07409215718507767
834.1947562952273 357.65413942399994 843.4879215508676 370.5835993864141 0.07405411452054977
766.2927370165716 360.36652483730825 773.7805351698655 371.6309713039962 0.07403315603733063
373.11450602944524 382.3854230300466 386.1404405208059 399.8328741963796 0.07402849197387695
149.04794254932676 17.860529064906256 188.95072167097368 67.30410699333896 0.07402103394269943
788.3701782287026 376.67336011234727 824.4376193250483 420.1055875582295 0.07401441037654877
445.45605652663085 327.0493984996837 456.39951167703975 341.4345181195398 0.07399017363786697
807.8725047807127 385.22250601839033 816.646912365232 396.52589910028513 0.07396412640810013
382.04578990872216 366.8256071448701 386.7623875453605 373.09040945222284 0.07394104450941086
807.1926610016346 325.8191212875198 813.539356212013 334.0623758058926 0.07385948300361633
76.44720721412124 331.0008228754886 94.66132909704262 354.85548245624784 0.07380881160497665
493.337774931007 374.27832995165465 503.88067574578986 387.8433737139904 0.07374563068151474
436.6060406055976 340.50732167289146 443.21034871107 349.474021828808 0.07372651994228363
755.7688564983442 271.05054298104346 987.7283213081251 516.0481851177477 0.07372378557920456
716.7099296106425 358.3377470336865 725.5608641892411 370.43734600841054 0.07360073924064636
415.66910317599087 424.5701387245042 449.03049918790276 465.3644176426317 0.07358250021934509
777.7982673624059 380.24042286091213 800.420849992383 410.3604895979914 0.0735778659582138
780.147324611753 396.46794332353454 787.7258255034019 406.59862012307053 0.07357568293809891
862.9782010593382 346.9993208843361 870.9633332157551 355.9139074438605 0.07353465259075165
650.4749285092616 411.9193624021884 660.2678924935128 425.2064500137458 0.07352762669324875
138.045153607791 459.2433972012838 195.39882529440956 527.5324895895856 0.07350499927997589
700.9871760755371 316.688219808668 715.500869177979 333.76687892601865 0.07348025590181351
223.2848174691734 110.64883392868316 248.70727811868844 150.58805217312928 0.07347951084375381
918.2441883448782 58.914395839272046 1142.5033903239362 347.3107239663883 0.07344245910644531
636.8084199315952 299.9785415496975 648.484591277246 316.8251265136369 0.07344026118516922
652.8091359006245 425.16148356925595 665.0103094936907 442.71789590152764 0.0733952522277832
370.4483383367682 174.3932292898624 387.26512336990567 197.41758861085083 0.0733383297920227
493.387648754688 314.6237843247512 503.5209373344938 327.1168657524488 0.07331772148609161
766.5599572617506 332.01461226098166 775.3113048023022 344.55749680866944 0.07324854284524918
591.9514742197615 395.3195311799734 646.6247618564445 473.6738258014557 0.07321184873580933
447.4529760390485 310.6976568334012 457.7120958637657 323.29117608591577 0.07317788898944855
620.9146623374374 307.1285923619403 661.8877575500387 364.4661661738432 0.07309955358505249
541.0643679492491 360.9958485259962 548.6955128942725 372.90337225007556 0.07305723428726196
701.3525825479761 395.1712441535176 712.6135819149937 410.97386273365424 0.07304678857326508
750.826185491916 334.2137213277101 759.0631675941519 349.1560332041662 0.07296443730592728
715.2218798107095 320.23468840623735 751.707343898227 370.142367354557 0.07291854918003082
48.46434268455609 298.5327816532286 53.891275554714625 306.62937733523387 0.07283651828765869
290.27094930017597 473.71162123293345 344.81360120869016 532.2968354406368 0.0728219598531723
556.2684986803974 334.8295898253447 566.5899595571817 349.27260335871233 0.07256892323493958
448.73366615149644 431.26339733300165 457.46792396017247 444.53156113266425 0.07251235097646713
850.2534042281089 305.28489820113896 890.9894361701538 349.8616349710683 0.07239708304405212
582.9687607624242 401.7769935897498 600.5519295262702 424.4753774456616 0.07238756120204926
781.9679348278793 287.80190121919367 813.8532337865269 325.59767895127425 0.07234397530555725
774.1162998197486 328.2008196097971 781.5008085652145 338.5697066728627 0.0722464844584465
645.0719411458049 443.8822331680493 654.7478675043283 456.66373783084765 0.07212736457586288
1029.929726716873 325.3949187277403 1037.8705087705014 336.98984896922684 0.0721161961555481
557.9232349116659 319.7052367788951 567.2696207627217 331.47517016642735 0.07205281406641006
255.58552881901346 237.58985731001385 309.9095192817104 307.09823926067 0.07201240956783295
515.06281230961 380.5759032166042 527.2639095105196 396.64694666566857 0.0719425231218338
191.67150130086515 63.027928165172554 220.16621879998988 97.98713241835397 0.07182952016592026
380.7265854106896 350.33152464850247 387.74824731286304 360.0369666574993 0.07171831279993057
981.9925578752252 103.4828278559007 1009.0704428775509 131.11913454402313 0.07171168923377991
-15.64100433060375 389.67223115448405 38.31577744359072 472.53260339703 0.07170630246400833
562.6885862418575 438.280694972511 571.6434315239036 450.64058050057406 0.07156240940093994
811.9537731398686 367.3360469527785 845.6317958892306 402.8053680032785 0.07149244844913483
582.2144604877711 315.476386200305 595.8229238166892 332.49727804022416 0.07139614969491959
475.064607434859 393.38280539267805 486.2621909996535 407.4638993347218 0.07133045047521591
1046.349557086075 268.3456753773789 1051.990450848615 274.9863540438653 0.07129157334566116
815.7992272135889 323.99309409280255 822.8045482739627 333.6809344128318 0.07123465090990067
555.940563759528 308.56731868670346 564.9018352376133 319.7239052069852 0.07119087129831314
84.26019243821051 134.32408690905586 146.37672037740313 214.632259477881 0.07112771272659302
447.2341631976387 414.03581099362117 460.7143181438849 432.48652208006837 0.07103470712900162
65.37705050231546 4.653880107226392 97.72836021540331 43.50118967786893 0.07087323069572449
1046.039628749142 239.45448893524357 1087.2720295243316 301.5599460930513 0.07086773961782455
607.1618884134833 416.27267501546805 621.4361533596477 434.7875262983369 0.07082614302635193
419.5858244025957 326.8460534302155 428.23283090801647 338.5682186557537 0.07081977277994156
1060.065752143783 332.9842207848721 1066.996005989428 341.7992926159793 0.0707489550113678
344.86718332851393 280.3869044893851 387.86773653828465 338.53037756281356 0.07070943713188171
546.9042171577556 285.04749992651074 555.9537262155346 295.5175519097828 0.07064006477594376
832.3580572300102 319.3617586870937 841.4242435755457 330.2452684005898 0.07063786685466766
402.1207929754528 327.64954448882565 412.2715819754757 341.4584644543676 0.07055279612541199
823.4553239402304 355.94164180471347 852.3009338313464 386.00644378083194 0.07055146992206573
381.9883215257965 191.74656125885082 407.33789135009465 226.82680831386693 0.07052740454673767
120.06942665519101 73.5809259438749 138.83704058170176 97.41233901218466 0.07050109654664993
427.70827173471554 324.7233966677152 435.85716281408673 336.08977323129693 0.0704885795712471
930.1006439337225 538.3825828486442 1145.4072904645625 774.8196599220416 0.07045649737119675
411.83593579941004 329.88947832987117 420.37593895755646 341.6366081940763 0.07045192271471024
429.6138509621074 414.36216966005156 438.77905047054395 427.1641341408281 0.07042623311281204
838.5232100361965 370.8332726593261 873.8525534244857 408.6901767164463 0.07042016088962555
856.2619225439996 318.45871823658865 865.3659984547775 329.68865826828977 0.0702628418803215
622.4384266708645 322.4492674589656 633.0727395869558 336.9937394447279 0.07025811076164246
467.1560469296869 286.45585139006283 498.46747340455653 322.6964766381784 0.07023471593856812
795.3678992355302 396.8004536377576 804.319070949129 408.2629626772543 0.07002392411231995
1058.289108349725 305.28310242941205 1069.2509499114979 319.4214273680663 0.0699700117111206
364.0821997422681 394.3201134908943 416.0263538856333 463.65540567107814 0.06985984742641449
488.7278030667369 536.3664531850538 593.7960604013009 652.049058218935 0.0698213204741478
704.1094264803806 287.0573099377829 731.2095656117851 319.7560774842033 0.06978154182434082
191.20318718350023 96.05582771465085 217.9307589481538 130.2735909259386 0.06970984488725662
319.2752176265805 323.57499090278634 372.9651736915081 395.37052679515955 0.06969904154539108
498.74340698761466 306.2365951766079 508.52745640355994 318.0961582712595 0.06957217305898666
108.46003576343185 191.71067700046845 193.11442793489152 323.814684842112 0.06948527693748474
586.0704971207516 408.5083207176433 602.8909803173458 429.9172304737867 0.06939208507537842
46.82744847454281 286.1421475763372 55.6112700595163 298.0524004633542 0.0693606287240982
364.53378574455155 330.97992270983104 389.1279160383392 364.5263167381823 0.06917807459831238
193.01002501429795 -8.887481467673597 224.75191731280074 27.212004983174214 0.06911519914865494
603.5861534624595 321.8200010441051 617.1774540056048 339.502951934261 0.06908943504095078
166.20975511538074 93.2951444325312 186.92278465180706 121.12100049264043 0.0690385103225708
546.6601757120446 382.2672821354535 559.0369650992485 398.4520400590963 0.0690123438835144
120.41510656911964 115.59885438110842 169.32722035165548 173.01355275517716 0.06880421191453934
15.078729005033397 173.49713009025797 90.92425254324196 293.8159119217334 0.06864684075117111
56.08639031849129 292.57535225941 62.444606180376816 300.9154781763965 0.06856691092252731
568.955897330744 425.8607894518401 582.699374054359 444.56927994464075 0.06855811178684235
616.0219090313857 342.59170720045324 648.1798418146367 385.4727481753732 0.06845340132713318
395.43128615492196 301.174425923451 415.2662815215924 330.4804715369726 0.0682799369096756
139.47289677453804 30.065797236982625 149.2492636314254 40.166073796814 0.06818464398384094
181.62766313810468 464.8795428879253 242.45807519478137 539.5187375224821 0.06811071932315826
508.0816148045486 312.49946533044715 575.4978749108099 397.7772547551302 0.0680893287062645
423.9664083566033 422.5122118218295 432.2951769209519 433.30824517645874 0.06805144250392914
485.8227601442975 449.20332559474474 539.0217563884879 515.0031989114949 0.0679590106010437
771.9283529385875 295.2992139638236 794.8708803845622 326.33889333758174 0.06793762743473053
1068.767881163809 254.40310121849373 1079.1764564648954 270.0353491156804 0.067911297082901
382.3986068977655 538.3333400809421 497.3713314790805 669.7241270895037 0.0678110346198082
658.8413581962844 408.019488060162 669.3296804989387 421.23005738001984 0.06759601831436157
177.19098631019259 25.881871923887587 200.38637981136523 55.939509645334795 0.06744101643562317
411.80989739911723 274.6534711040674 448.87749621120446 319.5060998122003 0.06743564456701279
845.2242941992772 347.4675479342634 852.4986266518832 356.7801934013534 0.06726279854774475
741.4784066870773 259.9366561612315 785.6291083816093 315.1485391715038 0.06722887605428696
76.07613173332639 89.98113302251791 123.34542721792107 148.9323133522884 0.06722410023212433
674.2471931874062 467.94863671997837 714.7364194194809 521.6756901853794 0.0672038123011589
126.15276007167951 78.5184049015244 144.63042599393944 100.36821312264063 0.06716214865446091
120.42321252825886 -8.58862829859422 151.2186338884541 21.95177044522222 0.06708712875843048
540.8638027756941 394.34009496644165 556.4495127822642 414.1592853891444 0.06703125685453415
580.6093500182229 532.4102516568211 690.5085193537722 647.2185517603184 0.06696997582912445
-10.722600285852693 298.2680304468707 84.05564263232503 448.3167771535786 0.0668262392282486
619.6038288280105 437.3623500974613 630.7172931488129 452.6983391523587 0.06681878119707108
539.4893443159635 283.0277179473405 550.2478919808493 294.71505279252773 0.06666570901870728
-120.71369680044138 352.3652471636895 293.4753140381943 861.5052183304342 0.066647008061409
1026.9325187720012 279.15570768931997 1038.7416217798022 295.2837367283606 0.06663357466459274
600.9934279073912 492.56752036580826 680.2748298468449 583.1369109683648 0.06647790223360062
886.116280135031 303.45385125393204 924.9215640146944 344.40665749768755 0.06647064536809921
282.633958550974 397.1432328076402 373.40275665132833 495.63998924570797 0.06640761345624924
547.6955964286655 427.3357670037269 558.3808651788912 440.8185330983452 0.06639473885297775
439.27115508105675 417.27528509980226 449.12722672348593 430.5523824175082 0.06626397371292114
602.3483126522466 427.904076899445 613.9638799700483 443.94422516815564 0.06618143618106842
713.8336244280382 317.5581769928051 724.2696371660415 330.6348873939269 0.06611178070306778
212.11704868194934 25.095001403360783 228.90055283899676 52.354143158232894 0.06604434549808502
658.7367230943236 417.1121964974243 675.2688062155755 438.61587123661974 0.0659133642911911
591.8267960869701 301.2978568404458 613.1337726147034 327.1194935629887 0.06581886112689972
521.9238771095237 421.78878265138826 534.0331095537427 437.65615758674767 0.06572119891643524
526.3455421295275 451.6727580976412 581.1587627169719 519.3354733533497 0.06564226746559143
853.0512985792383 348.98521659326343 861.2999024814341 360.2536206474379 0.06547314673662186
390.9710419148219 411.8091857964431 400.08164682814345 423.35018380114843 0.06541026383638382
749.3409310660668 391.29660432058466 799.1491579582297 455.61899644735786 0.06537327915430069
824.4673590941625 397.3701339081967 833.2413440329631 408.97580109164704 0.06523458659648895
791.4638400063116 318.6500744660314 800.1049953259118 329.250227583723 0.06514374911785126
556.8710499857159 451.938742971334 600.5594011109451 514.2458834356721 0.0650784969329834
67.15921639003516 67.02573477754217 99.27858584844648 108.4246769069936 0.06502269953489304
495.0103211179823 420.931990242288 505.46789668857207 435.1164075705733 0.06473144888877869
801.4543212530331 318.3210853510853 809.991722172013 329.5511571898389 0.06472363322973251
269.1334464872075 511.0744365717288 389.98535037356163 640.8083782912676 0.06464628130197525
632.4119023355353 313.368295286679 643.8582884341392 329.0728004041333 0.06457480788230896
471.88970389617106 287.16098407306254 512.405139358867 332.3688327065909 0.0643930584192276
503.66220540623004 249.1008107655102 544.2388505900781 295.9883862414175 0.06425313651561737
577.3470382861502 422.3822894200682 586.9689359477206 435.05469088628826 0.06413156539201736
559.2601815149255 272.5373741998353 568.3924289188428 284.48678888319705 0.06413149833679199
412.80278836045994 418.4802238942899 425.7446876325661 434.0601006318607 0.06409966945648193
19.52275910132616 442.13633353702204 106.050858993451 557.359817520704 0.06405729800462723
405.2503304139286 302.36956882669233 427.3969462549427 332.56565118172375 0.06395430862903595
690.6670366920309 444.7155996962909 749.4037164406916 520.7554294726477 0.06388702988624573
830.8535358646074 385.5786528234503 839.4314409888648 396.29660100886406 0.06381844729185104
730.8550274865872 527.6610070462731 911.6528106851617 728.238314530877 0.06374074518680573
1039.8125162068138 309.19123493192126 1083.8717276956463 376.67710004916506 0.06368882209062576
527.2003883865854 273.75233900342226 583.341022998065 339.838626290261 0.06364454329013824
629.858852462996 446.3340242278646 640.4054333981643 460.9930153112611 0.06355835497379303
1072.382609294594 302.6676059399132 1081.486629861034 318.1781300825994 0.06334999203681946
694.7301910805471 417.91237737685975 715.4738090945459 445.87210578406837 0.06324269622564316
890.1810709484929 239.82801869883752 942.2264010560567 310.8728274299921 0.06318258494138718
366.784370604258 315.3430305702281 373.03390582096404 324.09798733926715 0.06304873526096344
585.5707072622241 425.44561622396276 611.2990944808095 460.83736202103194 0.06290937960147858
637.6348042391661 448.78616640535995 682.5540285168582 511.0834177016505 0.06254643201828003
722.4702131869633 404.4741604772095 739.639748588992 427.67067665117264 0.06237845495343208
569.1448741609902 299.51959052480083 580.9436481116636 313.0903229862223 0.06233767792582512
829.3144244808576 242.51281805026346 888.3790278241306 312.7373816759712 0.06204679608345032
-26.56186309665871 -31.54833036904226 65.98287857054358 75.76975208040197 0.06174088642001152
642.1836927999852 252.18754516957907 691.1617401949908 309.0664745686263 0.06172412261366844
586.2282788299541 430.61018192221695 597.23162900132 445.4708527744343 0.061674654483795166
530.4464645932323 437.16244220962005 540.4632457886346 450.6683676029455 0.06093249097466469
180.53466557553799 75.18898445772894 193.12819154438282 89.56603265549701 0.0603460893034935
510.612788855431 274.34330502630996 551.6111871586808 328.4938206266445 0.05972686782479286
-20.78495297989441 387.65968802845856 100.36729138922904 576.0245289640438 0.05857237055897713
618.4762923145746 190.77944517387272 681.7385139628602 258.4962223621581 0.05825931578874588
717.760821219259 204.5762801295834 777.6538256058283 273.9378321518781 0.05797582492232323
750.3503321531854 409.6592822891903 838.0780431610498 532.3027258015343 0.057482555508613586
43.45595877139187 38.65987408162078 84.35643027914121 88.88671886050496 0.05508286878466606
