397.1425099527405 440.5467687146601 427.9645216181863 476.4680452976407 0.9998084902763367
462.3664156786106 454.0680786466022 489.1130413437748 489.38194529982866 0.9989892840385437
374.73157460694273 437.6140754024645 389.5767188432809 454.65134362272465 0.9944595098495483
273.8637985958003 443.011413580629 290.82033289364153 465.95611506655365 0.9800825715065002
440.8814424747505 454.50776898262023 455.762845196133 475.4925862345179 0.9780987501144409
847.7200492616594 457.16023411930763 868.5515018727544 491.83222334500874 0.9349009394645691
687.8520315363176 456.22976111861254 692.7486821586818 463.7003588635684 0.8810057640075684
668.3383954796353 456.9367320135343 673.6111335794218 464.15179250424734 0.8675702810287476
741.4583575051178 457.5553387786402 748.3325005771004 466.51165408609427 0.7585174441337585
249.52563577558905 432.9912913574239 264.5288238890805 450.8977270071773 0.644474983215332
602.8012354319146 419.8409183971812 608.3233523623898 427.89611735560214 0.518170952796936
630.6207850651333 417.57630192178635 635.731023463536 425.21798494105315 0.3161790072917938
715.1424642487721 461.6836270087727 720.1552487124131 468.409284279032 0.2567387521266937
504.03603831375693 426.01638501762994 517.9874792798781 448.59288014114395 0.2346300631761551
554.2924172281508 399.27485269601794 575.3439850900912 434.25155718655435 0.2236490398645401
645.75543652316 460.6074357161002 651.1992118252548 468.1594163468395 0.21942393481731415
499.4855269130943 516.7889026819959 537.6757931641569 574.9813082413451 0.2122749239206314
606.3107637397627 453.9756952077032 611.8054673918206 461.9968982959438 0.20458121597766876
813.8741426392575 453.6668574626189 831.9682639964307 476.91777741362176 0.19600269198417664
504.6587388005329 442.62267290181677 521.9012634373823 472.1821911029214 0.1809079349040985
622.8831006212032 461.39958301480937 629.6019378397621 470.6120303711439 0.17242102324962616
677.2820411104848 456.118142450319 682.5674659586301 463.3290610672062 0.16835302114486694
581.3100118315123 457.2504954540183 588.6570787863958 466.73972197331574 0.164202019572258
426.95951677355686 431.2527937585726 444.00385123712095 456.19575351889245 0.16334541141986847
644.9091962729843 446.78047624932157 648.9518501113415 452.60332801496264 0.15745939314365387
495.2343930066718 451.2230698631252 509.8936583061479 472.8603035944452 0.1541554033756256
831.1104779241102 602.1836894207732 885.4307556825214 654.9552982567329 0.152935191988945
659.0137317541307 451.9855682320429 662.9739291494488 457.32041442798266 0.15148551762104034
306.02481281121345 432.79969824928196 326.81313413387466 457.28699713483684 0.13777583837509155
640.9017744932432 440.55841224326434 645.6509851186763 447.2590926172079 0.13206295669078827
199.3216278094206 490.99377289575375 210.50532830885612 503.57315393957106 0.13152453303337097
634.7489758404757 456.24969106085194 640.6043707002028 464.4067078461326 0.129613995552063
724.0191494354701 464.4266349688469 730.8893324551556 473.391724749313 0.1286507248878479
617.7612580668366 409.89663450969954 624.6818079063936 421.53898858202575 0.1256251186132431
747.6615485332106 454.43761294619173 753.4576199726081 462.5303876632727 0.12562377750873566
617.2603646605683 441.04621220510813 623.0664759905234 450.1489304735806 0.12515510618686676
652.165514310624 454.7469935511409 656.5528884572475 460.515480954097 0.12513777613639832
625.3457744225838 455.7283495818632 629.8444222291106 461.9432488116661 0.12496429681777954
629.4326399715212 446.6170339621206 634.279315562656 454.67655334483413 0.12387967854738235
491.13054526630106 352.5776960465747 511.03913543384897 377.79921162304146 0.12339852750301361
642.9600894654582 452.5130193778793 648.1417075319582 459.41582909392173 0.12339460104703903
529.0559137617206 421.8661638545276 535.196975570566 431.9509841513315 0.1224854588508606
633.9941584579647 449.8348861051456 638.8123009281245 456.6822608849779 0.12111029773950577
755.4275590873699 466.4115651125031 760.8595863544689 473.9157668579713 0.12083440274000168
716.8825625518582 463.9714670979982 726.154815970128 475.3953683519037 0.11988596618175507
757.9784966214255 458.23124005545867 762.0625289577439 463.82845758213756 0.11962712556123734
580.6479426437235 447.55150649377276 585.7826139952975 454.2634068102671 0.11958351731300354
578.4764163074391 434.4299975112361 593.5853440238433 457.06269235584546 0.11913344264030457
293.2284545422454 440.17486110267527 313.2366299150213 466.2232918823027 0.11863570660352707
637.6870724497521 462.0554604310641 644.0329672964084 470.7308762045583 0.11844140291213989
615.3794438752989 446.6677078921228 627.7032140632236 464.7397198616719 0.11730176955461502
630.1890200817145 462.812163621995 636.6480243743194 471.48729372654697 0.11706806719303131
526.5058367411742 396.3997272442781 544.1138136192426 422.48209670159696 0.11683465540409088
692.0469470594406 467.12075457236585 696.873138255265 473.54084817929345 0.11603303253650665
615.3502951372158 453.1029977278565 620.4439391555662 459.92173286385514 0.11448507755994797
638.8573582601548 451.84374460740344 643.4705875833597 458.2696687447759 0.11385099589824677
731.6630171793456 455.4736875531814 738.2238787933295 464.3515534321756 0.11341014504432678
536.8418236601611 417.68717506681804 553.3326433891939 444.35816658680886 0.11331377923488617
558.2618424111624 454.45744187344957 573.8411266000522 477.4462049921467 0.11289995163679123
676.531895285908 461.7219109082237 682.1792871029223 469.35281614635625 0.112236388027668
646.9788893899729 454.8078216803312 651.513343059629 460.8400244676569 0.11197806149721146
591.2943819840942 436.42969408563664 606.2215682748911 459.8520101736584 0.11086282879114151
633.2928751374126 467.6974997908441 638.4309663892645 474.3985493709459 0.11071723699569702
634.1258478915472 438.9724738985242 649.5417918837454 460.6622012877663 0.11057184636592865
649.9736947454245 447.70905041057586 655.0732955237803 454.6182006681383 0.11052924394607544
509.9958592710339 412.3189462909797 524.4643251821923 434.6043089938931 0.11052732169628143
656.8734884854794 458.98020427283205 661.2529321866859 464.7472546328997 0.11029794067144394
648.3473284479472 443.8652556841125 653.0125115026774 449.97604306847353 0.10985612869262695
320.51532307590975 433.45795472425124 338.3756292357566 457.606585321783 0.1093008741736412
233.89752518062028 457.88375440095194 247.83727029309395 476.644734421899 0.10899687558412552
702.3255319416221 461.2415931600524 707.4773180278717 468.06714517648 0.10874061286449432
612.8571718729576 430.882162242482 618.3676770724903 440.21839673517235 0.10867959260940552
719.8087577141254 459.4673818485089 725.4649699226637 466.48386744938574 0.10826752334833145
600.5707456996587 420.581072499853 612.8320670576983 441.236858091744 0.10811495035886765
567.5126261305916 433.25231714731046 578.9956357920026 450.5591347497188 0.10804751515388489
522.3788779801329 430.1116446536713 538.017655090472 455.18095562382337 0.10788413137197495
639.7021444553063 483.2509387538037 654.5663786543707 502.16541474755235 0.10781951248645782
238.24215517046937 165.00865021780575 321.7422151425937 257.7288056269919 0.10747300833463669
220.89921774148266 475.6903514967984 232.67889779981218 490.2070175041186 0.10724564641714096
503.87714269307094 396.9446947674187 519.8930756375369 421.1260625148192 0.10686878114938736
746.1029295552701 462.3227690976681 754.0129287032996 472.7729735427304 0.10672552138566971
590.2138243028044 430.21442653025343 596.6285244586658 439.62465299255194 0.10649257153272629
305.7252334693206 450.63509631377457 329.19192884016724 479.8794811192914 0.1064893901348114
651.7673853304265 461.3790200345148 657.8322063341635 469.4434332932836 0.10556714981794357
720.1501447518123 447.87013970366496 725.9894961162003 456.1123770861893 0.10546339303255081
299.03979798673686 195.8750883191161 374.4747469842813 273.2562594495475 0.10541096329689026
337.2999269343472 438.95360652813673 358.2247992139024 465.69482108739896 0.10504954308271408
569.6366637123807 447.6549369501699 576.9000641712371 458.09932104895273 0.10442112386226654
542.0553673659364 381.98111534547286 560.5346616827328 407.2551306224648 0.10433318465948105
654.8982719310522 451.5994093906992 659.25237287939 457.48943359696926 0.10430271923542023
589.5158518435798 457.8035291307204 596.215556124206 467.0279269557588 0.10412383824586868
610.8122778444455 457.99324455260034 616.8436341750736 466.3324862410918 0.10409405082464218
644.9659972515169 440.41323765531996 650.2170724675877 447.17058223983156 0.10408499836921692
600.081787317579 461.95778631906285 612.0790034690408 478.3658136593647 0.10390742868185043
677.4754989732479 446.9149314966054 682.9373262015514 453.6502125744177 0.10377464443445206
523.7321889038983 447.8647020024391 538.9023861934791 472.76364878239383 0.10371512919664383
657.0158678181483 437.72320286774857 675.5940489264801 461.05089431315855 0.10355695337057114
528.8292009618054 114.17665693451198 638.6348017217216 241.5384719063485 0.10349694639444351
635.2789538771482 443.3408919448649 640.5077563111755 451.15991911853007 0.10327968746423721
219.84925359375313 494.0543801788892 230.9976905105552 508.4000725224353 0.10325350612401962
601.6788050267016 443.0331806763786 607.6334100521135 453.04935398128515 0.10311898589134216
616.989956323078 458.8976104994718 623.0687675241423 467.039188726731 0.10286270827054977
698.3534401431359 463.23925639612554 703.946345653766 470.5648355083971 0.10283750295639038
594.7138286131261 464.63859770686395 602.3996914753342 474.8699885967023 0.10280300676822662
557.7822861788219 433.9203777614441 564.7652075292079 444.8610961078255 0.10277235507965088
264.43286158901515 425.0771288402245 282.50507113161376 447.0935022043641 0.1027604416012764
726.4568487776064 460.8956007159632 731.7965514518228 468.0381218433803 0.10259684175252914
585.1681635281409 466.05964813854695 595.1221871517914 479.33598737105166 0.10258107632398605
222.153909142308 502.19527917014415 246.37265959372178 533.2450118257143 0.10236697643995285
673.1301611354858 449.57763294250077 677.9509611057937 455.9314577798433 0.10227304697036743
707.7741822050277 455.6062881779774 714.9185651153158 464.67323715600594 0.102134108543396
685.0754168821618 462.9858215066477 690.957440870954 470.93199288346676 0.10210506618022919
758.5612874894542 463.2098355016695 763.4525288122296 469.85646600819956 0.10201621800661087
609.7600424939585 464.7964522809418 617.6807601871026 475.33824293733363 0.1019652932882309
651.7976416640939 442.54990860060406 656.1854251828566 448.43645510277963 0.10133244097232819
647.3668353055281 450.09390068750184 652.3914564632175 456.85691080077305 0.10128948092460632
736.8660277743555 454.24607441421705 743.2444671531567 462.6713610279191 0.10118047893047333
508.839112336281 396.8907228422791 512.9425721808692 404.3259380325612 0.10114122927188873
610.357648373458 406.2136203163225 641.5551167548214 450.58358317067 0.10112789273262024
249.53372000347176 463.71713279422363 265.1339233063938 484.801026883897 0.10088787227869034
551.3762903345709 427.54026970729024 559.8312863712837 439.59845129971563 0.10082065314054489
630.7804826308476 453.2747397082647 636.5248684892119 461.5374981710091 0.10062222927808762
519.9923548295587 393.1973966522565 528.2351120099587 404.18214790504476 0.10061052441596985
701.2903277126719 456.14771115041447 707.1456488837144 463.8407050490664 0.1005604937672615
533.8695546346922 433.04694309882956 550.110104196518 459.17695761772535 0.10043483972549438
575.8691176538875 420.87306425998736 587.4473338667952 438.912364483141 0.10040538758039474
605.6436898332526 429.7961982359559 610.4934016811202 437.75983798292407 0.10005302727222443
589.2425201365953 412.7739035119765 601.4665365266247 430.66157810156983 0.09993231296539307
666.4409826954807 450.01919434724925 671.7207665780653 456.8523922883184 0.09989280253648758
544.3872954168909 449.6869008405115 554.9088361629307 466.88323686404124 0.09977161139249802
255.3483231116134 447.24085088569836 276.87450888131264 474.6867905871342 0.09970046579837799
575.6999037298334 437.7305390081604 581.3340112149901 445.81455033727536 0.09932199120521545
447.27997945922766 418.5710256477044 463.22092039751084 443.10155754507736 0.09912357479333878
630.7478570910366 442.0481452197924 634.8690762153075 448.94636966569965 0.09910277277231216
542.3886361004508 354.03685291022094 561.2434980312942 379.65793967465675 0.09909156709909439
723.908106592025 456.7159125650658 729.6516888599929 464.1368486621958 0.09907538443803787
607.8356381855999 419.17531996945127 613.5333299645084 428.3858680160294 0.09884712845087051
626.3131539163447 470.5906222764083 635.148086641976 481.98219029762913 0.09879546612501144
619.8648528449551 467.7235213161587 626.841821740367 476.50287540594974 0.09879050403833389
678.8012793502588 451.0125254535847 684.2112536511006 458.21565705685737 0.09873928129673004
640.3536381106003 458.0172857370191 646.3160720345015 466.3329115553417 0.09859028458595276
720.1020627012572 456.53560499622085 724.8307485131804 462.55416467115793 0.09858498722314835
273.16964279305347 206.70998883772845 289.5245502566098 228.33135798644983 0.0984988585114479
584.3282524602411 451.49549875192383 590.054945981225 458.5254265200892 0.09814213961362839
684.9930752378431 449.3800587718004 690.292956071471 456.8641330793058 0.09813780337572098
606.8318100035906 444.5611489763357 613.908150287252 455.2443193130518 0.09800902754068375
641.6097838889015 424.5346855044476 654.0400733112319 440.99480251327793 0.0978611633181572
677.7585202903932 440.36286020895716 682.6290212195581 446.1194569128642 0.09775429964065552
709.4738004088081 462.1774809439923 715.4524791366604 470.0939195432455 0.09764063358306885
594.6459030527819 392.9208158996106 613.2643886821235 420.10384197726233 0.0975937619805336
693.3476582414304 471.2275903855066 698.6170208513249 478.37229922473017 0.09755449742078781
239.11484820155079 441.8209632787495 253.19694259589727 459.8361225620323 0.0974828228354454
753.8254080783714 458.0325073180598 758.5549572934971 464.673829880172 0.09731936454772949
460.5833801170711 422.963046549663 476.25430029761304 445.1627781934842 0.0972733125090599
228.8788448051481 466.9616066182228 264.2547257374025 512.7970330112623 0.09723537415266037
750.4489993649712 467.4456048515879 756.6143832781049 475.8391138530888 0.09720216691493988
611.2089995650189 412.39997495573925 618.6259833729869 423.6420073964442 0.09719268232584
697.814171485877 450.99069400792035 703.5894579864328 458.8913116828925 0.09688963741064072
509.1859867428326 352.9235662021536 539.0732998275948 390.65909252226425 0.09676329046487808
60.248288404493266 321.5809189153489 73.70669650428495 336.537414408461 0.09662355482578278
473.84187657043014 420.3196360641465 490.39618532295833 439.84390831380415 0.09656855463981628
226.7292644653834 496.3033330249906 238.1054859883799 510.3741573084932 0.09651179611682892
618.0905834020265 425.8381724829852 625.4417182674053 437.1805206773979 0.09646791964769363
621.115640235018 453.3988097595317 625.6450452355764 459.66611176260824 0.09645405411720276
488.679668998837 387.2259898323853 505.0578594993268 408.52342124066274 0.09644142538309097
684.1605336829859 445.7316701074513 689.3609414974551 452.7401713100721 0.09627030789852142
671.1712587554678 446.2735193977304 675.5221416402588 452.02427220346914 0.09622039645910263
654.9275928701474 444.9023096794386 660.5355225511134 452.1670078474907 0.0961666852235794
625.7014719739738 430.3627013330965 632.3651507262614 439.86580280352166 0.09607036411762238
292.26352734724543 424.7099132884472 309.95775324509435 445.9445948056283 0.09604672342538834
650.3739096925335 469.0190494937012 658.1462968367406 479.14940605707744 0.09602851420640945
624.9972054378852 410.8846912371099 631.8728714998023 420.61594461668165 0.0959753543138504
550.9820832341169 417.03419115620284 559.1710533082678 429.50032199337414 0.09586107730865479
567.583521304126 372.64168521996345 585.5657727444024 397.8972546466525 0.0956631675362587
553.7899399421602 365.9164283878666 574.5345614410473 393.3499143189151 0.09565596282482147
533.6281678427748 371.086369075407 553.2278211740187 397.77396211926776 0.09557367116212845
665.5450824899617 463.27529718449745 671.6398390711807 471.34061361787906 0.09545114636421204
534.4763912113978 361.8999058336856 547.6747736939827 380.34959668747393 0.095414899289608
280.9981058136988 405.6531147558778 300.10968015594216 427.780916974425 0.09540802985429764
464.5873357974421 398.69021058156636 484.71771036038706 425.0758109094479 0.09532446414232254
227.32242883885039 423.2229336347016 248.58213163033983 449.71897623129513 0.09525695443153381
729.1379912355479 448.2494356959316 735.4564517375288 456.45329658032983 0.0952448770403862
574.3261429371431 467.0377907520994 587.6877671914801 485.42406654397746 0.09485339373350143
715.8085950336888 450.6849057687734 721.7083903249827 458.61085640884016 0.09476877003908157
642.8774897527811 466.7166898790729 651.310815099042 477.3652328173019 0.09469954669475555
623.8072947237439 448.14777759736796 629.478070208777 456.479259518771 0.09466779232025146
724.3365761799314 452.062437180774 729.978779117043 459.7087959138236 0.09466078132390976
508.28767258021793 438.1953144606746 514.924744492027 446.8558218992646 0.09465263038873672
224.682520346691 470.76540432406 244.12410666646656 494.9295841271366 0.09462464600801468
613.6652693842939 486.47835850700164 641.2167090059608 523.3579686880705 0.0946228951215744
611.4242604413018 450.8793756705509 617.9738513037591 460.21224012428917 0.09453797340393066
259.873639187689 477.6381294725917 281.3436437104168 505.37352527456676 0.0945277288556099
682.9187797500203 453.40744236025245 688.6338391224272 461.10277612489205 0.09451381117105484
599.4487732362807 454.6304227294285 605.655078519715 463.56809517988097 0.09447512775659561
647.1704684810126 116.3821391862522 730.5341176021003 207.15958639998976 0.09441593289375305
654.1477780457893 442.02678225333403 659.2106423554981 448.6727754980312 0.09429219365119934
704.0447105163455 447.1282029165126 712.2783126435718 457.2431419724744 0.09424307197332382
611.0186083724558 425.98023779157336 615.6140375552635 433.9165457004387 0.09424270689487457
611.8367205446821 443.17457563632763 617.6971270866079 451.9714148110338 0.09404201060533524
279.62080098746145 496.59222777242826 303.4915178120104 528.6689323296406 0.09403117746114731
587.3514478436115 443.4867363250475 593.073581862262 451.6857632740217 0.09398118406534195
209.43758799430412 509.61550244056144 220.6475343381098 523.9330807710705 0.09395936131477356
737.8680593740143 464.22239282211996 745.9846956750046 474.63463716462854 0.09394976496696472
180.59167696707283 497.53692370480235 214.25489750258438 536.8099142724769 0.09386160224676132
657.0114249637588 462.6783050487093 662.4811478799446 469.62573295176577 0.09386098384857178
246.00459763578846 448.41479186543734 260.4245777535082 467.5249395454745 0.09383492916822433
471.3002974915792 385.1135843161052 488.5170843801898 405.35622938205904 0.09381905198097229
689.8992557695511 470.94202712090527 694.3389165235893 476.84311053372505 0.09376179426908493
660.3191272012415 441.39601735413066 665.933347113832 448.54806127090524 0.09360706061124802
730.7792579012015 464.7714301779928 737.7662196226128 473.95277178972003 0.09358703345060349
703.5065619679852 303.00669747170514 744.9554331819157 345.0520030160033 0.0935857817530632
493.2897887992341 421.69752119365825 505.95942467930945 440.5835855524391 0.09348013252019882
81.26655756543556 480.1110729676787 140.8345618854434 531.2718485205932 0.09334923326969147
551.2309414186069 442.1222733978515 565.7397637028872 465.07248733747184 0.09331852942705154
219.31157757388087 456.90520963799537 233.38364132434234 474.879484146812 0.09325563907623291
801.1027417889705 441.0154397941477 822.9871654548882 468.74531245506654 0.09323704242706299
672.9876544288264 466.47458610513286 678.9686539785636 474.3244498450415 0.09322140365839005
658.3969292671138 447.12802809073537 662.5802971151193 452.9428826841049 0.09318763017654419
676.8125422318378 440.4761370369268 703.9625255475581 473.24068785602145 0.09305804967880249
205.93423110350255 497.36702823962133 216.4740748490954 509.6830170743686 0.09302407503128052
623.76354925082 439.4752157563078 630.3702238435222 449.2444818389844 0.09295770525932312
610.014913241841 448.65440221396284 615.7110712811607 456.85336671297136 0.09290678054094315
687.2924170932953 440.62032011893234 691.7732443227798 445.9504563092095 0.0926678329706192
635.9150357532462 480.49177118254386 643.0089700328012 489.8215943195554 0.0926629975438118
554.4379578420923 488.61575283350317 579.7815325422171 525.5888697086159 0.09264499694108963
295.14884546093384 462.5676033465631 318.3730480455397 493.7931702746132 0.09257666021585464
622.8548596838997 395.9302926690441 646.1367986924188 427.85633495391386 0.09251878410577774
510.3532814879535 425.76162792257077 531.7030676121973 457.80126828098435 0.09242034703493118
195.6368911272948 499.8734181633898 200.77502170590088 506.95509638929786 0.09239184111356735
279.4798106188139 425.79641133981204 293.67663191674086 443.0945943319765 0.09237430989742279
737.2714687676603 446.5639456284412 744.2870099946966 455.2003241211477 0.09229739755392075
211.29768001074208 489.9210007492336 224.141273270835 505.2665121187595 0.09227173775434494
597.8271214105555 435.4392496110001 604.1799815935889 446.8958592889098 0.09220413863658905
662.1459588549708 455.9426669886064 667.8372518552816 463.25654391707883 0.09216425567865372
206.89427272002712 453.9764602414483 221.13950489677742 469.3683627938893 0.09213349223136902
635.7218624233773 433.5118567006979 641.6915611318349 442.3812939875432 0.09203067421913147
800.1169550294399 381.99775525899855 808.0399262051375 391.7866049543549 0.09199517220258713
587.1031649239038 449.917369913668 593.8291146181318 459.1743978104321 0.09198318421840668
605.9929586120054 473.5051442278489 615.323044817891 485.56544231250786 0.09195395559072495
711.1837037398248 469.48256527998046 720.694242198165 481.86194019120626 0.09193822741508484
584.5851315424981 380.5256698180323 608.6453551604461 415.60095978447873 0.09192895889282227
632.4629933963117 407.7470580135177 639.5503334805034 417.2072586055192 0.0918583944439888
572.8220724760289 411.76129298392874 581.6868250921257 427.2809711064003 0.09181477874517441
231.94357093367898 478.9785669091726 251.58320027691462 503.4147287054333 0.0918002724647522
188.0489648268701 492.04734229441164 199.76756657400716 505.75576015560233 0.09171149134635925
632.1126766573213 439.74614653707994 637.2392216110483 447.66120813144965 0.0916246771812439
559.8085627701211 323.82037674107244 593.3308961437207 366.87060435079775 0.0915818065404892
262.0851807889118 418.0425370456886 278.8424979586782 437.6754311461711 0.09151012450456619
88.64888389145604 230.46202063504413 166.4621073383717 305.3172715884248 0.09147384017705917
301.70850429260787 417.3376639908112 319.96461840024324 437.3230593292399 0.09143513441085815
756.5759578068831 451.07351304492767 762.7618230169825 459.44086028896743 0.09130498021841049
697.3376141574911 445.7043771746597 703.171462533759 452.99099014362105 0.0912552922964096
248.91872895692455 479.21802398038756 268.5180159050918 505.88743000862485 0.09112448245286942
32.25054789905418 263.4204139216821 54.03729395234749 283.00497691709666 0.09110122919082642
531.8117411137209 457.14893856038776 549.4157540360793 486.3174649293055 0.09096521884202957
206.4931729761142 429.17698137436753 231.02671011678513 458.5577625144222 0.0909174382686615
529.6985068440704 381.9989169123246 539.9117030604698 394.7113877693977 0.09090498834848404
642.8427366217454 436.5325203465428 648.1438307403843 443.444286262536 0.09084009379148483
205.87908895406525 461.8133497805458 226.67955131950748 485.3255083179323 0.09080144017934799
626.8945727437857 477.45722350501495 634.79466747716 488.0253787683227 0.09079479426145554
674.3737482483547 444.9298470677344 678.7129039604102 450.45868724891676 0.09079150855541229
673.214517137192 440.8889429525424 677.5034507561397 446.182343993854 0.0907905250787735
550.4190301149778 20.903506693419168 650.4044977155218 128.2141701474292 0.0906740352511406
473.0447669109038 573.6812240265081 514.8258453716031 623.8633754255802 0.09062299877405167
672.2285971108859 453.93195410067426 677.6932260463059 461.6124111782243 0.09060537815093994
543.124781355447 455.0808771804986 548.3990709613897 463.4640899485103 0.0905594676733017
578.5380517635805 363.77517196621096 604.8641507990243 397.73906375508 0.09055178612470627
252.0845279786374 412.0726544390213 265.03795891824984 427.37022419568336 0.09043824672698975
319.11598461632207 328.37803437358866 371.93444536191765 394.5623852063087 0.09042225033044815
663.5383831132204 448.681081771076 667.9752400417273 454.48369752168463 0.09039115905761719
595.4556460250842 454.5832981471503 600.8014526050457 462.50218515040336 0.09032808244228363
666.8785077713457 445.23904170407945 671.2216487274871 450.6374088696608 0.09030790627002716
288.1191105844691 467.38752489964935 315.51159377779 502.5535309808523 0.09028328955173492
535.0583812627826 419.4397008786463 542.6581170798314 431.2887126542625 0.09019976109266281
656.7922201746102 432.56801572396944 662.7098664322222 440.0298258591362 0.09019330888986588
544.3074976643549 463.99455255482235 561.0830416950324 492.5558408845272 0.09018924087285995
632.2998520862026 426.88746125851833 639.394739220635 436.6698465265464 0.09013952314853668
319.69938506377997 406.6425705704916 342.2235275498652 433.82627382626254 0.09004639834165573
809.9758643084332 472.0240405247208 841.0816614963366 516.4281325149766 0.09004031866788864
473.0276958260923 388.9627365882714 479.6751034830248 396.45354124447863 0.09002414345741272
525.6131440034463 450.4899035460042 547.6242473198196 487.2062170530024 0.08997678756713867
692.9060414553985 459.848814724007 699.3386121350806 468.53328566883704 0.08991818130016327
613.937792455457 398.1065381533496 623.7593932221451 412.53473501016964 0.08985666185617447
752.9773031455529 464.03635067956975 758.4262466670684 471.00259773159195 0.08984952419996262
587.2787506932161 473.92046907579726 613.5255037331852 510.5649139099144 0.0898030549287796
306.61177398385047 487.2753069970654 330.69206480647375 518.5461370139236 0.08969704061746597
760.9418703580302 467.3475394428103 766.6662405316507 475.1218611652961 0.08965658396482468
505.7913835631503 370.4537087887258 523.5620470492144 392.7016347504851 0.08965563774108887
52.323764120007674 484.2858513017136 68.1171599423901 504.52439897777754 0.08950769156217575
676.2248052496253 468.21553879983315 681.8445307735096 475.70437971478236 0.0894925519824028
173.9209878693654 505.3205066671054 186.8237455246317 523.2750930686021 0.08944998681545258
256.4086485033085 448.7457428318298 269.3975370960816 465.29328396775895 0.08942209929227829
271.45154556091234 414.84136509415106 286.4329220392263 431.9297296785262 0.08927749842405319
196.60775479408406 503.422703431474 209.92164860490146 520.0364447021477 0.08922731131315231
647.2243859893836 416.2872710994667 654.2720155173304 424.8233223448745 0.08921794593334198
668.6304320437597 469.9542437098875 674.0711466691567 477.1381560660347 0.08921590447425842
243.52493373816847 424.4965971523884 256.0971985406357 439.96884125186534 0.08919177204370499
209.12268796024676 476.71373525912946 222.34002881651276 491.78713112865285 0.08908233791589737
466.03617884627675 428.8758302655404 486.5155738391328 457.1336104943877 0.0890585333108902
272.4503709928403 463.5181910005667 292.44511194090154 491.974428898451 0.08895540982484818
483.9300344299521 369.37810731994125 503.61801548284615 393.2977549069127 0.08885976672172546
613.8446738842824 420.5948695558696 619.9834546888201 430.55850058773484 0.08883538097143173
690.8407802943973 449.39507712672315 697.3494274421206 457.904903779507 0.08881532400846481
666.4933447615186 439.23834473847967 671.9888041667003 445.89231540331815 0.08880486339330673
247.32115430050212 489.6405402996636 261.9037895869569 509.0898527713143 0.08854710310697556
639.4454545439474 412.33690808516275 647.2451006894245 421.74035210166005 0.08854307979345322
701.1253527863608 467.6732354364488 708.489227255606 476.96696723901056 0.0885424017906189
674.959273322889 10.718453386099343 764.627528251562 106.64151119782346 0.08849762380123138
726.8024662355118 455.8989610103745 732.9906536829102 464.5055681428732 0.08845095336437225
190.35897290553712 475.82190232484436 209.01598249263256 495.352132005661 0.0884150043129921
541.7326298100495 404.6838084401783 552.0174135658995 419.956333061292 0.08835964649915695
563.7195473532754 440.5702921102896 573.4396525477906 455.51060105140897 0.08833663165569305
577.260211349195 407.7818882749527 585.6641328558648 421.8852353464833 0.08818629384040833
651.386999018355 422.38400971565625 678.713143043161 455.64843716447535 0.08810276538133621
263.9181280225543 403.6399779858668 280.31038640780946 423.1231660013833 0.08809024840593338
211.42789100113566 500.1291586150578 222.8550223068865 514.7848792650403 0.0880010724067688
577.161710585476 338.24111717697605 604.2673848246476 373.4264918436928 0.08789348602294922
606.9775787539912 435.40575060515675 613.1318073803802 445.9645807672654 0.08772768825292587
626.4613208799461 421.8245187325117 632.3697130021507 429.9732903489516 0.08772339671850204
514.2032230341948 451.3422560795453 522.8702979530086 464.8176407770929 0.08769692480564117
688.3169053065916 439.6493392146479 696.2583321397403 449.18551446974953 0.08751257508993149
132.54105586115764 439.8828256313291 172.90310684703363 479.41562157778856 0.08746006339788437
620.8601736873643 370.88868364085727 642.2801767039751 400.36995627529615 0.08742547780275345
268.3191183480146 491.18963009305173 293.6290572247253 524.9356780484364 0.08740115165710449
709.3265304576829 439.84583882539994 718.0653033079027 450.76823976292457 0.08735205978155136
328.1997535195551 463.7836343247336 349.463448552582 489.16527574853274 0.08731362968683243
713.7546241766188 455.01391404079936 719.4931261574208 462.6875068329846 0.08727968484163284
260.0337903887194 388.67849499180727 284.4840713084829 417.62411417466683 0.08723723888397217
572.4445854275465 445.72637386803217 596.4294873223497 480.6837000834302 0.08720723539590836
-4.947502164993977 393.96059460239405 30.649176326578406 443.4981483138233 0.08710282295942307
650.7341596169225 478.071268506722 657.7745771751113 488.29421144453215 0.08701841533184052
595.8801992826473 469.971269340752 605.7747271253262 483.337373796655 0.08699936419725418
208.761703745729 488.86665722032 216.76650664484956 498.19626531345256 0.08695986121892929
597.1123676251752 430.18203095870376 602.6952965330827 438.76583478061985 0.08683149516582489
51.670975210492394 265.6697353355695 63.08918296921125 275.8414149966437 0.08671563863754272
618.8968469411517 433.28229488833915 625.4942644929588 442.5886809507411 0.08666718751192093
228.47529790779038 444.2768020347135 244.19332049478842 463.83585298270367 0.08663968741893768
182.95189580494673 480.73817139081933 194.94049893038084 493.6482992542466 0.08652283996343613
669.6658679597303 440.2672775796881 675.217310710134 447.0341990473141 0.08647149056196213
498.47266573338123 406.12369308880994 510.7088558635642 425.16732692006923 0.08641354739665985
439.54092790423783 433.98860114730843 452.0682610110738 453.46647914629665 0.08627133071422577
286.06985248451844 454.61301188782346 301.5495110578823 475.9657281526363 0.08625046908855438
603.9552394232749 461.2809704063509 610.6601938883144 470.75181505286815 0.08616094291210175
516.7404517690694 338.4559440145688 537.1285070571297 364.086400670524 0.08608642220497131
766.793328253597 499.4808601306643 788.73599246241 530.3304692205287 0.0858287364244461
744.7571441212301 447.19367642897396 752.3827548868218 457.0468902817708 0.08581020683050156
671.5258500725724 460.61806164423336 677.719223634489 469.0902714302673 0.08577492088079453
498.14579354234644 426.75266873947214 508.4207489950337 445.1730376110003 0.08571824431419373
676.6199649816556 419.6545844301167 700.7889919083659 447.7553258920605 0.08564521372318268
192.3266190339936 387.3153564255413 232.37134655564927 436.39264420710833 0.08560717105865479
178.25004124128057 426.785581616939 206.91084447758226 458.4167443366074 0.08542821556329727
518.0980753910494 391.50250423004184 530.9009956282972 408.22553001952065 0.08522231876850128
175.45914225313308 491.76444361709935 190.50013631663364 508.7115226459653 0.08490700274705887
696.69098743586 466.6720158618048 701.8973688084182 473.56652855429195 0.08490386605262756
761.0361167618873 455.33688498807936 766.0430647910274 462.2518674540881 0.08483169227838516
754.5354755916891 452.0451992081299 759.4309355599838 458.75593802620233 0.08482373505830765
115.34181356633951 492.7195225628891 178.23623458948828 553.5817692217755 0.0848105177283287
736.506940481539 469.0951284410671 760.3117773895535 500.90510165820695 0.08473758399486542
682.8117359774228 443.00062726610025 686.9648183840782 448.2637180263163 0.0847218707203865
718.938219483064 442.8052926923502 724.2037703025167 449.977744853886 0.08460039645433426
507.69968418136176 384.68819151938965 521.5088322048183 403.2726973245491 0.08457011729478836
649.684150590422 436.59633044941563 656.7273596106003 445.3687476726737 0.0845002830028534
243.26577290015106 665.3787488293691 270.45453249093543 687.8906798923374 0.08449460566043854
750.5382870241689 449.3326957225959 757.4016282817147 459.28135411517945 0.08418584614992142
620.0307508374868 474.6760232489391 630.6891895151632 487.8065365145489 0.08412960916757584
248.58724574374563 509.87046014974953 273.31937009881227 541.8525193786868 0.0839141234755516
673.8766493177053 435.9395595200851 679.0893534118868 442.297650410207 0.0838804543018341
597.5693866540583 423.9685457988966 604.200422126421 434.3983318333357 0.08374970406293869
583.7213235992415 432.8238948566086 591.3564904362594 444.086227025194 0.08373750001192093
752.7312408904342 470.1580747090065 762.4303328479917 482.35762399517427 0.08373242616653442
711.4161462217374 466.535114249166 716.8089259905721 473.90949578890843 0.08365991711616516
159.7210136506534 528.7038315960186 210.56701758634267 585.822143539652 0.08355608582496643
356.31667639665505 437.1210495589215 376.7432332124007 464.3487909833485 0.08347166329622269
295.77947273436286 400.2942879399067 317.39059033735424 424.28666909421406 0.08346586674451828
510.14501384960323 465.5322574633728 532.157029522084 499.1786841002912 0.08320758491754532
602.4225829796536 383.4696268345486 622.5276343284572 414.0093430025377 0.08318894356489182
46.14241634099137 312.67661571043107 58.659279182118105 327.9849131444516 0.08313553780317307
489.5756267541548 323.7112569464932 518.4390373628394 357.9160478241945 0.08308302611112595
717.9143725139756 432.2959855491733 728.7031566720991 446.72464940307896 0.08302612602710724
219.58497639940603 418.5237007575358 233.10368797270192 435.39252437021497 0.08298512548208237
148.5846488546577 487.7204175065063 179.32485758765554 519.4592798812521 0.08291289955377579
858.5902276137627 478.6591645080641 877.9769181059644 513.5072267911987 0.08287765830755234
198.89800680948065 468.632538001213 212.44665231793275 482.1239559526804 0.08281468600034714
497.46099683744575 386.0096097089963 509.4693982052893 402.2129207252613 0.0828079953789711
761.0171034798947 456.3755999355569 769.8202664508946 467.62099686083917 0.08278115093708038
668.401177429283 434.1875660028722 674.3768530616917 441.21110398868586 0.08274082839488983
579.488558092498 389.1239764047164 589.0786059541746 403.8408497557034 0.08267676085233688
558.7218156072181 439.5358379062742 581.463877847616 476.57641187227415 0.08261571079492569
662.0781765178509 469.12412279003115 671.5994535888885 481.3310717902271 0.08245904743671417
694.3202303162291 455.5835730085746 700.1479552310213 463.29016757834825 0.08245179802179337
586.4757845366595 421.3444186918937 591.6733185740513 429.2610685375708 0.08232605457305908
618.5154286745815 441.8541443484779 644.4250432846051 477.24605641418293 0.08223220705986023
685.1208212866426 470.7552078819193 690.6103934592976 478.0017164454417 0.08220099657773972
546.580980296042 430.67477898617466 559.467221030327 451.6943006908883 0.08183345198631287
236.8961149704399 410.08434479253856 253.8968747793348 431.3167941018901 0.08178361505270004
594.3104108238815 461.30541267284457 599.522345673792 468.93431638616437 0.08168899267911911
761.7607096594039 476.17684770447676 770.7948456996999 488.19395838161046 0.08162851631641388
482.8203008494045 429.92130018004315 501.0645333756039 458.7855340182354 0.08160675317049026
419.9119759023969 371.7886116601524 460.5071805147999 421.6520021966803 0.08158005774021149
231.24476450841877 384.63195030449737 261.27120047045133 423.13899240125147 0.08151839673519135
569.3931356592317 395.2761345757229 585.3912272782435 421.03917003158415 0.0814971923828125
158.73112083040786 450.1745613874804 190.82252390385668 482.3369193062461 0.08140823990106583
184.2225813537083 458.30605643160277 201.45020771498446 476.65667050735175 0.08133551478385925
483.73253662680816 402.84287779032957 497.2099363452639 422.11182173168925 0.08120591938495636
184.62648585574757 508.0056702858133 197.95726280869832 526.1757555913194 0.08109898865222931
582.4141182862277 440.66015954717 587.9062960758844 448.61459999421464 0.08097635954618454
222.60039419048897 487.64045851544637 235.3599809923262 502.4702253121349 0.08095309883356094
662.543731511784 436.6473224295875 667.8356884015343 443.3435506402104 0.08074380457401276
635.2498958347992 469.5925818459715 641.8717116089729 478.222695706825 0.08064781874418259
348.65370194153553 366.739164745635 420.3389391720266 464.26127001507194 0.08058784157037735
636.5587632917538 428.2227860311662 642.4935401605555 436.69902403058524 0.08036292344331741
625.9832190688047 425.9410156087636 631.4970250247817 434.1303430853037 0.08033020049333572
701.9662587208742 442.348716986033 708.3736966097905 450.07992654261096 0.08005205541849136
658.9411402039027 466.37601509721173 665.4876834605934 474.5745314128899 0.08000838756561279
652.4802889844879 397.92970991203987 678.9860174080839 431.1042428823281 0.07982888072729111
784.0983786338504 427.4563538921583 807.0564156334544 457.1998624753864 0.0797874927520752
60.10848166063741 295.4322398383463 75.85795680087149 314.94765671349154 0.07974474132061005
528.6013548660914 479.028839299139 554.9865860060569 519.9977323494749 0.07967006415128708
165.26933396014672 468.4030264102709 192.48881781082977 496.37564204649385 0.07966943085193634
622.902394208653 418.00012995648996 628.2785773076805 426.3378717319864 0.07962984591722488
62.48060261205843 540.2066882648404 95.90182765926976 571.6167028944309 0.07958033680915833
518.3516156634084 431.5039375879062 525.9475808613428 444.118542460557 0.07957570999860764
515.5555796382439 403.194390067471 531.9565219472014 428.74861978085437 0.07948638498783112
112.06067544485275 456.2439470706317 142.37105840846152 485.87937490957347 0.07948517799377441
724.1257336796688 441.9751565103529 729.3811899084815 449.35666588620313 0.07938048988580704
531.783059829878 325.2050289629545 567.9575903276072 372.27273691865577 0.0792400985956192
764.1978921021868 463.48359657611485 768.9997114886097 470.0566812176956 0.07922305166721344
474.5073771506986 333.07022448816645 499.0555428672649 360.42837362565496 0.07917596399784088
249.337512159761 494.9287812200579 271.52725126781934 522.2580083191272 0.07911007851362228
277.5134319672474 371.4981374918718 308.6308704231435 407.25406488569934 0.07900537550449371
137.35187696910992 408.50980781671217 170.66242551657018 450.4227496135779 0.07893701642751694
676.043952105559 475.50918006145184 681.9036707883469 483.4023260259351 0.07893330603837967
117.29541978839359 427.48430233068996 148.43845820199 463.0887969557631 0.07890498638153076
892.1564010693196 423.1787681158891 926.4654544726405 476.01631148562126 0.07883445173501968
521.3986531541315 420.0666022470768 529.1065740592792 431.33156172232754 0.07868360728025436
43.06232078861895 287.3502297091638 115.04983301008545 365.7105048662873 0.07866775244474411
145.4844908963173 381.3987054915503 191.7311037017488 437.6783441267305 0.07852400839328766
49.807587248899324 275.03458459324395 66.63085765560082 294.342684047072 0.07846300303936005
47.464930409905854 250.00437766213105 66.29057311343975 266.31551635761804 0.07836597412824631
55.31210440169071 367.6197271232792 103.47902894312688 425.7130942960279 0.07825975865125656
711.6692551331504 449.1091314669192 717.8665884177034 457.1289311001681 0.0782431960105896
859.8058491531534 418.7190029458086 888.5800237213908 463.76082671592013 0.07822395861148834
477.5721653352676 480.65785983721446 504.4279844111112 518.2962645406735 0.07810494303703308
342.81580169811025 521.386868782318 363.08798275108063 548.9801096203511 0.07800433039665222
870.3184802733894 458.56119636885427 896.2449505810648 499.33594359503866 0.07795211672782898
192.46835460872055 518.9810536681902 251.22673540613553 587.343748875036 0.07789250463247299
485.2592261012025 387.53040275564047 497.77459468320205 402.8051508411276 0.07784214615821838
826.9667357324519 458.191732514751 854.2078999091401 495.3642558350079 0.07767278701066971
51.44289963379742 501.2659681622736 108.27724934391723 556.6482317386696 0.07752999663352966
348.82942913048436 458.2869115070837 371.0299891783373 485.3770851242369 0.07752522826194763
512.5372029083952 430.39013205368957 520.0556486997649 441.79574460053703 0.07749518007040024
274.90986676907835 507.83677157797155 301.3533441975968 542.0020470160233 0.0772215947508812
342.0579938804568 476.0537364928333 365.1427435926163 504.72443688803264 0.07715688645839691
843.3922155273171 319.4914753043333 863.156629668887 346.80681640554076 0.07714295387268066
598.0493977802182 336.83530091993697 627.8630561970693 376.93280901897606 0.07713650166988373
26.475435511078114 308.9018699689456 42.143356897168985 330.48236026476985 0.07699884474277496
31.881386856791465 287.67327891196095 51.10125809239537 311.07646270821755 0.07699432969093323
92.64903720922574 401.4055695346514 137.87634313628516 454.6710013835582 0.07672134041786194
72.88786051136628 322.3075185299777 86.99791479230679 338.4408465443186 0.07668453454971313
127.38340168441958 328.2894364405505 140.33121864484454 344.52299455140013 0.07640910893678665
520.1659283527822 441.57744381916143 527.169278622595 453.09713889434056 0.07619063556194305
128.17651946674556 293.66720119017 152.3264125803549 325.5442255160069 0.07615148276090622
64.8247752004884 248.46178214619334 84.57650252217297 265.58532675063486 0.07613778114318848
256.1370514414784 409.4398463338511 266.42378658011137 421.7934504327946 0.07610929012298584
473.56065506960505 369.1953462087321 490.8152332824119 388.6527294338397 0.07594235986471176
492.7417226192686 360.732700995701 545.2437086783036 434.77279279881765 0.07573636621236801
596.0917431665978 417.77365455145855 602.2929937074359 426.9391919468029 0.0757090374827385
309.26170335347 386.41412643063745 335.5061840160221 417.8947811718813 0.07563384622335434
-10.905999935169906 442.9302987810873 39.357980024988066 508.65741134214915 0.0754697322845459
346.18720474904944 428.23478506217657 357.4784845474636 442.6134749796081 0.07546849548816681
34.09279519131618 429.7042150388388 90.07742539689472 486.03455768336755 0.07546576857566833
684.1704815824291 439.71764138547974 691.5731026941266 448.57286657814427 0.07545156031847
837.9890543890626 395.5272508406861 870.7467844217272 441.6393519744015 0.07544142007827759
598.8746000837024 413.95234990693206 604.4596052687286 422.2807390608339 0.07539606094360352
832.3523444954467 478.7290611507729 860.5793719298778 518.6009535827163 0.07535003870725632
344.6172397565813 502.90076439949473 360.7476018003296 521.1703485242875 0.07532087713479996
335.89522127055545 389.98960347678616 360.4706684569862 422.21256148533814 0.07529482245445251
75.75226947649882 283.5818831414999 108.26338387603197 319.21177572706966 0.07524801790714264
541.4847881430837 391.2734605794996 550.2692999169774 403.38071916359223 0.0751938596367836
673.5896164421019 475.8873156840954 699.4661126439071 511.88279702929805 0.07496487349271774
199.08527034958507 513.465681274753 227.5397333448329 548.3567619792293 0.0748448595404625
778.1728926748222 463.50306631891414 789.3008409630102 479.1352823101794 0.07470416277647018
130.0029493436637 383.23586108546607 161.6211923681567 427.1311816282619 0.0746956318616867
636.9949708240305 370.57898245925094 667.8508967059768 413.1140045063511 0.07463941723108292
228.68961223803163 444.6526190939352 237.68675236706449 457.8774141756635 0.07463079690933228
124.38644821816317 319.6622363369546 131.55501412329866 328.31267277694826 0.07461821287870407
639.3323429093845 435.4442594153839 646.6689854309548 445.7374190142398 0.0746045708656311
443.0939401048611 380.02656783848937 464.7458103390921 405.8922373648746 0.07454092055559158
18.13412466388862 269.21196094156505 38.18293219036556 289.1357121096815 0.07444202154874802
61.22350464533009 264.9263747244708 76.4122438699899 278.9922310613445 0.07442088425159454
743.7103227127673 431.98634700015134 777.064860497932 472.7101488475579 0.07441654056310654
252.71980604081025 396.876302175218 265.388348041652 412.7361981760528 0.07429338991641998
450.43851631031896 380.3781442066764 474.05867010428307 408.8058615219535 0.07427727431058884
411.6562282026614 378.3427871123376 436.9045252231664 409.7721366471786 0.07419543713331223
79.06985065057258 318.0634261624609 105.16891553220053 347.9788670080119 0.07419539242982864
77.8488725572086 264.22924576266684 97.87991186201054 281.97858146359744 0.0741586834192276
627.9712096708784 435.6547260677314 635.282722669089 445.191891929055 0.0741497203707695
764.0496967786137 444.5191628318424 775.5188216878632 459.85383191196956 0.0741209164261818
615.0083148166603 470.1731828673798 622.3903420544708 479.9311073374903 0.07411403208971024
45.829215301250066 295.66141457153554 60.00255357546394 313.22959824803314 0.07396615296602249
107.23303718082202 285.67352616715783 130.11663558866167 314.436573088173 0.07383166998624802
-7.724259050481592 289.23470359898647 27.435644224170712 336.258470170619 0.0737854540348053
662.0792080030869 428.8905690071948 669.1455546723777 437.23417139584143 0.0737498551607132
264.09298108332337 502.58565327192855 315.63344464333704 569.6634101440527 0.07369545847177505
662.25401337136 427.1522228221306 672.1166916481378 439.1638267610089 0.07367444038391113
924.9367984281787 533.8696062488077 1176.1171318631573 822.9166392769748 0.07365178316831589
390.1268964228629 422.60914191390094 404.6851528540472 438.631023027691 0.07356307655572891
767.061783283196 416.77074054114956 798.4512014918162 456.1027315005717 0.07332348823547363
642.9754108620209 474.1596464523718 650.5912666863045 484.70690205715914 0.07328663766384125
72.59814893334925 274.87297055456287 92.63360945587881 295.8512700394512 0.07327554374933243
551.1807589482602 4.443432488464052 612.5759320979038 70.12453830695914 0.07320308685302734
172.3993187563459 357.4464530627106 212.986048744498 408.7652816815802 0.07314727455377579
81.80677902776985 456.25995002941534 116.17262844200198 484.5494128462098 0.07297146320343018
674.2198367001522 482.51258529665944 679.3508714014592 489.05180755057256 0.07281709462404251
794.6951725024583 432.2842629220949 836.2739501903765 490.70318720705797 0.07277308404445648
452.6278530559345 401.63882086633896 465.5015984490131 419.02724273200414 0.0727667436003685
61.487083961781835 312.5513355772198 70.9847784803386 323.476379723021 0.07272845506668091
740.5570708265026 443.1063686175755 745.8404176309801 449.56603425882787 0.07265084981918335
581.8765591604395 417.0329052981078 610.2418085375731 457.12393468873864 0.07264892756938934
454.7588877670411 440.09457231704874 468.6240067749527 460.0364483598591 0.07262270897626877
-58.382980970297666 570.7320189598479 123.34839774049087 778.7496945473545 0.07249678671360016
775.4432145001947 487.03341040794135 821.5832428919958 549.2997996598089 0.07237065583467484
382.4301547686151 426.8630690244513 396.52333159685645 443.0603424785927 0.07233698666095734
198.81006649118345 456.60090454445714 210.7816881218481 469.8369326011356 0.07225124537944794
215.1108778425759 386.31884915209235 239.17312368939457 417.15134518195526 0.07224629074335098
124.86613117529866 460.6886117127157 133.98639634237784 472.1259564818574 0.07208563387393951
58.38550184993839 332.479394630058 81.42210080109696 358.19301998361874 0.0720842182636261
82.52256896448529 421.9529533049175 118.983675418085 462.83217127293835 0.07190369069576263
186.52395855628313 448.31605158934707 199.89790859895442 463.22425666115674 0.07184317708015442
34.30820825117177 377.74613954606536 73.16735297658212 428.62476675750725 0.07160091400146484
768.9991490650439 462.8104315845988 780.7475585660115 478.35393241511366 0.07142189145088196
364.13661434045616 432.45359094643385 376.9448272038046 449.0486831526606 0.07133645564317703
733.9994118315274 442.01303263903094 739.2672562449937 448.69109082739965 0.07128242403268814
834.6148331994588 426.5891274397136 859.5136728666477 458.9169108992654 0.0711972713470459
431.4044659611497 407.8580402632824 448.4550754670809 432.8003599983932 0.07105490565299988
464.6737081867126 355.7214326059823 494.53042584326727 390.67603813572833 0.07089964300394058
428.06309104037507 472.07856845673587 455.2854645022922 511.3954312448556 0.07067346572875977
24.005863685769672 360.9634720978681 126.20081719408475 481.6886035264457 0.07021728157997131
624.2799593300067 437.55923080014577 666.3427903877267 490.299048712331 0.07000747323036194
523.4612320535855 366.8028350181952 545.6269266297265 397.1978964926041 0.06978214532136917
676.1345223566022 363.6032581095734 756.0319164666429 459.3714256010461 0.06975818425416946
791.0833165876296 471.42910260580305 817.1996619522017 507.3183353051955 0.06972812116146088
219.09055231939672 436.3919844450534 230.24564258851004 450.955967028065 0.06969195604324341
637.3368580169099 472.3965824961934 647.5022337598649 485.18293840618867 0.06967029720544815
-9.084510843505647 328.53945984015445 34.989400186476544 393.8579729794735 0.0695851743221283
149.67268434884537 441.7837355770374 158.70095670133085 453.8291054041319 0.06957874447107315
164.62339784012258 338.9769766670312 202.13977419963723 385.4358341774895 0.06921681761741638
692.199725414719 444.91167596046876 699.6525850912471 453.40224890398684 0.06917329132556915
300.7910757084808 520.5070614122819 336.46182120913176 568.8262571524818 0.06913118809461594
654.1764405756203 466.89305333314957 662.7171636683452 477.9174400234704 0.0691063180565834
426.94278263781206 460.6225638711434 442.09892507869955 482.7700511987322 0.0690445527434349
153.7225066641104 458.95865145724554 164.28947822823275 472.5170772679894 0.06848800927400589
141.30031159029429 316.8398524493687 179.3665352923103 369.5925490593861 0.06829363107681274
513.8431319735425 378.7270794915048 602.6003739358439 499.45760069029745 0.06825882196426392
105.94804990757733 354.85431204907076 142.01632583186728 402.6085524894645 0.06824807077646255
51.060208219553225 330.3738617821433 64.98556123076831 347.2820250937592 0.06824345141649246
288.97980634962545 59.893159257493934 507.23395175195697 300.4457578489983 0.06790028512477875
804.6451571955358 379.2117917405349 836.7594879554954 422.6928289813892 0.06782932579517365
238.51436152593303 351.507816970195 277.3726754239394 399.66969631316164 0.06748043745756149
863.0461447250384 451.1615273489015 875.1944180914173 476.76729078546543 0.06732181459665298
635.7413382382887 415.07861130055187 643.407636675435 425.3764176485018 0.06719546765089035
361.22844568069183 255.61622759399293 453.49285736271105 369.9970774042238 0.06716591119766235
326.7650581403066 485.8103465452519 349.6255574497202 515.4508435407756 0.0669461190700531
754.6876066511043 379.072594294557 818.5217367222659 462.4737331201481 0.06690888851881027
443.173020333036 496.3146796776838 473.7273627369075 543.9404784482559 0.06687820702791214
131.5413026568615 480.3046063200732 149.19632071165353 499.05297713056564 0.06686177849769592
396.53753725622335 408.282765033537 420.51259748913964 437.0113082025653 0.0668121799826622
558.5477573464531 533.3521294001289 597.2395894562472 586.462374182445 0.06672706454992294
132.5983604291705 454.3854650766496 142.92483445000133 467.124243245541 0.0667090192437172
144.27526715531832 457.46861248229936 153.22041019763512 469.64495407591664 0.06650149077177048
477.06209729027296 525.9144716072956 506.2389897823012 570.3152237357501 0.06648144125938416
187.0742522169563 307.53215950763854 243.19410067345467 376.8803310824161 0.06647360324859619
15.353331249799417 488.8254913539688 64.9553121585139 544.143698593509 0.06642615795135498
789.7230129954121 352.60743635442935 1211.7924819104144 868.1962846181407 0.06632761657238007
492.407951990002 497.20603840162926 524.3955242054915 545.048083847702 0.06607728451490402
126.0853319997047 498.4139952975435 159.17506900461038 532.8055648459059 0.06603709608316422
361.2013159136089 558.0308814217183 463.840977026232 685.3547709490435 0.06595513224601746
702.6245682291706 58.61121075397749 914.2973696241539 283.4478179866162 0.06589451432228088
365.7941756657805 460.470507121155 388.1374730876251 487.4194695517532 0.06558048725128174
586.4563040697915 415.84554411873137 595.1031537551465 428.4535717768544 0.06555183231830597
953.4663656647584 225.15387223299896 1116.5062249841217 442.44933384519186 0.0653868317604065
168.6575994527311 455.4707742141158 178.94405401786526 468.0914664435552 0.06516831368207932
207.65191051706483 339.12841327805995 249.9271780161004 390.7352355535444 0.06513039022684097
655.5962719315955 480.59591763773466 665.4873642107805 493.79335782603664 0.06511306017637253
682.1948366147737 382.9608336419341 711.8921284495802 421.3599222329418 0.06495029479265213
775.1694030215889 481.4660046231215 804.1109773042702 522.3203209396086 0.06492429226636887
874.0531843069698 -51.9144256892655 1215.0454716129839 346.6746411352096 0.06488532572984695
57.89090842754699 96.81788469998102 335.63539932933 427.08483333372106 0.06481709331274033
834.5266053698839 525.2001810376747 917.2712637527558 644.9026073348032 0.06431733071804047
365.2558476182751 474.1501856987084 431.1152858492436 575.8066218443855 0.0641133114695549
717.73529025885 389.0092354727188 750.0749531525146 430.9507245852289 0.06409977376461029
739.8408551398794 291.56111680533076 821.3253125962402 384.2442831273958 0.06400889903306961
999.1291030143668 407.4330535394752 1080.047173896192 526.1045644615745 0.06395556777715683
668.020456046188 418.42396794159976 711.7328082219925 470.001505143321 0.06375295668840408
91.00403057747621 546.1565396797863 161.48415954526587 615.1011646910473 0.06352764368057251
878.911590340257 502.8919443147481 893.4008959050358 528.9237442279209 0.06327219307422638
160.98652642259106 293.04177499092776 204.0596193835568 348.0316980477651 0.06320229172706604
109.41194378904382 457.6884168828434 122.94696412399591 472.49928928191923 0.06313347071409225
364.24104240246675 417.9877223902667 380.81426097650086 438.009576401205 0.06290151923894882
140.6223067637122 623.803900861209 265.7637310015268 761.9974166274533 0.06272760778665543
592.3769300566795 345.52245491855234 675.96943858759 448.0275257550552 0.06256613880395889
890.0972664240018 434.8320959002523 1007.1494033267577 599.5699707570687 0.06234581023454666
695.8907733022719 456.16153080821493 742.76176951479 515.5827958050866 0.06211797893047333
269.1292357424169 368.2705719957544 293.0244851316733 396.62882821583514 0.06209953874349594
245.72997588501678 258.09365825473924 332.32522068841456 362.8205269112019 0.062059491872787476
944.8726998222866 -72.95557741011831 1157.5969431544722 156.752742134555 0.06202809885144234
-67.09672279977997 -69.22967044520918 146.0300269017991 163.21315801398129 0.061892371624708176
113.48548028485722 330.5122330997979 165.51829350680026 395.71737678352787 0.061742790043354034
904.9406686137775 358.50729024381695 992.5135066644018 476.181784588803 0.0617201142013073
831.2713904344743 359.26663748962204 897.352154268098 446.49963961960634 0.06168657913804054
860.982337036606 393.509824329995 887.4351455123614 430.62566212152575 0.061636317521333694
315.2740738603696 626.1619833265369 435.4028569054071 771.0964920745711 0.06147466599941254
157.05682114573864 315.3834447705806 164.90779235917486 327.6183199497397 0.061202485114336014
205.7309856087273 418.30785539409237 214.1460677750278 428.58054034992574 0.06104437634348869
356.0162513095169 380.4689387664676 380.8770211986531 409.8409361590538 0.060905613005161285
427.49189693248957 309.2572025679098 512.4023364918784 412.88380499360716 0.06068713590502739
421.5953745697059 445.171292506921 517.3323425346991 579.9860823235839 0.06061369180679321
257.1562689922042 527.5355782824853 280.89264390111373 558.508861088514 0.06044634431600571
557.3185898215535 622.7198313742699 683.0309580301986 765.5302542680919 0.06028527021408081
886.3567388350946 481.3521557146115 926.7139421146439 542.5550731774225 0.06007131189107895
666.0931617937867 540.1019888705677 777.4548051438176 675.9260712620214 0.05981273576617241
222.0834618592452 484.5457119060435 331.56550639155336 612.0690844429716 0.05965216085314751
447.2606985619854 557.6943694918842 536.7808646253902 680.0143124186436 0.05947336181998253
575.2063348104343 264.44357772609993 631.816635893866 322.803032612125 0.059328898787498474
-111.94289981858894 349.74187117440977 301.59048155808006 854.6806125623907 0.05901104584336281
821.1897418011587 332.12251644626207 842.1402915184206 359.0080046937881 0.0590059794485569
124.81296533236132 446.4067124629886 135.9594119572815 460.061443765416 0.05891864746809006
307.7836937043059 385.3367074621432 459.4640711024448 595.4115284841969 0.05875643342733383
506.46569751310653 305.1681893832778 543.03205771527 354.3297928506917 0.05860750749707222
798.2393080479222 616.7272311037968 911.9946146715295 746.7810813370029 0.0585673563182354
-8.990456349520366 246.7255744425021 34.903052511021734 303.1936856846957 0.058077000081539154
167.20597880303143 568.3809088709343 248.92756828077952 655.8168405504707 0.05775271728634834
-8.0784035014727 149.3086145189722 76.69468941231112 262.64972249540114 0.05750878527760506
927.465234292668 438.6140317726252 965.7453420715337 495.46790328458206 0.057220928370952606
174.3848646805082 222.76322565773836 257.1654347282405 313.856683568475 0.05642583966255188
826.2817320506189 360.3065573907865 845.5592819018793 386.76726738185255 0.05640361085534096
454.80400057302074 479.1675744547977 474.5334641938893 506.8171134716015 0.056262895464897156
872.5973925550078 310.56238073728616 925.8796983084995 372.9985216182928 0.05559953674674034
719.8444335843171 413.86925868738984 766.245124385568 471.5120143867604 0.05542396381497383
338.4618553186389 542.4093780754656 378.0645593388003 599.67983964889 0.0543232299387455
296.05029435370756 28.292455985728516 402.7619272732795 153.10623589426072 0.05295668542385101
