878.7990674450206 337.4775203968277 915.9857671604817 381.00133593188207 0.9999958276748657
935.652910320897 365.66573922744743 971.4532059115957 403.34351844977823 0.9996210336685181
655.7457841077453 360.1603957281751 674.987868093372 385.8440008208802 0.9989081621170044
517.1208679745106 395.79247283774447 526.69414350906 407.94587652393557 0.9986735582351685
396.46982407032215 386.3969830864247 407.8235212093323 400.77404590486765 0.9962245225906372
585.5324202825118 385.0784861676597 602.6765824282634 406.0851034496451 0.9961066842079163
260.95268830490807 391.4871520505339 271.57198444742465 404.782326953775 0.9960307478904724
296.5564212561812 400.25772233062617 306.8542006374574 412.80674217267415 0.9765498638153076
603.9058650784892 386.20005390606394 617.8458975709294 404.33809502117657 0.9718613624572754
376.9621438389632 404.9627226367414 383.11464053387533 413.30650250197573 0.9668155312538147
348.00394850450766 404.39234016362633 356.4909264826906 415.4114557666316 0.9356315732002258
434.435161061627 401.97285922459383 440.8101570289267 410.57599475148277 0.9261929988861084
491.4163666781686 392.73547964955407 500.78976769226165 404.1609608925352 0.9066458344459534
416.66496786955105 396.35563917797015 423.6576251376074 406.35751138010954 0.8568025827407837
724.5079211836479 428.9844003599593 733.4611882697607 440.13156676318965 0.7777530550956726
460.1134379735818 403.200245184354 465.8118950111796 411.00615579604727 0.6177661418914795
365.0194932889286 399.50506940398355 371.7594982168123 408.54238990003734 0.371654212474823
532.9014440722726 398.5282567944626 538.9741557111219 406.66002710481064 0.3471061587333679
773.5608679622173 391.3984302446528 785.9451278688985 407.7009167589254 0.31153604388237
474.3696093876807 390.99152577759133 481.07412960193454 400.9383624270652 0.2535075545310974
461.58711409994214 432.13651369073193 466.5490000162413 439.1106188780613 0.2463303506374359
463.80500845189084 392.6929149203815 470.89331105133977 402.30699920468163 0.23708000779151917
370.6774274660555 400.1732126525478 376.16549609542363 407.76875324301557 0.21767301857471466
357.48596182182695 403.08156939071915 363.6350167861606 411.6883041747642 0.19741007685661316
324.89553035585817 397.44864139161376 330.28317694022303 404.39854951302317 0.18978770077228546
508.57712038837184 387.8213272947263 515.6627939469602 397.44917269796196 0.16559818387031555
298.53033776611676 484.9711775644756 302.1920024637263 489.7466878395315 0.16505280137062073
423.99383700653664 398.52237212712896 430.80328277057276 407.6601169259361 0.1574600636959076
451.6307051571665 403.36380828083765 457.13006880057026 411.22703190625055 0.1564960479736328
502.56564739871806 385.98070999568534 510.221235674622 396.49784575195673 0.13959038257598877
315.8541427615482 446.4788388831171 324.6009602793674 458.5593438533879 0.13928085565567017
698.3884697757856 454.72124639511765 709.2848341825822 469.0064331151798 0.13772282004356384
508.94526658548034 398.1490771416475 515.2048623324183 406.7457517946568 0.13688072562217712
118.19947704337004 190.83974000552297 198.69338071496267 272.57236627716003 0.13611629605293274
477.10640388836146 386.35640528469753 484.65201009721676 396.751474683011 0.13305926322937012
374.1158016954999 391.77649719341827 383.4859029671303 403.59141403757627 0.13051195442676544
464.7014262150918 404.44286852721933 469.40710240971987 411.36968060621587 0.12860190868377686
382.0633260300588 399.9499021853157 388.0353248645762 408.62108179369164 0.12770631909370422
441.12882008376977 403.9194010664687 447.7106987093804 412.6424794419146 0.12680526077747345
303.0076725318897 393.99851713502153 309.68554102170026 402.2038052800521 0.12568646669387817
470.0585804953996 403.637293570948 477.56705320149206 414.07007539018866 0.12523119151592255
657.4014458529645 20.23902923107587 729.7960433527215 102.18476013796236 0.1251538097858429
340.90603023121656 390.04680774799755 347.17727162441605 398.5035667597835 0.12283943593502045
739.2777047777365 451.12612516057203 748.9820634482975 463.9508813914871 0.12077627331018448
253.44579092032896 402.4630838425473 261.7903004206451 412.88428647125306 0.12076421827077866
477.9148675323796 380.1740616486372 484.8317807279008 389.529237252298 0.12061852961778641
282.0063597449067 393.612862463371 290.9599500141988 405.4451415427717 0.12042458355426788
730.3817953905495 422.27995685163035 734.7358284279877 427.21310850237154 0.11929333955049515
457.96183080355496 19.35401240726882 531.2375774177162 103.24204187658373 0.11867021024227142
604.2891785786218 31.58714162054199 669.1645761779937 115.30389314337839 0.11792442947626114
698.5595109317237 383.0515282635673 718.6317439764349 408.7348309128472 0.11773895472288132
497.931433131507 387.50982075449866 504.3246545504405 396.64707568620923 0.11741398274898529
457.0279874185158 392.61516720786636 462.7027975892276 400.7310444284466 0.11666785925626755
130.59840548572333 473.9675172388977 142.4655095923049 489.85370250987296 0.11643625050783157
308.78155016887996 404.5784186922782 317.1118120545866 415.23073826132537 0.11506340652704239
280.7337338827619 411.8581809488577 287.4284791326987 420.8290552194697 0.11495939642190933
446.534413730561 406.01998694630714 452.3752195394124 414.41816752444277 0.11492562294006348
427.7460395988553 381.5561368173636 435.2777020301028 391.5094797655154 0.11486374586820602
309.5171417189653 399.95425718811885 315.650647481591 408.02233753886145 0.11467260122299194
558.7124938578032 386.04942558765543 570.8088961703138 403.34776991638495 0.11449029296636581
331.6043129165457 427.82720498878064 338.2066303684088 436.4766270328158 0.11354752629995346
304.87539123593183 397.7704513200089 312.7485841948963 407.87295598390983 0.11337438225746155
573.7392466253572 365.95748538667914 588.8757384885648 384.39297414912426 0.11325153708457947
336.25430084388944 420.7364080283074 344.1550479120008 430.5568526881183 0.11266438663005829
468.68979312013244 393.73312550448117 476.3339819160411 404.8798238654692 0.1124943196773529
463.7160379079915 378.01187870943545 470.3419591041541 387.92883310387475 0.11234016716480255
321.04682424145943 401.79688696973074 327.4162679456633 410.0596235620424 0.11232858151197433
338.11600446456214 407.17392137049956 345.2674185467748 416.54809079769143 0.11073414981365204
55.61419066697017 66.99586412733709 273.0463625839721 307.553124241075 0.11035256832838058
465.6869092978752 401.86215707369894 473.1119995904309 412.80679541199544 0.11031850427389145
312.5395270211843 411.53744243807597 319.5585440507411 420.19414161533916 0.10987058281898499
14.26079916492021 463.7360768787216 53.36183618427007 510.8461802578955 0.10969654470682144
283.8428578189408 400.25625720123315 292.24175862181335 411.82000272387273 0.10958722978830338
97.77926357570436 457.31441792529273 108.89496693187552 470.9542268111084 0.10945181548595428
341.4622453166236 403.52492572524335 348.6319160856082 412.9665464808278 0.1094365119934082
368.9293430370401 411.52270980463237 376.1429269861871 421.3060923634564 0.10936878621578217
329.36917857880564 398.6783021737555 335.16264476176 405.84673541899264 0.10866864025592804
367.91936160539774 388.96929747048284 374.64930932654676 398.18203138459216 0.10847962647676468
380.9708905559638 171.68370132396444 469.84490856972496 273.27437529392006 0.10817825049161911
355.39421036487073 395.6303264607014 361.61357451361437 404.2401344981843 0.10811368376016617
483.34448220299623 393.44843967726587 490.95018846085895 404.0379637812476 0.10778605937957764
487.6767411342377 381.1303356261958 495.7306998821783 391.73916970676726 0.10735747218132019
345.55828695456756 394.53324802494245 353.39058915459583 404.6612373268992 0.10734196752309799
525.9623884252759 396.07880215358364 533.2534841051004 406.53863411821715 0.10699301213026047
332.39300717361147 415.34647815910586 339.7632769127179 425.12589358987776 0.10658472776412964
545.7328385121683 396.44475333542493 553.0961118464488 407.2502013849431 0.10626185685396194
331.53435212902156 404.8512854945818 338.79996313758653 414.42877901253337 0.10559175163507462
147.58746902538596 448.7944199919256 162.81509942719674 467.40085279368174 0.10527093708515167
343.8358763913288 412.3756750868004 350.92778922404943 421.5437747018387 0.10487762838602066
295.2657893833639 391.1511843143061 303.7196292924668 401.6167924233546 0.10478797554969788
682.2609325192001 390.1619828181672 695.5590154801627 407.0467626344926 0.10448578000068665
633.8353432244734 346.689456288564 648.6498874351753 371.37278478340863 0.10441824793815613
366.10021905428783 408.27167199225175 372.9891967392862 417.1340103910659 0.1044078916311264
22.167732139548683 321.5944475519555 29.111909838390037 333.5617127641886 0.1043112725019455
444.27069276499685 411.3344305756914 450.5091488110658 419.9263418763279 0.1040448248386383
387.0062933029359 388.1763643477924 396.4384466701465 400.61635183829776 0.10389098525047302
316.67452265102696 402.139251144086 324.18089156656345 411.64871142685695 0.10323065519332886
328.4063141661345 389.76896620205184 337.2142414819841 401.1416909039424 0.10320550203323364
458.61593204456284 410.10314621863927 465.2554570623088 419.52178265289916 0.10316013544797897
250.10392434130634 386.6794201770671 257.387598855479 398.47804418250064 0.10283928364515305
451.5718022515733 391.0802340348464 458.9557858421464 400.737053215548 0.10269687324762344
360.09349166284886 391.0946150986995 367.2588156662005 400.3658050045453 0.10256727039813995
210.99378240090778 323.39165368151316 254.56872509594945 381.9820285799119 0.10213715583086014
346.0964472664767 384.82939730571894 352.9050363335083 394.0253783536093 0.10194868594408035
364.52818639074735 383.75222625682454 372.0890781127667 393.1914225971648 0.10181514173746109
443.89140508524775 397.1112820595571 450.27451950559976 405.70682385753867 0.10175402462482452
501.11986701170895 396.6809142579452 508.0913439304845 406.2144659195262 0.10143016278743744
6.792617723805802 3.9974078217715134 23.791754436046354 27.009545084086497 0.10140581429004669
384.7701438792149 393.4763161325732 393.1809431770054 404.80731849468395 0.1012745350599289
586.6904687244046 113.5104923783922 670.9124596122341 202.71152806471795 0.10117745399475098
317.7084932395576 393.5820617249993 325.3547527503712 402.91886665309755 0.10117734968662262
268.4599922175404 200.20134364353194 629.5433838045367 592.3336493093652 0.10116204619407654
310.7935318077564 381.0545834416875 323.83594083907957 396.69987318894636 0.10112199187278748
452.47456532530083 409.18859286971417 460.08882464961516 419.47892074977227 0.10099848359823227
123.48108631167945 464.5372598708285 135.60423636936613 477.28241342858763 0.10085450857877731
391.25113580288235 397.86287704906704 400.29324879171895 409.5057743158761 0.10077499598264694
476.02621979533205 395.76611484544185 484.88814958714494 408.01684484411464 0.10076115280389786
608.215765840163 368.4846918018812 620.4404213294619 385.48592378054707 0.10067649930715561
619.2185489984281 350.07768851372947 631.6445395289115 371.11488537685324 0.10067106038331985
500.6880779004224 375.9322348157421 508.62423970650417 386.1893314620499 0.10050656646490097
438.35539928169726 387.59476739154786 445.3960380574036 396.9999327612552 0.10050266981124878
475.4523581227476 405.5420394556013 483.29662827067193 416.32321432302945 0.10038405656814575
618.1208333644728 367.1487626978903 631.3134758606648 388.7061036861149 0.10031212866306305
449.7332580831449 411.2499863989011 456.5820859340797 420.8746195337224 0.0999593660235405
438.6663149574226 411.94874038899576 446.2273644336182 422.35289421109286 0.09985171258449554
333.22519325923224 389.6605062644995 341.730991515995 400.3176429600545 0.0996832549571991
419.11405677683723 406.5408808442948 425.7834130257097 415.78555677291865 0.09950750321149826
485.1205769447957 401.2537399517239 493.57726904628066 412.38106291124683 0.09945423901081085
522.5593321425345 362.8886497348327 551.8489449175718 400.4135404062133 0.09935503453016281
706.0004478832824 420.6211609947654 721.5351999336073 440.13050144481474 0.09921979159116745
331.85155528185015 398.4384411847821 339.212709147279 408.7250259846045 0.09910237789154053
331.4025190001801 421.3165345327067 344.56631515859493 437.85413066453384 0.09893149137496948
328.0021596240049 379.3127668850324 338.2346995302103 391.81659585231705 0.09883043169975281
336.41675609389836 399.17644596543397 343.425801794642 408.0322315916016 0.09878973662853241
350.45087557960073 384.42696625928846 358.92971154233055 395.63193422530946 0.09823478758335114
449.6225257691941 396.84768368756625 456.2389287476664 406.16386371600345 0.09822646528482437
355.66854749794317 382.75215925003846 366.5259300290589 396.2060542677695 0.09819909930229187
445.23782809179767 387.94120474085787 452.9458432002042 398.11389662602176 0.09812582284212112
710.368437522508 404.50175736723406 723.1362744196275 420.7098322581413 0.09811729937791824
456.2125490393362 382.8620998015841 464.0980441377235 393.20686648690327 0.09808864444494247
108.35258174197108 477.96248296373386 121.00401750831215 490.83949712794407 0.09807664901018143
308.04030901843055 390.24264058840316 316.40913158401673 400.1330685518117 0.0980648547410965
358.7910066344711 411.68070401471317 367.9929310338531 424.06045283914966 0.09790893644094467
370.8454860445883 362.9509133676212 377.83174303166646 372.03182530819544 0.09772268682718277
421.8163257354679 387.65776445285366 428.50780958605657 397.08353022949444 0.09765841066837311
671.1651362627134 64.39642449233867 695.0991117567955 93.14180060194502 0.09745807200670242
455.4957201359605 402.9942484107625 460.3781952146249 409.67107843982365 0.09721516072750092
483.518373901318 411.1397521579826 493.4146167953802 424.5446638578961 0.09718339890241623
690.7165638995231 429.37999984555444 703.9974488012749 446.2973753379753 0.0971619188785553
530.9859478097632 408.59356587264546 539.1828255213919 420.6653497169397 0.09704072028398514
409.79647288128916 404.91992097565304 417.48322852754353 415.43288763508514 0.09700073301792145
492.677215109535 403.2871340040512 502.22532999273767 415.5977505168496 0.0969349667429924
539.2420776073333 408.5791974193793 547.0384678385883 419.56493151989935 0.09693064540624619
324.4723637788048 407.3888711179412 332.3051902538892 417.58519609508 0.0968703031539917
275.59275853983485 402.8860004225307 283.53882151148946 413.7474918047676 0.09681640565395355
271.74812924603236 403.881790125472 278.4615232357363 412.7748412473184 0.0966014415025711
343.65388685528364 421.6388336242256 351.6605878703302 432.0863049503695 0.09652441740036011
601.3914875754178 365.61771201980423 632.237340524432 407.49459023916336 0.09650791436433792
46.57365085827076 230.88039122989824 282.01862618584516 518.1274992505079 0.09643828123807907
322.270086042639 416.11650676434533 331.07775957886145 427.89648068975697 0.096403107047081
290.73410543910313 399.38768550690105 298.7078450555381 409.8327960144625 0.09637568891048431
312.97296487187083 415.7809112209012 319.7292580182156 424.57399012452123 0.09628889709711075
538.7079423007934 397.88802279827905 544.5740121881062 406.0330293225758 0.09626113623380661
737.1349688106062 425.3471371670691 747.3157462547715 438.0329502377299 0.09609546512365341
352.5829331967348 373.8211371752768 363.25911455892685 387.38405739471796 0.09600446373224258
490.86345245566923 377.10877061154923 497.3884687155735 384.9430262774489 0.09578558802604675
714.3831337014368 439.5656639954579 726.0527658309177 454.2108029305999 0.09565352648496628
326.6988743978919 421.8899432527563 334.6079522027907 432.2367439364692 0.09559381753206253
513.5292105019777 384.1644822329547 521.1364642456743 394.492742605881 0.0953427329659462
535.4278384686821 401.83740198079306 543.1397928672743 412.6543984606329 0.09528414905071259
338.2814771478028 395.9171869321953 343.2858483828779 402.54267718631087 0.09526337683200836
122.69209769582086 448.2482019166221 133.78697377014464 460.8181495642587 0.0952216163277626
433.1131255441967 410.6649689161551 440.0870109485033 420.23971653765057 0.09522020816802979
427.9492836770936 406.70397686468874 434.79949051717324 416.24465907697385 0.09498687088489532
317.70300348169565 375.4868830227289 329.13305867214115 390.13829829084284 0.09497913718223572
312.8520365487882 430.95686566380243 321.33678913462415 443.3285456502009 0.09494076669216156
696.8448090780137 368.4270175098273 711.9900020115094 386.62384354830465 0.09487029910087585
424.214767747656 390.62555009649674 431.2117734889256 399.79704774374335 0.09485650062561035
353.1424852499161 412.66191364855575 361.198616459405 423.51518216019696 0.09483861923217773
431.2354286106537 391.8998776176818 437.6833130749762 400.61683695218136 0.09472348541021347
366.2068902534673 421.5827495609409 376.54419840096296 435.22509434620224 0.09459668397903442
289.50003237162616 406.88914473323734 297.4010748266674 417.6515015555454 0.09457020461559296
383.4957169127392 407.0791173958446 390.9370003612685 417.06709985770163 0.09454119950532913
679.3230219221601 442.930313924714 690.9368844220041 456.43706401003476 0.0943838506937027
470.2890578670692 377.49843137176464 478.33659826298765 388.32501308042504 0.09429223090410233
106.68033555228789 464.884934419853 117.78309743498869 476.97964348421254 0.09426987916231155
660.2230408578151 453.76033350286906 678.9088194917476 473.5363949648435 0.09384160488843918
559.5873976525198 370.7187849100724 572.7667565290515 387.22946370006815 0.09382419288158417
280.385372676773 363.6354046405534 304.80830717157465 397.03803075153456 0.09374292194843292
646.7334517886767 11.315646413888311 676.2279164493742 50.102547450288505 0.09371886402368546
540.754002914925 405.48226300279197 547.4982975787505 414.06732770657766 0.09370410442352295
370.3203990204006 377.219510969777 381.22277702373293 390.28195699920525 0.0936371460556984
429.86649372567723 399.78884518861264 435.3903150542578 407.51269965608213 0.09359350055456161
100.44257880200044 476.52567014040005 111.05538493888275 487.2720525475295 0.09349444508552551
717.3865626417098 431.31673027503086 725.9148756667097 442.16421012798196 0.09325036406517029
533.1316398693075 391.0628620635219 539.6405950625226 399.9722178705845 0.09322179108858109
303.73968381414926 412.7154023452905 312.7045012903246 424.63341517582614 0.0931803435087204
439.75036997839413 396.157976097076 445.668867342158 404.1965950233833 0.09299798309803009
507.3987739923788 403.283799032811 515.3921801430512 414.82415402622826 0.09285260736942291
394.81469395998755 405.64197459327016 405.00327268493294 418.39651741753715 0.09282095730304718
960.6543640720367 217.27437795515345 977.4466057799701 236.44445864995077 0.09279921650886536
465.16192699223694 412.93399121041926 471.7622784681768 422.6057711706553 0.09265410155057907
394.2406783320334 414.0700704344812 406.83934860762247 430.9830671329533 0.09262178838253021
687.4240958422666 452.978784551554 698.0381001700455 466.28999043118773 0.09259174019098282
414.83607984936447 387.23978161121585 422.26360091516995 397.27601066065074 0.09251372516155243
441.75815495757405 432.48783405543236 448.24441828189987 442.0521074855032 0.09251202642917633
364.6529802176504 393.55444154781685 371.36147214920004 402.3269417060108 0.09239114820957184
396.89612640106077 372.86054840008256 405.25503527553604 383.69002694609276 0.09231635928153992
101.85891008500553 442.3868619039891 121.39815303560894 460.1064275910286 0.09220626205205917
727.2128061689675 436.7440909382621 740.8090549895084 452.35632731349875 0.09211266040802002
733.1178227929312 427.78172418880564 741.4578831208831 437.8681988989253 0.09204395860433578
529.4506534296694 386.74265824722534 535.841273982363 395.4602124178634 0.09202078729867935
236.28370691569305 399.5843974680128 245.06814924850877 412.72318130633295 0.0919966846704483
117.95914332855375 474.54072444739336 128.3558273980179 486.2968548668807 0.09177244454622269
497.00645658105077 377.8507649191063 504.9279647330216 387.1279762632805 0.09174436330795288
345.84361581287965 368.18009386066166 358.6440773350607 384.2768343644758 0.09173768758773804
535.6844571779354 363.2385284794085 545.8041189206333 377.32168202912067 0.09169202297925949
526.0503268469315 416.7776922134532 533.3547448249492 426.7065209213302 0.0914670005440712
318.62392721840666 437.0066833337379 326.70107860569095 447.7035868937352 0.09144925326108932
735.3134973532436 399.3407326980051 748.4825650782085 415.7960598922728 0.09127846360206604
298.8488530595854 378.0027349035338 309.8259601880472 391.15925719767023 0.09125591069459915
272.54143916708324 392.484699808588 281.1227024842343 404.63111783377246 0.09118931740522385
338.33710673865573 430.69013530922524 346.74655261383754 441.3137547264429 0.09097393602132797
430.9270631142896 432.07204427424614 438.6803217823603 443.1198153250277 0.09094845503568649
371.90178523276 405.69770942478453 377.12042394987134 413.1094122421179 0.09091728925704956
601.3163175260579 88.9220795693166 653.6901994813543 151.88559374661233 0.09088513255119324
293.2902225586607 411.4555256993177 302.4156957335165 423.44799180459273 0.09083269536495209
244.54348060602726 403.2358727092951 251.1164726150039 412.86531331095836 0.09080655872821808
499.09399558279534 403.92635876192 506.2850190893605 412.95406361627175 0.09072789549827576
694.6820170589499 442.8840571277262 704.9052016041255 456.6126841501463 0.09055958688259125
284.7416861654782 384.2512159730353 294.0762420673764 396.52436966521344 0.0904860571026802
498.93637551249446 409.13205730783534 508.7861821650601 422.3131163897868 0.0904359444975853
320.48587882956787 427.2254057423301 329.9837174681731 439.89284400266376 0.09035751223564148
523.4016181167483 383.84569024193905 530.152528302619 393.034595893526 0.09035556763410568
391.4072962045592 356.13044282381315 397.06175602351277 365.12401539954556 0.09027636796236038
599.3631358978156 346.26170712010304 616.6043587750422 368.9606534195247 0.09022419154644012
337.1798852318731 374.7523712525355 347.6120387700001 388.05388401396453 0.09022226184606552
316.9674161328378 418.2557444143382 325.18111731321665 429.3974484551754 0.09007704257965088
327.32680024983813 410.62640279536333 335.6294302166319 422.1251589630389 0.08995133638381958
764.2856175220874 397.0096682122275 777.023508086502 413.99031733549253 0.08989798277616501
664.3281042750201 444.3738226563699 675.7340397980527 456.5047464245628 0.0898926854133606
430.6208798995536 410.0821214969029 437.2295260385054 419.6410278464216 0.08982435613870621
705.1991834568167 401.61446471082866 716.0723726563444 414.89530747915717 0.08982311934232712
447.25720739754206 416.05822193757825 454.9109111758249 426.55560925752695 0.08979902416467667
405.47414080326405 433.0549124630297 412.517430773169 442.95173812784907 0.08977597206830978
385.76530671860746 421.38365111732475 394.026910615546 432.4725369790804 0.08976463228464127
351.1771568480488 424.55710807618107 360.80474683317385 437.00265122203643 0.08968625962734222
377.8631403168135 379.4176426980968 387.42329817659544 391.41685423389055 0.08965720981359482
454.8957560807223 375.3740129666558 464.391613379208 387.2647751659101 0.08958138525485992
253.1095980444451 366.841191457434 272.2099967715633 393.87623972756205 0.08950868248939514
484.1091482219875 373.3742827033109 491.24325162442665 382.8666957290079 0.08942826837301254
290.50983194201467 378.1966055930208 300.1690507012712 390.5374364207427 0.089421845972538
699.6920292517293 385.66345752557464 711.3416080086918 400.0673580385446 0.08926962316036224
720.0867563511584 391.2023213073528 736.3273494928446 411.3436310621491 0.0891721099615097
340.8006376826067 443.0413997916535 350.1578302605588 455.8057446273807 0.0891708955168724
406.53001245124153 395.91474927985206 414.84413410613774 406.83285967444505 0.08916259557008743
511.69164472179295 406.6765121998998 520.2408138468667 419.0047685079432 0.08915738016366959
129.6603723510118 455.663951512413 141.12449527348835 467.721114392192 0.08900372684001923
511.780897189326 370.5064041218017 520.7115967094683 382.7364870960177 0.08887997269630432
308.6226145387142 419.7038164448039 317.579961594498 432.08295426244143 0.08882341533899307
935.1089434223013 216.98698740113124 946.248442917285 232.0752953936744 0.08880453556776047
388.86182162884614 406.67859205742224 397.9240362905364 418.0326787458995 0.08858650177717209
327.7071726923702 367.01220138904296 344.11410561806395 386.79507471701476 0.08846358954906464
302.4210065980233 429.6497883084215 312.4320103509387 443.72792263892154 0.088410384953022
939.7083839228671 31.560607338848136 968.5560730422634 75.50533728411571 0.088377445936203
668.4417100470822 345.8360664442537 689.1861504334978 373.66735929717925 0.08834955096244812
284.51857681357734 442.8734677115741 289.14623207002694 449.5149225566075 0.0883123055100441
380.05497139314355 390.44605605508485 387.0825432837936 400.704605477133 0.08830518275499344
539.4770047950747 385.8569880860569 547.6137079782308 397.3743786576581 0.0882866382598877
289.6891395653555 373.73052052883327 297.4099060138017 383.95644383492925 0.08823083341121674
290.8273610336404 391.28950349154496 297.897322268406 400.2828057261364 0.0881575345993042
253.82727309412127 391.08109609524547 262.82496206666383 403.81764556585046 0.08806112408638
725.3361549843037 451.9391322332026 743.3905122258984 474.3215300593379 0.08801715075969696
419.35746770860914 415.5585061984878 426.8753440698085 426.3287093155389 0.088016077876091
918.5267851259784 226.44217758975316 931.778595225168 244.97989546292953 0.08794243633747101
775.8885389325382 418.69311859486123 787.5482016648232 435.7337459094032 0.08788683265447617
242.8971626179586 373.56394604179496 252.07813545752768 387.317710567374 0.08787601441144943
425.7521294044215 413.58924895676745 433.3558124424849 423.9121319531491 0.08776791393756866
534.343729087163 419.2752831677573 542.9522505215318 431.4450154659272 0.08770754188299179
498.863680175925 420.40336922882676 506.86742702579147 430.82457360908955 0.08766596019268036
252.7783461942013 447.94190033063575 258.4845673715196 454.8490176177765 0.0875469446182251
325.2643943367189 434.98086005598293 333.42119719484464 445.84751302027666 0.08753234148025513
906.3854952532126 233.04769044862752 918.9625705733332 252.89417420053874 0.08750960230827332
456.8078451821892 368.03720081457783 466.6228277181972 380.36642497388806 0.08748922497034073
310.5615513965262 442.14405061532284 318.1137580723862 453.0539108464296 0.08737226575613022
718.5553743238981 410.9791293848599 734.6259654833497 430.62515737039365 0.08734960854053497
546.1432400290979 364.63031895801777 558.8347943608643 382.27105172260406 0.0873010903596878
400.4478637896616 399.10071837432594 408.9119364603802 410.03109767498603 0.08721792697906494
161.1801369056454 390.2363379797163 186.12066524742812 433.6840482345375 0.08715633302927017
725.5123998942273 415.38047961265374 733.730013821826 424.6905387867539 0.08714791387319565
676.6161597257066 427.57812614621395 690.5150253795902 445.5861502007404 0.08709754794836044
550.8945072863744 385.7612439769043 560.0581801257359 400.1024492693538 0.0870385393500328
99.67443679006868 452.49332687402256 106.93912995840715 459.95444685077837 0.08698584139347076
71.04443695531239 444.3749926993506 95.7677558216674 466.0215221215134 0.08692813664674759
271.7316308725642 412.33393633057926 280.6728849912955 424.41041054221824 0.08685236424207687
465.0087672902846 421.2390674444217 473.42677184571943 433.53544539408466 0.08684615790843964
587.6355279542814 350.1497343283786 600.0498550717862 366.0035000536597 0.08670426905155182
595.1640192449975 370.8796528047644 606.7797759638827 386.4754250314235 0.08645466715097427
253.96064907283454 410.77243059271916 263.0492993506029 422.3775156372063 0.08642060309648514
445.293684384552 442.5780306045711 450.8385282502927 449.94975390820844 0.08638715744018555
218.2793156144277 357.96575131665907 245.59380865325744 401.02934811328316 0.08636767417192459
428.67005392617534 419.4486542052981 435.86338068298386 429.8164819388199 0.08625978231430054
508.0704352165107 376.09241423247266 511.52860411702125 380.8541084383604 0.08625312149524689
694.4422211489294 360.58376269073636 743.449345618923 420.83679334193954 0.08624338358640671
717.5457675720098 378.43306812041163 730.6132936353661 395.36373708310896 0.08621661365032196
370.4625623980087 371.49398640843464 379.06762715281263 382.6990004431739 0.08618031442165375
296.1219889870573 424.07932280629194 305.23951524476564 437.0455793227567 0.08605217933654785
322.8972301211723 386.0975884052855 330.9329900675732 395.8250178821856 0.08604137599468231
566.1578194965158 390.3269397983957 582.8111265753621 412.0544087855328 0.08593492209911346
723.4599853909103 409.32794063820955 730.351820212398 417.83365316510736 0.0858471468091011
517.3760735077393 422.587774848223 525.8054748405609 434.2534212842018 0.08581344038248062
436.1283838186015 422.65689245773314 444.44636565604793 435.1704973047965 0.08572643250226974
380.3124932519322 429.4302995036053 388.6213326490648 440.65760241207136 0.08566146343946457
358.95334694920143 421.24736960282905 368.0221201750325 433.84953409954187 0.08558578789234161
385.49419330051415 374.69245584244027 396.4001001727525 388.4800904155862 0.08556090295314789
689.931142743177 404.8245492616131 712.1061123473133 432.858866641054 0.08552256226539612
88.19264335761002 481.3184941256432 100.77490107536306 494.246457955942 0.08546383678913116
689.5626141136173 352.98801387214 707.6182912738793 376.56779261635484 0.08545642346143723
92.70723579354903 324.0777928730085 149.63109768482187 398.98928279599437 0.08536013960838318
748.8178380281298 389.9608884155712 768.0276522155654 413.88920511570404 0.0853290781378746
234.26942489936434 388.399945363082 241.99154824958572 399.8999881931941 0.08530523627996445
703.4354149128778 434.5633355861752 712.7829380817541 446.9774988191163 0.08516454696655273
926.9373938253566 240.42507308785883 935.1327366071343 252.4063946506026 0.08515764772891998
572.4223220978456 362.43718443985347 582.0953674150554 373.9675959087427 0.08507512509822845
693.7711343483452 389.9908993671741 702.8575287761979 403.1177239457304 0.08505766838788986
280.7586507837907 422.46141042485687 292.16506256877403 438.89727229633786 0.0849991887807846
742.7529556925977 429.444298924581 756.0326886230501 445.8485331931302 0.08498246967792511
622.5389461503001 -1.333850646309003 660.1872306838046 43.43910705533207 0.08487366884946823
227.5189540753772 385.80401036579735 246.4471860720591 412.4864626627614 0.08474580198526382
286.3155943151867 415.24229314242103 294.65452951306077 426.53827316864323 0.0847257450222969
449.37973198286113 379.91779139905844 457.3692333717707 390.9311850828136 0.08469310402870178
524.6775262019828 364.00751992924467 534.6338268351134 378.27363295463397 0.08451951295137405
382.2627751584779 369.76329238774014 390.38334414218417 380.13561226982887 0.08438596874475479
715.3607213490261 420.06686756292186 725.0016667348772 432.2020575200212 0.08433126658201218
240.01958337152683 350.67405782153196 249.77784003131282 365.27239975348925 0.08431477099657059
142.21577160447853 466.44069372521716 157.04543946887344 483.9991060804219 0.08427503705024719
664.1266451227176 21.151632067712164 695.2146094173464 61.02806347014937 0.08427255600690842
408.79634022614823 387.14011103194787 417.08203187165844 398.3320144073715 0.08425989747047424
362.4593947504082 375.74326069394704 369.84234226032464 385.45589123486894 0.08421178162097931
476.61660677233823 364.93364450174613 487.9036846380229 379.3052700453698 0.08419973403215408
416.2104143396029 436.6462814318284 422.15713790222037 445.4079846633056 0.08410600572824478
558.3612834185898 360.2851375259743 571.1370450162105 375.9621190550234 0.083992138504982
719.6671660170573 372.23642202627656 743.8103783063734 402.6807418586668 0.08396059274673462
952.0593230081116 215.84756408615357 957.6538494749806 223.95743457765238 0.08395814150571823
745.2046888820889 403.2515551849548 753.2982238991036 414.20694726671354 0.08384265005588531
455.86126783572405 418.3716025575462 464.1351699272106 429.88247775489623 0.0837768167257309
584.0501789038107 406.97732895427185 603.4490632596833 431.75010340303135 0.08369099348783493
423.35159269993613 411.3951104473665 429.70399925575754 420.0866541237793 0.0836520567536354
392.24119948563305 435.00942474187235 399.11261155896926 444.5667508321444 0.08364943414926529
470.430782767526 356.4592373721548 481.1554078256198 369.3791785725708 0.08356214314699173
752.5912491907839 441.3315585159521 768.3715488897426 461.7942187975197 0.08346836268901825
311.8957168899093 376.08485881021005 369.1564933675906 447.66555160606686 0.08344722539186478
362.06202843072003 437.3590731778527 369.07001505349655 446.6638035056872 0.08339443057775497
934.9627650425294 247.17495881912362 949.4852146923799 266.4629045869481 0.08339079469442368
491.98681718672725 360.6387549602357 506.8114233734443 379.4642859468147 0.08329173177480698
375.0235030399526 413.6567410964571 384.7505347166139 426.63810561327847 0.08327299356460571
785.3048915763623 392.86010244943276 795.4651111924834 407.6030273648591 0.08326591551303864
412.1162385158167 418.02729821498355 419.6616202121041 428.8006975385126 0.08326258510351181
344.2255556190668 364.3748136480694 351.74151307410216 374.54906782075466 0.08324296772480011
626.8420593349077 348.83288539117586 640.8259387900249 371.6021163414407 0.08320799469947815
479.16576427194303 339.5905180220928 507.0762368524524 371.66435928723297 0.08319049328565598
323.457472647281 444.65120255335046 331.65586667515925 455.8789114051206 0.08318915963172913
441.51903841137505 379.63802620262487 449.24470436570414 390.1848878195648 0.08312350511550903
406.3742380282125 410.71384551365895 413.9185332359862 420.4067680452115 0.08310893177986145
691.1683642067549 370.81256730073966 700.2484462971225 383.87209635194597 0.08306955546140671
448.5795920606759 433.96898984057304 456.461616697407 445.2528482800167 0.08305048942565918
471.91284975196976 416.4299304759409 480.54221768366364 428.3862106523533 0.08300752192735672
295.9730563182609 383.48984180467505 304.2079216574793 393.15538659713167 0.08298661559820175
98.16639914741462 343.5403799571681 118.74819228130697 371.5728412610821 0.08293857425451279
247.73499865927536 399.63436709392244 255.4497267053511 411.1675343064852 0.08288642764091492
424.65497792741076 437.5337630373853 431.16790818467234 446.8573002397829 0.08288473635911942
347.1425875323891 433.3988008346682 356.6218561112962 445.94619493263394 0.08283928781747818
914.5902198010099 253.51876026383243 928.4138840635846 268.89381189603466 0.08265282958745956
564.7947690149037 331.9682341803711 611.745276951465 390.9889510924435 0.08263710886240005
545.6214910783766 408.36647717238935 553.6635452736996 420.40229579284687 0.08255210518836975
733.6095814900377 411.93728963646566 742.4677208601862 422.8247448141902 0.08249031752347946
329.9863844469087 377.1328152036401 335.4378269438464 384.0176831269479 0.0823717787861824
467.4616680560727 430.0875935294714 475.60338958611527 441.195167127452 0.08235257118940353
457.12770322428736 368.0882371622093 512.85305799875 437.94478245371954 0.08235068619251251
375.0575246375753 421.27237186057147 384.45515443200986 433.9763154168901 0.0821952223777771
369.1227576689812 436.87353217299034 377.14725666198393 446.8342516190095 0.08219399303197861
295.63051269659604 443.87598867655595 302.6535018128605 454.19197771375343 0.08215311914682388
427.79694988002785 375.6392645393387 453.01883402691254 409.20662036489796 0.08204318583011627
176.45993468845714 378.1553363616058 208.23021384507888 425.5102558331053 0.0819849893450737
524.0017199977679 418.3597704136554 539.8444860824741 440.2690986052742 0.0819784626364708
420.765104979964 433.51585835015567 427.5734335836846 443.5232932915948 0.08194278180599213
737.6022154471525 390.41202155638115 757.3653252122298 414.4011607862018 0.08192654699087143
546.8572777239283 412.19375093273004 572.2950746607853 446.86206569965793 0.0819210633635521
241.27581747758188 391.01494957876247 248.77812187519262 402.75994461529297 0.08189930021762848
678.9656931353143 464.3857948979817 690.3178139815977 478.36385734510094 0.08186519891023636
89.24597100511757 425.5681982792576 113.67725198625297 448.7961159560209 0.08176621049642563
376.7409107118076 364.05323096100943 384.9191707959948 375.3136622302865 0.0817660316824913
504.94914524099147 416.4037454506039 514.243087876892 429.6799823039227 0.08166278898715973
282.74225811087297 379.20431479640945 328.92285312287447 435.2689084133921 0.08163829892873764
331.5177087123982 437.1832365697807 341.18457655683324 450.03357985734306 0.08160625398159027
497.27272732047606 432.08119471661195 504.39361382946765 441.2108715934355 0.08154478669166565
331.2926953706461 423.6688255197643 377.5144393658552 480.2990043378491 0.08149775862693787
677.4319348605595 404.65715165081673 690.4150770601153 421.3065329683723 0.0814858004450798
464.1281530063238 363.45121643578324 474.22703644412917 376.261332850709 0.08140714466571808
265.80279799731335 350.0681172618211 281.9562626099764 372.0566522757605 0.0813467726111412
406.8806580039549 442.21325759588075 413.3656030875207 451.33262507568537 0.08130276948213577
503.3925423624219 435.9393762950095 510.3940101743637 445.6742697884446 0.08129112422466278
617.755622330446 309.8431057749719 649.081504037248 345.14666995190794 0.08128673583269119
485.1864145430186 424.23338299121065 492.17188390205433 433.3540963062124 0.08122081309556961
718.9672882499375 44.99522704584316 748.5184820063918 77.11324080304665 0.08111400902271271
346.86463324242214 352.1845407453122 357.9171898519923 366.7938904294075 0.0811004787683487
709.9900748455079 382.6207044162807 719.6290573371741 397.38468317456346 0.08109784871339798
464.460981403323 408.80991740653036 485.3958522149111 438.7545576541119 0.08106804639101028
771.1247936474208 408.1068162346348 788.142014241092 431.0292022710484 0.08105525374412537
240.59277998854614 449.81773166701475 247.22950913602293 459.19078626182994 0.08105282485485077
113.70271581147493 265.5100828183397 171.1624251710159 331.51743869634015 0.08104357868432999
420.76637948594475 451.16425838203685 426.83378767113095 459.18405320054376 0.08092059940099716
347.42100508007996 417.5551053043937 357.16215474938343 430.7765511191978 0.08080973476171494
749.6681156173639 421.7547942319085 761.487406864771 436.60476787219994 0.08072572946548462
140.75457123633132 428.24041188312947 195.4039433618861 504.873276728748 0.08072446286678314
232.78299755967794 337.82456876496315 239.8617040862373 347.3977181122 0.08069412410259247
367.375072036694 370.50622554684577 373.0094186924728 378.3567940942531 0.08069191873073578
488.1305150495226 432.081344354442 494.778077269198 440.8735085844274 0.08066653460264206
553.448752631862 411.3534152206105 566.7765289120281 428.98141361902395 0.08059804886579514
239.9345858492717 380.6521466421161 247.72381737067772 392.749243944454 0.08059617877006531
428.6329143511167 442.9850484200521 435.054882496265 451.7204627856111 0.08047883957624435
491.0892957330961 421.3286383238857 499.0768404007317 432.1380664099676 0.08045357465744019
441.2810759134677 421.2952818891905 450.022270744165 433.9794257842976 0.08044882118701935
380.50730960600794 410.84902045707923 390.20712636190143 424.3111244651898 0.08043871819972992
713.9099191981521 395.499513649689 723.74700328826 409.0379734968528 0.08041450381278992
396.2152612487384 443.08412254340027 402.4750696201215 451.6056741731182 0.08038733154535294
364.5734959551667 338.98668213533034 402.441802947391 387.38913947461356 0.08025895804166794
278.19309395341566 434.01617065769017 285.73638543142687 444.6618366357508 0.08024845272302628
517.2673580005254 362.4597628085152 525.7014626361685 374.1863134351967 0.0801873579621315
229.1988617567953 344.5015552044356 241.50061086127673 362.62593277651536 0.08017026633024216
398.8627073459065 434.70993858478124 405.78428369683184 444.52013964254996 0.08014722913503647
263.5965967284215 404.29511362165016 273.2839576402215 416.8909448586752 0.08002342283725739
560.4536554174216 399.7801178830193 582.8834286778219 429.38258460940006 0.07992787659168243
985.183815478227 227.30784404480434 997.1634942032128 240.7660952627377 0.07992131263017654
255.91745619481952 400.51648548882497 299.6365508231261 462.68794029964846 0.07987641543149948
406.45446869413337 360.9309740890976 443.1355685100014 405.61244904492895 0.07978011667728424
402.9745624204724 421.9530943194508 411.92773357061986 434.2805195099467 0.07960047572851181
499.48987795539125 362.3367321756874 527.4001177094332 401.9651256127348 0.07959870994091034
404.73461896805156 378.6489494363369 413.658215398854 390.47628579460326 0.07934940606355667
395.11715011201 357.48035274582327 402.6942285071047 369.5636357557006 0.07929954677820206
331.3479238108263 357.79786271236685 342.4976119766548 372.55396795891124 0.07928787171840668
297.8896312344238 432.39485123484974 305.81225836662026 444.40489281539317 0.07926636934280396
274.7856331700464 372.2691202489526 283.9140661269837 385.810753298947 0.07924707233905792
306.2351257688985 373.47879382454454 316.0470490135222 385.7167586807959 0.07922990620136261
312.24073036472464 364.5932214267232 323.6436172040314 379.9479041211454 0.07917515933513641
946.735420044439 234.52591404719135 964.658438782143 259.56363050655295 0.07909633964300156
438.44304573224855 443.6341798371118 445.3374937445428 453.00521086350346 0.07906977087259293
523.2190770429693 429.6820542036864 530.1717829450002 439.22794081294313 0.0790567547082901
387.4059662728426 434.28017920618396 394.2131531248256 443.6445321369265 0.079041987657547
587.3584098387205 399.0871011972777 624.1639274734183 448.36826086706 0.07895836979150772
250.60649429460358 353.73073724417435 260.8023601005093 366.6651251921186 0.07893052697181702
303.09766962175564 445.2862008198118 310.075488668355 454.91969841117105 0.07891794294118881
316.8024483281227 349.69065187219485 329.8990469994355 366.80393647906175 0.07890702784061432
650.3677203521784 321.6208852128103 674.5312481030526 351.7136866437509 0.07889891415834427
643.773465960959 281.9998844435913 681.4402326665293 328.6993677820798 0.0788855031132698
259.94421963411577 355.60075020916804 268.45769319954945 366.1523741484512 0.07881893962621689
287.3738312357278 330.37777234789377 323.2269707921896 373.00607757495277 0.07881094515323639
386.7917386061509 362.1591029881872 396.7942606521579 376.57066901102763 0.07880909740924835
366.3977036155107 430.8353230176604 373.84904093829766 440.69978996468694 0.07875318080186844
738.6825684442975 416.462859452964 752.7159851693945 433.8799152729457 0.07867946475744247
509.92219139148926 421.51403654946444 519.5193340404534 435.44858143870675 0.07848484069108963
588.0170468192634 356.680797149829 613.0556895499809 390.7843679073663 0.07839109003543854
354.3054364945575 362.9616974599385 364.1706680399687 375.7078781906512 0.07837289571762085
572.8584156304449 382.6184289165127 586.1473078733451 399.64559906222814 0.0783567801117897
444.9060115807898 372.28697350856754 453.70006930456873 384.2330094231282 0.07833973318338394
277.5952734241892 395.21211555414715 284.194852111929 405.39293459331975 0.0783170834183693
231.8314022093179 415.51607214591763 272.8014873872753 473.44175286657395 0.07815466821193695
538.6824578400273 433.5750124787841 547.2552934129467 447.1692225201007 0.07809270173311234
283.56546409052066 443.70846228516245 294.6943205188294 459.92155371444414 0.07807187736034393
739.7747405470524 364.19051251502344 768.3407587809396 401.2501550063111 0.07803864032030106
747.6681488652539 345.7967150157097 779.9317975957131 385.42059734286096 0.07798687368631363
320.7821766491963 454.7115556968083 328.72305343344163 465.2519425983289 0.07797706872224808
452.7088919733864 365.4329783430025 481.55777666663425 402.05170155901334 0.0779225081205368
687.5571307308373 371.7525433600632 697.9082219177443 386.6737415991367 0.0778094083070755
87.55815510963997 482.62206061043605 144.07458605027617 551.1293751022541 0.07777293026447296
288.9888720466561 430.4717477206307 297.9566726239855 443.46278694907136 0.07771757245063782
373.551750378031 430.2522034312639 381.163382045518 440.267267763843 0.07770345360040665
232.02405615104354 413.5905110707676 244.0805148490253 432.2382560893094 0.07758191972970963
538.951017567892 334.8798967711534 563.7182782383717 367.1408130914939 0.0775284543633461
357.9904660257438 351.7064160698303 369.38979657502716 366.76692403781203 0.07749488204717636
458.29076512931294 359.521994836266 468.0777988175137 370.81436710679833 0.07743465155363083
268.3715741623567 422.30944466635947 277.67258116214794 435.5219743515825 0.07740646600723267
774.4316795494882 366.13565866897255 805.4542161337863 409.0261179687835 0.0773513987660408
617.838688641185 388.14823185237043 628.9888644735396 404.89471255957733 0.07719480246305466
581.6417077423706 362.2494020191685 593.4962389050572 375.86509080758924 0.07708514481782913
482.37207660496375 430.4273334117251 488.9515019581933 439.11399894448937 0.07702949643135071
106.62964118865256 264.1187430279899 127.18463056497379 291.08474136100557 0.07701163738965988
374.3416014317957 402.416976097498 398.39177718197783 435.5156394653469 0.07700739055871964
359.0409745932249 428.9894131855786 368.6861140323923 441.7813378389052 0.07699213922023773
450.31356475893784 425.63000818209747 458.02774056848085 436.9572093502996 0.07697011530399323
253.51408363054347 306.89553950722944 293.2920920606388 358.1174259421853 0.07692815363407135
241.29126582254253 409.11086829687054 249.25503525549124 420.82705141016544 0.07690554112195969
412.3977871434013 464.3655254095132 419.81667678403977 475.9065633647831 0.07686937600374222
740.4735005122271 402.6068392435938 775.3209436334997 445.0004898533098 0.07685082405805588
618.2144848252815 399.4537437907081 637.5052003671432 425.8527341123638 0.0767742246389389
246.5640810284457 364.48498596362754 254.50612694586493 376.47686788626237 0.07669717073440552
491.70699726898613 435.16469796482744 498.90286791486466 444.68360404347266 0.07661835849285126
282.87886183751795 371.75813129407237 291.8837886140081 383.9648375442344 0.07659940421581268
410.02715038083096 380.13899721887 418.4381738107764 391.01565186870346 0.07640355825424194
700.1451559840261 353.9651040444477 709.663988027544 365.672642464854 0.07634084671735764
291.1511401711512 429.9019461125395 333.1144807859419 484.91393523823183 0.07632739841938019
485.9044351315991 437.73979375044667 493.10986988257855 447.30679346799707 0.07630642503499985
521.405045608554 308.5052934529893 572.4112108309732 364.32633082711317 0.07613128423690796
436.5228390679036 378.6238712525441 443.7097949674896 388.40406610697437 0.07608845829963684
251.13029628121626 348.29000872996795 265.88210765704184 368.45714871223356 0.07605128735303879
552.988100966912 375.91718531498645 561.5843599345753 388.20940754073763 0.07589525729417801
412.4734073830886 448.23820929271903 418.7689639887527 457.2730365740359 0.07588157802820206
791.2495482374227 391.0316254695237 802.4536578669553 406.08279264700593 0.07583070546388626
601.592953163923 399.9369096178583 614.7353678083942 416.8983255525708 0.07581647485494614
466.81993965210165 440.7251297108785 472.38235166538965 448.3176865640428 0.07581398636102676
727.6675309622887 443.2185735695626 753.3162275137313 479.34977226754694 0.07579467445611954
660.351437951708 405.8708379052864 684.8809393143817 438.32295963846565 0.0757770910859108
361.74240764191984 366.4540095724782 368.99124905088627 375.9617237577338 0.07555513083934784
145.37701580170457 234.98111045092006 194.83689277935073 293.64459806300806 0.07553922384977341
526.1256153488754 437.16941246265196 535.5962773466049 450.6057650582408 0.07533466070890427
421.2980571122655 413.4639213916838 470.00837214500604 475.2316132665229 0.07527190446853638
679.4681883652194 433.696083935407 694.8162304111668 452.20601013566124 0.07526708394289017
926.2078253360412 220.01141560413097 934.8483105144234 232.25885210977995 0.07517003268003464
261.34961791759014 423.2691625417333 274.0740835464622 440.69044185763505 0.07516080886125565
378.0226524209952 376.06632308056527 423.55705068325375 436.6465898831872 0.0751565471291542
241.70612483836433 423.18009184744363 254.927941747596 442.27326710665744 0.07514006644487381
197.64133348446214 384.688981974238 228.79673076136814 431.1221935048055 0.07513546943664551
579.8069409284852 397.83648858491165 592.5643643630693 414.1752793415049 0.07510024309158325
279.31347353598704 446.9754105430831 287.137014917181 458.2086550162483 0.07501654326915741
399.0706629287504 298.6676897330109 440.4195920371792 344.9312824522242 0.07500367611646652
396.507318351719 358.28625173547874 413.0905346473682 383.1861912517507 0.07489186525344849
645.7060003701869 357.3746188998375 657.9299978772268 377.54998584934305 0.07489088177680969
268.70436452771787 400.20894763327146 276.2695912450787 410.81328814968157 0.07485730946063995
808.8376439019795 -1.49881413313724 836.3609767528002 22.86391167093812 0.07484503090381622
402.68376349840355 368.8931670931434 412.347040098475 381.1894290124313 0.07479228079319
709.340392470986 415.1580297721153 717.21585404227 425.499460499724 0.07459503412246704
770.5691724681197 366.5263128385078 791.4949644197081 393.8747942542866 0.07448556274175644
673.9500642163215 365.78507369660485 686.3028641147787 384.2894527753476 0.07446477562189102
474.51238211884146 432.21364752948256 481.99983493254524 441.86722846003727 0.07440552115440369
553.1737130858784 397.5362311839569 562.9761894325331 412.9204854193941 0.07427597790956497
530.9833097855781 428.5013847461284 539.4484094861699 440.02100597520445 0.07406506687402725
543.4350563795091 420.864375409387 551.7698665759526 432.9240226773296 0.0740479826927185
506.8361585755714 378.4011587699182 513.3958941328057 387.1644974368807 0.07404104620218277
488.6854903635664 426.86050107100925 548.8782457474325 498.35796004792087 0.07398630678653717
788.5265729538729 326.7915027526308 824.3423032421655 373.9202864843975 0.07391645014286041
426.48299921998773 458.3035999388977 433.38475140988334 467.8479446766275 0.07384232431650162
320.11190641997433 320.7057688723127 362.0052341643533 371.56738121781814 0.07383427768945694
236.82755771108623 333.6232267199156 244.0098847454668 343.9167462477879 0.07380688935518265
696.5713042878964 397.74651783147704 707.9124940127402 412.2683052332466 0.07378994673490524
429.79417566071226 449.7023610230556 436.94090672364985 459.35968428583294 0.07345380634069443
512.1864608896522 437.126817361534 519.1889148491782 446.9902071603742 0.07342216372489929
368.7968378768323 353.072565618599 377.51595639639993 364.7699409875903 0.0732513964176178
418.07067056091256 378.4037121896179 426.3285365124747 389.09948589107677 0.07322628051042557
486.7097246336047 367.6320755964003 492.98772196667005 375.42866002449364 0.07313165068626404
333.35210932853477 447.7135814533195 341.9793566389697 459.9386202151114 0.07312017679214478
-73.54564411008246 540.5610447680415 165.3417521142283 805.9767997351557 0.07294229418039322
354.55198861295617 442.87246218521267 367.5616646410654 459.24497730589803 0.07292807102203369
460.4313597510901 283.65559728816737 529.5218662006506 351.22552859866863 0.07291030138731003
329.85117060262706 455.6507733898163 337.8746889917758 466.50608885028646 0.07285509258508682
210.2738162531955 482.6958147251691 269.0654801721407 552.853407005173 0.07283077389001846
374.10128094290235 439.76014448529673 380.76528971998675 448.01946479011076 0.07276836037635803
710.0085960117573 319.56413707274965 753.0370897341793 372.66272428724676 0.07275601476430893
709.1317507684461 367.5205871894472 720.2743769934555 384.95090418131394 0.07273562997579575
133.85487872119228 365.3381762688492 166.1390350364425 417.63729890287647 0.07269764691591263
574.9413940634867 290.9018772618913 615.5218723981958 341.6827608721838 0.07265833765268326
249.07525980142756 416.9570888283182 258.9630612549946 430.89374515173984 0.07255047559738159
115.71831567780534 398.17887928174315 156.03546933061898 450.32523580178116 0.07252054661512375
339.6974360200317 454.40280526998043 346.6671580422073 464.64709649936333 0.07236884534358978
643.7836279844548 383.79581028765654 677.8458011578202 429.5210090152247 0.07224873453378677
276.99776010642324 362.95844366140915 284.86939980964297 373.76236935871435 0.0722094178199768
566.125309413911 352.540102885377 577.576589742452 367.05189002687547 0.07219941914081573
703.2216277853893 347.0207826378762 727.4057476679094 379.60946938752164 0.0721934512257576
680.0932602966304 372.19358598805496 689.2392157183122 384.82950843965807 0.072182796895504
675.8877603599308 320.01791835963024 704.7445449063498 354.27448616727617 0.07214628905057907
680.4924192304619 410.2671793385282 693.0660147344146 426.47508787572514 0.07214420288801193
979.5202145911505 377.0456408666085 1014.6100595721159 424.6990348313849 0.07213695347309113
268.3236667507144 433.9423250165111 279.48307856825755 448.9704894875607 0.07166287302970886
414.27067937604687 456.03050929473363 420.9362617777406 465.42966268080323 0.07165705412626266
249.75319615701528 366.9675720318964 258.80215723904115 381.1660200011301 0.07159576565027237
347.23626428470425 442.70041390449785 356.07988498467415 455.2542627964644 0.07154408097267151
308.3502873499129 449.93705356835534 317.04360645458513 462.45770833151533 0.07152023911476135
252.9513721744625 440.95739450691957 261.01353001891414 451.2171394370609 0.07151558250188828
343.7567432081459 458.6096893393839 351.07000158942526 468.958190617991 0.07151102274656296
243.07285390922456 332.1073478146419 251.3281888595788 343.1836192269583 0.07133913040161133
507.6830450280929 437.4442185184023 513.5760836710052 445.341424136475 0.07131147384643555
166.271186889684 303.9880349835655 203.93635607158538 354.54494674694433 0.07126481086015701
524.0289046273865 423.5369595322174 530.3410460616126 431.6418058732949 0.07125319540500641
423.3138977923582 465.75238597741264 430.94930910505565 476.66738562816 0.07123196870088577
613.8751008024542 400.6295701973542 626.4210786429597 419.0358435447843 0.07122167944908142
165.39426532179075 344.6309162538024 198.4004325106268 395.82741031908694 0.07116293907165527
594.8171326287701 272.34406376893105 646.0498784016562 333.0793038842515 0.0711561068892479
431.2684348207479 376.77639850335777 437.63030104753364 385.4981688012423 0.07093050330877304
575.4381500698887 426.9220372410779 651.6744376965008 521.878399526793 0.07082376629114151
525.1098252028951 442.63814502406274 543.0761006902939 467.28113301327176 0.07068212330341339
228.7586662909321 405.104514835616 238.25509940487865 419.12583159849936 0.07062148302793503
242.02624311357803 340.2257648057101 249.0027542459776 349.73466668396884 0.07052932679653168
235.5517009265048 358.2598173243843 283.70262714933125 419.25854599805604 0.07052003592252731
424.62841695271413 367.77651743357166 434.25516976969624 380.45150527259915 0.07049568742513657
484.3422030780117 344.4963231548164 495.33417962268413 358.845614969926 0.07041589915752411
447.84242543417247 448.80278006136217 455.3169530690516 458.787897735243 0.07028718292713165
820.7161603696079 356.8189366232496 850.385860184034 393.89617336939386 0.07024102658033371
627.230091709791 339.2018203335058 638.5964357066315 356.98982330185464 0.0701962485909462
297.7884227475822 450.5204875668998 305.8290173578044 461.89144175466004 0.07017607241868973
610.5174065780049 473.3075365617426 627.1409545169673 495.81243705940585 0.07007136940956116
748.2798509418735 426.5441009730369 763.1879807317566 445.695498917235 0.07004895061254501
1021.0641058926501 378.03446043646403 1064.1003219397676 438.8877808617377 0.06977149099111557
735.9030720675876 353.05971064666346 753.811778714997 379.34303275329324 0.0695846900343895
529.4537673152935 355.1684688328007 537.3667438603632 365.3069870517474 0.06957675516605377
238.43128084061337 363.25597933392174 245.3771622247169 374.65109331772004 0.06957097351551056
247.83038834301053 435.09974339316307 256.40309390841867 446.09381346980666 0.06948523968458176
987.699242212385 291.81769703956 1029.1066747267519 345.59368635363194 0.06946495920419693
689.235043004132 417.33931270213856 699.7124817385479 430.949867113667 0.06934487819671631
199.26445913683398 385.8108352293281 241.17104045223664 447.3902382300548 0.06925805658102036
392.89718911744603 1.056902321308795 483.4492263138492 99.25696197509694 0.06920526176691055
449.16706631251793 364.2020607375209 458.48777282450175 376.49972865194354 0.0691797062754631
753.5095874003598 406.15677799317245 774.0107370747784 430.90930392104065 0.06906984001398087
396.03857722065305 258.1280016850802 451.76923701326155 315.96434239010773 0.06892082095146179
478.1438816094256 436.26235311603625 484.8670815344852 445.43984326136496 0.06870836764574051
374.5304104128485 446.7769738607135 382.19575018759906 456.64996699184366 0.0686858594417572
546.9157253617454 438.3053033052011 563.9085994766154 461.28558921761476 0.06860415637493134
588.573675425435 430.1094291446741 611.4977906245084 458.33543880719174 0.06857520341873169
120.86663299725313 535.5651275908028 371.02666514200706 788.3626548373007 0.06857265532016754
256.2713963283526 442.69372812498716 270.5110502564024 461.2624795728583 0.06851913779973984
410.96796492713844 366.72207827119723 420.2577789010955 378.6696081488743 0.06850429624319077
427.1112574910628 331.0582492334746 469.6006061651463 377.258281504551 0.06849946081638336
793.5791694822017 400.1759945321454 809.1887153632427 421.28619268381374 0.06844621896743774
1006.6290602391136 348.63392038103524 1038.2596621840135 393.4622900895158 0.06822375953197479
391.393528860496 445.26035483488755 398.77739169876145 455.3621089420651 0.06812164932489395
521.0786846021743 445.921721922174 528.6588165661395 456.59888102584677 0.06805673986673355
506.159199891392 445.5178150965488 513.6939688507963 456.53128196417407 0.06776939332485199
847.9431077841749 318.6787667207181 880.1394344129461 363.3902455978292 0.06761974841356277
503.3916431828227 344.98833804987606 513.8514054011309 359.8381321402785 0.06748416274785995
435.5358322296218 369.04806507755274 443.7483268933892 379.74195570853095 0.06744373589754105
471.1486117357231 445.1866950193674 478.19498626102546 454.82754432906904 0.06732763350009918
643.1090445783817 450.83594778360145 665.8031541968552 475.42913193808374 0.06727312505245209
837.2154895560224 420.13545262559376 1213.2217695072284 864.9627012113232 0.0669274777173996
366.0452846680876 448.3901115806608 375.38290933260504 459.99039942403596 0.06681554019451141
511.38874322421304 350.96314415577075 522.1296854383766 365.44272685698263 0.06679035723209381
581.0823952937035 320.5757365794359 610.1998589512542 358.41617181081745 0.06648419797420502
282.6482183713521 350.3935427402785 297.7732092712705 369.8500223636611 0.06626609712839127
338.8281331609432 463.2462474875745 346.61946886737536 474.36007880869613 0.0662643238902092
290.6151973913846 270.59531493409173 344.57788218470256 335.8377311106758 0.06604819744825363
786.459519152898 417.5656066755743 799.2856574237669 435.0656376768513 0.06596118956804276
456.85909988933315 440.9415129229211 464.57249728851275 451.7255327185111 0.06593885272741318
-22.730603038496792 -24.300865782280432 59.955389079357225 94.71033374318938 0.0653570294380188
254.95614135811758 431.99076500889936 265.0198332145949 445.17761882531136 0.06532975286245346
456.9788889543483 450.7991405211928 464.30307464098036 460.830441456982 0.0652439221739769
535.1300010344455 347.858792536913 545.7976554092958 362.93548860572497 0.06512577831745148
630.9003992325472 422.74868540119195 657.0980013304246 454.4824428900687 0.0648193508386612
814.003273679261 260.8056226545296 848.141125898681 302.7659256579448 0.064590223133564
119.6719483896071 230.63837510403897 150.28313382694665 268.16604260715485 0.06455951929092407
742.7940085789614 123.3613818916131 1036.377468377566 485.23120114630086 0.06453357636928558
496.32599207618574 441.8646317291181 504.5566271097032 453.01788729083916 0.06442953646183014
737.5102132737416 296.05085121481414 776.5693955905984 345.78572934461977 0.0641627311706543
548.3064390591965 250.34084324220422 591.4287136955313 300.44097559305794 0.06378339231014252
698.2789975011734 462.46955153881413 732.9024099920877 505.4703707643293 0.06338624656200409
609.1973151274789 331.14539878033753 623.0931404137126 351.68144529419675 0.06298333406448364
400.4717580551903 447.6911893929821 407.9233725509179 458.0049521074162 0.06296533346176147
295.56080107202104 305.9088656305624 374.60096546070054 393.4143955293255 0.06290397047996521
155.32477588045813 294.84567729007097 181.781632968263 329.056125748212 0.06275887787342072
521.4377638568541 332.061371745528 624.2115330141175 456.822805236946 0.062186021357774734
698.5629056952189 447.53904463838523 723.2943335562529 480.3442688720311 0.061930082738399506
630.4752721103911 394.9068981130162 642.4310283585603 412.0566644640017 0.061799000948667526
351.5356712462197 454.0381548851681 360.01468783704576 465.8994561289098 0.06169627606868744
-19.732700806195005 287.28705704133887 84.52622466395134 431.59789301698544 0.0611916109919548
637.2559237866546 466.5841243908947 690.7090973796317 532.940870037767 0.06074699014425278
464.7304963685136 449.8507288794394 472.63094989679377 460.8022343829352 0.06066770479083061
476.2131270271109 189.48748115452875 546.6698466868846 276.2372062370539 0.06017892807722092
201.58910850544285 210.3196031524745 245.3012503399823 273.0501285341894 0.06017434224486351
1049.3289018404214 311.6170827027196 1091.584372003402 375.1661817649579 0.059739165008068085
625.3537683302004 450.55031218020014 648.7350130700262 478.1499002626724 0.05968351289629936
580.5455111125366 199.45126003100103 643.9792252195922 273.6728051997608 0.059365417808294296
604.3798178070479 499.4409168110995 651.4866585906638 561.839318712695 0.05912528559565544
690.5330044824588 252.0501660153858 745.2112006304312 313.2123665540982 0.05907518416643143
537.8740367664177 333.33827935482554 547.880107913715 348.97573561183737 0.05890802666544914
345.419350819536 258.70707556638166 398.1958357265355 330.6863500081512 0.05877373740077019
207.9742628940258 -6.896544682931749 335.65947772213747 132.1140367136682 0.058227431029081345
886.8628832562781 285.1116459045291 921.2194521412744 329.2293593823208 0.058139584958553314
81.31065379622568 246.75546136723486 111.4144934798895 282.78291077099533 0.05809737369418144
353.1404397112787 530.8771468339917 470.25177588234374 648.659799957838 0.05803930386900902
686.649082543824 461.7850374670619 705.0201251063068 485.82304914454613 0.05726737156510353
560.5883610385155 479.7481155244221 608.9869811726988 543.8174882995909 0.05694453790783882
947.8850854707717 -65.37689061046895 1138.3699322226676 144.73153925120673 0.056804679334163666
282.43747778594695 152.32369749414215 367.0893270890159 258.41041021132395 0.056209299713373184
-20.633655210789655 110.50994747605871 84.91221331941722 267.8413162075175 0.05553070455789566
581.1388053740391 453.03737437448325 605.4025246642512 482.3278962185193 0.0544729046523571
681.8233735188704 213.93568044341018 742.1260723970872 274.0513292782314 0.05426440015435219
517.7988669569302 464.8611876914144 556.4604250269225 518.910237424646 0.05397699400782585
749.7165412601023 443.6414537678391 776.7074429389294 481.64333251786996 0.05300109460949898
648.0142674489529 535.2613172462025 725.6949704233457 626.1592146350192 0.0521731898188591
64.4828727542731 -35.05827953425949 192.41717064112933 108.2499063886293 0.05193280428647995
