778.5534529122026 238.51661468917757 865.540030455876 372.87504732227313 0.9997751116752625
603.5980713417924 373.48651641622575 631.2737117538265 408.5155707018876 0.9997065663337708
476.72918725651516 380.29310550531267 508.20826285176844 420.3790642274963 0.9996548891067505
924.6274608277831 240.27169417737088 997.128659046114 359.05915288960307 0.9986066222190857
529.3918524308019 395.550375341415 553.8291454172494 430.06267715916164 0.32203105092048645
349.4388133402723 520.5597699569657 361.1309955606622 537.1943785779639 0.3021332323551178
999.7960482668288 381.11978305993523 1071.0360039129237 488.203940639941 0.2949242889881134
400.55068925019725 408.65182825970624 405.88516256009035 415.6322594639621 0.16326075792312622
886.005558574832 263.0311603720695 933.8473450977459 338.7404882622094 0.14142975211143494
1011.4456435191057 257.8107732747879 1069.6995065390522 340.3634310252858 0.13507330417633057
257.81441511904336 518.2818207669852 267.79982862491016 533.0771270173923 0.13330243527889252
660.3526789265147 178.73899559845447 671.3949646445694 191.8393484387902 0.12511129677295685
379.21396914812 415.630433307024 383.8560336633008 421.5251277376341 0.1247275248169899
676.1080528043011 164.14698389532282 686.7766935149239 177.75100640343487 0.12421133369207382
668.1629116953592 171.97912176280678 677.8920717249899 183.80800675219578 0.12329860031604767
650.5519156516177 186.36453297143484 659.4876510344841 197.11364821565505 0.11959723383188248
504.9505972429036 367.3507741635848 527.5711423050623 402.2439030975085 0.11905506253242493
504.18231101231186 402.662889123548 522.5626715767769 427.41946789865545 0.11553819477558136
295.2050616219995 522.3575717685347 310.5880185117121 544.4337610203594 0.11464425921440125
686.0371037695627 155.3885269130208 695.5073448369832 166.99461865348903 0.1137787401676178
643.5969570873565 193.58028967054977 653.4279065120286 205.6189914567795 0.11313079297542572
332.8016535019568 552.360612410752 353.03877740775425 577.0355979310823 0.11204883456230164
559.0674288285186 402.9657462804859 573.5147460770609 422.89677971651446 0.11068889498710632
708.5040148952802 264.36576195328115 781.9391217278711 370.9960839691309 0.10967084765434265
675.0290473433274 183.78892042005694 685.1032301914552 196.59587595582826 0.10904255509376526
335.1418793939211 519.3326247579363 348.8700928188533 536.5760639828501 0.10871224850416183
670.1420765526874 189.11952460921495 679.7790217436722 200.64648859413003 0.10705007612705231
318.72850843785767 55.978297624768615 404.13889793978257 154.04779569181426 0.10700029879808426
636.3966200407098 200.7923905180817 645.8419331145745 212.23164109057964 0.10682618618011475
666.0921579915008 165.06321042117875 673.2196570594748 173.75940558489765 0.10675344616174698
655.2215295237353 178.70620650689966 662.2844190323008 187.21196123089203 0.105368472635746
685.0616231368074 180.23950430571486 694.9570259881658 192.6406228885403 0.10504910349845886
320.7835157100806 531.8165301587463 333.61780764278086 546.0940555898818 0.10474986582994461
615.8620889417376 216.19589866948922 619.5670043371434 220.973411948067 0.10383862257003784
315.35525373227654 513.7503334438401 331.3322497343704 533.9351100005242 0.10311184078454971
645.1031373394766 181.00045834758947 652.8809385423828 190.66110015255143 0.10261119902133942
649.4689127470791 171.40222841130023 658.3480911349845 181.95830388200613 0.10258312523365021
327.10244400696536 523.7037782242761 334.44517345923464 532.9113555254115 0.10171318799257278
343.2900791734063 548.3516536813966 353.0515093095015 559.9361728204008 0.10163668543100357
657.7131041677596 167.03055271535206 668.0293235936949 179.64900026402444 0.10159853845834732
627.8422818149868 206.11154915469345 636.0272638897106 215.7041550212778 0.10152901709079742
622.2995364841634 210.4096136185608 626.400144753863 215.5446088510235 0.10142450779676437
662.0495861832505 192.63639668511158 673.6283337067821 206.93715545215733 0.10119619220495224
694.6767391421357 168.09585264518094 706.3376248473733 182.39177128536545 0.10119183361530304
634.3089261558392 198.4322321699846 640.0342076075877 205.34805387774458 0.10081691294908524
346.8339198849178 538.395776116862 354.71358526209144 547.1917390710746 0.100677989423275
621.9696022749678 214.2853383394123 630.5891561938796 224.66824995986957 0.10025058686733246
388.019791273149 416.45260327259723 392.65750672534 422.66902067808473 0.09998517483472824
617.4018443111154 218.7665757143935 623.1436486794782 226.07976283784663 0.0997101292014122
311.0835160872182 527.8566260179971 321.5510557375083 541.4268312986678 0.09960412979125977
653.9096914398986 201.9808324667442 663.5673311509562 214.14452376981026 0.09919580072164536
944.9634766796356 10.1512721883351 1032.5762579251614 109.26568191131238 0.09902603179216385
310.63971994294866 549.7478492910802 336.6753467328575 579.0358623298208 0.0974162220954895
330.0305124168424 534.6847205214622 341.26747400257455 545.4341871867995 0.0973718985915184
696.9982831494901 144.8917368114926 707.0329014877642 156.47542467936273 0.0970015600323677
703.588399097874 159.71168279164186 713.1459068904395 171.64487881157285 0.09621579200029373
634.0368176627956 186.88831724425015 643.1237841972264 197.66717846269336 0.09617998450994492
320.2066880984022 596.845631960868 340.12784553287304 616.3708081137687 0.09536135196685791
626.4715431075928 196.0110213552312 635.337233879661 206.79777350054331 0.094986692070961
625.9738654875155 185.96426382401876 635.4705661544865 197.70383308050484 0.09457919001579285
683.3228291070249 146.42966667438947 692.5976736543283 157.5700380083473 0.09428182989358902
288.8189779528148 550.4251281638567 305.24647846064266 571.2905944052636 0.09402094781398773
305.6098227553359 575.590316969504 325.60994335879946 595.3369334831472 0.0934329479932785
629.4600389537037 220.36965538160382 638.2400741134329 231.51778519962124 0.0934211015701294
656.1448151954263 155.17351295292667 695.3089693287598 201.29584740302536 0.0933254137635231
352.15920738099805 554.8396849573737 372.69364828130915 579.9573682750928 0.09319064021110535
319.8226735900756 519.5786418536909 327.90557136954124 528.7948892047064 0.09315229952335358
707.1046526906428 140.46040835722155 716.7331996171392 150.6553818735509 0.09301580488681793
258.98968817238244 512.0721461296857 284.31931163934513 544.0834324378454 0.09281890839338303
638.321505065362 173.31223654888962 647.7004897409421 185.22884023953264 0.09279610961675644
328.30577728039606 544.286906476915 340.2896284329087 556.7502297204269 0.09279566258192062
342.4765895091443 536.1414277472518 350.0578529989235 544.0955914417551 0.09276507794857025
600.9080242687905 224.6542460776435 609.0047741494923 234.87550795223848 0.09272788465023041
374.9125547761005 412.0235788208578 379.4352879829961 417.65529810473316 0.09265142679214478
322.03544624009254 574.1218510285184 350.00610680150993 601.1350622782616 0.09247730672359467
616.5007585707963 211.69763914129246 620.2521203977036 216.69501603521022 0.09244285523891449
394.12651900570654 409.6187052760184 398.8688297598758 415.38604843653417 0.09236359596252441
645.175890941684 165.68992556709244 654.2896100677563 177.4378176722087 0.09191779047250748
619.375371001606 204.67906959681935 625.1268254758403 211.8364758721215 0.09189353138208389
398.061695309308 -8.847673584985818 489.5910010490062 88.05705073289126 0.09188728779554367
328.99370440304716 515.8890900373019 336.86493272031885 525.8289542907338 0.09154142439365387
391.6258297997933 409.7771356108537 396.31160615359556 415.62083948054664 0.09097878634929657
369.03342654136094 416.76120749226266 374.08321755193685 423.4538265960417 0.09090664982795715
264.5757198825807 527.5828627707293 276.76850458844837 542.4186553802308 0.09071344137191772
638.9910740965847 210.50649586020182 642.9712641409086 215.6761882373996 0.09057922661304474
403.03596066641705 398.6814068920551 408.9424405073489 407.3822352814136 0.09026899933815002
607.4465046070129 223.463273830823 615.8839702255057 234.3983651180333 0.09000730514526367
801.0877185649231 83.93253861002874 889.207452727462 188.22507783614867 0.08985190093517303
664.3431764505605 154.56303946511002 673.7075526580379 166.51496488785122 0.08976966887712479
233.03070882263316 512.6025200500745 247.67396834472098 534.1445361208953 0.08960027992725372
279.7891159756081 533.6155653961267 296.82009576119367 554.3647356695445 0.08936889469623566
292.8871257772929 477.53077546275745 317.97229979389107 516.4853009357422 0.089347243309021
609.4444941132406 211.0254227709346 615.6843885007142 218.80679878457553 0.08901488780975342
593.0980264998672 233.25612105391457 601.3416340118197 244.08873645984053 0.08895711600780487
274.16519261028446 562.4387824447053 295.5001007827469 589.9484264031331 0.08871585130691528
625.6618137678414 203.7015661607396 629.4565657666608 208.7823225286428 0.08841944485902786
313.91519961975786 493.1253243485318 337.47934127979823 524.6142273499042 0.08838925510644913
279.0266147708593 505.9836607233057 298.9641931773398 531.9073180425437 0.08835847675800323
339.19117262500333 507.2301847237615 349.28638045103486 520.3366324375202 0.08826210349798203
273.76111414307917 569.4199734645994 286.85430610191287 585.5428459046445 0.08808331936597824
399.31226627943727 414.0132986787024 403.8253488979446 420.0244766157115 0.08754070103168488
311.86813247822914 539.96137544403 326.34876657143565 556.7165065891284 0.08749070018529892
304.3819984222238 541.2925916796257 314.7086888503397 554.6634567434471 0.08708186447620392
304.2182154668387 552.9956938210872 317.61779392365776 569.6047569804454 0.08680302649736404
855.2867639109231 -1.2503054531499862 939.7124490732353 90.73745493077307 0.0867019072175026
379.3639454512706 408.4458356639183 385.47862095374757 416.13207203307985 0.08660223335027695
609.5862602816464 200.52640811476223 617.9914601639413 210.99301116328738 0.08649290353059769
405.0506728129474 421.7399921880843 408.9944389011606 427.04882241265216 0.08622138202190399
336.0029234864643 542.5720405086541 346.05575854125107 553.5077377784556 0.08603241294622421
674.1583874981725 143.37467074764456 683.9122143350114 155.50432092499233 0.08576913177967072
360.8819585055148 504.71190627349625 391.2994704726538 541.2150632491054 0.08574317395687103
312.25162108930044 538.8457808809243 321.2391713767046 549.477298788358 0.08560710400342941
365.5721543524374 545.2376440528104 370.16883376729197 550.6445098744599 0.08541922271251678
322.1695240558634 461.2897351822004 357.48319632422897 509.61634354415565 0.08541543781757355
291.9491497410037 575.5530107885727 309.68187051692735 595.3689334538012 0.08535941690206528
650.498795030953 158.9983332910105 659.1687412670199 170.23530199044623 0.0853538066148758
356.4977677991211 532.0750871450306 371.1701056647909 549.4087377275068 0.08527626842260361
251.21773409667003 489.3785580446923 275.5656679081343 522.476179229003 0.08505836129188538
375.82975205424236 417.1832759741747 380.6811181593828 423.1775035837801 0.08479958772659302
617.4863360517935 194.41221841520039 626.0752816799476 204.933613469842 0.08476822823286057
319.81941736728015 549.9584334904276 336.4473155226955 568.1902487346438 0.08472941815853119
391.1747648480009 415.2330699214633 399.0259983718332 425.22665478683285 0.08471246063709259
631.0900180129947 177.29679244764054 639.7811767306456 188.25859752980352 0.08447188138961792
694.7516543762381 179.82430927413458 708.3265716369441 196.86319299166277 0.08428037166595459
246.87006751410425 444.62062477470204 287.8009929691546 505.98390617275976 0.08409076184034348
295.5681145853497 500.3533273768587 310.24828045605284 524.4609105879954 0.08407438546419144
378.93287915060483 420.7707114648831 383.8137686264072 427.2365663558373 0.08398733288049698
305.3137380384696 508.2687114894425 315.5999442475894 523.1529452834427 0.08397495001554489
277.7673535291482 596.4818149243933 325.2411158086916 646.8692491005839 0.08387726545333862
246.64077952055425 511.04144389464165 258.3520369855828 527.7196061212901 0.08378783613443375
398.25414449892105 390.01766636330893 404.4439993007543 399.28259400593276 0.083607979118824
372.36771672348596 414.6351932376493 377.09896239798246 420.57431139075305 0.08358705788850784
351.9924644744369 547.3550937205854 363.86127038081287 561.8476884554418 0.08357562124729156
653.4194161173764 210.07721830955552 662.4795159714804 221.55235960955534 0.08351524919271469
264.1943245220316 543.0970645409216 285.35115395029385 571.0699918951501 0.08346221596002579
677.663164996347 212.2957383484044 700.2516917247046 241.1116308637611 0.08340033888816833
672.9381159334989 166.5628461618128 678.3760105863521 173.2542494606924 0.08337340503931046
687.0071539242823 11.046667338266646 769.3902654345064 97.2984598868761 0.08312757313251495
686.4149871111521 194.10027685614006 695.9530098532819 206.5781885801968 0.08300203830003738
329.1691502152241 7.270144073191869 412.2210270830339 96.46837392234559 0.08287718892097473
368.4447235203427 421.84711539696616 373.35163337937416 428.7087927680579 0.08265065401792526
25.380790937335213 527.0453135589192 108.36355626375897 650.0638734882021 0.08261052519083023
299.99555643056584 403.0711912106075 324.1563754308713 438.76755531565556 0.0824204683303833
226.99093573622434 504.1524234583315 266.3155144304755 560.0547226174339 0.08235621452331543
384.6520595230479 401.0063695701458 391.4189439517971 410.50812323901596 0.08234549313783646
295.86601307689614 544.6382562192774 305.6162062587733 557.3143109932278 0.08231710642576218
294.6064805823705 631.0715238083457 310.8255793131529 647.90178955487 0.0821567103266716
352.2755021907312 511.5919888842271 359.2465096411815 521.0150933992877 0.08186829090118408
316.4321265820353 224.00886231928115 395.67909409215497 313.0647040061539 0.0818057656288147
736.3081574810302 200.4543824783684 805.4168232078335 281.9586997198684 0.08169325441122055
686.6571555536051 140.14636664465934 696.931137703106 152.35144331172322 0.08143723011016846
373.34818663053466 423.2524010167855 381.466778418041 434.0544884092244 0.08129279315471649
318.0577898598689 506.6046725840786 362.2089566479319 561.820204089533 0.08127743005752563
383.27282730704104 420.83313559091926 388.08815306419575 427.26946322012395 0.08116979897022247
232.30458202885592 466.8642002145132 256.41712699871795 503.24493292310996 0.08072435855865479
429.29072780024285 393.8266488308794 444.5067870393659 415.3868342244146 0.08041180670261383
473.9329584473058 327.5200500883534 477.0674870321064 332.3649429920034 0.08015131950378418
328.1843031791773 510.28492404550815 336.9544136194058 520.9007817247082 0.07995346933603287
393.57264802975425 398.7315554597277 404.29513147804084 412.4722367971224 0.0799257680773735
311.60028349544893 362.98508566119267 338.4463937950331 397.30003049637816 0.07960480451583862
393.8766091057379 390.72826062484495 399.68548587579056 398.89026430560585 0.07945635169744492
366.14748664617275 548.7078768595935 374.21615138896084 558.2551362870533 0.07930713146924973
352.8314050124781 535.6726308172013 361.8974507464387 546.8200289587052 0.07915887236595154
345.14059324027033 574.7683382203772 370.57122258212434 603.1398624039969 0.07909217476844788
526.8461425644344 419.59925562721753 538.679373264706 436.56641337386804 0.0789523720741272
719.7363493884709 157.09043558792024 729.0580060415773 169.0882533063913 0.07878522574901581
289.36086587261735 600.7872979582171 305.52080338518243 617.5424686389318 0.07869719713926315
405.511140452857 379.07424797416445 411.08815649549643 386.8767300659552 0.0786319449543953
403.13422789802803 409.76409880757853 408.9164951790573 417.5034184336839 0.07842740416526794
347.98076405457823 497.56927373289994 361.1392875699418 516.4147493277967 0.07840810716152191
369.46692092014473 407.47600551596406 376.4047479367577 416.2629397091057 0.0783490240573883
355.76109458314596 505.0410848521115 372.4172627861145 527.1404637651826 0.0782480463385582
275.516824120194 337.330599810375 311.4451300515104 384.64592871972513 0.07815365493297577
211.96952226699844 538.9336575173579 243.5820917172368 587.2517250935506 0.07806790620088577
383.8110038631023 427.2435894704568 387.87466181165627 432.7555816075395 0.07784777134656906
238.59938396383333 565.555252215738 274.690007774037 612.0938396146208 0.07772881537675858
17.739736080529905 431.09621994625724 94.26153222927995 520.8324658433679 0.07718188315629959
390.4502394501881 420.6984885659272 395.1507188683115 427.12954142042605 0.07707478851079941
359.15113423855917 543.5968926751322 366.3882788808808 552.2667157803986 0.07705724239349365
337.6771788718712 365.92306462806835 369.23018097919 405.07365347166035 0.0769539549946785
314.33900359180416 519.770934843224 320.50771463786384 527.8595153005047 0.07694204151630402
309.79957325153396 520.7583733078495 316.56276299555856 530.5799919956836 0.07676330953836441
403.34685971616295 390.03824227448996 409.2839548430678 399.3570674508314 0.0767626091837883
384.9576532000099 396.46873820039144 390.356104561708 404.26632935807464 0.0767047330737114
416.6818981186947 353.8050935526794 449.8308427894518 395.3637605408241 0.07649070769548416
376.7181623908391 381.39791150498286 399.9870617406957 411.7171377772745 0.0764082744717598
298.209786237653 318.3473905642132 336.38926758607846 368.1724611147059 0.07618474960327148
385.2657396814134 408.6697705378335 390.15811426807574 414.838994609797 0.07617752999067307
330.52510075311915 607.2309712135878 358.31053987376754 637.6651394201558 0.07608538866043091
462.00968985738336 327.6819492058558 501.8951543254278 377.5597298126979 0.07598477602005005
269.0762262431888 402.397958521286 301.15099193439187 453.71881133818255 0.07594165205955505
523.3520803487348 374.0223288705822 545.3702260168789 406.8714286819115 0.07577486336231232
304.67331707433425 603.8403434136669 327.54017658097587 625.4071009917585 0.07568233460187912
418.9763185000482 411.26025480457173 425.5854662878615 418.8702305482999 0.07550472766160965
25.7777022099238 235.39133449031462 109.57946484285513 321.9897496721975 0.07540647685527802
326.8242029653386 303.9322694042774 372.9002686499663 360.424547921626 0.07538414001464844
302.175975493628 594.0300084043909 312.0683511846127 605.6155182737785 0.07524395734071732
1036.3804189741752 454.7184749633312 1040.537844355262 459.7548181144587 0.07506867498159409
516.494507757582 411.2932585267946 532.0172609259623 434.663398038921 0.07427968084812164
359.6763106623355 522.1761667513733 369.1361718470131 534.7916692347125 0.07407937943935394
264.1574090355734 591.5842153119146 289.9281590304811 620.4821473925906 0.07399888336658478
312.8496506663783 511.7023363167827 319.80540972900394 521.53687855615 0.07388287782669067
979.9459317976872 208.84276652085993 1035.7667251449566 296.0353104099075 0.0736796036362648
436.10930084803823 416.4923268647561 457.81653838126323 446.37010856294245 0.07363381236791611
1017.01189644439 641.9696885235501 1104.8540161410585 745.7899427041915 0.07352541387081146
257.62263464722827 558.1443883522425 271.6674273432798 576.8738960783055 0.07341409474611282
335.18958852271714 448.5487033185592 374.0499681272934 500.3757280182968 0.07311558723449707
268.43380314026626 516.1665108035618 279.14922529543566 530.5185312913854 0.07296546548604965
546.058048986641 416.63775791138147 569.2114207706519 447.8876250705014 0.07236716896295547
272.027673640994 502.15194835384517 285.6647250442592 520.1053896831289 0.07177580893039703
301.22798050303606 568.6247482581315 315.4736785788445 584.1515112447062 0.0717533528804779
331.39935088268317 493.00718752129893 342.6925558422739 509.2741087229423 0.07167385518550873
347.6194113439329 394.6278529200297 384.1224539785447 440.3959702237762 0.07149672508239746
83.7256085082173 422.7470731791534 88.3280122353395 429.0856239446848 0.07120312005281448
311.3034167820604 459.7688018940375 332.28058435941 494.6546533726344 0.0710655003786087
357.02280437435763 573.0700654871197 377.7231926324927 598.9239238890491 0.07101554423570633
245.20608789720742 528.1960258530239 260.34273849481724 547.0077831888395 0.07090837508440018
253.85934441810787 542.5432966831364 267.39292397884475 560.6905304925164 0.0706339180469513
350.7324853920186 542.6838906410408 373.77486540560176 569.3257302202355 0.07062293589115143
492.6738104755363 413.38039953071075 515.2763328000485 441.7950423530949 0.06990543752908707
323.87100365116095 394.8120765065882 350.90645719517767 428.83225082378726 0.0698138177394867
854.6900761136529 305.41924189675933 917.4183882495211 395.46288913043503 0.06979408860206604
242.60172025357323 496.81124405476726 255.95291957051975 516.0274749048707 0.06949832290410995
62.98600099088338 417.47897412837216 88.98978536145599 451.96439209558247 0.06911814957857132
534.6989470802478 427.9354003052826 555.4716965928625 457.2200394557716 0.06908073276281357
549.1339893534007 403.0887468865788 562.9352027978096 423.1519284000707 0.06905506551265717
463.72631102969353 362.9567589828177 485.6219740117819 390.9034389108666 0.06882862746715546
977.3308859773219 355.9511630904386 1023.0255241480744 420.0601443638364 0.06868796795606613
354.2824678803413 481.91851455509317 367.89459422861813 501.05836993770316 0.0684109628200531
217.59093833078654 483.2833837288541 245.7238460429826 523.6889711196318 0.06833378225564957
356.1597207904761 540.302738463949 361.8275135370752 547.0812498541892 0.06830216944217682
389.88838383176966 397.88586275019185 397.26373769699006 406.77520063128594 0.06811224669218063
987.4435395598202 248.17033967913093 993.300033730058 256.9654120804356 0.06798891723155975
402.69590114379344 405.05711546935925 414.03941900811907 420.1792712066633 0.06798573583364487
280.2705901795373 551.1713097021158 290.7557998268763 564.4020906159185 0.06796858459711075
307.33921645862637 517.4624986012697 312.9911209128796 527.0009158511181 0.06773150712251663
-4.9570279107093915 114.18549005356707 90.93394699633065 228.53109761864624 0.0676477923989296
487.6741503174271 320.2130294797528 503.38146971844407 346.27232773987447 0.06755771487951279
68.61468250456939 423.8929429102203 73.06040735592934 429.99007681357295 0.067473866045475
25.19726051435919 416.6186951290092 28.895705538045135 421.51262841566705 0.06740063428878784
233.3865501727295 632.2911142883834 301.82848078641103 704.9541191392615 0.06731744110584259
513.125196106137 390.3081409646327 529.9740660606126 417.8858625957519 0.06725562363862991
234.9996834581205 533.9626684872235 246.53852284293714 551.4566873025037 0.06712508201599121
513.415105951702 309.0926561324712 558.4548057858212 368.56765887181007 0.06707610189914703
379.699045390511 346.15590999229397 417.8443605558766 394.91785988996156 0.06706264615058899
66.50087736425249 42.93587248086487 294.7668757480848 276.58572301643954 0.0670546218752861
600.4483845512956 308.15624070894853 645.8450604392057 376.14173769116195 0.06703705340623856
281.3053581245308 616.8329402862114 293.4877277810416 630.0028573705054 0.06695946305990219
224.8345250944631 522.1843872566719 236.12173979491473 540.0742191659355 0.06687426567077637
303.33382140097 535.558123518799 312.0645858622179 547.5010519159634 0.06682422012090683
376.84799951527185 447.12293165819904 415.13568921215125 492.73820770049355 0.06676590442657471
323.3106109770301 511.2808906753281 330.88053309507205 519.9200415339461 0.06675036996603012
-61.30886035114076 555.5501565462333 127.23603220254219 781.2610644449119 0.0666755810379982
338.73530833982187 588.3235108875218 369.30801438228457 622.7346064506343 0.06657277792692184
62.803058311794096 483.71768540517394 111.2435377531703 559.5612164712999 0.06648361682891846
302.5094833053307 483.06405836500284 313.97972513235044 503.7567340144333 0.06643716245889664
374.8429797686342 407.0296837445644 379.56121299275406 412.64918438023625 0.06630939990282059
230.0819393439043 358.64645814725674 286.797335379086 435.89984328285783 0.0662677213549614
332.55520475236733 502.58673819532385 340.6152321975979 512.6470543278343 0.06623297184705734
198.57130559114 457.2306624869253 237.1218956752008 512.5983834431796 0.06622863560914993
278.65593369846175 520.6823118017705 287.474989148284 533.1413488321383 0.06620055437088013
341.92847793143824 570.1207183859422 355.16391686710335 586.7924958192541 0.06607572734355927
357.09166102033214 346.3767095079805 386.5912217531521 384.9854808951098 0.06607221812009811
266.838282269275 505.30905621642205 345.56895313350714 603.2692023011945 0.06602967530488968
21.353143679008003 415.6465756913551 25.359903272289717 421.0749128865551 0.06594879925251007
299.5260331569076 559.0388774258056 311.42554634298403 573.0980610355663 0.06587786972522736
399.37279781459284 383.8693269479933 420.13968297447275 411.9291901903453 0.06576783210039139
348.3797472762577 485.97470936107163 373.9421023972979 520.6403582151397 0.06567388772964478
257.48437467265313 575.1428978788483 274.49175789480296 597.8294524425885 0.06561194360256195
1013.3735783577888 -34.11467651257111 1106.8674366653613 75.84982739419493 0.0656055361032486
366.8285962045366 420.3830350696363 393.4429313594106 457.4686316629252 0.0655517503619194
245.20638559142319 551.2420479720797 258.2399853288858 569.5372925478146 0.06548801064491272
543.9276067267717 366.96390297153494 570.6768294219494 402.1212775364934 0.0654289573431015
356.67682527678886 519.384429367001 417.7198471903121 585.3344817531481 0.0652095228433609
287.03209599026843 378.72327410484235 313.60890410609653 416.3563857407718 0.06513538211584091
189.9996771083327 510.4039047536689 245.48108489350324 586.1241323629304 0.06511225551366806
368.733315104697 524.7855534232398 383.9403268340946 543.315498354912 0.06505659967660904
297.51093099577815 509.59020474772353 305.3913708126034 521.7512998719944 0.06498587131500244
575.2496721842481 395.2853924644639 592.8445805048812 418.14290944567017 0.06495566666126251
1069.8830748095072 263.34372619911056 1086.1909920698208 287.12843005075445 0.06494630873203278
295.01903029143153 517.3990224027717 301.26015118633677 528.9946347297216 0.06487342715263367
589.4458259931671 398.42885686813486 607.9977910075098 425.04652468506396 0.06472451239824295
1.1258611424241107 420.02443518902794 6.2099569677971544 427.48421715776044 0.06462140381336212
478.3827568962244 422.4346512807631 508.79127401581053 462.03582346901817 0.06455343216657639
288.98861083519586 602.4856387673182 358.00712288815737 677.3504091585085 0.06453409045934677
413.0530052752193 393.5305579241684 429.3227624009541 414.6279381255984 0.06450837850570679
285.9800770868974 564.2426018043869 294.44012350366387 574.2646032274886 0.06430476158857346
395.512499711323 350.9924647369563 404.5410146334562 363.5187819764968 0.06426554918289185
30.453571978250455 424.79493781089576 34.30793547158446 430.07880337969857 0.06405149400234222
417.36225078165666 359.9909799070858 427.477333658356 373.63955732131683 0.06389455497264862
951.0091891444214 530.8290900896928 1157.0990058137418 796.6608444056872 0.0638461783528328
19.708153489994114 410.11445069092395 23.599063143858242 415.91381241150947 0.06377366930246353
79.7030075419502 418.3600909506104 84.8929750059615 425.24927960687467 0.06370171159505844
368.82405148583564 542.1702544357103 377.6943177071285 551.9438258079894 0.06370031088590622
27.15940859020356 421.4841178242098 30.976670251584647 426.729241656377 0.06353709846735
282.9512403778889 598.190143518216 293.1944921366705 610.4282102729709 0.06349136680364609
322.21435626432407 414.7156546979545 331.2489316646176 425.93877713487905 0.06340207159519196
1036.6595268448316 332.8208549722572 1087.6944743252639 409.88679995358825 0.06335663795471191
233.81902658646806 590.6922194396369 268.6270817646618 637.2710281815961 0.06330006569623947
-26.97511413151359 637.1010905975427 56.137553154137194 746.403706127514 0.06327124685049057
450.7687854815274 384.2406716745365 466.1509930630135 405.4167682661555 0.06307096034288406
342.725628105847 499.63200656982 349.5079644483965 508.6178574841994 0.06296633183956146
505.88719078422486 394.5291257884974 513.4585579202474 405.10126103231255 0.06288556754589081
5.711883262535686 423.0315143934578 10.455458069997727 429.8592766899078 0.06282154470682144
311.72588614577313 425.1090037378514 335.7708534369304 461.52832241275064 0.06271260976791382
63.47937210489127 415.389246434871 69.38560727249187 422.6656102712953 0.062501922249794
402.54748931558356 417.92364169689426 409.50819790580033 427.99226691195963 0.06247233226895332
409.7028413615864 377.8030905613014 416.9864131200972 387.89275531938836 0.06241970881819725
400.0934978468213 401.7085213162286 430.5322729382409 440.25635645681865 0.06239177659153938
50.71558550205325 423.9913718269526 55.06582644699672 429.9150774486813 0.062366973608732224
-46.129501397585784 256.94499044468614 144.8925673968419 497.8233993049597 0.06230810657143593
564.9565588987068 428.5722185236238 601.6150253304145 478.4037498567953 0.06222070753574371
208.00694008575698 508.64182742738336 230.81715941088962 540.9551586796742 0.06211203709244728
222.79488338647712 531.1494646419978 236.99371209932002 554.5062372340061 0.06204759329557419
82.99074478741773 415.5243237467314 87.85860315995741 421.5370549610643 0.062034524977207184
148.05841946456795 273.3615520926855 239.1336454349528 370.9398081756266 0.061886951327323914
240.82819177135443 475.2637965026089 254.4944174263944 498.13945545430124 0.06178442761301994
181.30656503340472 437.935788507663 225.6099206433241 499.49531914794346 0.06169995665550232
72.10996519537605 421.67862091046345 77.05519307395707 428.42656406910805 0.061684977263212204
406.29376297079926 415.4214333917798 423.9616206497017 439.2619562473781 0.06167636439204216
365.06352452736604 486.56275725652034 391.0087929391059 520.7219862105057 0.061604179441928864
230.50931374212212 430.42997940387437 259.7613645015689 473.83264784844744 0.061593927443027496
27.219603149940536 413.5746051186247 31.62478971193436 419.53865611700763 0.06137527525424957
570.9047693026337 401.1751663252776 584.4696191055652 419.3507158896517 0.061277423053979874
284.6452473635482 527.6286358506973 294.0007181797935 539.8155726781237 0.061215054243803024
-5.455812292195932 376.4353735114145 19.8051893923758 422.12226286942155 0.06113689765334129
1048.5812073740149 293.3863673782422 1058.4355794385208 307.22723713571514 0.06109526380896568
418.1633923934032 372.17749982984253 431.42323243319083 390.0692775592556 0.060940247029066086
557.7793044874087 375.43220942079404 577.3390681942736 402.4056016160683 0.06078271195292473
157.93991562128474 635.2763682208059 241.22407216285742 734.7222560492038 0.06072849780321121
89.73702812654368 417.2676245510397 93.79367445084141 422.83968260872143 0.060462720692157745
429.1918831421812 329.5663573497489 456.9869786399656 364.5709406444349 0.06044885516166687
983.5983861598332 247.6366285822833 994.5374650731018 267.7129419717493 0.060308363288640976
279.7658351254574 560.935234931136 287.80320884510485 571.1278060770273 0.06022222340106964
20.853160624808957 423.73677209850285 25.609719888992018 430.5973379209712 0.06007124111056328
300.1068661396214 519.1929742410878 307.6211327173891 530.5032449591635 0.06005190685391426
376.116623449634 401.2721650409189 383.2056756024871 410.0728448626609 0.0600394643843174
304.75718171369016 509.1288125559108 310.2894497912372 518.27321321703 0.05988392233848572
371.6575360464857 533.4950507616321 390.79787538468565 555.0831494835421 0.05955562740564346
286.18924086262666 436.94883530107296 309.49379873212115 483.1099181580154 0.05950242280960083
426.4666030561666 413.66706594943616 437.2100209576447 428.96563332438564 0.05936109274625778
168.4050925831342 358.33592953720347 243.05768100472562 452.4782521113483 0.059303510934114456
379.52159679691096 414.4470754654867 391.15026494889673 429.7394204383276 0.05924386531114578
421.920286247012 422.1679182139293 435.84326965154133 441.6426301183007 0.058991461992263794
382.16218631100696 442.0525567284325 436.4808988822829 507.9052081899909 0.058985088020563126
359.3757840831123 401.9499768147144 365.62146806606154 410.2171426824763 0.05896347388625145
325.41254390486966 504.28125473837076 333.00379039642814 513.0912578232869 0.0584859773516655
343.59231872801917 482.73339789351377 353.8757640602254 497.18420868902155 0.058392174541950226
1061.9100368725674 305.86716543793403 1072.4705772498003 319.9236921005504 0.05830112099647522
369.4140101624416 402.72506921641155 375.76685078771504 411.107572972949 0.05824219807982445
269.598209313188 541.6503342640717 279.2589986640739 553.9898763677999 0.058170925825834274
370.9666262601994 436.69436461385806 375.5909627137955 443.3083557209179 0.05783279240131378
85.76728062630731 630.1054359588841 111.9458273267674 674.4460404150578 0.05749906599521637
74.52878977420178 629.8118935426949 157.24311199001073 741.3865241054573 0.05741522088646889
339.72935330396547 419.58800776915064 368.9391381084665 459.92478424179825 0.05736630782485008
365.780611778745 403.8953829087792 370.1596787100971 409.94495787280005 0.05726075917482376
299.7446199003087 436.415907517875 323.16487286990196 473.1928414744123 0.05718863010406494
505.7820850534134 429.0217817011642 530.5652420395982 461.78652765268686 0.05711649730801582
333.0064069693406 482.70752412954204 342.5885698142659 496.49483073668523 0.05706778168678284
355.2942398422851 479.4055791454642 360.9357738479374 486.51784607621227 0.057051144540309906
289.35768287019283 588.0472556617918 298.0734343152744 598.3056017402349 0.05703489109873772
500.2527388617813 447.7770856081433 527.142716334443 484.7370018307181 0.05691056698560715
827.125217987827 240.2553727262871 847.5669402938188 274.51855449579796 0.05686686933040619
310.6069828556387 441.580981530724 315.4897326514914 448.53528402647476 0.056816134601831436
422.7991453854565 445.05625747612515 474.8407890506969 515.4429017383356 0.056489236652851105
570.519406883697 375.9228725385792 587.214849203586 397.2738834745121 0.05645810812711716
422.45098303308254 384.9046104816441 435.56255464215724 400.27185448493304 0.05622867867350578
491.50607525177634 359.4644238717291 510.3644370816968 385.9445394749547 0.05612175911664963
305.7166103982046 410.6496112798982 313.2827620531174 420.74680839164836 0.0560266450047493
1032.7126532099128 428.9035399884528 1040.1866440039898 439.0411008642774 0.055938635021448135
543.2310382893158 328.8522195929187 570.1771988641118 362.64386834831873 0.05590175464749336
365.01407410272805 412.42043286865123 370.7029555343657 419.824220195698 0.055723998695611954
363.21171587426136 578.9473334853533 409.47489809115683 628.0355743196565 0.05563867837190628
560.261108912994 422.34265364505285 565.9119231092385 429.33752342102423 0.05553053319454193
567.324698562418 413.5706780325808 588.2783981617149 440.2915615733855 0.055490992963314056
441.46191339279983 389.5593289216648 456.1757925819223 409.2090707756501 0.055454932153224945
-13.100692533376154 494.2173323697097 41.24361167200717 579.8957503447788 0.05532752349972725
306.4658396294608 422.4604768120375 312.4639345483711 430.8119794848652 0.05528394877910614
444.35125163034206 363.2983685393666 454.6590493565705 375.17480788639165 0.05518126115202904
515.0900740186727 437.39348673465156 542.1613598042378 478.1448612363455 0.05513092875480652
446.02193678393195 397.6134433611145 463.6848199014554 420.9461762683975 0.05510920658707619
312.37419710155206 377.5270753569806 363.45798397289735 439.4481311840644 0.05498068034648895
514.8503735217731 347.3797727441903 537.2272878221322 379.52640502789524 0.05478594824671745
370.1652664027945 555.8020977652984 387.9590135721955 578.1343363930597 0.054673634469509125
369.2255036468498 433.2016491555137 373.5800985571452 439.3975435258444 0.05430407077074051
357.1858076126838 93.00756389316028 386.2907308689134 133.35282894326483 0.05426643043756485
408.1073277492048 -13.357851694946959 464.405474769568 45.49797907642212 0.0539785735309124
648.3945445077034 338.9644045461278 682.7012612940742 382.36414369924483 0.053969606757164
433.996689588842 370.6472651214256 444.1241725781601 383.7168893736369 0.05393892154097557
983.6838362947601 311.8427510145145 994.8524655353874 327.9630108134015 0.05377634987235069
-24.585032778977155 -35.56215807452024 74.88503369871593 86.97403955701661 0.0535091757774353
295.45955993829165 431.68953391637837 301.083206242741 440.7298974710357 0.05292607843875885
410.522945132708 361.6455337367932 420.02397550052893 374.27009249647483 0.0528905875980854
62.71067257384728 417.80805726464786 140.3346848655047 536.5358215865797 0.05284624174237251
422.4377946027887 243.14339956627296 502.3947877651291 343.2605880043222 0.0527242012321949
389.2762025105056 384.0375421045822 397.70661273181383 394.63533376727895 0.05245264247059822
387.26034174958244 416.68697490844517 409.8568402261816 448.3223097026294 0.052416156977415085
359.0649797237467 610.6760813996797 428.4198148786108 683.3977740403147 0.05205678194761276
-91.08490119786255 300.0392529770763 239.483956834207 715.4841826259296 0.05198563262820244
432.5160443109244 343.85345202017066 443.7203636598871 358.3565459697586 0.05188089609146118
27.713569992649234 417.3547526589495 32.823747479970486 424.2270500442489 0.05169809237122536
278.799409889904 610.0169500755649 286.9088860156362 619.602753092349 0.05098086595535278
-63.075531362468816 -73.36193967431716 150.66307743939157 174.21423286148516 0.05094561353325844
