203.71735005369794 667.1410206367079 219.42672063000586 686.273199652698 0.6929900646209717
761.9975003130376 158.3973261118701 862.9786293747578 241.47080346117767 0.47744983434677124
225.74939726218003 518.2765644365287 236.0627383610251 531.9218914848724 0.2625669240951538
3.118175557867886 644.0983075772147 32.23581695732569 680.3586092375953 0.20781856775283813
32.34525546244949 606.0909626828605 58.207544121615136 636.2579801020172 0.1912713497877121
256.7295567693936 504.34217382915216 275.7838751303407 530.1031050087371 0.1885910928249359
193.2106505601081 503.5663810285448 228.39752063386888 539.6697916791996 0.16592749953269958
684.2949338368356 492.08363341439826 690.1360793078594 498.78624321011955 0.16214819252490997
53.77182771135251 484.5538141455136 76.760108679296 511.4287939295961 0.1504661738872528
637.56300267207 472.8608007290346 655.1836490915721 486.2304347462075 0.14075683057308197
309.4484256844228 628.2592735936028 351.1344814839758 682.7325734098167 0.1403304934501648
409.37162375713694 360.2229071513105 443.3283359160393 401.94934139548235 0.13850101828575134
377.71579062374195 615.423650101766 451.04834401465155 690.9533142608943 0.13703128695487976
322.09924347907213 523.2714487699204 329.6878746051671 533.5765456424891 0.1330738514661789
462.0825972852857 596.3838797003118 597.1271682427043 692.1278364073834 0.13282717764377594
340.09107811621936 492.14105662618 369.30682171499944 527.5872175408966 0.13257843255996704
823.9763510548181 552.667228508323 918.2357847700328 664.8762639450251 0.1310032457113266
1.0838292897495698 481.7483931781077 22.29027205649156 509.08320894862504 0.1307491958141327
406.8235681813616 573.7097772913038 447.37138286852246 610.2279382578479 0.13044127821922302
200.0402870745289 439.45101779708114 239.623108703836 483.6240693695489 0.13041087985038757
345.69216277217964 465.3704543128712 355.96956268320156 477.09494044630463 0.1297098696231842
266.2046286915592 486.4182490399216 275.7760713757858 498.4055080469308 0.1296337991952896
733.8683014405167 492.62883168809674 744.5097749734655 499.88257838269504 0.128740593791008
557.3592235951199 662.052196848003 590.4541055290338 693.2368268646143 0.12868419289588928
595.5627273906307 591.33207996275 661.1930429644807 657.100452539373 0.1286565661430359
752.3225407442551 491.964602422049 759.5799893215469 499.09069407613515 0.1266898661851883
715.7789836484757 493.86544468796257 722.3326976246893 501.8607228530246 0.12409704923629761
196.322329161753 478.8071527786043 214.70247935082273 498.5156060355428 0.12188133597373962
302.1782361138506 487.2753184567609 319.45245663606954 508.60072081425403 0.12161429226398468
655.6124723692666 475.2158139570463 670.182365150661 486.5507139733327 0.12082742899656296
170.26201482906092 698.3445848943127 189.48381514513144 722.4424153772936 0.12065426260232925
208.04701892968373 468.58419083672356 224.41400816538382 487.9450172986507 0.11975007504224777
230.26118522755667 519.0922602599688 265.8848199127133 562.4097885658555 0.11957019567489624
275.1096126948511 503.16365284328344 297.38768507835925 531.2095606552242 0.11886702477931976
59.79894968373412 640.3900226532129 81.04629504094095 661.5278757605097 0.11754606664180756
386.47876695862095 484.36088342258006 402.7245379452246 499.69365320222346 0.11719884723424911
670.9593122255756 491.10084681777175 678.3361586038338 498.202874107635 0.11719263345003128
320.40669700463235 498.4083531085563 338.0431442751621 519.8156005776731 0.11647501587867737
704.5145621627531 491.4571079187436 709.6292572136963 497.7616313885643 0.11575634032487869
23.8662123077841 509.8537370872462 67.59282000476716 554.1694867507645 0.11556411534547806
19.435384815618928 492.4665918033164 46.29532135057821 517.8299471664359 0.11554786562919617
421.6991986887298 632.3091879395157 463.2299631980066 668.3582996277454 0.11542882025241852
419.0864164580863 488.09226411359714 428.10990721951185 497.8644833796093 0.11528371274471283
549.1072390650044 494.0830917286212 555.3776870955439 501.4717816630645 0.11455710977315903
304.25399527569994 637.2922814912428 318.76941244695644 657.676478619076 0.11452346295118332
719.5882069858952 489.7916999278737 725.0725379735687 496.10878559338494 0.11376921832561493
695.6311776544285 484.6382826153795 701.3358525469655 491.5115847043189 0.11369849741458893
186.43098910140495 455.9273370813372 203.86384620792242 480.6856889404463 0.1132211685180664
919.3211638521212 577.363223157628 968.4531347617914 638.2509116653173 0.11296940594911575
249.62563734890352 477.772386314911 272.9853932908843 501.5567345675751 0.11219829320907593
217.57944172854334 520.8240404573249 226.04075396749965 532.0151720087131 0.11214317381381989
725.7124312526767 474.8115398900114 730.028914935351 479.83929530476803 0.11205621808767319
698.2344076492573 490.1901808559033 703.5314639760148 496.79609533449474 0.11204718053340912
205.42485840651648 554.3267588778268 230.157542859789 587.867117209211 0.11173414438962936
522.7838862414927 530.1621648120437 562.4955718306334 549.3101783482768 0.11141787469387054
458.54061016342143 571.6312079935915 532.8423990362836 619.7389816843813 0.11136288940906525
722.4610625591976 479.5202516825524 732.6343288127327 490.15837351472834 0.11131051927804947
538.2539021778682 495.53401309719806 544.770715285833 503.5685595855583 0.11109834909439087
237.44082668016696 466.16620819372775 251.84524806073608 483.97602846540025 0.11102631688117981
581.7786024742819 660.4144590371717 602.4056021716705 684.3851399127498 0.1110047921538353
642.6986719254894 485.87059417071066 658.3152837749697 498.3656281597677 0.11099295318126678
764.5297711072037 491.221879145502 773.5639427576557 498.4711225826684 0.11094385385513306
347.38826038939357 567.3620216753923 401.8326428206491 633.0917236895893 0.11088144779205322
312.16109600347755 662.2651138407055 325.7587206674627 680.0607648694792 0.1106589064002037
729.6242645833541 516.4770819401533 734.7729775933298 521.8377390431577 0.1104598194360733
657.3266361910681 490.2078822891452 665.2903681808974 497.1067685245924 0.11045299470424652
274.6105218435483 478.7787013309227 299.02390578364975 502.34392894836697 0.11018887907266617
771.5542901047742 513.9281677721585 784.191397623093 527.0701823691776 0.11004263907670975
180.52862706812982 676.9448347257195 192.25852461162975 689.5791138707024 0.10977911949157715
303.7025784158117 508.4113105550319 323.54776647726834 535.9050602565468 0.1097002848982811
740.1060603322095 489.9109080350509 748.76734401702 497.0075010181395 0.10937807708978653
152.26804559466743 685.4253062675027 162.70392126423877 697.8616229767084 0.10924143344163895
392.5521519685806 498.7481064953138 402.791416989436 510.2528560282843 0.10903158783912659
782.861622601226 510.58342651474027 803.8778154276472 530.6176833725721 0.10887730121612549
616.2037030806775 568.442244037951 650.8914722642404 599.176425115698 0.10886494070291519
790.3799438555867 504.80134570456397 800.0797980450906 515.3190208673171 0.10882999747991562
874.9775975650053 491.5183515566505 909.7789064349217 529.2155279201386 0.10882620513439178
428.3549315214154 493.75433407934827 438.9265533318839 504.1102367565137 0.10844892263412476
272.55469256448544 701.9282792859163 293.0380111499796 725.5306204226347 0.10842420160770416
655.5936793544183 483.4779363850646 667.1755773180982 493.13480479663866 0.1084209606051445
325.8769511462502 489.57491334404165 337.0713443844757 502.9455442560206 0.10794772207736969
561.3775392545731 494.922956767575 566.8183132605731 502.3378437502176 0.1078660637140274
362.52298461281555 636.5651030451256 378.74280177825324 658.210433153897 0.10768222063779831
222.48024631523157 503.1811988948715 250.96683941849875 534.9725353598349 0.10767672210931778
314.14773044561537 470.6617997980122 346.68441301660164 499.1557671744588 0.1072552278637886
473.0196092900757 640.7671900361352 536.0319473885108 680.2330240722371 0.10725105553865433
401.9537456251626 490.04272465921093 445.0471186388536 528.6621691599647 0.10708720982074738
247.87194202900466 542.5053518849934 273.29602530681103 576.9217825133181 0.10690925270318985
543.9037288068695 487.5211018617554 550.0427985780152 494.44307636819883 0.10685239732265472
30.78725903800895 630.3190837887987 51.20067013918401 655.5869175450706 0.10678074508905411
176.98542595918647 683.9893435097275 188.18472865932355 697.1856138146528 0.10650742799043655
71.69053180222669 483.05771018385326 89.18798346212128 506.9316114216177 0.10644680261611938
211.32568591009644 458.14726088579056 223.12378178848343 472.3537833437649 0.1063423901796341
717.8150759742628 703.2962962756744 728.3542057513525 713.9985347115907 0.1063302606344223
208.15656854238367 538.6753958845427 279.5055896253962 629.2224236126133 0.10621535032987595
793.9674040167755 492.6734696471912 837.0028075491603 535.00577127955 0.1061917394399643
303.537049807549 521.9701058394592 343.2879199859895 579.8043207697729 0.1061682254076004
202.38429467882327 483.3167769620737 225.69675356309403 506.95749302207815 0.1061607301235199
458.68845428062923 442.9555362036779 481.84224267953323 463.2609311620325 0.10604459792375565
398.8379184294166 659.5396698732835 437.7101419257988 694.9473253702728 0.10596559196710587
721.7454041044961 458.6452692063832 732.1904639107141 471.3012420471167 0.10587279498577118
219.05221667737405 501.14491970040285 234.4239930164663 518.3308130004136 0.10579996556043625
772.194757814152 559.5142119996515 799.4591381593002 589.6284179865216 0.10576824098825455
409.48352867099464 493.8379419497547 420.3229833611293 505.8105226383631 0.10573505610227585
324.5610827014538 671.2821901253791 334.4319698414766 683.3046706965703 0.10559125244617462
703.471496193701 483.61381836576805 709.4388594691125 490.72805884767473 0.10550092905759811
873.1129165956631 454.8335588841713 924.5684486765737 519.2119821718853 0.10532843321561813
372.5037676062701 485.29710733436116 385.0847024178207 499.1953230629781 0.10515599697828293
728.5426528643729 490.3468761727767 735.6297777082684 497.47230351054407 0.1051289290189743
223.44912043457097 471.8587308624737 235.34670113990336 485.81544695440425 0.10506898909807205
336.29272400328466 508.9567159618687 348.67480938660486 524.1488163280945 0.10506433248519897
371.60447349617226 500.75513924158105 386.92118183455955 519.2351970906888 0.10488320887088776
573.8691520469092 642.2237295414631 597.1624788639413 660.0859173220639 0.10488130897283554
318.1933590648732 522.8913020951936 336.8504323494485 547.4190380242991 0.1048489511013031
712.2217047962771 482.4707521569833 719.7534793392366 490.57526287783486 0.10468965768814087
171.39507689347516 466.6479093991202 191.42614777555818 493.53688555221817 0.10448508709669113
416.82363080296966 497.21029540323525 427.22090654775855 508.10815338685615 0.1044645681977272
373.5580998581771 666.9814067538914 394.91846166985204 690.8016381596437 0.1043335571885109
235.29763464172487 482.50079335216276 246.99278768338107 496.78919860156 0.10430768877267838
25.597509275331273 479.5199969033854 40.10686142550602 494.96544999748426 0.10429062694311142
171.09843570155007 542.2942335364688 212.7072592024325 595.869549123657 0.10390284657478333
665.982375717099 481.1156652350771 676.2086188510247 491.2642073751819 0.10375185310840607
480.51658314803797 672.3722841154408 544.0492669229793 707.1176655738723 0.1037120521068573
616.4954338874405 547.0562333049892 659.2939740889238 584.6000149268679 0.10362958908081055
752.5437326838723 522.4259483539079 788.0242334161758 556.3330925965607 0.10340744256973267
678.9563079442333 490.72792905167273 684.6792253592561 497.0361974241955 0.10340143740177155
804.5910387908239 624.8922031268208 818.6330054286875 642.2994462847028 0.10339076071977615
689.5879104180938 485.683713470592 695.809850999168 493.05868786061615 0.10333731025457382
37.920041013052916 465.1362224365521 62.04841738795997 491.78654969826505 0.10319146513938904
703.8757868062087 473.8697272181439 713.0865940463307 484.1589846320991 0.10318542271852493
795.0162660272331 603.9480955874163 824.4866255581743 642.4239382554904 0.1031780019402504
654.435128142881 483.1683193333511 682.883547928659 507.09750241603246 0.10307389497756958
174.89639379828958 517.0894635100846 194.07577687630928 540.2753514438311 0.1029416173696518
548.677251064992 499.9648135056283 555.4726468900519 507.57247216354483 0.10284056514501572
721.357974791314 525.2667456848399 742.4746436540632 545.5330730039514 0.10273586213588715
506.23024782840076 620.7904348661957 545.5973863380758 637.3326671205074 0.10265500098466873
96.72811842511386 627.2892870345876 129.8388139745781 666.1874550017583 0.10259658098220825
530.4738545174943 572.2462248852014 593.308835158853 604.8751830360526 0.10258926451206207
571.0436279325983 524.1424134061535 578.291364145623 532.3818533698658 0.1025395467877388
414.31614982294633 483.0027041346938 422.0355486599852 491.0918376135311 0.10228791832923889
139.76988419274298 507.1060911033371 167.21993101362457 538.089835584478 0.10227051377296448
857.7772785862154 498.2429154426231 881.4585800627162 525.7771195227801 0.10216286033391953
921.8896791938834 561.1524297290637 954.3360709764327 597.1165594758962 0.1021428108215332
654.9313785450065 473.90426281885226 707.6875018292346 519.3136314613508 0.1020311638712883
684.6054676492665 476.14233190809233 694.853390084776 486.81374360167706 0.10198607295751572
550.3165019521165 487.1559941065767 557.0312462624939 494.58831846399625 0.1019681915640831
38.49307409014094 454.554708983165 75.76738262302548 497.4545423553597 0.10191792249679565
449.0709538439542 473.73480996187453 504.1583419956489 517.2041444022739 0.10190841555595398
733.9101794452283 503.6062690103326 745.9561137808676 515.2039883822198 0.10183580219745636
187.73481437209824 441.56174328103583 198.03205403277505 455.770045010585 0.10181453824043274
717.3567522056505 476.45519567042277 728.8016246400318 488.916529841562 0.10180722922086716
62.61100620097964 465.6617482241904 75.21515839290574 480.42040214939107 0.10143183171749115
328.93176092893447 523.8906970521979 339.21484554953156 538.6775552148773 0.10137195885181427
815.4777184908992 465.00277330399985 845.4378139034329 500.07021693331126 0.10129310190677643
181.7286206243996 482.47801225183116 198.1356642085312 503.22282198072963 0.10115884244441986
241.86774103546247 467.5238343362893 259.06886250115343 488.1437627519043 0.10115812718868256
283.2243235038037 681.5310841711666 303.6911594774075 706.1572458579707 0.10104149580001831
764.4982065356963 496.42272285970176 777.0593281508437 507.7017649979683 0.10088236629962921
54.63590059538286 646.6699311433449 97.11981669173387 690.3659779136918 0.1008555069565773
242.28365457918906 506.1977706853627 259.83024970407996 528.5101177008453 0.10072557628154755
306.82182899413476 702.4122592634095 326.9403666263562 725.9421403997114 0.10071305185556412
228.13365164027053 496.6793547772613 239.57361468842262 510.0985919964342 0.1004914715886116
255.666168253963 452.07575490931487 283.62696732354874 480.3636027937652 0.10048414021730423
66.09466717433007 589.0856379323556 96.31243261406433 624.3968478030489 0.10041027516126633
53.53937724654322 619.7248248139091 65.77358807768444 634.5901277911448 0.10028088837862015
657.8999672294858 519.9537683410873 672.5599251830434 534.4610576308941 0.10027749091386795
456.6032131446933 544.3095988325301 523.9294220563805 584.512934278341 0.10026530921459198
375.4544834563002 538.478544825935 412.0939806393577 580.3381357660969 0.10013832151889801
677.616904252816 482.63896201203113 686.7928732759862 491.9546586089409 0.10012582689523697
197.88256127798883 541.9628329720906 218.650670659351 565.9274101557194 0.1000082865357399
583.1987166128295 646.1462210362879 639.0251890674542 702.8141618898632 0.09993559867143631
737.2675177065355 499.4455547105107 751.1066126723299 512.6670934303488 0.09992627054452896
360.1821417484964 497.8658542608299 371.9684178991152 513.8712660581748 0.09985356032848358
525.3236200927013 678.0758867170263 543.9999146869864 689.475586908818 0.09979024529457092
754.2700061129993 496.9740945756484 765.5405335064338 507.66720019810737 0.09970809519290924
134.00653692872885 461.40443507401994 168.2519518727859 503.97110700999707 0.09969012439250946
186.68590779534125 507.91893668338633 198.9973457966979 520.8354769788323 0.09965745359659195
271.33163296886306 653.3915165833508 308.6128034001327 698.2196389449762 0.09963379055261612
581.3661121040157 636.1021433540935 615.8481871510265 665.2216564946472 0.09955458343029022
162.8761497962427 514.8840309422301 182.6998994081183 537.9668386004047 0.09955325722694397
190.06996319725675 670.0779977758827 203.17816876673484 685.17137351357 0.09955224394798279
330.12839045613026 678.976714277778 347.91896129590964 700.0752743313624 0.09937822073698044
787.799578334673 699.0063604763442 811.5955432775437 725.1322579906506 0.09935937821865082
409.41982376450164 514.4208332945435 427.42708697651886 533.0308190660826 0.0993315652012825
402.9859179156305 495.2000436807441 412.91531726961057 505.9824738789148 0.09929723292589188
512.9222626206193 538.8272006994441 587.0989451652991 580.6957004962724 0.09910280257463455
214.89362918523304 446.6987680398803 225.2542750663714 459.3153365581764 0.09906468540430069
653.3102491872752 460.95977352253635 670.4785562062091 476.44074846043804 0.0990103930234909
554.6590759556433 647.5246557503564 580.1163683471802 666.9707868560611 0.0989852175116539
690.9738071610487 492.97603084168145 697.6926105883501 500.69656139534686 0.09886489063501358
715.9965825390316 468.36240089640614 725.7741672776963 479.59934752402364 0.0988149642944336
72.59594903824598 527.4409687197224 119.15207749599602 585.6327885344066 0.09879438579082489
179.80781509339965 642.5143796067109 198.04636710438766 663.7947797294931 0.09875272214412689
297.35943401325943 503.14755024296585 309.246636562718 519.1107972090327 0.09862207621335983
60.384580152019296 503.8310027843402 87.86947976541802 533.0028720638074 0.09853383898735046
250.81609510413563 676.3111364541935 264.5566460470745 692.419613490907 0.09841068834066391
272.1583448108665 602.6349525894395 316.5167482272822 662.6299158138993 0.09833517670631409
538.5433409734526 518.212844202545 564.8820710670386 540.5363114663412 0.09828932583332062
548.1082884130441 474.2345217709762 559.7839968143417 487.59093741003505 0.09822244942188263
705.4114141343159 497.2475023077998 714.2824340681495 507.6795490970031 0.0981946513056755
160.66574018051352 683.7734550207516 171.70633047918818 696.858467103081 0.09819087386131287
381.13899183133714 499.0155887769907 394.8955697841944 514.6703304430297 0.09816121309995651
421.22464882526435 559.5246554403935 457.72675291945046 589.8538306774137 0.09816083312034607
447.72868818633225 482.7945957276359 455.6380361423044 491.5414405227495 0.0981401652097702
295.9114944023929 521.5282180116553 309.01474828126044 538.2247768182136 0.09812573343515396
351.61870460080036 465.5304627418871 375.2703518158757 487.2887873108124 0.09811265766620636
720.5218507240784 500.7320788027485 730.1471553469262 511.08679687665085 0.09808134287595749
794.5334540787312 506.1526338616162 873.7604381117883 594.5371563611338 0.09807464480400085
337.47351200389136 475.15258609169075 351.27785358665574 489.730120243794 0.09802782535552979
504.8028877575766 635.1307963141539 539.2008680091033 651.2458431771287 0.09797599911689758
264.27710861884356 471.85333056556584 281.6879107856101 489.22545231546707 0.0979589894413948
884.3185286815515 523.753050667341 938.2105335768982 585.813914901609 0.09793389588594437
354.88793613786675 653.5382875520968 377.04002883997225 680.3842207351887 0.09791978448629379
562.809266102804 676.2130510237039 576.9783487054378 689.5243998822765 0.09789780527353287
113.67811886198896 502.21494605112946 146.1478425259234 542.9684465776385 0.09789132326841354
508.0022816838068 685.794689009642 533.5283789190361 703.2876773603118 0.0978344976902008
683.3523327202416 693.3462439657521 727.3579428353371 729.7827833951982 0.09777940809726715
517.7695750070144 474.85425967258675 578.487372316433 521.1033212890544 0.09773571044206619
209.91318303606943 534.6014456348283 221.27230748074845 545.9049713140189 0.09768162667751312
675.081713082787 688.3280784868874 686.7798199038942 698.7676421620318 0.09767454862594604
653.5524701176439 503.29935544819307 665.1171757460313 514.4319075432644 0.09752456843852997
219.00792940047208 482.59605485727894 236.54599547490992 502.53782757998874 0.09752447158098221
197.94793355316511 533.0440137723667 231.37325320888982 573.2840613779455 0.09751422703266144
655.8644169612397 588.6207664995679 708.6601325430076 647.8669974911937 0.09730593115091324
528.4975664603322 492.25118187462544 538.3549883133716 502.59196411752214 0.09729533642530441
348.3771473006346 514.4587461552297 378.1181110737029 548.478260946325 0.09727974236011505
785.3901971845569 649.0127955196208 804.781514822624 674.0283485114609 0.09727732092142105
363.77791086109056 471.72947072608866 413.5926536340581 520.2801937826778 0.09709981828927994
169.59909341901997 677.6061424663393 179.19927121095049 689.4338095320418 0.09694886207580566
55.16204922867116 543.9203580149434 93.79105587169708 590.0036729837792 0.09683312475681305
526.1494919528011 647.4877792487446 558.578890418414 668.0840288271904 0.09682273119688034
742.6311505750232 481.2156366296642 751.7270213939194 490.35030943015715 0.09670759737491608
747.5732168392849 501.3665078113281 760.0434455245214 513.664015224331 0.09667126834392548
218.58175383145286 669.4346096037578 232.17625263282756 686.6952579893057 0.09665726125240326
792.4004075539707 501.1671783379989 800.3351730601438 509.7508904539281 0.09663793444633484
331.764526950983 662.5514133688829 345.5534726831731 677.8705914198036 0.09649652242660522
291.87974654007036 488.7245910313029 305.2824984664109 505.0465194065956 0.0964074656367302
176.56035050031736 500.13322737134865 194.4665033160713 520.6198461297437 0.0964013934135437
693.1222132453 472.6550659225758 704.8486713014761 485.2625993984764 0.09630102664232254
681.0037063591863 500.44756667783014 690.851770649862 511.4054999433971 0.09593099355697632
173.96689630410572 422.15719472521306 208.8976695940697 458.38041947655967 0.0958847925066948
399.59413965128516 503.5583447792024 410.4377542796973 515.2870967411988 0.09586302191019058
216.40352143805939 666.4794045518652 227.6885462983458 681.123077333092 0.09581592679023743
421.7210685208311 439.2677081726645 458.4673491829276 475.3179220001771 0.09576388448476791
551.7474753469154 498.24841629502663 563.6873214436728 511.32322522636065 0.09573682397603989
673.259693318638 464.8738784617086 686.8287726765958 478.78738202448505 0.09565647691488266
296.69872536946133 476.6441811801834 329.62730036427155 506.18532506228905 0.09562160074710846
121.59247864075762 630.499257388395 140.730922865494 657.6568440777077 0.09559161216020584
564.054808211428 508.1581944426298 570.1805422192167 514.9769348507115 0.09553200006484985
295.74837065551014 664.9008291014517 310.66066534891814 683.219226036406 0.09549055993556976
288.140467792208 459.62147690804557 318.16567574658006 486.31478907756815 0.09541001915931702
69.28007623522932 634.6737585975517 122.39628697401051 692.4749842315675 0.09532377868890762
245.07784307418282 492.4200589620011 257.45059003410285 508.21093697859055 0.0953093022108078
33.105232260064994 485.89884763442524 58.15850750607835 511.24973173274066 0.09526500850915909
132.8181438853935 582.7863087054883 192.14682514118383 657.1235477874554 0.09525416791439056
330.61666424561656 683.3371709882912 355.47704948547914 711.9897929160172 0.09514728933572769
98.52087625471397 551.3757806763962 137.73489002349083 604.2637160067324 0.09506508708000183
772.3375130055354 507.8262818342811 782.3146074638527 516.2153009880101 0.09504885226488113
234.53668236761678 450.2084956934825 245.0948414244935 463.32800496320584 0.09495066851377487
172.1197576343469 309.383680068913 248.75464509095085 382.1953761887481 0.09487967193126678
99.36594820821608 623.4669611141758 122.06806580291197 646.3961498738144 0.0948127880692482
264.21372638412726 496.2435174875394 274.83009774401233 510.04890405796147 0.09472684562206268
732.6778199551059 478.938750160897 745.5224914203511 491.17626072398696 0.09471694380044937
211.59296098074321 653.0508804239685 256.8140954073215 704.5488817971012 0.09469182789325714
347.7976366159364 479.9881375665362 364.88182714935994 499.21732853492483 0.0946490541100502
676.8657634337754 504.4772482486703 702.0249019573924 529.7576779374293 0.09463148564100266
690.3992995336359 185.8264714277972 774.2466259620395 275.14032588782834 0.09457620233297348
80.92372106339903 480.8040642983162 102.13570886221585 508.28624375010924 0.09457043558359146
813.2443677769214 606.751798864551 870.3402498273139 675.2269169524428 0.09456153213977814
565.6660734863284 532.2836273148671 619.4560223677881 568.9219305114655 0.09455389529466629
548.8560394186014 568.9693273368608 604.3329316572756 601.3893567684066 0.09452087432146072
750.5086732629437 482.8998603274201 760.3621905484115 492.72032715561465 0.09449061006307602
187.16963934521127 610.1565485903283 237.58673174973583 669.0518978992519 0.09441328793764114
723.1951783107017 494.2292273200985 729.3513858157419 501.39360672955036 0.09433291852474213
401.9050923601437 484.43003072831436 411.9261158423482 495.0999502534479 0.09422764182090759
297.9642649536934 475.91815998412847 315.24591962036595 490.26304713387765 0.09418423473834991
648.3667284016465 561.9978651572998 675.2410616747452 596.3345456642838 0.0941331759095192
755.1686293685137 506.93431828541713 768.7316250019953 519.2509039274618 0.09407281875610352
210.2189966923742 489.3182183676625 225.62877772674517 505.20140849443044 0.09404384344816208
382.06920562855606 510.8299587131392 398.1626888559303 529.6138041147076 0.09403671324253082
269.1796962939217 518.8864627191124 294.67024430699803 552.7967796902922 0.09385083615779877
543.4848794358768 497.2026223806744 549.4280255764976 504.38926818309494 0.0938170775771141
676.0959183216357 550.7220291429962 722.0378289269672 594.2056895183488 0.09380888938903809
904.6260294556448 467.5492736491574 916.1818293067737 483.71053008526104 0.0936889722943306
35.41090794946509 552.2893156278036 66.4181773790333 590.8979699368314 0.09358972311019897
917.3443727308094 544.8166751012805 956.4977350210472 582.5131795690972 0.09358043968677521
375.6448721405985 495.3978836386458 452.8188982298194 567.1668879982394 0.0935203805565834
191.6529573827686 526.8655674593707 203.78533130075596 544.6071804194265 0.09347206354141235
563.7028789597757 502.20495915862335 609.5974879598248 538.2720403135108 0.09337501227855682
640.5259765417917 649.2686709026935 672.153906983209 685.1779937603119 0.09336096048355103
531.0479160666213 506.54300286284706 544.0960821587983 518.9274343619934 0.09335740655660629
239.03189083303485 538.1908680848687 251.59092560089334 554.4930186554567 0.09330955892801285
637.0570944549908 462.2864426639393 648.8774617473867 473.466565414131 0.09328968822956085
709.0163375708036 489.2431332240255 713.6780734949234 494.84001748881786 0.09316885471343994
334.4600030713042 590.2332080368006 359.5333306309279 623.4106316937293 0.09315712749958038
785.650840398084 632.3137888177363 802.2294260619351 653.8421864328247 0.09310216456651688
667.8205756207878 502.40094932338667 680.6597815228646 515.5377018094673 0.09309471398591995
546.4931062340517 673.887547079117 561.9335169224781 686.5421552494361 0.09303899109363556
629.5475152949888 488.59441778487053 643.7545680256769 500.70652602505334 0.09294283390045166
549.431084654006 502.8972256112823 560.6901571629818 514.5344263854207 0.09288104623556137
759.4809635009732 490.41788413765545 765.6088876032752 496.8699469702327 0.09281027317047119
857.4542333413193 471.4627329779892 883.0775657674685 503.06018748791456 0.09276407212018967
563.0669052693063 500.5439321207195 569.8516302544758 508.8727969468297 0.09276057034730911
325.7580525580236 516.5398680971304 333.7132232086684 526.7795497895899 0.09266813099384308
60.78944225154549 460.1247426176735 80.09022326210064 485.8273327484698 0.09260516613721848
369.8334656210169 626.3273707702173 400.001064225648 660.2794075255683 0.09251651912927628
780.267211004908 505.52511933201856 790.5602659424749 516.0596526646368 0.09250323474407196
802.3250904350332 527.4832617054293 838.7264080915976 567.2720894208038 0.0924496129155159
549.659326022112 585.7128704737742 606.9664780931893 622.1382605770739 0.09227952361106873
379.18555835970267 467.71552866427163 398.4748677666259 486.60928250452673 0.0922631099820137
259.65528471430895 640.9589840246149 281.2381011805831 668.4811372892829 0.09222452342510223
157.71282333725102 439.8242916062702 185.554699740282 475.4077358255956 0.09215167164802551
577.4560402281702 681.8625229307564 590.9854266758207 698.0158107238897 0.09198764711618423
324.9973709814574 608.3201662372444 347.54017840421267 640.0839423740395 0.09189888834953308
237.27758649284274 667.8230381794488 249.9619678433356 683.279510687095 0.09183116257190704
230.3249861435945 661.4626649378813 285.02602695428834 725.3794084808883 0.09180237352848053
124.27023360688858 597.2276924298316 174.6972350818371 660.4157191808007 0.09178238362073898
745.9040479579285 493.904174895616 752.991748738198 500.97313251692475 0.09166893362998962
282.0293185615166 472.4265966973469 296.21258684624365 484.60022831646944 0.09157825261354446
57.63069693592325 606.9416636905598 83.05391568503148 634.7245722518388 0.09154319018125534
783.3367779958895 529.4078205893836 811.3383413615603 558.3626115316594 0.09120970964431763
729.6748112033672 581.0601843248222 768.5734526331213 628.2682866579698 0.0911712720990181
951.5936719037423 556.953908889478 984.2252327742052 597.9665501005791 0.09115687012672424
367.72004310564375 494.5319017118855 381.3217584160884 510.6469995309118 0.09087764471769333
774.7331997961705 500.53807205879934 786.3341705127356 512.1394198507711 0.09079284220933914
229.8217340090741 675.2441982932967 243.20634252833148 692.7881270253966 0.0907549262046814
312.40205115266497 678.5552128260738 326.850434200451 696.3193407420528 0.09072194993495941
88.57925860453868 471.997732721782 125.7246330615034 516.4616573230963 0.09068498760461807
447.86446791901477 491.37498608131676 542.7950391739226 561.5593874509533 0.09067122638225555
356.03548288018993 624.546857931889 386.64818678528843 664.7773307256198 0.09059254825115204
24.962651708281125 566.7865053431589 64.08858741470836 615.1082407621772 0.09053823351860046
555.3166262759161 493.06139585503274 561.2456863778038 500.24321080489653 0.0904477909207344
160.2591452895206 481.5500842446932 188.99267211217878 515.5969014978989 0.09029290080070496
793.7295447238266 559.2821540182599 824.4498192898079 592.5874444111292 0.09024743735790253
855.4841377047794 533.348395546473 899.1072351297975 582.080825819041 0.09016590565443039
766.6919054478549 671.0384557683466 794.7660760943758 701.3963683388085 0.09006375819444656
8.170124351332497 504.3441542931742 31.805753607180097 530.7219180636844 0.08994101732969284
131.2085254111773 644.9852782640558 175.4115401067515 696.0421270842107 0.08988513797521591
292.7187988487985 533.5656778235269 397.52022798220673 657.9336686844191 0.08987320214509964
76.53966140255068 445.35386549888926 102.04758606766332 477.0989693259982 0.08983569592237473
271.39422863978 566.4981374429475 303.03949789017776 610.0502983514826 0.08959386497735977
-6.703315584767375 589.7462683874736 27.69412429250888 634.546776608193 0.08951598405838013
35.33809952266794 527.5425540595327 54.73912297978231 546.4601990032877 0.08950766921043396
239.18087517922805 424.77519863598366 277.17690241128435 464.6524436453579 0.08950439095497131
274.7226188499337 527.1642069365296 314.0182380666358 576.2609066537985 0.08944636583328247
403.08940037412384 431.5378083334911 429.899284744688 458.0943005051382 0.0894409790635109
446.7043022771582 445.82768401828974 497.02529942766364 490.67017396043684 0.08938046544790268
682.9421514573108 484.7848688263377 688.9849048789956 491.76341546410765 0.0892454981803894
140.0842944878927 694.0056189816562 172.63262602105826 731.2547852711613 0.08914858847856522
757.751610899231 575.8853860688531 788.6457143916193 614.4780649412024 0.08906059712171555
330.76141521994725 507.401246476141 339.27816359868206 518.6814126911604 0.08905790746212006
882.8095602891613 506.6589977029898 1032.2040610273048 679.2695396454336 0.08897702395915985
394.78094562480845 510.41523446749363 413.9364413785636 531.7082988371737 0.08893543481826782
197.56087131732588 683.8117053760534 215.28297381403965 705.5804200988025 0.08892250061035156
623.7002126486564 473.9746370849226 639.5746541024906 487.5034072080514 0.08889546245336533
-0.6613705060993021 454.98646848650225 38.52366079892274 506.4008848000478 0.08877348899841309
171.5020373916171 651.3596850973951 220.88673478966462 705.6608234518853 0.08868452906608582
267.9633209753835 465.81595750667555 317.83612804811634 509.4075650785662 0.08862844854593277
96.23035009599997 602.6284410537011 121.68986262032439 630.2342675111273 0.08845598250627518
641.0031844299542 502.4648235256744 654.9411481294386 514.5492267526969 0.08839480578899384
98.93105289834492 509.90294361332474 125.14271423772598 540.6745676930561 0.08838429301977158
111.11280245663369 489.08277189959813 134.0097461392607 520.3344959924054 0.08835311979055405
344.74946331962514 378.3869374829638 423.6316149585075 452.8706572842861 0.08827556669712067
329.34187496477125 460.868547184633 349.39995689830795 479.67455392860325 0.0882723331451416
850.2395719493508 519.2741731079476 883.4275070675388 557.9842746319918 0.08824408799409866
0.6602515380275779 551.5788148814547 42.3892797167151 604.2800451430574 0.0882292166352272
787.5559215325778 609.2380986159831 799.7867664629516 629.1318896257582 0.08803187310695648
687.5898420160495 508.0857215966608 694.1237958085181 514.8067249541253 0.08802195638418198
303.875410213659 690.8967131264541 314.9087428200494 704.5557421131522 0.08791214227676392
101.24709848738074 350.0080263305762 160.50522384803182 403.6961164102399 0.08789428323507309
409.50234684198 549.5134232579751 441.9927683176919 576.372612826616 0.08787747472524643
398.6487472564704 473.5180204962974 414.90712226184854 489.8346110768585 0.0877840593457222
331.17832678379517 440.34833559080624 360.93996625340446 471.33191071978695 0.08774494379758835
765.0115650678554 614.4638417639028 787.2537071111625 644.6476244741675 0.0876731276512146
886.1770076152765 523.1851913803508 916.6378264648656 556.2782111617175 0.08761105686426163
533.1998393779176 483.80504475397885 545.3561570589666 497.0257595269173 0.08760838955640793
350.4594293723604 691.1987242958014 392.0850216278062 735.4353028869888 0.08743804693222046
263.09505946647465 674.1186337543927 276.4209873948497 690.535426542314 0.08738118410110474
552.6647029630794 683.199637322706 568.2442036278131 698.0835479642047 0.08733772486448288
54.57891023943764 495.75456233070787 194.08009502561754 670.8522042035637 0.08731355518102646
246.36006386881294 644.8826720962418 268.02295614748436 671.6141085581501 0.08729854971170425
292.2471982991691 568.495507387244 328.9093706690232 617.2503228057659 0.08714566379785538
904.1271213013034 487.2291068837171 949.5291072278336 538.6014909761864 0.08710488677024841
-9.816448357191337 505.08618345464896 27.32793880696476 550.7184300199051 0.08710428327322006
799.7040355378557 494.09879430089813 811.3902056024851 506.47678632131937 0.08707579225301743
199.40118416812444 407.169122184435 239.4614302230146 444.26095873281184 0.0870646983385086
775.3518134308282 478.24543722755425 805.0107512568298 509.15101792293433 0.08700151741504669
592.5233813764405 456.30296497497443 692.2739823990893 551.9202543585092 0.08700091391801834
339.128374699666 672.3961118812801 351.492207973321 687.9098763533004 0.0869300365447998
81.44091938562852 508.2904158502828 103.38120933290618 534.0572910923154 0.08690885454416275
284.6198453188471 670.4515894937462 299.4330816141479 687.5513878550264 0.08679281920194626
342.3666137264724 702.4469724165322 366.2953761574108 727.5932709158631 0.08676297217607498
449.2507439764545 521.2960083279395 581.476920410269 617.0239257363955 0.08658841252326965
227.57759164525726 654.387038206283 241.1389684543731 670.5216085791957 0.08655460178852081
104.02362543942448 440.47259181579045 134.29547779381355 477.949919221325 0.08649058640003204
292.555723685393 643.4776414768626 307.440439432875 661.9753290416666 0.08647391945123672
464.0344521507034 428.96894996766156 521.4594668182538 479.8172498093404 0.08632007986307144
365.55214389868786 444.7558496564704 401.78251426617584 478.7556513668355 0.08628737181425095
714.2500703134375 550.9622012105743 747.7705045924096 586.8868800218603 0.0862576812505722
49.75272851137415 628.3028909384402 70.41140842206485 649.9404941616986 0.08584368973970413
349.1811339455588 493.4973000949283 401.27742437578695 547.2949012409844 0.08580172806978226
506.9411664450825 477.18817944280283 513.0263366180687 483.63752981921084 0.0857706144452095
314.4061985436062 680.7825491340401 369.4961585998031 741.3465295717809 0.08576931059360504
223.98658362596913 612.2378179546631 267.4391550169029 663.5175674092814 0.08519681543111801
178.93517661208494 660.5862790624958 191.56543290037425 674.9997963641862 0.08506849408149719
112.35695901412092 591.146397269465 139.27769341350356 625.2212897185926 0.0849020779132843
282.539916088523 657.0606037217815 297.24509914063134 674.2941681445566 0.08487284928560257
552.2296766446298 620.7182362262448 593.6015670367334 648.159986027248 0.08485593646764755
962.2956428166123 513.7745114805215 1004.9749163884944 542.6581197014201 0.08484775573015213
580.1966001568937 688.3019735617571 620.6637425885112 729.7674816651529 0.08472304791212082
421.1368968049042 499.32670388964226 437.34910805145915 516.3207641309261 0.08461692184209824
512.3151988831553 604.5290417972061 562.0490900774909 629.617915077866 0.0845261737704277
622.5333546494572 490.08118203398396 638.9500951474164 504.8360081833524 0.08446770906448364
341.89775990352905 658.7391359860251 365.2174651534302 686.4403136069936 0.08443833142518997
195.6717657495033 654.3417905007217 210.11792504856444 670.3929363425597 0.08437944203615189
341.85684338416957 540.8392538778793 376.07383214458616 582.3041655411612 0.08419906347990036
858.1252866129762 416.0717984498171 940.2927827713911 516.8192947165172 0.08403705060482025
67.54870665788005 630.7200993347057 88.83734008987355 652.5002495783781 0.08399492502212524
75.54910491825919 618.2125508506467 94.06158898542785 637.8836691607925 0.0839231014251709
220.16416088497994 683.0517739620284 269.82822704755915 737.0588501778326 0.08381626754999161
153.4516995624588 497.768751564408 194.92528988020197 544.5471515979037 0.08378250151872635
414.81325060430964 461.52568639105334 449.9678943172932 495.9393418153501 0.08375391364097595
416.5230476296828 484.5100183780948 432.93385734926295 501.97009911457303 0.08374655246734619
136.46818161341233 441.59705933114816 162.61832645769988 474.9121850165298 0.08368122577667236
836.0984976714861 495.3452588134533 860.483511715507 523.9257523501702 0.08366651087999344
336.98434037556575 493.5237015227764 349.9891540885507 508.6105207357806 0.08314109593629837
404.64871507163485 603.2138591503527 439.12656976286945 637.5044332275905 0.08270443230867386
136.7823744409665 533.4941504492322 176.74160246322086 581.3581698308913 0.08266070485115051
308.4010680197744 448.7468546882034 341.35395300524806 480.42593414098036 0.082591712474823
319.0339193695607 547.0162156225487 353.67505917920806 593.4372240544783 0.08232508599758148
-14.771148970309504 640.9759995035761 39.70297676486488 711.3575354211287 0.08212678879499435
349.07263657210825 675.8156718713908 372.5066281134057 703.8581715211334 0.08201088756322861
241.169304636219 568.6569633424612 266.595795230786 606.579441341678 0.08177847415208817
272.603956853303 613.3150239886826 296.0563761778157 643.9679972531029 0.08176971971988678
38.49473870774106 495.52182648986036 56.675276296602384 510.99948666629143 0.08165571093559265
345.7238252579097 617.9741110094735 370.73412627190277 649.8635485686322 0.08146090060472488
689.9865302490581 519.5393042811487 728.062542106729 561.4633934919052 0.08120569586753845
280.3602583298093 685.8804864241193 329.31929140056343 740.4141330230169 0.08118888735771179
922.8229486090297 476.34810750574695 984.9292884654349 537.4511374719817 0.0810149610042572
220.9885671238076 525.3749248897489 242.08500804109661 551.586184589494 0.08086055517196655
157.5070020174112 647.9306502405284 175.79421901413372 670.9692493005251 0.08079162985086441
961.3407678951713 550.2981207249406 993.5455694941235 586.7866109446635 0.08071505278348923
201.83227858151355 459.8596880585769 212.36372881551554 472.45398661158686 0.08059227466583252
625.204643707751 679.0540078843176 689.2456010283909 739.5927125492525 0.08056481182575226
303.98939237941164 403.1000273262207 344.17818317717143 443.2841658462149 0.08054333925247192
444.04451611427413 610.8470876584529 475.0974713975923 642.7653720250512 0.08046987652778625
276.49604397686807 440.67707441253754 318.0759753096238 480.84556502824876 0.08044213801622391
124.78794815394613 393.9242530539717 183.40182595358752 459.31024084140716 0.08035357296466827
319.8737758633928 690.1644812258152 332.8995799533935 705.2433187563305 0.08035099506378174
211.1711683548353 452.9077297659464 218.48642582082238 462.08778219788246 0.0803503543138504
91.64022560820717 583.4731351392874 134.03992423475134 636.6392100951687 0.08020160347223282
265.38107589220425 539.9510783715959 282.5593163519731 564.1315058024488 0.0801517441868782
898.3398329889717 502.5232084127348 910.6634530864101 520.3490087829707 0.08010576665401459
302.54551366910425 602.6278309753819 324.1201557109023 631.5206543593437 0.07980044186115265
84.02752013578717 673.6982197378956 133.82628770824704 729.6963845413837 0.07978479564189911
137.76533624231567 631.9268750104135 156.32979738968797 656.6732185862146 0.07966142147779465
375.4773209781917 439.5185215869104 416.88857748803576 482.3824287247163 0.07962015271186829
408.2636579264627 679.2864975522994 467.45658024255283 732.4264453633002 0.07957591861486435
665.2553231092621 644.5065596389239 701.9120854346273 685.1932511078033 0.07935961335897446
221.71734373820746 413.98134329044865 282.64929827153577 473.16151171261384 0.07935937494039536
801.529426746687 305.5659529253154 1027.4985499682057 566.7319538331965 0.07911158353090286
157.5070709947559 394.15255840838694 193.3115331198086 428.18770565574545 0.07891572266817093
375.13324231651836 677.5539572771394 409.96928594816444 712.2753340233096 0.07881607860326767
87.77317479658859 618.5002530255193 109.27173329718266 641.5613802567781 0.07852921634912491
321.87290165898423 627.0961351043371 337.90780019307294 649.7028984854311 0.07849831134080887
327.5232655020598 429.31184131625173 388.3888405857355 487.88158457676894 0.07830902189016342
218.09243389705583 550.5229461743209 247.9386160699115 586.9242923712721 0.07824882119894028
627.9885389379881 517.2148542386958 663.4314203831949 549.4587765200248 0.07816728949546814
129.84704548372554 554.5607984493641 163.28536262848218 598.9720000720993 0.07811351865530014
645.4338881172797 528.6181828469536 801.21024075712 684.6025322892622 0.07810123264789581
378.84749270269936 593.0438229185582 410.1467229613925 629.7335024361349 0.07795331627130508
510.979943317961 689.4387372082773 569.8600400755976 735.2698853531354 0.07780668884515762
825.3064929699497 635.8978409475783 866.0399914470488 685.9114308356877 0.0775730162858963
907.1856653030924 616.8387760843352 979.1906901163385 696.7154474198652 0.07747258991003036
905.6498078119107 527.5150328255179 923.8950459166045 548.8620369215206 0.07726186513900757
11.00524863835094 610.2338957711198 34.160437266599345 639.8186032662845 0.07715530693531036
573.5652402035503 522.5814501647246 675.5887948831436 616.3723494744688 0.07713095843791962
948.0152282690791 528.8363284177042 967.4088422980533 548.4540124737161 0.07706961780786514
-7.639170249331338 436.74876362511844 24.760908666071977 482.80741093636505 0.07692886143922806
466.3816039567005 702.7912959281787 491.7397810621202 727.1618767667442 0.07688149064779282
897.8440640457443 473.5169247411736 918.7954092002166 503.63929817237954 0.07679995149374008
430.87710845674405 668.8677732933783 452.10702637964033 689.2818677943034 0.07675192505121231
409.465458295099 395.19949636368335 453.8487968110297 445.13196351393094 0.07659827917814255
796.7829301626756 646.5088345542289 846.7470247918011 710.4389221516464 0.07658407837152481
60.78072495183811 672.6631886775559 91.89834573813766 708.2855181302242 0.07633361965417862
54.78241087972264 405.06210906375895 106.18735488659637 467.5205163597605 0.07628268748521805
171.33640672643727 590.8065386080146 198.57092026353493 626.2438843073197 0.07624167203903198
341.80309594261314 638.5597037285272 363.88066612833427 665.4405372750026 0.07618296891450882
-11.306478875885459 553.8345308280262 22.708570594181708 599.952498727878 0.07617292553186417
359.5681399314682 582.4685775978043 386.6062967311377 614.7171094518733 0.07611958682537079
55.51210854433984 524.7295402359027 78.82407587349108 550.700724812692 0.0757676362991333
386.3294105644624 577.0292126234941 410.4169166564174 604.2479327013324 0.07557176798582077
105.4735913149569 656.714307329632 130.6907719508684 686.6179849411923 0.07554884254932404
24.33583134145167 680.9110538615791 75.67135703068604 739.4953004804613 0.07524740695953369
767.0369487520334 114.87745519145368 1004.0631724950322 374.5055470078463 0.07512957602739334
312.99683280151396 541.6615380249723 332.05365192668074 569.6228128598937 0.0749875083565712
627.8765894571786 618.5086053986607 654.8413461302963 650.2220177792578 0.07491348683834076
497.9569197238133 438.58197889278915 584.9707155097507 513.659319968037 0.0749036893248558
797.1675448681747 619.748156982236 806.5729777870757 632.3155251836876 0.0748230516910553
-29.51109916012269 618.3747804734506 86.32222286831268 755.4245605351389 0.07469877600669861
158.2535743886267 623.9229124121556 180.65736079330222 653.0492494997086 0.07459177821874619
264.3140248774549 593.5683607471045 285.4196843096294 623.1499288408058 0.07449880242347717
198.7466922122105 611.5141412244137 223.71780601255924 643.7933594769149 0.07412569224834442
248.3058936630291 608.7316791593796 271.7961402433601 640.2176130241403 0.07390474528074265
450.1611223859212 659.3578656447648 479.15082437081617 686.7141614187085 0.07379782944917679
539.4139202162627 701.6078888983699 569.3955520267904 727.7821504236322 0.07379600405693054
176.56755524932382 618.8138005850547 200.01469076956934 649.0643197107796 0.0735659971833229
350.5244029252933 496.0408933148687 367.1135165327075 514.0301948946523 0.07349435985088348
163.72748993763327 530.30068020197 194.74726110734989 563.9814884360894 0.07342476397752762
218.19107708803398 628.6390209115716 244.3205657733939 660.269125891014 0.07339537888765335
784.8328403749842 535.7480311307777 798.2674374882504 547.7630737599643 0.0733184665441513
134.82958687592588 417.61867558156246 165.08157941917847 452.3286429958116 0.07324280589818954
746.2831477015469 633.9648728655737 799.7019772133825 704.1386501256736 0.0728139653801918
414.3176894401206 562.0733407856106 431.3095866526462 577.4631201556185 0.07257281988859177
445.3214913338699 565.6102739880254 468.7444964815107 589.0010748541537 0.07245931029319763
37.094132353219884 457.85211749490384 58.004322741284014 481.2471878658139 0.07244639098644257
628.1045198692293 634.1235383255695 682.2627246665697 695.3844009793298 0.07243238389492035
234.11625423674369 401.47563192751676 268.29761020694673 436.8526991644107 0.07157965749502182
246.4273232995778 367.9211230244893 306.0469221957432 421.1199545344022 0.07123325765132904
443.40841507905213 587.4467056131609 469.74163998008896 615.9180758641407 0.07062079012393951
17.37395493483004 412.2041719006203 60.657813406133045 467.4794276069119 0.07056725770235062
126.04690873333028 486.45513564429734 148.22836041056644 514.4423108990512 0.07043994963169098
191.94949975088588 577.3802849815453 221.91985211230812 616.9843267806208 0.06983526051044464
217.84512013991042 593.2158325381315 245.0815262971738 628.1705989147544 0.06912854313850403
142.28552221189295 670.5961996907786 153.9408630840693 685.6072454265458 0.06864487379789352
289.78747573006075 366.72675897806494 352.0857754936678 422.66847112015125 0.06861487030982971
125.87022319623193 679.5354368001509 151.1947283002541 710.5816468890026 0.06849145144224167
940.8176593427555 564.3921072962197 1125.8829661666637 775.4428246042344 0.06836522370576859
197.22609491367567 696.5188233520616 226.6926122670757 729.6936100476672 0.06749784201383591
147.70925938462042 658.2486988037666 160.02784778639221 674.3018686816248 0.06719709187746048
168.26252844310926 663.1270832108725 179.50417178595498 677.7751371757513 0.06617379188537598
30.472804208780026 627.5258240978366 64.39397029309778 673.1783020002459 0.06603372097015381
937.0517601237794 -77.23040406318539 1163.4948865376243 175.08563657455315 0.06529726088047028
326.06859175385637 324.7862301792435 401.3676568128375 385.5573694038182 0.06472992151975632
-26.334156076802426 305.08009929817416 62.8434710932869 417.6289668948544 0.06445291638374329
151.08479182072819 359.2268849380676 196.38180456980507 405.3981446744118 0.06432479619979858
450.8237427152556 356.352270538245 520.6845295281279 419.1433300794701 0.06413763016462326
459.84002829934826 596.9239757302802 498.8763335213381 630.8458264439794 0.06340006738901138
1000.6941579304221 626.8833752882324 1114.3496331400227 764.0331784460658 0.0633317083120346
432.987403734934 602.8230578189814 458.2034904825188 628.3252457673337 0.06331436336040497
401.7313716681168 298.9125187630125 466.28266398910455 358.03630496194853 0.06270306557416916
-14.125336414017411 683.8045398562018 31.668683669366864 742.9143883792093 0.060571640729904175
959.2879534296558 277.92051964425906 1121.7344719682578 497.5973517270921 0.06037866696715355
-28.404000382930523 408.0138530939161 135.83644883339954 631.7135325936198 0.058657631278038025
