506.3225771415403 399.741279322438 519.6414037599501 417.0485358585635 0.9984606504440308
782.590863465054 406.2423613959987 791.0242736636735 417.473104307063 0.9967193007469177
753.5083548310388 400.70831244522833 762.3119560908086 411.6341494188375 0.9936774373054504
592.012445740496 408.99810017320226 601.9757728167765 423.31870912469 0.9905890226364136
613.7627328815997 406.74462007239555 622.1660286400223 419.6153087477632 0.9854145050048828
538.5777772381226 404.7185047918023 546.8928247356085 414.6125960265012 0.9821382761001587
396.99219643789866 415.40715392839957 401.0934462511918 420.89732286593784 0.7499581575393677
719.4586908390082 404.17172340345235 728.255590895745 416.13454994836667 0.7110572457313538
330.52924703143987 417.08994637518543 335.29933042538494 423.43782180077096 0.6552546620368958
938.7264141967166 388.6861199745407 948.6497033003274 400.54968111206693 0.6398724317550659
549.9163617796343 417.7754529941085 558.9546157033101 429.44532406558733 0.6320257782936096
810.5435710110097 410.88278460310767 819.6693478928213 423.1163710201261 0.6229141354560852
767.4572095945672 406.9770425576255 777.6431062033458 418.82874065932157 0.6175623536109924
953.3580520136595 381.02564034871847 965.0848730784608 395.5720201529464 0.5822635293006897
480.3612383251303 415.3786606201595 487.50131050781573 424.8394657417051 0.5234699249267578
732.8105029822409 390.11717745794186 739.7752794973782 398.6310888849782 0.3902999460697174
681.5072635288743 396.4771083823262 692.8735126197713 409.94114386101444 0.3545300364494324
453.5158931444692 416.5637735551527 460.8694361448014 426.4138217469813 0.3517147898674011
648.5310562944217 412.08986072224906 657.1613928113626 425.72792375586306 0.3076719045639038
320.18956559080806 413.0914933001915 324.6661684866446 418.9615144156052 0.3000549077987671
350.28235014464826 413.0897555951693 354.499160418137 418.7100335509981 0.2812904417514801
215.92064055400965 416.485915922409 221.87091979711263 424.0347082653102 0.2723124027252197
703.2571811589178 398.3106972166957 710.4634064136604 408.4195654895822 0.26020050048828125
226.48337303648933 412.30922656306967 231.78289820357458 419.6666872508416 0.2539888322353363
818.2315432947645 410.7724986890488 827.3336879923824 423.956792224786 0.24500033259391785
527.8101205163081 396.08943616733137 534.9312335329474 407.24316986137495 0.2339240461587906
487.28575799702423 402.86810544722806 494.1659557476281 411.6216827118248 0.2274969518184662
201.23765997040573 405.77828679288905 206.9663254635185 413.59507401590815 0.21605047583580017
325.5217396124741 558.3572681775785 418.799069809211 661.1250331531905 0.21495340764522552
201.36881835404594 417.2804588477152 207.1134278296564 425.0664547499149 0.1972760707139969
875.3232508987868 413.6742959283122 888.015018929965 433.2262246430487 0.19377684593200684
383.0517672309798 409.48832486053817 386.4191306296913 413.9957596515269 0.1909678727388382
300.89127662400466 416.2338928545981 305.92745207753114 423.5276142570608 0.18931619822978973
257.791312307715 423.5826663014905 264.25531214948455 430.7927493874721 0.18501511216163635
529.9602957623337 403.9391749722436 537.7049172091057 416.8563466566252 0.1809644103050232
709.4516837112393 430.26402697036923 717.3734791050124 439.72746281107527 0.18062324821949005
375.6440178265805 411.4388133029623 379.1090732393155 416.02550643574807 0.1742737740278244
693.8264738515101 417.6602184905994 704.6893114765937 430.50725385059616 0.16065023839473724
1010.6275712136772 391.726049193809 1019.317905666888 406.7079813499343 0.1579759269952774
273.9756085921031 417.0239057235507 279.6262496555268 424.57252285662855 0.15697577595710754
258.28457575723303 411.5761716157579 264.3504813720353 418.67218859512565 0.15182408690452576
165.96675426566733 422.71380652716033 188.46616244118195 445.40102921874274 0.15061776340007782
340.2273804103183 416.61237744419594 344.39910275544867 422.0453687496286 0.14855556190013885
165.55029930066678 393.1874085309506 200.72772294120418 433.6800821468607 0.14762277901172638
248.33533485519112 413.6000868471786 253.65607916749542 420.476832368191 0.14670836925506592
221.7021358056983 472.0475756956844 247.4542789505062 496.6399194205418 0.14642693102359772
774.878314290192 414.160208661408 784.0327294902952 425.36214576961487 0.14202149212360382
311.0847824064459 416.65871328247846 316.5716082902872 424.1901712854275 0.13983823359012604
234.95548694873003 421.3643521677993 240.3045265538537 427.8822870341794 0.13947750627994537
248.61661911918117 409.6970074730088 252.89945184405332 415.06945260479785 0.13838118314743042
255.4541328346328 461.4574284681501 276.6206891971367 484.3493519860099 0.13815699517726898
233.6732282110294 413.7791652314808 238.9209003606203 420.61509356968185 0.1376560777425766
272.45148845570503 411.7311229135645 278.0359906617385 418.5145245285839 0.13704609870910645
300.7025940121083 409.98385410493546 304.94503166556063 415.79413345035033 0.1335780918598175
751.173478505932 420.8914753249642 763.940620316665 435.8446139772172 0.13308800756931305
382.475167113689 416.5732669628302 385.87743883316267 420.88170315598893 0.13170932233333588
209.85015103244638 388.2816958969879 217.5521252508634 397.61965138462256 0.13090577721595764
156.9963018123626 463.3378654340785 203.49517578400113 517.781786393113 0.13078266382217407
291.19614808077546 411.28566225916916 295.69640880190667 417.56404483570583 0.12952156364917755
231.58492194942676 434.4939170908204 238.527110471008 442.06112560320287 0.129251629114151
276.43373405645394 413.35344868298387 280.86675182444435 419.3814212966235 0.12786264717578888
330.3398932267286 413.30661574677663 333.62763472577666 417.5318704523425 0.12764747440814972
252.7308283406094 410.0242684236905 257.19016121561964 415.9255396778065 0.12756776809692383
804.6299458679844 409.42617549549595 812.6317550301405 421.15143813538447 0.12664519250392914
133.4579642066388 434.3851617698797 170.70823167900443 481.2395811060858 0.12615565955638885
756.3118188977047 412.1378045639465 766.4451424795377 424.96463411299897 0.12526114284992218
695.9056782503651 395.45697566145157 702.9236872281376 405.56257069657573 0.12428823858499527
231.62108834082045 421.0446683374357 235.95348708944678 426.2907473739556 0.12422585487365723
580.3014187049453 392.022982028072 587.7361546823046 403.6952742773129 0.12421756237745285
334.5195534230011 419.27891298541505 338.5840099943623 424.66978969432387 0.12419150769710541
298.24811067422587 427.60071594244926 304.8178187828565 436.75973826389713 0.1240692064166069
292.56599175361833 403.3093872880692 297.4277361588182 409.64189904201527 0.12388665974140167
166.37133826043356 440.8659700312622 196.2371589808715 474.40795865100137 0.12367668002843857
200.60635265686832 613.8201269434159 205.2386484117134 619.4894218059308 0.12270035594701767
291.2664549437416 417.80492279372413 296.39754259053603 425.12457235972045 0.12253040075302124
365.1004025774419 410.234871543279 368.3208699931382 414.72491608882365 0.1223696693778038
185.44590185385695 388.58333851874977 196.1959883705307 402.5958046181817 0.12210341542959213
179.83232867921524 403.7180194950297 187.7953190626759 413.41878648041546 0.12184262275695801
708.1127799004288 402.60112307866063 718.3735318156785 415.88287479274123 0.12173070758581161
57.265548497619434 496.0368082445316 108.70053019427297 549.8607442040015 0.12139255553483963
187.5342725402416 401.5611381130373 198.88245280005586 417.87388871313243 0.12126003205776215
233.84489725805918 441.26157893081 241.9446076584068 450.5601029125663 0.12096267193555832
264.89641711702023 410.4714841571614 271.31065036590866 418.50406891518224 0.12079951167106628
250.3450187550874 420.39946224787224 256.6601105106692 427.41452708289324 0.12063626945018768
269.1389872574066 416.05973590149665 275.30182205591973 424.1288266994737 0.12061397731304169
258.9848765924101 416.7442773715162 264.8605890628785 423.31866671540746 0.1203267052769661
244.21502190457272 505.58761803520014 293.56008310464597 561.2542604531556 0.12028069794178009
189.69658935944133 332.07538876224373 199.13072092909778 345.0624647557769 0.11995574086904526
216.23358944958113 574.1610081687475 274.7550325302042 632.0398480849075 0.11994292587041855
244.92565401286012 424.5420667814398 252.84689357826377 433.62429641875826 0.11977797001600266
141.65025499901884 501.2886610637809 207.32382906400176 578.0806432445378 0.11971507966518402
732.895994166818 403.517515323806 741.9862310286929 415.5296924389575 0.11964383721351624
205.6907179383911 555.4425758076601 257.22704614186324 606.6551258057511 0.11945302784442902
343.20598600610316 414.0416475008445 347.1401465804476 419.2678108244116 0.11942809075117111
261.77259455977025 419.15556461812656 268.9851693370631 427.9665238413252 0.11934864521026611
294.489848307597 408.09395210022706 299.658408955499 415.2545921627979 0.11930897831916809
241.42101402110242 413.1832808187742 246.27883797701796 419.40439645224444 0.11923845112323761
657.2849096270035 402.58132282598757 666.629250325771 413.3846152490257 0.11920420825481415
935.9350428088427 364.18939098859266 959.4461023374217 392.8285485675797 0.1190313771367073
223.81538651750057 445.6294600018947 236.36450702628818 459.4923030282987 0.11893238872289658
298.15570767235215 408.2748541820203 303.0097584053871 414.75782692174727 0.11886148154735565
202.78264835368535 409.8222731804972 218.31264006010545 429.14874513654485 0.11884697526693344
83.27806846336136 465.45487571316437 129.26629401443432 516.7847393134116 0.11878278851509094
50.492885631318195 496.38066742839663 63.5677297921509 510.5683028206244 0.11860305815935135
357.8036488330594 405.1891104372297 362.91833359528505 412.6313802865493 0.1184859573841095
601.0176815347975 409.6527435527281 611.4913341012473 424.76448139484313 0.11839328706264496
712.906596214519 399.5854356313899 721.4775939152341 410.8420872966024 0.11836908012628555
132.29611770281096 360.50850252928564 171.40337307872602 413.6923054057072 0.11835571378469467
227.5879890766661 427.09048609296264 234.1810529664255 434.59076633317113 0.11827120929956436
311.53279317169694 412.2541792318317 315.8573264503145 417.9982444527871 0.11822174489498138
244.1069026669934 431.8346465146285 254.85564723205002 443.50236825938674 0.1179182231426239
241.27508456489923 418.0701476110528 247.4376864069525 425.919584713644 0.11761448532342911
338.40046853477503 414.50628748297186 342.13992642808444 419.41530165280284 0.11728866398334503
237.72251888137845 414.69452847438293 243.25202822483533 421.4895255242608 0.1172247901558876
284.04334276871276 414.4986876727343 289.4864903903038 421.8594346810518 0.11709710210561752
275.102755446104 404.0552089323842 282.3272619349712 412.93474975155715 0.11661447584629059
275.16354935862637 572.7677794437719 293.582104141195 596.7853500917334 0.11655238270759583
110.22347103413293 458.30043954379363 149.74168570847024 507.71127074984634 0.11637083441019058
321.5415670220063 417.96608817808425 326.60626609469256 424.543453064723 0.11636647582054138
264.7270018120457 403.01159250231876 270.41760557333316 410.2644559971131 0.11634490638971329
209.90239440893217 425.25662332899446 218.19159403792523 435.7837564322133 0.11624899506568909
237.14570247956365 432.27577704089623 242.77999063758557 438.4073162867061 0.11623231321573257
199.9732608280293 360.2989904236794 233.76029425376476 402.4640677097337 0.11617592722177505
254.68404785173382 415.12888524409175 260.72899706757283 422.1370494422387 0.11609792709350586
256.50183586175274 403.3514200567593 262.61381104372737 410.9140471595036 0.11585981398820877
237.61480136534405 425.10628178186806 242.49905201564502 430.58943387363456 0.11584008485078812
241.49593798247602 426.2369855363263 247.8012030232739 433.63656322946787 0.11581336706876755
367.5500472033314 412.3422640712563 370.86348295199565 416.7247666142307 0.11576567590236664
196.75824045862 427.5680212688747 207.9355481380969 441.4089988024431 0.11559419333934784
263.1568524750162 554.1057140415804 315.77516892718234 614.1870289091354 0.11534298211336136
365.38095432384404 416.6660199327777 368.9326160360466 421.34827560712233 0.11505962163209915
259.1530030538507 429.78834873930265 268.642951569815 441.38142982372125 0.11497900635004044
295.14775973516254 419.29943160461767 299.13015470673554 425.3766799355769 0.11491875350475311
697.6573282934617 404.12012248980994 705.617508183039 414.74218368760097 0.11456509679555893
34.84767704388784 502.8813451646502 46.27576926200839 515.7840321643023 0.11454752832651138
170.34863548359706 568.4899178099467 225.87045086631366 621.9504296447052 0.11453276127576828
254.91027567727429 441.3278029571943 264.06250071131785 451.5368518332312 0.11447496712207794
500.76854784488836 538.0654942921636 550.4267567491024 596.0063538815443 0.11444564163684845
353.9466190705777 414.70284381801775 357.87214943616794 420.2853289195666 0.11444059014320374
183.57366346525447 403.2492641817716 190.50374012518276 412.84318387748385 0.11416804790496826
287.7150588642831 418.07452639790097 292.2629280834792 424.579201095384 0.1141454353928566
339.187535536918 423.73629266115825 343.21228689776206 429.10296931309534 0.11414507776498795
279.14707628799874 412.3017258539328 283.9521817038483 418.557661274645 0.11402804404497147
649.8452182700711 1.7981876086100141 657.3443174750162 15.938698050163739 0.11401545256376266
346.05238975261307 414.58887525042593 350.06702638809486 419.94069444791745 0.1139974445104599
267.501650897226 423.77455067262184 274.96726911158987 433.33908503547553 0.11395656317472458
251.3746784231579 414.5520749516499 257.80088937483777 422.47053728740286 0.1139221116900444
691.4067930986386 407.6095823959138 701.2077270512269 419.4506608721765 0.11386492103338242
188.0511580401341 394.06802592422497 193.5065715800614 401.52368097866656 0.11384416371583939
106.60901152881581 377.5690704557724 138.3836000728834 424.2290953778289 0.11381100118160248
223.46622024395344 498.58316258828097 263.337242551689 542.7336752518306 0.11355525255203247
1059.1549948440909 401.45409060615845 1080.4280706011205 429.16774033921524 0.11337734758853912
623.6158047344406 405.31816067374297 632.441425523919 419.04010032163325 0.11332957446575165
145.04484622541258 410.93368647989996 161.56309600069036 431.60441333098544 0.11319596320390701
198.26876705668496 394.5702043526911 212.55944852938316 413.81279969539014 0.11310351639986038
703.4540031454457 429.0930414470526 714.751100159296 441.92951951779384 0.11303862184286118
172.63573651648937 409.21401806438365 186.4585308516956 423.2742238592514 0.11288939416408539
357.37606304519977 411.85121908552645 360.65074068643355 416.4344209136559 0.11266162246465683
341.38777684801835 410.8384444799454 344.72873088193353 415.45876310689073 0.11252618581056595
282.09589101631866 404.95215104657 288.45949022151217 413.38716090486906 0.11192295700311661
343.4400737510362 408.30071759883816 347.34901118607354 413.9143220363603 0.11190780997276306
299.2707039397041 422.66552227178727 303.4640953281192 428.65349165406104 0.11190631985664368
605.984790467015 394.8169253197001 613.363566905581 404.3703103878738 0.11189497262239456
854.5923535572775 416.7869758042585 861.4728463788397 426.89457782904793 0.11186777800321579
223.94312322971138 452.56404651050656 244.42649594437512 473.24943314839794 0.11183495074510574
685.9812454633999 423.11819715914766 695.1886568206268 435.26470710571516 0.1118268072605133
69.71722647181987 397.3180455431704 109.95849851579355 462.74019937913187 0.11177252233028412
824.8259982937466 410.52762704642356 832.8735626260371 422.41640978793214 0.11165623366832733
297.3580809062746 415.97560259157166 302.8393601063442 423.79151492235417 0.11162906885147095
118.7605589558941 414.3458965641956 154.20837159783082 461.94452401146697 0.1116095557808876
285.90611145436134 421.5380545621969 295.58345805731085 434.47282459963617 0.11159160733222961
59.568223070084464 432.18433988672496 99.38229710271776 487.6735048220022 0.11155093461275101
703.7699946510924 410.81248241444507 711.3611832540979 420.85170508500806 0.11154784262180328
324.9752527526713 409.19321119847535 329.2713348326158 414.8438855143103 0.1115330159664154
305.1421298579992 415.0318071643928 309.5357054677349 421.305459603472 0.11131104826927185
244.66642491489208 407.3176075778725 250.35052854404384 414.6568118290363 0.1112951710820198
686.2179190408126 409.4323138754686 695.3617060402397 421.00241191477596 0.11123081296682358
319.4461622885558 421.8107699684803 324.1045894815593 428.06821425821255 0.11102283000946045
374.6103230846452 535.5015066819064 428.29385319422704 599.8040716593811 0.11097013205289841
307.76840490960996 416.83420927362334 312.12131883682554 423.14771068311035 0.11083171516656876
248.94395302807052 403.0760630805114 254.61964238748573 410.5477853635339 0.11068163812160492
373.4779575320702 416.7377112762413 377.10706466737577 421.7334412456811 0.11065445095300674
337.61619097828344 417.4436804812823 341.77031463257566 422.8868471207014 0.1106177419424057
238.74773146694156 404.533109475148 245.4335862238036 412.98068739047426 0.11054084450006485
213.6296281533648 429.9583756588166 225.08121212091498 444.0368418821953 0.11052488535642624
249.5501967148781 428.36083934248194 259.3202062683012 439.3731618946025 0.1104893758893013
188.0844149731409 436.45153411151654 203.10481771433166 455.00095134390875 0.11045627295970917
187.0782500766408 419.94095427004254 199.09255270727758 434.1706963390935 0.11045330762863159
116.33446428807166 473.38757934739243 122.40892574689053 481.60746615476876 0.11044472455978394
119.81765967230285 404.70265043004196 126.65996163560635 414.054873212438 0.11041442304849625
244.31281715912266 422.4346578078843 249.13491131172088 428.0970981636051 0.11039507389068604
587.7943933390229 397.18452859349026 595.6297152948097 407.98130973680685 0.1102917268872261
585.6714663492596 383.470712364677 593.0249700015515 394.5826391217259 0.11022939532995224
240.5929943816526 434.9594330994806 251.88037382232577 447.62132983473134 0.11021262407302856
647.0157795723617 385.49833676461066 656.0550154310017 398.70816752294775 0.11010365188121796
370.2597953844754 412.4779292808143 373.38739654064176 416.5779822802049 0.11002711951732635
329.9672705373769 408.88710419808723 333.83792834348634 414.13399449074177 0.11001139879226685
325.4678542774964 414.5056523203329 329.5907886889626 420.20921077378773 0.10996537655591965
3.8158530020594923 475.94024383600936 18.13972490983976 496.119492803656 0.1099637895822525
379.46838259345003 417.8898556887593 383.0113195549466 422.5096450043219 0.10994333773851395
761.4170301014025 403.05657711767157 770.0838768975951 414.1266250233403 0.10990414768457413
211.606491847844 394.51596269827013 230.82537086973718 418.58074181046544 0.1098647341132164
253.4750372367256 435.4458709147998 260.66518071552036 443.57328745107293 0.1098162904381752
248.0688811941977 447.2097217191372 257.7426986490702 457.4854324542463 0.10970000177621841
199.8299285825482 484.6306968898886 247.6824077422439 536.892133867257 0.10965113341808319
338.4350467995244 400.7931163994714 342.94248930252763 407.2106934802916 0.10960792005062103
222.27923404765264 431.028245389236 227.31283066480924 436.7821661180811 0.10958636552095413
233.0917029017255 428.70968357300757 238.97116532530697 435.1995488601284 0.10957405716180801
200.01159521031127 468.92132405269183 222.42910489962588 497.1448451707236 0.1095009297132492
317.2476853855572 416.71838590754373 322.40101719009164 423.85934721546596 0.10949111729860306
289.2185518260901 405.62453437406737 294.28226854201824 412.5902566419296 0.10947447270154953
217.4921342552338 411.51884827791326 242.95047883505882 441.22157843573865 0.10945391654968262
245.54809968878791 418.4304295957841 250.11245386898403 423.8834425980787 0.10934294015169144
666.9205290787949 390.85585030825615 676.2592164490948 402.9288213878562 0.10932663828134537
636.806270791383 407.6579993683003 644.233718837563 418.79412517057756 0.10931561142206192
68.2511907146291 506.7762361263866 82.27281292526581 519.2034421970371 0.10922221094369888
360.7564305908882 412.5768942510998 364.1041331897868 417.16589085789525 0.10915675014257431
974.0969651726111 397.3889664839223 986.8645355912274 417.2896728348234 0.10912922024726868
226.0559846776903 420.1011998530646 231.03100766184244 426.5407186665787 0.10902014374732971
305.3552488235648 424.6360696681706 311.6439923982815 433.4091148374295 0.10892166942358017
313.3244868917809 422.0803780996103 318.1635179308465 428.9387539795971 0.10877454280853271
180.03965448788483 412.6897033292699 190.26435943922127 425.20964921931073 0.10860297828912735
748.2621734339608 411.9990633695786 757.8490058389059 423.5163219614242 0.10852425545454025
380.15886464731705 412.9933818722419 383.7177205345406 417.77746927290184 0.10851239413022995
298.5914159708476 401.4358219737879 304.4163295961823 408.9471124615675 0.10849706828594208
130.11275578255655 401.7084285228258 151.54208921867277 429.4268167549672 0.10847886651754379
167.01194390671444 396.979023475019 177.68687453954357 409.5624445688653 0.10844940692186356
311.2369476303991 406.55058158241064 316.45682505043476 413.6905724874771 0.10838838666677475
271.33780686534305 444.410921587787 276.81614219574834 451.25296713187157 0.10836443305015564
162.78105787863643 370.5247272928426 176.54256886662984 386.8280301957813 0.10834528505802155
271.18019707777177 406.22126174373767 276.3177338177654 412.8246726713995 0.10832028090953827
336.26985223845577 408.3827509604253 339.89562385052955 413.52991046968583 0.1082930862903595
713.1812245264465 411.49057117634885 721.6229892945327 422.0045076240567 0.10824430733919144
238.90637996211686 457.0361920213288 250.38261670746923 468.59547927861894 0.10818701982498169
900.1154973727176 413.7821755069273 912.6053717522652 431.42910521380225 0.10795474797487259
291.73318156085577 459.7460032024347 338.5596808125967 512.3374408455379 0.10783495754003525
216.99941114182678 435.64383911291657 226.7912841286929 447.37184183138856 0.10763359069824219
197.80492883328586 422.6796615139311 204.74856473097742 431.3942943134204 0.10760106146335602
714.6081031021521 396.71028930841027 720.1186405458341 404.14410102333073 0.1075841560959816
277.29491359318536 422.55989431653603 284.8588862333865 432.6821608514769 0.10750963538885117
740.0308408592899 418.44523268830164 749.7931931899808 430.97372607784877 0.10749829560518265
353.83895701066655 409.92813625189183 358.8147789957727 416.9785489280656 0.10743504762649536
116.33008384946343 417.42323919481703 123.23604845775822 426.51282422913204 0.10733570903539658
863.4745067133003 406.4346583599674 874.3235508161646 422.65432746668625 0.10732533782720566
719.2945205827548 427.00401573702084 730.6131356978752 439.8878535736114 0.10731423646211624
357.0776999187849 425.95140642263954 361.25692010852356 432.1512429019706 0.10725311189889908
238.0852087274979 445.74305766871197 249.57177927103578 457.90575741277314 0.10721294581890106
361.65593825019846 416.2358389516335 365.24664151042873 420.9622609900428 0.10716232657432556
222.16096785109212 417.8338022959328 226.69485956561633 423.6340593330138 0.10693582147359848
315.7900957326013 412.18773840190386 320.09217909102597 418.1642692036066 0.1069190502166748
377.5538890417323 421.6641805017836 382.74694664996053 428.7309716727429 0.1067521870136261
385.0973321598572 413.8068870430093 388.6284928612427 418.96272527290597 0.10675093531608582
947.9717626596032 394.12930174274186 960.5282111075836 409.9177075145825 0.1067005917429924
211.34827810253273 444.5325315881569 225.91221755155775 462.2413224887525 0.10668441653251648
730.3082594505438 411.43796894114007 741.4367283962299 425.3724365671269 0.10659650713205338
203.23465688299328 435.0147823711267 215.7034427076174 450.51538792335697 0.10644969344139099
671.7326692722598 395.6518956526521 682.1390128347201 408.79759824478214 0.1064356341958046
335.4473874195635 413.9510291090829 338.75079966832226 418.3158302738803 0.10640924423933029
306.7753124653055 411.45487966951237 311.2778646518211 417.73630941280004 0.10639046132564545
958.1393546668187 421.9694142288335 971.9375236687804 439.914518356788 0.10636550188064575
304.4549122345818 404.3628678348364 310.521723324141 412.5782010926531 0.10627814382314682
231.78466184446023 407.66052758656224 236.46807790976962 413.65199299964394 0.10616600513458252
229.2447331358109 417.19078589032006 234.7675628424865 424.7878314630453 0.10614888370037079
777.0560850776275 420.9033181315326 787.7536253193343 434.80783461297955 0.10606618225574493
319.2745936087559 406.9590779524107 323.9337607608417 413.3842384713115 0.10597364604473114
223.57909588748257 425.65366681580434 229.06387707497115 432.30715579009626 0.10592127591371536
157.7416183510437 402.2628678114662 168.5685942155301 415.6030533595066 0.10586976259946823
324.17361304022955 420.3249190545171 328.7157483652687 426.58413588723266 0.10586756467819214
726.0205278107064 410.89540859195296 735.5097661475635 423.00235620184094 0.1058146134018898
265.77864355402755 417.58371818985495 271.2935226175822 424.73166548555685 0.1057460755109787
729.8772718890573 424.1120929434048 739.3226133416799 436.1548706932438 0.10572755336761475
1038.3687220387997 436.52066504488937 1058.5856268933073 465.44988494703256 0.1056748703122139
562.2112832744829 414.7819627508041 570.229061844966 427.16066036389265 0.1056651771068573
597.1710865712312 400.13888104956897 605.6419641459455 411.8296741869571 0.10564076900482178
580.5284192739304 399.913643446506 588.1864700330012 411.63172500021517 0.10562147200107574
914.7491698036551 367.90057643899445 939.5365594751331 400.79426094520704 0.10558690130710602
364.4946760757389 406.51232243564726 368.7379500567944 412.4500031548317 0.10554102063179016
975.2826953928342 390.3838434306318 981.9529006703186 400.87473731892715 0.10550893843173981
871.719963297454 388.89388840388335 891.7405580070777 414.57484912550166 0.10548187047243118
338.68295929388796 409.06616318351723 342.6282372708214 414.53024494823796 0.10513097047805786
225.48656746013785 435.15122500484796 232.2509036598504 442.08912059456253 0.10511787235736847
331.8869257393247 408.9482315612325 335.701623531027 414.07077674529296 0.10477704554796219
181.0980560032581 365.25814751572653 195.53981377979682 383.83913013871444 0.10473841428756714
223.4602110597851 389.09227013191315 264.62689285351723 444.0203586944011 0.10472511500120163
962.5593848627249 388.7656733500135 971.7549297752183 402.020644912371 0.104682058095932
708.6118010319772 394.08647351761545 715.3384294692563 403.11082795352524 0.104677714407444
225.38407373911463 534.1415049851306 325.69386778427196 646.4483056363824 0.10461091250181198
745.067865111644 400.1965454996999 753.6231131109171 411.20323752739154 0.10450021177530289
370.50133379777463 416.2293059806532 374.07457842455585 421.07431834333784 0.1044669970870018
691.2142720066578 400.9718012282435 699.1780620828185 412.1091736481089 0.1044507846236229
688.608936454726 385.4012060088415 699.9114880596476 398.9119048138609 0.1043831929564476
389.16097155278703 414.90037564758507 392.8079265261022 420.079552471621 0.10434714704751968
266.63166342350195 398.9206847915888 270.8349537918728 404.7201202261537 0.10428689420223236
740.6492754394556 406.8512933000653 749.2997295751271 418.5043304007901 0.10407228022813797
719.4171753746634 393.09935832512184 728.0014391842581 403.6518339787356 0.10402082651853561
351.20545901422315 405.9566592154782 354.19581775209315 410.1939920364972 0.10387510061264038
246.23834374430288 477.94905604698334 268.8988502467376 503.7683915701705 0.10379616916179657
153.0039388960971 433.74290962912136 168.8475458848323 450.70257931058853 0.10373390465974808
236.02813743379036 408.8415182948821 240.02059085261595 413.78432433908927 0.10372892022132874
327.8916383207529 422.3786672893723 332.26664003899947 428.2316312799806 0.10368047654628754
382.501335157465 419.1114909566608 387.46443935582323 425.8748020054575 0.10348524153232574
766.5286667790846 419.5277435016792 778.0441129602996 433.11973965807795 0.1034635454416275
726.9656871990654 395.9174240868629 734.9586673967982 406.8940229270573 0.10334564000368118
236.6756421123235 393.07839993072747 248.266027028633 407.7314930110192 0.10330764204263687
272.50640421216366 453.19427952019 286.4268638428496 471.1729105613671 0.10328851640224457
305.0751320489701 420.5481016512515 309.34454189370024 426.687170678379 0.10326247662305832
218.29153262099445 423.1036091102564 224.7363616697495 431.31767450077206 0.10293669998645782
230.63704161255728 374.00318093633695 286.003309239437 440.3473448958166 0.10289513319730759
614.5292514093939 396.2253207660296 623.2388659143855 408.56480301575755 0.10285406559705734
143.5503093890882 312.55306429176034 176.97190976536706 357.9238720459066 0.10284234583377838
278.33566568315405 396.64578046156737 285.74705723964576 405.988653845389 0.10281359404325485
163.52673725081263 406.63395467736814 176.55225699338325 421.02705976460453 0.10281051695346832
377.0500573443125 414.58352226812553 380.84065798298656 419.5021101347518 0.10270567983388901
358.52927968513114 416.1311326753877 362.16755027998056 421.02261138809195 0.10268696397542953
558.472271582434 488.7231968183012 592.1448013822791 531.706248787081 0.10267625004053116
200.20887723838013 440.58411383299574 214.2614358098211 458.54816127718385 0.102583147585392
1038.4174233750891 343.92205816151437 1071.045368180936 393.6516544864231 0.10249996930360794
144.0035176632666 505.08080181507177 232.75402568620265 610.651859285604 0.10243015736341476
697.2268768848004 383.9805570792181 710.0660756566755 399.80903975681105 0.10242082178592682
154.51328301074022 408.7808569057396 166.7071112242147 423.9181441748815 0.10237260907888412
740.461762795591 430.73194585337734 750.74159164005 443.5254306584739 0.10233765095472336
109.15344462314593 415.8335456472532 132.34447230226738 447.9107609509103 0.10233685374259949
216.0210474471432 412.2445680371111 220.36978910301448 417.7240638848347 0.1023130714893341
342.44549927844855 421.89919550928823 348.3706801678883 429.845512924473 0.1022690162062645
540.9376178663209 421.15874071657663 550.1389419842037 435.2281336474136 0.1022496223449707
797.7324538014482 412.52062693611623 806.3730446843769 424.489471400241 0.10218226164579391
673.5166800060513 420.77473100624564 688.2603489792601 438.99778048834327 0.10213378071784973
576.0721417250647 384.20473398014127 585.717275201092 399.7986299052895 0.10209745168685913
367.1259638941837 407.2879385546448 370.89115614981733 412.6154149004592 0.1020524799823761
623.2898322069195 470.0802538851435 646.187699021036 503.4857664343232 0.10200761258602142
98.58523575477237 533.9415707429964 161.80922812980066 613.1291723051263 0.10200005769729614
582.6280377935651 411.3056335786591 592.8437441734992 425.7901699173127 0.10197446495294571
348.3097740194333 410.0453488847612 351.87560675405354 414.849144160378 0.10194376856088638
658.396209058663 392.56194759785427 667.8026255806556 403.8940762062824 0.10181279480457306
19.7819072573353 498.43068552591075 32.27905401384416 515.2224373423932 0.10177626460790634
287.74707310857855 412.3127000068205 291.6581720122887 417.7705188019473 0.10176387429237366
185.87888120591322 381.79264959108394 200.26140739948812 399.12612307397825 0.10175180435180664
167.84363556392566 321.32334380357986 206.74901128846048 374.2129144300043 0.10163847357034683
266.192235999585 393.28202933468236 270.5981357083799 398.98722978880386 0.10148769617080688
642.7459570053003 408.50405100386365 650.5308950175603 420.0832034747535 0.10146191716194153
752.3012079703393 388.3840166673233 759.8490085463795 398.31999293394625 0.10133350640535355
1056.3087064418773 438.8720439044241 1069.4339203530171 458.01695371389815 0.10130108892917633
674.1044599892263 406.0795300749969 686.2215281287712 420.5997275706406 0.10130074620246887
442.9156985400955 565.1273904011929 534.4544548784922 665.8927670820851 0.10127225518226624
160.29813520656086 386.61079976456176 170.81249598214313 399.422507872389 0.10126400738954544
24.048614907214667 477.0052336288916 41.6267201192382 499.6323927396331 0.10115575790405273
86.86398384905068 366.29205343042236 110.05133888173992 407.6682857985831 0.10106492787599564
171.68582812992747 388.5550580319316 183.74357356411775 402.76151197526093 0.10103624314069748
824.7890444721958 424.9050606409878 834.433227707198 437.7206431156947 0.10103455930948257
692.1846999311834 429.36589352222916 706.7667539170926 445.7552719625888 0.1009843572974205
252.7574628555947 400.84357872556416 258.1363363801364 408.0760507453603 0.10096213221549988
831.432449086038 413.07328789426793 840.141884364974 425.44924540522584 0.10089129954576492
151.45926525331964 393.54950348097066 157.62176531660128 401.37657889407495 0.10082950443029404
680.2466920087434 553.163811446257 767.6160056776434 646.0967728334848 0.10080283135175705
207.52639691351078 419.56343375143825 213.255453068981 427.15261882943634 0.10074707120656967
335.41992689289737 403.2208594017853 339.59812074322906 409.2812557639637 0.10063275694847107
210.22283164796386 415.43025058281177 215.12360122884849 421.9295450035301 0.10060983151197433
636.2363659331751 416.48722115261324 643.5673798835809 428.19255127368586 0.10059420019388199
711.8414415253129 391.1352099635725 718.7769951298997 399.86564576040286 0.10057859867811203
303.71561964868914 407.08284525175156 308.1205493767291 412.9889991445201 0.10056234151124954
271.9921184396762 428.2594621046227 280.94091037103675 439.6816585827037 0.10054965317249298
168.5711928412534 397.01203798982766 183.17393008420314 413.65755273004504 0.10046129673719406
346.0609781206177 419.47801750196703 350.1724308549555 424.68815599757806 0.10041029006242752
560.4414206771013 432.1590753371415 579.3400405972014 462.5785995234411 0.10033795237541199
219.59595792383536 412.25255289065046 224.52462086805863 418.67130810531035 0.10027433931827545
245.61485878067165 398.5437013030411 282.85070990673046 445.6205772334108 0.1000872328877449
261.5355685795419 398.83932638106825 266.1670728113613 405.15778167844707 0.09992475062608719
311.4125210291173 395.44681527582765 318.3541084572189 404.834464437152 0.0999223068356514
598.6315648018448 389.63847589660094 606.4230859448273 400.7043079630893 0.09976699948310852
286.96328599895924 540.3322196944431 326.6569223652363 584.7201262183454 0.09973321855068207
222.61172716777327 412.75483995490464 226.90207347701772 418.39539874114985 0.09969410300254822
269.9177394441578 401.11478468620146 274.1914906761749 406.98358583422737 0.09969374537467957
640.5365095970946 388.0740860562299 647.4039431687362 397.63111551114014 0.09967546910047531
146.27388919710845 600.0165465860995 200.13746251310573 651.1946526717368 0.09962688386440277
5.625711375513226 490.0141381861024 17.643339517381165 512.5800710028369 0.09962258487939835
328.4768050827511 403.4758823026174 334.1763364115611 411.2126063258056 0.0995594710111618
761.4320456756365 416.2769413607035 772.2272977836684 429.4407254587243 0.09954246133565903
309.1198302308686 429.1094223658207 316.9044725371667 440.2350229747053 0.09951088577508926
322.0774521339159 406.4427245749178 327.14986863320155 413.2322005573141 0.0994490534067154
295.01926984713384 399.4970122484414 299.8876105279494 405.3898654571213 0.09939698129892349
863.7727914725443 414.93244997936955 875.7315102434939 432.5838838608451 0.09935106337070465
317.7514191716007 401.8418740201116 323.4303691370262 409.67105547784365 0.09931041300296783
894.5064165250423 382.0684794561657 911.1138258706166 403.91303653086345 0.09924928843975067
515.9169076050125 392.06158896994594 526.0172852473045 407.03318646807963 0.09922250360250473
45.25436410045292 489.8172941991252 55.336082787378956 501.7058858323121 0.09920133650302887
-4.252652827253088 478.6567851981886 23.46278011112698 526.6315191627051 0.09913377463817596
945.5963370586717 367.803086578352 991.071677202824 430.8681038723674 0.09901353716850281
727.4767240120502 436.66043950889605 744.9575135227677 459.9089746206681 0.09899720549583435
554.9903531778901 425.55263472338146 565.7438210493863 442.23505504881797 0.09884941577911377
569.5219088915484 411.24987187534987 577.9935872423486 424.77457715080624 0.0988265722990036
190.5721541454463 457.9972386927404 204.04983851031886 475.87608786209114 0.0988086462020874
135.44296673193682 407.09494250081116 141.42535282773684 415.11563294330074 0.09869826585054398
703.7350519799791 384.89534622666457 713.7720664567687 397.069588424041 0.09866145253181458
151.5974726318939 393.0380342966963 162.8489199883408 406.4627905840891 0.09862245619297028
1037.9827559953537 402.40901204237247 1047.2892657945674 416.63076861789284 0.09854048490524292
905.1776972720263 392.30890438580633 926.874909859039 419.1648958263839 0.09848077595233917
866.3977458154824 425.3444433397499 875.8233581379716 440.77401334826027 0.09846868366003036
949.4187729553807 420.4808067170807 965.1469167552497 440.48124499436517 0.09843925386667252
710.8055125738001 419.03788394829627 720.269427521227 431.0066802621499 0.09831620007753372
625.6840840944874 421.0736475882317 633.7271245109052 433.1886731128879 0.09825337678194046
261.38792715196394 394.7290437898183 264.97165585155017 399.7999218622225 0.0982455462217331
275.29866640459863 399.66956342051355 279.9844418224721 405.9814513796141 0.09804372489452362
568.1249302101705 511.93096712543996 611.1067009639942 566.8318131585763 0.0979568287730217
964.3178238180197 393.664853923779 975.8940692799471 410.0546110730408 0.09780897945165634
277.944899663238 427.45599388179335 289.9318972945709 442.7783214242887 0.09768128395080566
1060.3195928269358 422.45484989828583 1074.0492814840197 439.7257060807823 0.09761542826890945
719.1882944201185 416.4203744678332 729.4096875647991 428.5633973617144 0.09749957919120789
161.23876914028637 344.4137105447459 181.5378441798898 370.66184844700507 0.09745261818170547
804.1410089360014 420.1906919752956 814.2803611049294 433.72493065394485 0.09744391590356827
850.1833278799801 422.7182544306345 859.3501198539195 435.7730375755916 0.09739487618207932
216.3121591747816 387.2263827429414 235.6608185840418 409.7375986863947 0.09719192981719971
704.441581789364 417.9599809660813 715.4540276516495 430.2222294927978 0.09718196094036102
791.2074939698314 406.9172071715942 799.4831560145092 418.36996434952084 0.09709715098142624
336.6044304520593 403.59755421332176 342.838070862965 412.39246668029045 0.09682808816432953
935.7540513061857 395.5516749388258 960.1559771712257 425.9718698886687 0.09672538936138153
886.9241441460202 412.13720976348736 898.7415260573233 428.9836783818327 0.09672362357378006
362.2983997054008 406.7648950611908 366.8541713552088 413.38240976016397 0.09669167548418045
553.286329256666 406.4815054575392 561.5833449832465 418.7164470170444 0.09664785861968994
643.1142614112355 395.14813993722305 650.4382034816135 405.9665855961714 0.09664372354745865
609.1473883899286 386.1995079912353 616.248115582936 396.1386315403611 0.09649468958377838
263.59637499377516 439.6046180424096 274.3239122420049 451.5343476232443 0.09643077105283737
540.0441273981511 460.5257559451555 550.5566203804218 475.07081958181124 0.09642952680587769
607.0632589896197 419.9719440614277 618.5270206340117 435.5607690059736 0.0962725505232811
260.62669578312267 456.9361114162401 335.22709848241107 541.3046997982971 0.09626883268356323
295.82819113788474 514.0966953534661 361.4491978230097 585.4931288495045 0.09620685130357742
788.9320701040199 427.2640063556523 798.7820485889918 441.1799829601126 0.09613075107336044
230.26384701615825 405.92904031614285 234.11978299534127 410.81367587524306 0.0960904136300087
649.5528280915095 395.1943097990509 659.0722362691762 407.7059528937483 0.09605838358402252
880.5165409605444 595.3496413153212 973.1804034033022 699.2490662262414 0.09601593017578125
542.0793144622453 436.40734939097763 552.3831664083979 453.2770705295734 0.0960143581032753
165.02289167868153 361.02365004120253 174.12939303811467 372.3926946147259 0.0959218442440033
549.1011811643345 396.337155292696 556.7476651573746 408.0453442344775 0.09586653858423233
574.6098913373395 396.9763931315351 582.4066576814158 409.6177809764825 0.09577243030071259
333.896456197073 421.4598749882214 339.11445528222083 428.3552800553618 0.09575410187244415
543.1800864623746 397.284438289293 550.8445042006588 408.82861717513214 0.0955248475074768
925.2029101692629 401.7912321091047 942.2868476829674 423.5486209531448 0.09552354365587234
670.971345682249 382.87520488895495 683.8412407305045 398.02061176921944 0.09551172703504562
213.74070067491525 405.9746662574178 219.50599432450105 414.0912789667228 0.09545367956161499
839.1816407110555 410.5041762269679 848.2473984900686 423.3561583400578 0.09541922062635422
139.24302802139422 428.1878654552002 152.73179596404077 443.98225046132916 0.09531498700380325
187.38447482438704 345.10310251203543 194.5532352312837 354.3529970382932 0.0952664315700531
760.6502211660718 394.14288422204356 769.2153003460679 405.0237323046916 0.09521488100290298
560.8843119231348 410.1028689413575 567.4037079142083 419.40246599830044 0.09515856206417084
251.54602907933085 449.7944801168436 268.1329342956866 466.9724188484895 0.09510596096515656
698.4157270399944 385.0687471064662 706.0812197533738 394.6433305558697 0.09501009434461594
486.14123298954945 407.44593802382974 496.3971703368902 421.11542410002534 0.09500091522932053
176.79821886208634 372.44100258433247 183.7810897397768 381.4384434908795 0.09498217701911926
734.5961353004186 384.4252638101053 756.892876675352 410.76740861281354 0.0949258804321289
608.5728233102827 413.37982393287774 616.9821170957526 425.1666755922363 0.09487822651863098
592.7086890703065 383.64374883081337 599.7442549952814 393.19015350570186 0.09487459808588028
542.3022390728293 411.2728814304827 551.2891288045839 424.08824042781697 0.09468390792608261
776.8103120718322 399.08628576258917 785.15847082034 409.59655370223305 0.09468153864145279
233.29266549452353 399.3541579736118 238.67047968556082 406.6875157195005 0.0946689173579216
602.7338762736802 381.4603277825956 609.9116572447788 391.7042449233085 0.09458770602941513
353.1806442902359 407.3555109142384 357.51938591463835 413.5350594061088 0.09454569965600967
448.1299067255864 436.6547900054484 456.20054869717865 446.895481521035 0.09448461979627609
560.0353717840607 399.86407886396705 567.1168085308034 411.11256425937694 0.0942668691277504
200.3538447986718 457.29730499032945 217.36162821858971 478.4905556005037 0.09418473392724991
976.3935043019202 406.2347529994803 997.2381445032169 437.71120581445854 0.09413440525531769
223.11323964777714 441.1717117615833 229.92444168569548 448.63398997027195 0.09412131458520889
537.8387869223425 431.1622951773491 564.7251091955047 471.715710220159 0.09403684735298157
891.1498129555089 399.3523585566536 905.3007162708161 416.63220712828974 0.09402399510145187
95.21789373208722 334.0910519352569 120.96856347564375 375.74988022459365 0.09402046352624893
818.2972461634106 402.19246975449335 826.9893378385982 414.2433212109312 0.09397664666175842
342.4192016017893 402.8037692371644 346.6213114285106 409.1131017458567 0.0939415916800499
566.2484805193826 426.1702064944924 575.3138381961722 440.85197223008817 0.09381642937660217
565.9201094212153 391.51215658840135 574.2832621039813 405.91190307767994 0.09381269663572311
118.0202308741367 337.14140191720315 139.38396573090756 368.31797325452425 0.09376111626625061
572.3948852080058 425.56522144386014 581.6508170693115 440.34402912614996 0.0936964899301529
699.9615374942246 437.4061178079258 719.2695884756109 461.46380858274796 0.09369590878486633
922.2920389007693 430.2341607325476 929.8404542740107 441.22497115045394 0.09367569535970688
759.1700323747923 388.49329295149084 767.3652307775037 398.6683145244157 0.09366205334663391
210.9855097039903 396.30060664345507 217.75323425044513 405.42002852033403 0.09365472197532654
916.6861953128628 414.5279170781856 929.1522316728218 432.97650511469675 0.0935651883482933
844.1727794992497 438.2730253086449 854.8413881958264 452.9184596985432 0.0935351550579071
849.3350369616705 411.0304014496833 856.3724431996652 421.15623712017396 0.09348425269126892
266.3969263792663 428.1912022325144 279.1550492143208 444.2718888675315 0.09344334155321121
538.5645558984226 565.9158417077737 620.7252512709381 660.9706825030123 0.09342039376497269
1062.9501712860495 360.19440509059666 1087.8056927347936 394.5479660702329 0.09339658915996552
458.19094068506047 445.598748490311 507.47823051008595 516.1348317779849 0.09336081892251968
408.80772494940993 516.559301429842 476.5503780894079 587.2663807179279 0.09324381500482559
25.90659302714912 190.24683073254783 227.8845241307364 436.902419788291 0.09316901862621307
973.1766797690146 388.890974112971 980.0034492574615 399.91301715493387 0.09316091984510422
844.156516120065 419.72332614628925 852.2432612297844 431.060811190425 0.09307495504617691
997.6905050449907 370.0079126234427 1018.9470986243065 400.8333302053769 0.09304738789796829
531.9917237853507 412.952312594291 541.2786399347642 427.22462230336896 0.09304241836071014
779.7555978012759 500.0322986271629 829.2673236321267 560.7950667921257 0.09303811192512512
99.39184815161548 437.43942253682553 124.5119797324822 470.6682008191061 0.09287159889936447
249.09205475380222 611.8664739876459 335.1209242222528 697.2560562023074 0.09271049499511719
768.5869696961371 398.08117046034243 776.9299587456801 408.2301264344411 0.09265385568141937
568.6971699141212 456.00561878942847 579.5052633120715 472.3166666067735 0.09264664351940155
352.09311633356646 418.6523608622895 356.76767620108046 424.71425738511977 0.09260673075914383
207.73356082962565 408.16088293449405 213.28995630225265 416.1386701600484 0.09258561581373215
128.97531696949355 302.73346870509386 156.1132799298771 332.7917050200165 0.09253104776144028
599.5127558042249 521.7981931681095 645.6709129986873 578.7677777935886 0.09247786551713943
258.20448301684587 398.6956508231234 264.3178847614363 406.7043927635752 0.09246193617582321
286.73658177693204 398.6685894316145 295.2355278381105 410.3315832241021 0.09244517236948013
144.58628101567768 395.6710290794242 149.76810889223557 402.51685164494256 0.09242229163646698
856.9943671946558 368.2319998974252 883.2740047519344 399.56535103264366 0.09237759560346603
377.6849181011907 410.0188702716847 383.9659708248741 418.84465678808476 0.09229020774364471
155.46898702188113 356.29903221598187 163.97820993876715 367.3576031724364 0.09227596968412399
539.6957198058815 457.6052375282446 566.2169625162647 496.68040856093876 0.0921156108379364
921.8878984622687 400.20774347124876 930.7807890653963 413.20117180284024 0.09199917316436768
821.3586905633871 420.7572806554242 829.6074826867117 432.75484813398185 0.09199050813913345
312.3884826609037 498.14941348423656 371.9499171081011 559.6844985169032 0.09194376319646835
632.2566983252794 397.7458646612835 641.3051255896024 411.1071504683462 0.09185267984867096
618.336417866826 542.26371042609 681.9124785930443 611.5347479321872 0.09184812754392624
472.1437279156699 477.77119670690536 498.3791237995562 512.2995238810737 0.09184452891349792
33.57606403538715 464.07808948889505 63.7709485011704 502.17161544738906 0.09184001386165619
775.8425893934058 392.8266130151647 784.0831917409243 402.57599251385136 0.09180276840925217
131.2122871863032 333.7226942390712 159.16162456819822 371.94200205394014 0.09178071469068527
349.05549030620756 405.9032016077186 354.4891240966747 413.81091436835493 0.09177152812480927
662.9913295917349 411.20134471161384 674.7039162527174 425.94244327815073 0.09172633290290833
809.6013284283446 402.18434790353916 818.179051161967 413.0188898468472 0.09168234467506409
717.6980731605117 384.78371336724683 726.5045672144892 395.5527744480108 0.09160946309566498
1036.8571813101828 429.77086785654836 1046.6029817782025 444.7196582098573 0.09158764034509659
46.47960146582531 358.4038335997543 92.03428082792645 436.1417882580437 0.0914171114563942
525.4671703495837 503.93307018554196 561.3885528529786 548.775214281044 0.0913485735654831
367.9393967512436 523.5508583168869 400.9105226550963 568.5362191825797 0.09128119051456451
836.4268079826843 430.79516604391256 847.0611469229956 445.4440981143327 0.0912318080663681
706.0189587420938 375.4614291207276 742.6706194053338 419.8942697692291 0.09122595191001892
475.7164968364356 418.3113295504292 486.74352663760004 433.2929972587864 0.09119502454996109
103.72911140865418 463.35310724992286 129.2791278440024 494.26254356309084 0.0911184698343277
273.4019891847755 393.3815831460171 277.82419709225104 399.4318088074797 0.09109329432249069
874.7389296094478 394.59914601591026 883.1490720962663 406.65824212964463 0.09101266413927078
616.1663846864275 382.74776673704645 625.7457067803053 395.2293223492219 0.09098131209611893
534.4734256491465 394.64688580044185 542.1292435579246 405.9362005934892 0.09095044434070587
577.3461894051176 433.1797371611355 597.1345228387859 462.9021095188564 0.0909317135810852
227.2509752767755 404.3144895028363 233.43725952039642 413.0839634363345 0.09091480076313019
970.4287236377065 362.36508207127804 995.44005641351 397.98376210623877 0.09088379889726639
324.17255846418743 400.7808685056491 329.9620530650753 408.85312603539245 0.09057267755270004
677.6647524241201 375.6189710926809 691.2123122530546 390.93110678170785 0.09052050858736038
717.0620123331697 440.894862270969 729.5625986076133 456.4689563980533 0.09050620347261429
626.2972363122501 395.75573131261035 633.7281183960341 405.7824120162632 0.09038156270980835
912.2629865922241 404.9109965214535 921.6326834298097 419.2747825952837 0.09025929868221283
872.630127755025 431.55312783315804 882.115339406746 446.3738877311343 0.09024672955274582
745.1176047791458 437.39733715061794 761.3953670779667 458.3604109509901 0.09024477005004883
739.3184931726412 394.0064110357918 747.0812256254229 404.5293740924549 0.0902424231171608
616.7073460134287 419.6681311310516 626.5711252168588 434.05347852300656 0.0901857241988182
278.3364754481536 441.42842003449766 292.9503858283532 460.58123852528985 0.09012819081544876
630.7443461376378 431.99557605666104 654.7868973502914 467.696122051399 0.09009930491447449
938.2168373157476 377.1902407637401 947.8629924574745 388.92578693343177 0.09008509665727615
148.12713039001628 385.00481850786974 153.74908503786514 391.79163217674824 0.09007693082094193
475.6732931603154 440.19846925888913 484.1709720012383 450.619128652348 0.08988708257675171
250.98881619331658 388.89047277656624 262.00440447136356 402.7519069064131 0.08986704051494598
258.3654786616246 447.2550242254684 275.41749867901 466.15125514315275 0.08980683982372284
222.67608239867442 405.26487416057876 229.02005526609065 413.38966247508733 0.08980366587638855
597.0125878626385 422.7241284798394 607.4583720473083 437.979715782711 0.0897589921951294
152.3965652571283 380.617462974103 161.33173301106058 391.7097655801526 0.08972030878067017
798.1674649730526 432.74158545695155 809.9586296519105 448.28101725483367 0.08967947214841843
929.6732752914169 389.488749043016 938.478102676275 402.16268340396107 0.08965377509593964
401.35390577174934 461.23421298216044 443.8263897863113 511.2449967470545 0.08949574828147888
870.5271442307024 405.7524832744665 878.7977758751707 419.37949028992506 0.08896627277135849
119.13781627576302 399.0793638649478 125.38743428635297 407.1993737313779 0.08890452980995178
853.0303787205918 426.8745437709596 865.7226607267759 444.8685976408235 0.08890251070261002
359.42891493888715 481.43797921199445 413.48280721517847 544.266220283167 0.08889278024435043
41.533303590930345 521.2590266761187 127.29190653138454 630.0691221360851 0.0886293351650238
937.0862933373859 362.5933743096327 948.6508494450089 374.3770052581426 0.08846470713615417
428.4002060291654 486.04647386438137 471.3323632834448 532.0495398767448 0.08838130533695221
348.1434544346764 398.230494661208 355.55063085005327 408.67751957982335 0.08836774528026581
336.77869113974504 391.94334194099594 340.598808398166 397.295513047898 0.08829455077648163
710.160495911633 385.656448251134 717.3991065859884 394.1501059545966 0.08824547380208969
145.0481631719839 388.31786792184033 150.24300296193425 394.90724138626115 0.08817204087972641
767.9227600557455 429.13854379976306 780.5848917180252 445.3200739753932 0.088117316365242
726.8118779236537 381.51416324420217 736.0348079731144 393.42527400444925 0.08807724714279175
969.0833000329735 415.1259572878358 981.7884225624314 434.4993414146317 0.08802465349435806
957.8148468736844 408.1332054175081 968.4207020579407 422.9516200015101 0.088001549243927
128.44577749509816 425.7959223951109 148.3407187640067 449.7170685291887 0.08782937377691269
794.5868386195967 576.0606392867121 898.0722405454048 698.1526312938184 0.0878247395157814
897.8017834025269 426.738573500596 917.4082626338893 452.7673696398755 0.08774832636117935
894.073209472902 389.237003197125 901.5925176360677 400.70181860451027 0.08768002688884735
88.89751704242461 411.9306926141938 95.87794971711548 421.32883684399667 0.08750344067811966
198.5590285086828 337.51659513961295 224.63682986961507 374.6194179825318 0.08745291084051132
684.5770096316621 465.0468173027461 709.1482753388183 495.4582288922635 0.08745269477367401
625.433957209445 434.69121366509046 633.7165606228075 447.4716613037914 0.08744588494300842
291.8307101327235 433.5337157260769 307.12734088507443 454.4015884591499 0.08742901682853699
825.2129045556302 376.2777769914905 881.2284137964001 446.6612315070015 0.08741346001625061
610.6996307040308 481.37019459772364 647.8967844294214 529.2818959631528 0.08739838749170303
628.4759102057676 387.5939457146731 638.0669879404114 400.7818210331867 0.08739522844552994
143.11483654048618 403.8502766154062 148.79031266444252 411.37817482109165 0.08729558438062668
885.1395742763881 393.636667627191 893.2042769455788 405.3683575742794 0.08722862601280212
930.3450181202847 379.18987647426434 939.373423036568 391.6254979855319 0.08720050007104874
983.1145922412749 385.3768902387235 991.5106353717229 398.4050068599152 0.08714669197797775
133.58223650531 392.8733957354195 142.75911296117528 404.5929706223579 0.08704879879951477
170.84119881056543 360.673412684581 179.51728558279567 371.7669921980571 0.08698507398366928
810.8510997100237 426.999986273287 822.8626151630772 443.4415673809616 0.08690198510885239
683.4357922351927 433.2901568916769 694.7232201530944 448.1567322778194 0.08685962855815887
609.2997316662128 432.2174978276735 630.2719595032522 462.5739882580751 0.08669096231460571
647.4372765037735 516.2413334508856 688.0526231568392 567.737216640725 0.0866236686706543
701.9444735934189 464.5297926223586 737.8455688044387 505.26761277591106 0.08653086423873901
136.50936299444962 460.0346351307756 169.94780470790255 501.9331657161227 0.08647336810827255
337.2698287382099 397.6461872489334 341.14435512560414 403.04246364688163 0.08632415533065796
923.6838871086576 387.5538298348008 932.7930547320447 400.401971115191 0.08632046729326248
147.8701896607338 390.01816375616943 152.90486722986245 396.4570572273672 0.08624611049890518
828.0570424904909 402.2463670184618 838.0235530448969 415.9901226609581 0.08620527386665344
759.3653221315398 432.1244017897665 771.4386320306234 447.6044824928512 0.086180180311203
931.8833304476387 432.0550835956898 957.0732688586784 465.0179071978431 0.08617184311151505
570.4046202153984 377.0051295316867 580.1526438990461 393.0436418803487 0.08602229505777359
745.6054358311487 553.8344551335623 841.4071809445574 658.8397295616068 0.08597464859485626
387.1683348862257 408.04958221639527 395.3344867478239 419.4812426170771 0.08591292053461075
603.3360585022161 507.0137839035399 617.0874876566904 527.4244509820652 0.0858454629778862
985.5598570267038 391.6186291603641 1002.6556180720285 416.0222499706513 0.08583621680736542
927.2256101685738 432.78570388224585 937.2037251315876 445.67623733195694 0.08582594245672226
881.9666469836126 402.8800254656405 891.2166217483632 416.7008776048403 0.08577782660722733
1005.2204379048005 358.7826080786553 1028.1902097463426 396.29434616673393 0.08576323837041855
48.417121360091784 384.76251156122254 80.77798483608399 447.4651059367287 0.08572187274694443
953.7372384646053 435.3165228707719 974.1347959825223 464.9321560624019 0.08571690320968628
868.3860971272628 442.333360394769 880.7027074377869 460.09789606118403 0.0856449156999588
154.12559090611776 387.05738346592494 161.02467074616038 395.56114682059973 0.08563385903835297
378.1508527466428 394.91867435794416 430.9261727176062 467.14758928319964 0.08559601753950119
690.7877913040584 446.225909168931 700.1387353227638 457.67065993934625 0.08557005971670151
246.34307604513103 395.48525273178103 252.6983191514186 404.22989185679455 0.08555463701486588
689.2369160273278 441.0865517607972 703.7618233589993 458.81440348234656 0.08520528674125671
712.9273576696376 483.4097165334782 762.0915770773838 540.4272484904928 0.08503881096839905
305.82374192349255 398.49056885737434 311.3278713261445 405.87692546780795 0.08498714119195938
650.2612800266836 465.33920183908583 692.6198850570574 518.2850028550059 0.0848122164607048
855.7298598613281 399.16111253159426 865.0229677359913 413.54526219627087 0.08478282392024994
934.2256789738274 417.8122579419529 948.5433850516896 436.40582821275143 0.08473078161478043
554.418658090643 387.286582472811 562.6517884450581 400.05299740918895 0.08464635163545609
181.75361040598708 328.1560162646646 202.5812724584286 355.98281727353293 0.08448013663291931
752.5499312922526 372.3459083118662 776.1529574420543 402.5320355097201 0.08447280526161194
229.48036097130355 401.45550500706446 235.63610565541921 410.1229928764833 0.08437935262918472
223.91043152248096 362.7593702135022 251.4947880298972 398.3778433092269 0.08430732786655426
278.59085180288645 390.7577742041971 286.40462065922515 399.84760526094806 0.08383961021900177
360.786140733835 415.92724370644606 366.6587323761679 424.07934934438015 0.08330044150352478
796.4779037220117 399.5383466289008 805.0830379595513 410.94616839553197 0.08323513716459274
512.2814065616617 409.42972093851677 528.2253519453369 431.7160886569988 0.08321895450353622
176.67215722512339 361.84653972800635 184.86852521650488 373.3084718615005 0.08313925564289093
126.57296272068933 402.48614451468677 133.62993697610446 411.65757888224783 0.08312845230102539
387.2519379378529 420.8409152711414 395.1014793037351 431.7480243168017 0.08288847655057907
95.7108943469446 318.69436547996224 145.4836774045799 390.7115608041149 0.0828716829419136
591.8915173744953 376.8976603805639 599.9442358975737 387.9906609919678 0.08279281854629517
578.7160625831318 488.6930790479016 587.9739166583595 501.63450967806705 0.08275367319583893
389.8904441933408 397.43205834136177 398.7712267801566 409.3046171360222 0.08274369686841965
825.7358885182904 437.66464335844677 837.6915288436516 453.37384040884467 0.08261842280626297
968.7823043160652 434.1405821752793 977.8734685313455 448.15687424735 0.08261658251285553
960.1167559770289 369.34481502212316 973.7347092124505 387.30931546170245 0.08248577266931534
774.6163053463 400.06492775696586 859.167191829432 507.26724472544237 0.08247675001621246
446.12648395739825 393.5984081600638 492.8829952680371 461.37383317134004 0.0823526456952095
464.2243230445556 510.57641835938625 516.1183888170358 567.8979041884568 0.08231435716152191
641.3045663437942 416.56046116011294 650.6918666278757 430.9092841677979 0.08223162591457367
545.7566505802519 361.4546596074172 599.6911877703405 439.99024805570883 0.08212345838546753
768.4744412547814 437.53302800704387 789.2826527173631 464.53397983890244 0.08202815800905228
625.5873648606531 448.2686459075169 633.3067915506641 460.07318248065627 0.08201227337121964
789.8012809914599 394.6899227446932 798.2719755761557 406.0060135858502 0.08183175325393677
735.6112336967341 380.62125233627535 743.3307824043324 391.2684230657968 0.08167713135480881
356.7997899701703 427.0608661364741 362.94471407304263 435.70605420966024 0.081619493663311
608.657509979404 376.36436592751335 616.6392311000787 387.173907321005 0.0816180482506752
744.7853663955796 530.5244440348273 798.9584382416938 590.8826043500568 0.08101204037666321
583.9453457999025 370.464702568031 592.5179655681635 383.701193698083 0.08099472522735596
836.3506707185645 410.17303317617063 995.4380592490002 610.782339666334 0.0806616023182869
528.6438063586603 469.48663337695564 568.3977554767076 524.1491607816805 0.0806279107928276
511.86835219001466 432.49983992758786 532.6756324603998 464.2167774167411 0.08048128336668015
880.5616692584991 425.8864934522104 897.3364307941966 450.33111962980576 0.0803045853972435
930.4031862560729 450.9809839261388 943.6688470129483 467.773020894371 0.08020508289337158
591.3310566452899 432.0603522260243 619.9098886900978 474.9807344176717 0.08015528321266174
949.29002448485 373.0491329257268 958.4563963315059 384.5665443312535 0.08014892786741257
343.9299245134004 352.3439715233141 397.95013696225476 422.1870800745792 0.08010871708393097
118.0961548146283 390.58846001992293 124.25414588827938 399.3010061970067 0.07997827231884003
230.11029052494348 391.1140113700425 238.60193470222052 403.348386441806 0.079963818192482
708.2918616143475 379.06742844219417 715.5910704987891 388.60800882363753 0.07990025728940964
847.6997675385498 396.9678133018381 856.9199064658017 410.994203670835 0.07983966171741486
257.7349543518859 460.96374832198813 288.8269488780919 504.96971521070094 0.07975106686353683
221.28709644505778 386.0919661162438 229.03593764171072 397.00656198479385 0.07970818132162094
762.1933962021598 520.7892735802376 790.6420085073186 555.4037783743914 0.07948080450296402
903.7334407744269 404.3602551615352 912.8608108176035 417.9576623576834 0.07944498211145401
588.6710582436212 477.60452158637 615.5098328645822 512.9432066690101 0.07938474416732788
568.5909419220366 476.2057561014973 580.1181540313897 491.24701052765 0.07928077131509781
505.844374493564 418.62632661971776 517.9091482474357 435.9284113253657 0.07900428026914597
560.7794015335802 462.93361702043376 571.7856689605369 478.5151250546002 0.07893260568380356
454.7939492577209 406.7373385700957 462.98704644251126 417.22243902393814 0.07887939363718033
335.6585006501038 419.7349522001432 342.4946155908009 429.13616367380007 0.07886673510074615
700.4439850809598 491.038014443302 708.6698224041008 502.45997630702993 0.07865818589925766
662.1181237353717 365.97921568744925 713.8150788316079 426.01220118196056 0.07865608483552933
504.9416875919358 477.24159851321065 534.1935590577662 515.2993544250337 0.07859136164188385
888.2956399550302 440.7746338877315 898.7338680068334 455.7770742064128 0.07854058593511581
279.1459676951986 361.5548795688874 329.52480060016813 426.04401154232374 0.07851356267929077
305.2749170753372 422.09907236394145 325.4831607553584 450.0472887717991 0.07833446562290192
914.2813115818744 438.6975502593796 927.4448538426899 456.45847059187207 0.07829063385725021
282.9835631757715 437.50350539292975 304.7695418286692 467.3587146007154 0.07828820496797562
-59.96319389628501 555.371409135494 127.67104333719827 779.9676385700872 0.07821875810623169
654.0551905480531 409.31985129887977 706.3813082337441 478.2535935608178 0.07816257327795029
945.1549040547695 407.3182914941685 956.8711937497674 421.42131830247564 0.0780370682477951
855.263133437594 536.1868072182117 937.3189915987525 633.8728093589241 0.07780520617961884
152.7526417802229 340.01584539408407 226.88225430572638 438.92439651623874 0.07779136300086975
920.8998860500096 373.27096903153466 930.7201908982646 386.7800347825312 0.07778125256299973
325.24050486054335 402.0952470110014 379.24802307023185 474.80536764848364 0.07774006575345993
466.8201940056108 411.76325077608846 476.29753830946754 423.8133250291229 0.0772300511598587
907.6847547148413 394.450899183401 915.976196147314 406.90802709667133 0.07703214883804321
194.1767025241751 303.9790480444175 200.80219660964474 312.49024371854074 0.07651624083518982
124.57326011002631 176.65210084951278 505.5051915481907 596.5213448709421 0.07640110701322556
734.480621278016 451.1731042059306 751.3317330544276 472.61416393265506 0.0761483833193779
664.0179285449613 499.4904668713003 725.1157979552967 567.1604721915468 0.07578546553850174
533.2191068152621 533.9091058089854 594.607728928574 614.508804681493 0.07567717134952545
616.8832532969896 90.34701128197608 982.9917934480667 534.9207838201661 0.0756615400314331
834.8179961968336 446.4037330349997 856.2517879605961 478.1003361509311 0.07541394978761673
893.9850152127132 494.6992311809583 1211.7028003324215 865.1996705539452 0.07529977709054947
699.7639398473813 374.5442830137773 708.0723439200183 384.7545504629763 0.07470790296792984
563.4545469169227 590.3407196653118 725.0783958116413 774.9600503790778 0.07468880712985992
-16.17290922178183 364.5423980468507 35.873487795602095 454.39104311456407 0.0739239975810051
527.5559847512411 438.5769857656067 538.2229102705489 455.80940478616145 0.07343797385692596
396.60007493746417 619.4775968629916 527.2922021262573 758.3899313139019 0.07307109981775284
731.2353488111759 370.07760655036805 791.6101251365951 442.81981854489874 0.07153090834617615
-14.572646257470605 264.9013109492107 53.287567062373775 381.15830109098954 0.06820004433393478
560.1315079223189 293.6813586696263 627.2439958800999 384.08755097872626 0.06580094248056412
98.84445502113842 494.74545433894224 137.75869491828766 542.4256202226012 0.06524457037448883
920.4930929960329 201.08774478483073 1149.5115556917024 509.7290363591004 0.06466922909021378
881.6088599866615 382.9853132846443 958.5721895419074 490.78892239232624 0.06379206478595734
654.7820919554312 238.23505106831755 758.3301613363072 369.8735289511375 0.06229262799024582
823.4385889919931 293.13788688115176 851.563063225151 330.57808943673206 0.06000518798828125
711.9333631486098 660.2317749774894 807.3878845025058 759.2914434563717 0.05777699872851372
