1031.7570546754246 377.3356345414993 1050.5011493457434 399.40229017265233 0.9984476566314697
364.6560202319191 395.0832397066723 373.0516286714598 405.0770303239987 0.9907959699630737
517.1420242635317 383.85386235937233 529.2960644780022 400.55333823838174 0.9882267117500305
581.4146786472432 395.54204575416895 593.5598417437135 412.4363518664432 0.9851843118667603
398.61436844473343 396.3231960498639 406.70032727422085 405.97700199170333 0.983528733253479
683.3493469817818 388.0821935749515 687.8314272249769 394.65294159457807 0.9788738489151001
427.51462504315947 398.2223730088038 435.2704914912341 407.8441137189019 0.9481298327445984
280.70597501054334 405.49013140591234 286.0516400298541 413.69735157880734 0.8496479392051697
473.49903802175027 390.785083409058 481.80628336659555 401.6550784570748 0.7023621797561646
383.91120600631507 405.7031966491246 389.70274260281434 413.2563505576702 0.6680817008018494
557.8462195043321 392.9444221639096 568.4556330848541 408.018264172983 0.5816260576248169
452.8135549819147 404.47651580845945 459.96669749731365 413.2979719076182 0.5755437612533569
648.9050365712435 401.90102264033555 659.1923820749471 417.14991884748105 0.5490697622299194
488.8683216933682 395.1495629031345 496.3962103152119 405.0768453665681 0.4610253572463989
388.513340791523 401.09292237061294 393.6168858477353 408.3051061411827 0.4250153601169586
642.529889564298 402.76800660329457 653.1032928984207 416.2859793938943 0.38562166690826416
337.61245035628406 405.1464117798893 343.7439586930756 413.66977803117715 0.3390239179134369
290.42227316752684 403.37690741960716 296.7232875451824 412.53571243929605 0.3367680013179779
439.52952310349315 403.55267277122783 445.7828855713591 411.62903736773757 0.2735086977481842
462.03169145763445 375.4599156897178 470.3810881545551 388.69764452152344 0.2471073865890503
636.1097260544661 403.7736214592344 644.8774566298217 417.2201157783638 0.21966055035591125
590.1821223390531 379.13155948669197 601.3029770998146 394.18220327691006 0.18879683315753937
455.6233036971649 432.4176477569114 462.44784436506706 441.25254589417574 0.16382339596748352
437.65568142094935 430.0380232603839 443.623755933945 437.3725498227305 0.16263209283351898
22.2171493672092 323.007103666321 28.99147178308021 335.17058504604506 0.15946374833583832
325.2959183840624 397.61993723376764 331.01475050108667 404.82869743196835 0.1580583155155182
322.8565866332542 410.7737035031025 332.1614536297227 421.3106908439819 0.15237046778202057
665.0950686230832 430.52219406086755 673.079221026164 440.6421107292764 0.1509370058774948
370.432884439194 365.2801851024347 378.30425629091917 376.04469886368486 0.14706872403621674
391.81256051095545 390.18708277249937 398.087869548654 398.77489886597255 0.145836740732193
434.9661280910318 398.92343929429154 441.4444907373161 408.0410650700315 0.14375196397304535
487.2371392046707 378.61364999462126 497.84378446846824 392.91819716789 0.1419518142938614
619.9789801972721 408.4877863846233 626.4543399128203 418.34865402142447 0.13845165073871613
657.3078205950418 404.8540796407228 667.0445580881308 419.3639960651627 0.13672249019145966
686.4820576421896 410.18146099027683 694.6585481169907 420.55798693175274 0.13100700080394745
567.3020669843337 394.23680337906364 578.0314259130512 408.79562165243567 0.12854591012001038
451.9718354630194 22.394059113855977 524.290914697437 106.96511618079056 0.12760712206363678
302.63246093890376 412.0797893410383 308.1618519096221 419.16971768484757 0.12664036452770233
295.95510282434367 412.9649703774434 301.5003251782242 420.0556522862533 0.12584175169467926
331.00157725636666 409.65380753509004 338.35400254351293 419.24509916671263 0.1257917582988739
139.9475440314515 201.7824859206804 227.88551538500556 291.85307801597685 0.12373621761798859
305.67304283610434 402.67565145820646 312.0999153174869 410.58513816639896 0.12268803268671036
330.1643584024337 398.20043419062387 335.9936512558522 405.9194302362176 0.12186967581510544
445.0795962111153 402.27709873565794 450.97479320186227 410.03727260228277 0.12117142230272293
456.2390361173617 386.1698530568066 466.73308666234743 400.47557480406806 0.1204889565706253
942.9189271052611 33.14035417012219 970.4295114657755 75.84233498678265 0.12019598484039307
710.9643133915139 387.59185592407 715.4855229613529 394.71683041676624 0.11983027309179306
428.26192592274674 381.1203307395724 436.0461470119225 391.3732893160139 0.1194472685456276
602.0290636384616 55.839119896998255 665.7640878373828 133.21889924784946 0.11944030970335007
379.21417763770773 412.0911960148764 388.8863682224631 424.8323640335115 0.11932290345430374
318.89971522203757 412.137138937451 324.26707759608615 418.96347962173223 0.11883781105279922
374.4437398486831 405.99931645450226 381.14952075613945 414.43072086113614 0.11849433928728104
340.76636824643697 391.32566930362316 345.73823549830007 398.247240613253 0.11842892318964005
463.2955261463867 391.4807759203502 470.4678802610519 402.2687149575094 0.1183699294924736
412.3890380214498 399.0400086919434 419.2791367944577 408.24945674460054 0.11657197028398514
369.9606711790731 413.98575191945235 377.1788185300243 423.14841278685725 0.11534864455461502
312.06200480949815 406.93568976763834 319.5180603246889 416.12664934317695 0.11464633047580719
393.21452601327934 395.93563502818625 400.37862746316273 405.68823448554275 0.11363374441862106
380.83350016991005 392.4561235437901 387.3870164741782 401.4759802923256 0.11273083090782166
269.0904472184171 406.62600334737317 273.71510428335966 412.6394201164032 0.11234375834465027
361.1492470227559 405.22017917472874 369.36242892145236 415.4570014014177 0.11183899641036987
320.1406876820321 400.30151267167867 325.81220182664015 407.39592943170675 0.11145302653312683
312.5778160380782 397.0182856110078 319.64299136854567 405.95261377502857 0.1110890731215477
207.8768365762106 326.56590946819176 257.13055413561574 384.4568614057901 0.11108633875846863
410.7900280882324 405.5249695249547 417.8984974450023 414.77884738805193 0.11100217700004578
306.04600940237 397.6708228585039 314.2722273206568 407.3830346351787 0.11081399768590927
296.58616778648553 407.54254357125836 302.00420316466773 414.8526361077536 0.1099327951669693
130.51681819920861 473.88802447052115 142.2662023717791 489.38685476543105 0.10978637635707855
271.9661766677043 405.7997747259377 276.72371488796546 412.1426702103586 0.10890121012926102
291.54254543905415 419.148083661234 297.2104084606523 426.8477914004275 0.10877722501754761
298.8240525901555 402.3715695595137 306.0357614399724 411.7268590706393 0.10857977718114853
343.63062571370546 402.23936952047325 352.109029042327 413.3303487838873 0.1083047091960907
316.4641479731063 403.6412596197987 321.86929363485274 409.9064911615122 0.10829576104879379
293.7178175013697 425.88841738942006 298.65547362501945 432.2474770519006 0.10828293859958649
309.1951179645326 415.63459653142894 317.18780131028745 425.607326912151 0.10809706151485443
334.81572223447466 399.77970541026565 340.6673834779857 407.57753829281035 0.10803685337305069
294.2309389311165 398.25455252679217 299.19949125440246 405.3944572683917 0.10740378499031067
305.69318535843894 409.4299600246486 313.5903048520261 419.17854384844935 0.10643620043992996
279.4164610818401 393.26675595114074 285.91522147146566 401.83192457373826 0.10614325106143951
285.4420710115951 405.43346682094585 292.0814846378387 414.6504504837362 0.10612203925848007
417.7657990875437 396.9080517960875 424.34175556582517 405.84146610687696 0.10607373714447021
608.8624242296971 380.16364345379156 617.3280277680399 394.1165273571606 0.10597331076860428
14.517385903163266 465.19754068650377 51.39082604094535 510.7449230578029 0.10514102876186371
390.104894723308 409.0165893492122 396.32866930877015 417.6769163517415 0.10495016723871231
451.0884808632276 423.8625866511125 456.6597028187926 431.10998440383776 0.10492361336946487
606.8185322253357 405.70785659244655 614.6131472925349 417.9050612074381 0.10473193973302841
375.15170322442356 390.7954462682775 383.180080379232 401.2339859055425 0.10470858961343765
426.0911026497445 390.3554980571804 432.7637163308907 399.0913584747159 0.10468464344739914
285.2400461098222 394.091714445891 291.3967454147141 402.30993697049314 0.10455725342035294
461.2571364135156 403.0672348156347 469.4955155054133 414.0474513510277 0.10455644130706787
444.4054381322154 391.3501401431543 453.4982061732782 403.1361490128554 0.10441237688064575
496.6327312328415 388.8077692549686 506.6750336888665 402.51923827593674 0.10401365160942078
619.8608474531732 355.0346931698083 628.0462214177799 367.1338368878358 0.10378506034612656
332.42366101437506 389.1600232398015 341.71424107849515 400.6388920165 0.10363494604825974
304.7773699162294 417.69899774804685 312.3327801238145 427.88969061855465 0.10362239181995392
377.99671384200593 399.54614943945023 384.1393802200078 407.3982248079872 0.10347534716129303
349.51624141323964 397.7892374251298 356.61284781634333 407.3205425632594 0.10300754755735397
300.75652057479846 395.3391364644979 308.82847409282846 405.12676231432755 0.10297039151191711
619.0920998070692 382.288602295191 626.9676829257786 394.80179175349036 0.10285888612270355
56.19752049913957 81.82056656210491 254.3225857166417 306.4981450750001 0.10280945897102356
253.14061846829483 409.3731775322155 257.64050209993763 415.7545793450225 0.10268419981002808
416.5656522873311 405.1340944491079 423.0392799922228 413.8731629583771 0.1025843471288681
436.96238547474036 393.17663707740587 443.77951143988366 402.52888120799463 0.10247093439102173
662.8538509344787 411.20644814753007 674.4801258486812 426.978733859005 0.1024659126996994
263.66969169245976 408.742642962767 268.42096118089785 415.19181703990284 0.10246007144451141
428.22121859929746 408.0247308801939 435.55800153780467 417.4675632112427 0.10241211205720901
671.1416469287841 419.7838782384984 677.9358807755249 428.04479950880364 0.10230309516191483
362.8696605208294 383.20059619023397 369.8297818919036 391.8186168141327 0.1022397056221962
297.01839586497164 424.1242338448743 305.61907581380274 435.09883539605073 0.10218050330877304
319.04023737442054 419.04971813881616 328.3178825279168 430.6025940061713 0.10209071636199951
436.7691108756118 383.07654594326664 444.9085110094305 393.94918875283224 0.10199378430843353
386.22407230554813 392.0565600758468 392.658471737049 400.86846498335126 0.10180795192718506
406.6108712827304 393.9037667970584 413.4894976054725 403.0331209224142 0.10170840471982956
328.26314925383724 382.16449995979923 339.1208796844566 395.3303795206255 0.10131273418664932
345.3686530277705 386.60670137695666 349.63950673352855 392.53484135376374 0.10131201148033142
624.5402299445478 408.0995444249058 632.8104860011089 420.9363912686354 0.10131099075078964
472.6296827840274 376.33753475059007 482.6547096552064 389.92874762818855 0.1012987494468689
97.71040552837549 455.52909041989597 109.07543635057131 469.8687410376928 0.10122162103652954
466.37930029558254 412.03052437723517 475.90922376879905 424.2256914429341 0.10109754651784897
274.43487461712385 404.7227752635362 280.6630959648564 413.0186035298517 0.10108331590890884
324.7873552367768 404.03736414008415 331.5497550140069 412.1897873168526 0.10090678185224533
392.94504052309617 400.96823386519026 399.6582630493822 410.072892607748 0.1008402407169342
338.9574677576459 397.682681382103 344.73445025806564 405.5941840794095 0.10083623975515366
440.6114931282589 409.7429523108242 448.0260119094161 419.7695116199967 0.10078760981559753
355.6288972485626 367.5573487844122 372.86447560199235 391.4721815956501 0.10061482340097427
446.213753990052 407.96657000275485 452.7930012699324 417.06310557517503 0.10057450830936432
682.1030903258014 379.52737563021043 691.8427106969189 393.46048702940806 0.10053498297929764
226.50728987368242 198.61757964036056 543.564198573814 541.6785765683186 0.10051199793815613
324.6134799788296 378.9766815800237 333.11690229295215 389.89027409434675 0.10041884332895279
559.8853072112449 376.9084863632765 571.4143716651257 391.7858939090269 0.10008233785629272
540.4189131011294 392.2384617672054 550.9054913340325 405.2557879248882 0.0999961718916893
315.0525678169684 389.8499328054121 325.85912916634265 402.0160463195531 0.09992732107639313
372.98998082010587 411.15964291936564 379.46343561348846 419.4934792254831 0.09991414099931717
669.3771796742773 399.0869953887443 677.6886870167993 410.6712249453431 0.0998886227607727
377.55745136056834 377.9876976457617 387.6775609725482 390.9220661006904 0.09987541288137436
446.5316308799361 378.94412717992833 457.9835400443596 394.0805630850909 0.09983231872320175
494.02278242905834 387.9681446602082 500.1535269087434 396.7839748108598 0.0997270792722702
607.6800547804262 396.4375916680127 614.4044888940364 406.84404782545585 0.09950928390026093
267.8079622920896 410.6219726558713 273.0109641899539 417.7213667729758 0.09935466945171356
125.7342244667919 460.96355186892333 133.66554907105606 469.77753946756246 0.09927003085613251
684.6476861162748 389.9993192741039 705.639052033205 418.1571502952328 0.09919019788503647
463.46770377814175 429.90859357004234 472.9496769256929 441.786000822443 0.09918144345283508
374.5384857216275 415.0814992009429 381.0862280521135 424.05713375009793 0.09906379133462906
694.1536687380038 407.2451353845692 704.0863775644298 420.608631280726 0.09903713315725327
467.0625497494571 388.659564000781 474.7096806874874 400.3248319122552 0.0988951176404953
448.37434832134187 414.0148211463409 455.7743246647285 423.88018969721406 0.0988117977976799
686.6880704657882 419.7670377548085 694.3492679518894 429.51757595367764 0.09860747307538986
385.024240531147 191.52873456394036 467.05646363953383 281.9153580691027 0.09859851002693176
347.80905861788915 408.0123202909179 356.44597286080307 418.7770250346378 0.09857548028230667
479.15349069701494 383.7211574520606 487.6664951718095 395.5726831997722 0.09848298132419586
687.077319517544 398.78307340680385 693.7136018623596 407.71441766127623 0.0983835756778717
420.98047721901247 386.1987760759942 428.16541932211055 395.938247374321 0.098231740295887
659.9912620624137 386.8083944383718 682.4449998271657 416.3169709383527 0.09818917512893677
457.96706907630966 414.84250617143704 466.4149622636165 425.6032665071077 0.09816291183233261
703.6173085787188 391.9635502405049 722.8531906826181 417.4495278016169 0.09813083708286285
480.9723315515821 392.27005528745855 489.72107775965804 403.61359992513957 0.09789307415485382
266.01283813845356 406.4529973325056 269.8690009939251 411.5882865634378 0.09787008166313171
673.8504498706487 404.71587782647794 683.5558849474902 418.3816542155865 0.09785299748182297
619.3078588693647 399.20762518827644 625.2466498205487 408.2275277378235 0.09767874330282211
471.5533218473112 429.85725715912974 477.8175834360113 437.84490357199377 0.09752308577299118
308.41523465338724 422.72657570350117 317.0023196906363 434.31374708270135 0.09747429937124252
291.0282923876194 391.38834788580925 299.0958037768929 401.3872202477662 0.0974457636475563
717.0903175853645 398.1819913215101 720.8402846896138 403.3821015092415 0.09724820405244827
344.7262761567124 393.1840192095875 352.8467098666388 403.25045273776124 0.09720611572265625
595.7681756817734 399.8191481058629 604.3674851988989 413.8107262026059 0.09710924327373505
676.1703612254067 410.20270792211204 687.0957089193485 423.8859017760263 0.09709428250789642
348.58457647143615 384.55431038172907 352.69120660206346 390.3611487234085 0.09692297130823135
105.53383772591908 468.8484664368735 113.94605913291377 477.82825323449146 0.09689154475927353
696.2840758411007 389.2072375340428 702.3331979369913 397.71937426756347 0.09678531438112259
567.9309882246351 384.35697166043167 578.7942362710208 398.82047738211344 0.09651125222444534
663.2377373485259 43.14468976245704 758.7829256774166 153.96919514958205 0.09650836884975433
443.27054235679424 421.50405427676276 450.0058220294329 430.6600786460269 0.09628082811832428
354.53256454744593 405.17616498602854 362.3459914741564 415.4398228793177 0.09626848250627518
391.1968679876492 355.8897852980641 397.04742029286024 365.62500681741193 0.09619412571191788
658.2465070065717 46.05791650040294 691.7487743393618 87.18376648347434 0.09616199880838394
455.41346515711547 395.9887420983484 462.88592890037995 406.09879232928466 0.0961424708366394
325.11058415204155 389.6492796214188 331.81245603863306 398.09816799491716 0.09599631279706955
399.76431431061764 404.8682696830857 407.72140626909857 415.3697713827887 0.09594562649726868
622.7215075677622 372.3113252414729 628.7042140934835 381.475198635878 0.0958421528339386
371.3782301206592 425.5324558942763 380.3060871625736 437.3711738786754 0.09582240879535675
623.9115208834926 395.62253088908767 637.1871929444845 414.53549580780293 0.09576734900474548
507.5517545696354 387.51891681866476 516.9097880902787 401.24888273778873 0.0957559123635292
461.9609587269824 422.37445667214445 469.8476168166861 432.16387985281347 0.09561826288700104
355.9605277242498 394.92289299212615 363.48958381542286 404.54978089892705 0.09559094905853271
593.0914150329053 404.332579593161 599.9111487127317 415.97566640788403 0.09549985826015472
415.978009718434 424.4735917345174 421.71281760294727 432.76593204390264 0.09525628387928009
620.5391231696653 420.76455118990964 628.3987746700362 432.7129887993698 0.09520363807678223
709.5263481382841 402.5123285702534 715.2021073559425 410.27243360167085 0.0951196476817131
665.3469622228483 375.9785278646051 679.0644745753997 394.82326768691695 0.09511660039424896
328.74775719111256 417.5874743497596 336.716953808718 427.75254195695356 0.09502934664487839
360.3709550220459 417.4268505982404 369.3281893945669 428.9351386934425 0.09502095729112625
718.1925493883259 389.4860389312732 722.1523875076397 395.31160535162644 0.09502043575048447
277.5757431757095 398.85648460791674 283.7672608244619 407.5618985581764 0.09498196840286255
297.4961808688054 396.4751017136082 303.6351966834154 404.2112637664647 0.09494861960411072
656.6043596192337 377.51782641997477 666.443390379746 391.3646964998618 0.09492098540067673
350.3079884779948 382.7414456351574 359.75860549149706 394.6701068495502 0.09489953517913818
273.53018349274595 409.7778059503965 280.30511918641946 418.72862288090306 0.09489881992340088
469.4163618558507 361.21623787186644 479.9091759793303 375.0772973709714 0.0948929712176323
391.93840663690986 419.4949006168586 398.26071137286027 428.4502631386937 0.09487709403038025
671.7011895655343 358.13275057381395 693.115965788172 388.5962759775847 0.09474396705627441
632.7787332287995 386.1603662675502 641.846330980335 398.9666020823091 0.09473514556884766
547.6399042429615 394.1612837613359 558.868114961139 409.21548798572184 0.09457997977733612
680.6376706233242 395.84626731087894 688.4014587860588 406.89053743987046 0.094545878469944
657.2446754956028 16.032686357977827 686.7009169835854 55.420564636442336 0.09450279921293259
122.54429784450231 447.61826799456077 133.12451341779962 460.2504718439745 0.09444647282361984
960.4850160238816 217.4657295033802 977.1880514196241 236.93561298986063 0.09440349042415619
262.5064508780516 404.5562804687285 266.2589749769598 409.63864354909657 0.09427447617053986
260.1396370315326 417.8362652992928 267.9767560910538 428.29585747122064 0.09411844611167908
440.52771501746446 377.68560160065346 450.84147085252783 392.230172580523 0.09411659836769104
640.7452538651836 377.0442483678344 649.300941500316 390.3762792897976 0.09407394379377365
422.7604050797214 403.0702330019028 429.6256743203555 412.0792850250615 0.09405404329299927
600.7556834665897 378.4014405530236 610.686028202788 392.9326241518572 0.09401078522205353
263.49479735519134 395.1590002199271 274.8776379943172 410.1382136648813 0.09395942091941833
468.40312520728776 400.62813952773945 478.0033971057742 413.5864096256154 0.09386418759822845
368.70161403774324 385.153590116186 376.24925442999677 394.68199528348515 0.09385896474123001
702.7282957531017 389.85404055155743 709.2833285153587 398.42939010967206 0.09380441159009933
468.51637222612015 383.1843818088206 477.3766324040028 395.8900255614546 0.09376005083322525
297.65227132394074 417.716087818489 304.11013139043564 426.2652814688213 0.09370464086532593
371.44062568543154 399.25374640366545 378.63350229053117 408.684988907508 0.09368115663528442
267.6943556487333 413.83545874617454 276.4675714976618 425.44711279083936 0.09337428212165833
596.3536747528175 361.8918082296556 613.0813407923499 385.22279940711826 0.09334683418273926
692.2651863632723 401.16478716835155 698.1209986988415 409.5088089023502 0.09312189370393753
440.9440023909324 390.97780942551725 447.41601037988806 399.6175499838934 0.09303060173988342
684.5032336531245 394.115994432655 690.2775409718483 402.93058979316726 0.09302199631929398
692.8405189272993 419.07985361864496 699.8757310063337 428.5766179243223 0.09287454932928085
689.30939622591 387.4892279041612 695.865921678041 396.85221638827096 0.09285364300012589
572.376066097453 400.7957881190423 582.6475730693784 414.3660310430513 0.09284920990467072
469.00641029551133 419.3278702683298 479.7608029796164 432.8717842418262 0.09282304346561432
305.9889853928291 389.31851878213905 314.7561557747642 399.5875902944151 0.09263880550861359
415.1303461844913 375.8754463998729 425.0785566501784 388.6792439222485 0.09263716638088226
392.67319792681076 417.39779880117504 404.21816854804587 433.31367122134134 0.09244783222675323
387.4955075364815 364.9888661281401 403.60459188013124 387.56340514008787 0.09233823418617249
385.2770804054723 422.85347523976617 392.16142439187104 433.0017055970898 0.09233270585536957
348.71757902331063 369.0504934126322 358.3581851092838 381.5055626675134 0.09230371564626694
410.8873253744267 414.8478603649566 424.2148706583093 432.90150569716144 0.09224960207939148
656.7476840796093 424.15848755911867 667.2005280495663 438.0272340803279 0.09220238775014877
111.64982640377562 480.665499287636 121.39977379289795 491.9988114901569 0.09215598553419113
497.28272641942965 396.3101044413996 506.06633608408094 408.7745436851779 0.0921429768204689
385.98634687760693 385.31620840525926 392.65572703373607 394.1305561057271 0.09212355315685272
434.7528686565011 427.10428629619804 439.5442624311812 433.4615680149538 0.09204614907503128
445.454782868181 429.7813100884037 452.26978817901846 438.593886982927 0.09196645766496658
100.82890687831814 476.4545794349409 110.72240244239045 487.57062617721135 0.0919383242726326
642.5472731843163 390.79864319942465 651.601875665366 402.23580955506566 0.09188579767942429
286.95175338246924 423.04238656220986 293.9174665719565 432.1904588208759 0.09183147549629211
116.6561360858132 462.8438339035622 128.60637397228038 475.4062004578899 0.09166117757558823
373.0935436792426 378.1321932562584 380.5420318529141 387.3424172372496 0.09165430814027786
575.0361879016601 412.492506327286 587.8810288816566 429.38262613051313 0.09157931804656982
498.63770641270804 377.87440371684045 508.02185613531697 390.7680121999538 0.09149143099784851
257.78858081230095 404.0840396894533 263.7605034317412 412.1875691672811 0.09148858487606049
917.1621005657821 226.22761091554625 931.3484790225588 245.83938881924917 0.09139572083950043
365.1083730368849 377.7269576550582 368.95042890263636 382.7753264365412 0.09137711673974991
700.4265263221267 395.01278519420686 710.771473263481 408.4077892876891 0.09134723246097565
368.9568338407054 406.13170809436724 376.0579899614695 414.3753934365919 0.09132855385541916
576.0288618243346 382.7086934878926 587.1528524240961 397.25937644540136 0.09125670790672302
528.964428497072 393.45734304618355 538.4530078298511 407.12767665825305 0.09116671234369278
634.4845006956405 393.8051435555101 642.4106742065733 405.0715012104946 0.09116175770759583
620.3082978898525 393.4730119653974 624.6130103942094 399.7478207799201 0.09112174063920975
689.8120996680509 376.0727221832512 696.4165737297068 385.49523718215727 0.09092053771018982
427.3821487860418 414.09573650982867 435.88687983430884 424.97451099783785 0.09089996665716171
386.6781520002338 413.7674967151114 392.69142892796106 422.43448408142524 0.09083028137683868
413.69551614889843 386.9970624213603 421.53444054036345 397.14254901882686 0.09082593023777008
353.00947820890866 414.9547310865603 360.85244031044607 424.9515085175909 0.09077157080173492
435.64689176935974 409.0969739134245 441.8862328427339 417.78386787633906 0.09074990451335907
696.6905241132508 402.0449437718934 703.9699953325954 411.4613489782205 0.09074033051729202
649.6909036570027 383.80449681291293 659.2224571445512 396.8208216059576 0.09073355793952942
672.5961898403953 429.18066080225867 682.2516774020926 441.11823000315695 0.0906582847237587
451.7138179740673 430.2582178171091 457.06711066250415 437.12480246652046 0.09063573181629181
317.79876251208407 406.42042719507066 323.83415427314225 413.68690404337985 0.09059630334377289
672.6253478542467 386.40320048738266 680.1899844127041 397.40315099192765 0.09059261530637741
405.4722603505071 401.00192176081094 412.91653285373974 410.73602474669883 0.09058678895235062
347.62114416781213 367.36966180462395 354.48914037761756 376.75432931840123 0.09057257324457169
707.9909559247191 392.0950407845217 714.1608290392148 400.8840153204623 0.09055367857217789
636.6662821843911 20.688564513321875 661.0253555534149 55.05237846121625 0.0905061736702919
679.4328969854174 433.54701512580027 688.8129367519532 445.4884571426886 0.09041587263345718
611.0910353976453 368.3154560469479 619.6562428174207 380.3311197118448 0.0903729721903801
398.25898365028786 388.3194456511396 405.106802153948 397.1842730932133 0.09035675972700119
612.0306169049369 400.0886637174558 623.7202658646513 416.985345053954 0.09030728042125702
297.0445223131252 387.4253024696228 307.0552244644213 399.4784576959 0.09022743254899979
288.3314843903554 414.4042493813291 294.26742217538924 422.53340863084736 0.09020614624023438
695.7823623371407 367.73418964922075 712.2937001439188 389.53768490194034 0.09018579870462418
367.69049610123693 420.83914863461604 376.2000535313676 431.6304559491495 0.09012318402528763
659.7467285305991 395.3576932217934 667.372585747235 406.7992811046897 0.09004151076078415
291.70544622418635 412.2718168514575 297.5466967748065 420.5002978218675 0.09002853184938431
420.8386291880366 425.4552353218651 429.313623761117 436.75919434034824 0.0899931862950325
336.35681777039474 413.6473115819231 344.166747664475 424.019050211522 0.08989667892456055
404.3264121490513 416.9544127256934 413.6388239641596 429.64933351182475 0.08988314867019653
455.92745912388574 425.279248989721 461.78266261877144 432.4880141636982 0.089854896068573
509.95602892295886 372.5781715524646 520.4214852259372 386.48468893817886 0.08984135836362839
406.83219694991425 408.57216025462304 413.7245210146302 418.22973744857484 0.0898355096578598
476.9045148041238 366.5669757385805 489.311770770673 382.49877648421943 0.08973167836666107
433.1422966945175 390.14596404179275 440.1552981529555 399.5008108804797 0.0896601602435112
47.390958067409024 137.1418812015957 131.40799403197497 234.79772228018527 0.0895613580942154
430.28372674337396 420.84567628375504 440.5712877399977 434.62936536788976 0.08941658586263657
267.88561819342374 400.69519790103305 272.46820227285787 407.070104799887 0.08922908455133438
701.9057254867216 356.08482593989714 708.2759880817143 364.21195463289524 0.08912522345781326
718.9864572923524 383.946944649616 723.9500134213135 391.2198496600017 0.0891144797205925
276.42595827023246 412.04504858450304 283.23639265813995 421.45527472224603 0.08910650759935379
934.4412207405034 217.46576999983714 945.8551966761269 232.60187712904258 0.08898872137069702
422.138391112833 408.3375791919301 428.89920798420343 417.2152636044701 0.08897478878498077
714.8965266893422 391.63019073209426 719.3260270893128 398.45167233976144 0.08896252512931824
677.6721700736626 419.64160202034344 687.1356943797994 431.49331597325073 0.08895618468523026
713.5296194625419 384.47424171974137 719.5507103240625 393.353417792778 0.0889013335108757
379.2035379693337 428.05295736915684 386.04928939626143 437.69321731452055 0.0888250395655632
265.37450188120897 402.2075485438166 268.8374312389279 407.01159036154587 0.0887649729847908
257.3851857310455 409.05947739073395 261.70983183476227 415.0557692124732 0.08875217288732529
613.3869157776793 412.7008520173817 621.9972638834272 425.5146049783433 0.08872255682945251
254.26021447422002 416.5670565119407 262.19942563513393 426.980135398795 0.08864395320415497
298.08864480940167 354.3879902535831 320.98011138538374 383.91093178610544 0.08862031996250153
399.854290437016 375.1129265650293 427.8955385202485 411.1167872868594 0.08859526365995407
716.1162464879338 402.0161023075607 722.445493810465 410.87717060859 0.08856391906738281
493.6795919049792 401.8936275307977 505.6769436525504 418.74208473418065 0.08848504722118378
625.6499484365872 391.72423606778256 632.298932538469 401.655369391143 0.08839617669582367
704.6588156160883 417.67032418565475 729.0637524011454 446.4276834033121 0.0883384719491005
525.2275472723395 406.8054295803488 536.8992337478782 423.4878115979457 0.08832409232854843
407.88717580183004 385.4785951626439 414.6332515617956 394.3561586318963 0.08821789175271988
278.57649661738094 375.5166241992693 295.51707205272874 397.72293028305194 0.08820237219333649
642.9628383277968 417.00701046927026 655.5196300212558 433.52279315552806 0.08817679435014725
395.8510226195713 357.7207217621697 400.8497938952271 366.28751162791195 0.08811058849096298
673.714834659953 351.6630623983089 724.996478249669 416.94685294957253 0.08807399123907089
713.9905441507914 374.12877923441863 736.5695829100883 404.26463738486746 0.08802289515733719
370.02341706959726 334.63519094760295 404.016090341875 384.00354470961753 0.08787024021148682
537.8382623370086 400.419681408373 548.8073627103532 414.1605453834697 0.0877944678068161
341.0274572803374 413.01345901776847 348.5794372705299 423.05570126290314 0.08773394674062729
645.0499194664769 362.4564863602808 666.7111425078521 393.7595138019892 0.08763805031776428
655.3206426187281 414.97937555774354 665.834644594041 429.1012059766502 0.08759815990924835
120.61297887241615 477.00857801527536 128.14033815655694 485.9948821564423 0.08759032189846039
402.60569066311024 386.8185621352013 409.08825968982296 395.0759470933818 0.087521031498909
571.5232418505803 411.5734008530344 582.9695445950609 427.3997449536971 0.08744921535253525
636.2556433218025 372.75604204144094 641.2729729258842 379.8923795491326 0.08744911849498749
454.26015015065775 365.02146205106317 466.5718419445615 380.01409567651626 0.08733069151639938
727.697928943021 398.19226181933146 742.1930879207885 415.94529257396545 0.08730672299861908
716.1869354641419 382.79105166518076 720.1212820404788 388.54273650189793 0.08726325631141663
906.5440415781114 232.07572996187244 919.4016865477938 251.89900374781078 0.08724287152290344
483.8555555941572 363.4452400608506 494.7147323447486 378.0241048147834 0.08722665160894394
631.0384008662799 415.96436515816464 639.8389256690668 429.9242294513389 0.08719100803136826
508.8382483644882 398.4488587464184 520.9439340824499 415.09788595460753 0.08710092306137085
96.83059955661369 437.8416381971896 116.89128027626384 455.9202038312131 0.08706679940223694
644.6668406436266 425.3337030852491 654.4964453556403 438.3455189350786 0.08700830489397049
147.34197602021047 451.5661507660942 159.44304666565606 467.22159281279477 0.08697288483381271
458.7993485765397 425.6155522372623 464.48209838601673 432.3815099015613 0.08674918115139008
269.93762404961075 420.73376167440546 277.40137630165896 430.9633704781917 0.08661109209060669
288.5394756053145 432.18794352327313 293.8142341434587 439.0272803139787 0.08659053593873978
294.13648938046504 368.72386365254715 354.1577973958719 437.59960432054487 0.08657410740852356
388.2184226031887 380.2558149796252 396.97893548320786 391.34382770994404 0.08646932244300842
653.2781101355322 385.6334510977504 656.7993958357833 390.8364567590242 0.08643599599599838
398.3894966095483 375.029405171045 407.3012771993615 386.9788636144335 0.08640100806951523
431.05400424008553 368.20788860829543 442.72193698530623 382.88833303544925 0.08637414127588272
614.3061606570359 394.30805939373755 619.7552308734298 402.29014734081255 0.086241714656353
319.3938782152943 349.22738614891284 344.7476322370225 380.7610891810063 0.08618089556694031
700.4552740477667 411.46633989866876 710.4306520356604 423.9498162797829 0.08617395162582397
260.4364718588068 409.4792820267524 264.7364874832452 415.45141363398756 0.0861504077911377
472.29212437815113 425.9900150704749 476.81462550641703 431.3226415903639 0.0860997810959816
393.2749529935487 382.3358891710481 399.91071405460696 390.8863523701249 0.08602240681648254
309.3408383225793 380.52123144014945 320.30436952752393 393.8129713373463 0.08599546551704407
446.2213883184247 435.87942490842033 455.26845490929566 447.78010453628264 0.08596397936344147
689.9500316512067 350.7790009255939 711.7003142730706 379.19192197963434 0.08591517060995102
424.801815978191 422.4610059085901 438.5623316059787 440.30664223100916 0.08590675890445709
589.3164227976121 423.89085229369744 598.5902114043621 436.74395948135367 0.0857597142457962
451.08962336081026 420.60907370865584 460.11527173569095 432.7443902209457 0.08572176098823547
365.20815792339585 412.8866135163348 371.9275257853614 421.34484933929764 0.08566232025623322
486.26422405819784 403.1212027824157 495.76118364244695 416.4068580661277 0.08565514534711838
402.57499310327375 430.7752032687637 412.3789983408689 444.3745998251198 0.08560460060834885
318.1443849832972 376.23720544833475 329.01472890250795 389.7287834688829 0.08553367108106613
477.86239765201077 423.18848748392776 487.4175693297689 435.54502527033196 0.08552774041891098
393.98344102382845 427.00562997584603 402.2286299964241 438.09250823980597 0.08548557758331299
710.3451141072345 396.6365475128894 714.8122218568814 402.9821533313266 0.08545611053705215
131.90583977358273 456.98529968385503 141.7288185343069 467.3866668538875 0.08545093983411789
628.0658350714174 382.6406358525766 636.2506556943896 395.17382486543664 0.08543843775987625
436.78273489504954 435.053602541591 447.04789769412616 448.89688908694166 0.08543429523706436
702.2490753271176 399.6166912299778 707.8446402398681 406.79017217719866 0.08541171252727509
589.9080948964469 364.32754181150915 602.9450100959681 381.2180022705943 0.08527088165283203
387.00274364907494 429.0186441206193 396.22552596169135 441.75428705532306 0.08523575216531754
395.9295805166867 368.03940090318974 400.82673333436196 376.13761542917126 0.08515060693025589
640.6854507982018 365.3145731663503 647.0025482738787 375.6369541534067 0.08509388566017151
690.7968778667134 421.71781553989683 710.1341835141618 444.46175494052625 0.08504489809274673
337.4512081879296 375.4749266217926 348.99029617151916 390.05533107935554 0.08498625457286835
386.3557516706629 358.3042962127013 392.25371154765315 367.1394124958175 0.08477361500263214
665.4992704306762 370.9990923883945 674.4590001125658 384.16321538171826 0.08470575511455536
532.1821365193986 33.96991036099463 612.156597233319 124.04198399471647 0.08465892821550369
288.8855837784766 375.09815322226666 296.1109903022208 384.4518413496324 0.08463526517152786
605.4929810465293 418.88494595631204 614.9616971334405 432.76015409539184 0.0846291109919548
286.88155800980593 384.72701456373477 326.4481968956927 428.5444097869327 0.08459193259477615
463.64052698972705 398.27252366783716 480.2630858135921 419.8640421730819 0.08453462272882462
341.56459424403295 404.74137850192443 359.03939565482085 425.7369327630649 0.08451946824789047
951.6334422807203 216.0663486067744 958.2421776253077 225.5657691298437 0.08450984954833984
634.9695610031807 348.7723899999417 648.6243710058031 370.8284801116261 0.08441942930221558
378.17113932793717 366.3532929242997 385.5808908371821 376.47096427484473 0.08440815657377243
280.82729253540305 414.71631734983595 286.91836545133094 423.90428572186545 0.08439852297306061
356.76065501630114 358.20046673460496 366.8555187895441 371.5947226136431 0.08438662439584732
422.3455555581293 414.703584649649 429.64700611810446 424.1613257251127 0.0842960849404335
107.19715538061514 264.99135575709664 127.84417892980828 292.32795821306325 0.0842587873339653
926.2587270415892 240.22844015814303 935.257502181081 253.40329603745994 0.08407562226057053
456.1998522379727 417.0315305242403 462.4044152400358 424.5453844069232 0.08406984061002731
314.67734558924474 414.6787599190398 320.1368316296201 421.7295272729522 0.08400397002696991
718.6822872432812 409.59993917582375 724.7035123061959 417.5252300262673 0.08399729430675507
418.7349407824485 377.72035339960377 458.3927103533953 431.0761265069046 0.08398828655481339
624.8771561178431 384.9865353541918 630.6927170943053 393.549375622208 0.08385849744081497
390.4272564642423 366.5147399187707 398.116684097247 377.93389641539665 0.08372864127159119
687.8194380847935 426.88362016949833 695.2459829648204 436.2205860144022 0.08366329222917557
715.6126072562428 403.24292549803164 736.2555821078178 428.378326144442 0.08365938067436218
331.39709051494305 379.22829534460493 336.42403015938083 385.817639137876 0.0836557149887085
342.11358519388716 382.6715578564934 349.92718337074285 393.36693623941875 0.08358752727508545
598.6455613371302 410.31164870512475 609.7720148015474 426.76132382693567 0.0835305005311966
654.7995046146085 365.2505278176606 662.863172683559 377.0705236495104 0.08352538198232651
283.2610035277248 397.98527605689355 304.6273443713012 426.12401970902266 0.08334843069314957
453.55560770473346 439.2910563802254 464.96264672236947 455.3638886340872 0.08325447887182236
37.102559702875844 310.24229615514423 133.52725056409955 430.88344649686206 0.08323230594396591
534.5716649344721 362.2679247937395 545.3615375594171 377.0407988301247 0.08321913331747055
478.690522646104 408.3590037684437 489.32467488784795 422.6940559510609 0.0831131786108017
914.5964893821427 253.57878773533577 928.380678027143 268.9842243384907 0.08307861536741257
718.4686270125342 396.31138071975687 725.2062993460031 405.3703263946345 0.08297469466924667
984.8082955171114 227.30506781522342 996.6582076179237 240.73831855984463 0.08285976201295853
354.61211492266534 423.8648321118645 365.14429106375036 437.65217373186925 0.08285947144031525
698.7707348557166 426.9443176304077 705.1880886942281 434.91900698394596 0.08281490951776505
679.4217567940775 375.94316455466344 686.8028967511856 387.0166959911326 0.08278300613164902
668.6227404563327 440.22007159710824 678.7749007743654 453.59274651539704 0.08275151252746582
415.0697394980513 412.2315915679116 422.4811362156625 422.54919654970774 0.08269568532705307
550.3009888312963 381.6661157249072 561.1243359985431 396.6427536351034 0.082640640437603
622.9770159296526 344.4079034973863 631.5557879734589 355.08712110454894 0.08245395123958588
536.0661581978782 404.73779609731 549.2029191124001 421.491248336785 0.08227396011352539
438.68118953347573 424.030185214909 444.65458443936546 431.4865790886028 0.08221425861120224
356.6117067455724 371.01014385001133 360.5637061323202 376.6229915011609 0.08218393474817276
1067.0063055684427 347.95085203660085 1078.5250377437055 362.58288864647653 0.08207907527685165
379.883665887324 421.4310957135056 385.7905455009339 429.2734831802331 0.08206851035356522
572.5429726371707 370.72265041294753 585.7624196989755 388.104988744191 0.08204517513513565
646.2463073852531 366.3080413359924 654.3950713829379 379.22066285552995 0.08203356713056564
263.73773649718913 413.72156318670295 268.9013302741514 420.8052676481907 0.08203054219484329
686.5337842173724 441.289286112805 705.2140244961852 462.70262004384625 0.08197569847106934
550.8526860953093 405.43491804352306 563.0935844243843 421.4236655830149 0.08184814453125
436.7288219280213 414.1258957212758 444.3948646236262 424.66743990640043 0.08184665441513062
406.57424595026674 368.27100549951047 416.16399792112503 380.8798879177838 0.08183621615171432
348.56679070945455 387.15185843667183 356.08828762670134 396.90358637894064 0.08180981874465942
708.4869210814331 405.9180672073193 715.356216195067 415.03277654523856 0.08180142939090729
946.920157536344 234.6050964338557 964.7012412685991 259.5923181797943 0.08171053975820541
629.9354403992762 406.759580047853 637.6151055035725 419.2470194541508 0.08165556192398071
1068.7190143397497 391.9713240862978 1075.7214304904824 401.63695747619795 0.08158735930919647
553.342683254656 357.32655927341796 574.1030645286895 384.36486522985484 0.08144067227840424
359.32047886878263 389.0589711755945 366.18477013668445 397.7500354882276 0.08135461062192917
391.0787999348252 406.9550218795451 440.08001515645253 469.64760772088954 0.08134116977453232
603.3905890961978 432.4114637006338 611.7424321917636 443.9782380825487 0.08133529126644135
272.5370436594694 396.2797823793748 278.5680805844103 404.76461374574376 0.08130022138357162
671.4348538638241 370.253397104785 676.871891744441 378.2997097952579 0.08127124607563019
669.433402423121 359.65950900848657 677.9439145301449 371.58897373762613 0.08125833421945572
601.4482238914569 355.1489180050252 627.5410854657824 392.25688617514396 0.08125676214694977
621.4067593313691 377.5278070613246 626.7258468550207 385.7234357888368 0.0811530202627182
357.2630923386895 381.7390550242902 362.99062402287234 389.5416952087253 0.08114252984523773
725.4565709970706 356.4666105309668 756.3080125464946 396.3833847980929 0.08112333714962006
519.2910829768125 366.9729657675425 531.064812718204 382.7816332453554 0.08105660229921341
480.04071130162407 348.8820258009426 513.9672595501548 392.7267253038618 0.08096558600664139
90.47660112092156 328.7722318640462 149.48393592788227 406.7547644263176 0.08089378476142883
480.5207515036722 355.4144816045507 489.88862787720876 367.94171518897775 0.08084060251712799
1068.9281776630794 371.783827628099 1080.5018025152897 390.06345049981 0.08077284693717957
444.2667605431015 365.68627015776264 455.1214883895983 379.5126214615973 0.08069071173667908
392.36842665222656 435.6287215711416 400.59573148438415 447.0925484507476 0.08068054169416428
88.50705794150927 419.38096681783065 116.10750114578563 447.1633345115806 0.08058474957942963
365.4101615197789 373.99606305185284 373.1486134697714 383.76791918560735 0.08056372404098511
449.78145140421015 372.3965655156902 460.7870868216323 386.40711637775075 0.0805518850684166
384.3736908536558 365.90703505803435 391.6284970787559 376.1607971996215 0.08050791919231415
604.5290089575923 391.14593696903637 610.3685002193827 400.48616245619417 0.0804978609085083
529.6539250439561 358.47877263413113 555.4580846303523 392.6521171797039 0.08048953860998154
307.86938715096204 324.76091530171595 338.20832656777657 361.59627694750196 0.08047309517860413
471.7436760174929 438.2582025465624 478.56893219714175 447.54735982382033 0.08041166514158249
346.2112312104867 380.94221646189766 350.32255520795917 386.99869150697236 0.08032318949699402
563.3635358261146 405.9439407145202 575.6122668250821 421.9113954511566 0.08026814460754395
532.1138622616322 438.30126949684313 539.2669747573776 448.3267622023814 0.08018545806407928
635.4734279989993 417.73825578162365 647.1187511324769 435.6826600374725 0.07994848489761353
695.8086984321319 380.7157964270083 703.7575948243428 392.2167732843052 0.07994505017995834
335.2265225289861 421.45443664965984 345.43677901580537 435.2371893479751 0.07988082617521286
268.09062858907436 394.48493146308084 273.0840107290636 401.882134075701 0.07982736080884933
696.8885725803009 374.6289720943701 704.1226688563772 384.4260061062542 0.07977142184972763
572.4776788334427 345.0144199032083 611.8102547810973 395.6310238597166 0.07976297289133072
372.09220234041095 358.4871473370998 378.9319199676654 367.74505727326436 0.07958372682332993
383.4291458036472 376.2430677049266 390.85253864701303 385.8148120837836 0.07951454818248749
629.0279998336043 359.47541783892535 638.185955465062 372.8552646424932 0.07944577932357788
534.7735663883833 412.2680040491268 564.8614704831724 454.5180112497327 0.0793132409453392
709.5732290154286 371.59609062769454 715.9840894413893 381.1213841857623 0.07919317483901978
663.8877569397032 345.082515718935 926.1348601737128 619.817497476354 0.07918278127908707
592.8481801584356 352.9009292127825 599.9796524104008 363.0722873614957 0.07915858179330826
394.4403022924352 409.57301677603357 401.6908826525606 419.34744286741216 0.07878824323415756
672.0952616982153 378.8421508269688 677.9857591138691 387.64098776361834 0.07864410430192947
702.3465652855322 381.3870103753215 710.2785517715375 391.5987547526368 0.07856924831867218
713.1429163546042 392.87598395448794 720.7074624620881 404.1115871245068 0.07856757193803787
648.4618175508114 353.7868207614781 655.4358526656434 363.6225410581842 0.07853294163942337
601.5981111207227 361.82837133891235 610.3697068211637 374.01643305184007 0.07845918089151382
260.83229597876385 398.83908278059994 266.60367809865437 406.75220146329207 0.07833896577358246
347.98961377843096 354.06844640257975 358.11584194171627 367.9118830268729 0.07817641645669937
691.24262867111 430.0098098220253 699.695690616209 441.75803038401864 0.07814862579107285
278.3348193700655 420.9546738485012 284.4351082780543 429.20746357052974 0.07812303304672241
320.1356110542935 386.4048072216875 327.0208877309874 394.5018962513911 0.0781090259552002
406.05759114483834 379.4750899597413 413.28901702774675 388.72341663830036 0.07808466255664825
661.7242569290669 362.9572560872283 670.384899933955 375.82248732007895 0.077864870429039
1015.5541355299359 220.23437922841111 1024.757385894711 232.43537485520625 0.07783187180757523
903.1916597374702 503.1808894305076 1190.4610422918606 835.2635163975172 0.077815942466259
491.8354879698992 418.6853812046836 503.91162661319123 436.0109740956131 0.07764288783073425
683.1788332485695 363.97165435872125 693.6225125554914 378.8829639951197 0.0775737538933754
347.42026466348324 376.7893125491055 352.3391675599889 383.58041175982413 0.07756694406270981
721.9595641211666 408.7105905237195 728.0496449281898 417.2971780864872 0.07708514481782913
598.7610890760787 433.2547757044032 606.1940811813404 444.0124350811998 0.0770232155919075
1037.8852153642256 214.19743347983155 1046.0026355435211 226.19392493263055 0.07699746638536453
259.3876695031717 415.0079743460241 264.245739098561 421.9000300478146 0.07692920416593552
478.04537750516846 433.05259743859057 489.6038883134578 448.33580190736717 0.07690313458442688
362.1885037767142 429.4560558507079 371.6664298216142 443.34708379444504 0.07683034986257553
597.1663728729641 423.8857585917491 605.7938492174031 436.5069638896783 0.07679687440395355
255.631794265153 368.15599957529196 280.578395106189 398.3213530841868 0.07675488293170929
334.81851121568826 323.36876294316863 361.3033534109784 357.9471020042281 0.07670585066080093
424.1085650019648 340.7184405465619 467.9245281021411 391.408566985292 0.07667026668787003
347.63448922916245 419.9920026762273 358.47820323114706 433.86703034562476 0.07664602994918823
292.07879462724924 348.8343601732363 321.8787816944391 385.2925417305332 0.07660691440105438
156.91284075228907 329.18732998175255 205.7417758832288 398.2016103918917 0.07655607908964157
1022.1017216643796 396.04008958376494 1043.151981029899 423.4497388925971 0.07652375847101212
346.0018153078048 379.67875694103066 388.66009160437414 428.64260913836546 0.07639143615961075
926.1707149221527 220.03123847752354 934.8443352569753 232.32045005152762 0.0762002170085907
485.6235611242861 351.91581248142614 500.6426006851145 370.974270054298 0.07616877555847168
506.4614679165937 406.6542189907279 529.8063781271813 437.9801196931936 0.07583504915237427
609.1350577095108 350.3289998844462 619.4110741308314 364.6154164092757 0.07550999522209167
618.9779104782598 410.0093146002438 656.7780259480267 462.16407388432475 0.07550519704818726
426.8176134902953 372.13102644421895 433.4292961318989 381.0500582530133 0.07550109177827835
706.4412715865429 427.81397481168517 712.3813684296284 434.85157401332606 0.07523317635059357
380.91381211389364 382.99877445301513 407.18034445800436 417.2332317862352 0.07512489706277847
710.9630068003344 416.89140715951214 717.8033930453454 425.91388900587964 0.07512001693248749
-47.910936458624 252.15197000441188 169.51766198706187 533.5045493370314 0.07485566288232803
567.9941356722688 403.02564034906095 605.4465992300328 455.3459410898138 0.07477515190839767
642.6223210423916 2.7252820870344974 724.6614563850231 97.53753751553498 0.0746714174747467
625.0224348477852 426.10713709828343 634.1333886389262 439.51667389230244 0.07462327927350998
485.8063015591084 355.7218330534072 554.2483455298722 436.9382902045062 0.0746166780591011
605.2879315053558 438.6193580846679 614.2506712192915 450.54814513153127 0.07453008741140366
407.8928234833795 345.39424674660097 432.76744832874186 379.0273243936502 0.07443170994520187
159.67430823567776 388.04096411978213 190.60395037819896 441.4294886793964 0.07441634684801102
539.1249765494834 378.16382514011957 550.6981640776042 393.12277151157565 0.07440418004989624
718.8452337759886 418.6775495670475 725.4866641916814 427.03485565792494 0.0743781253695488
328.7193214425315 426.56826941651224 335.21012929541916 436.10146037534514 0.07435432821512222
532.9290400200143 50.22508679341785 775.8473142347252 307.21486815183823 0.07429677248001099
675.0704810341848 364.59390729202124 683.3507859094209 376.9423697291191 0.0742650032043457
551.5755755227593 370.71949866435875 607.7826999782687 447.46652196560245 0.07422426342964172
522.2576031718571 452.67771016860445 902.1572151429467 858.7873466973876 0.07410349696874619
404.7057232278906 317.3745363213148 444.3738329889561 361.1350629201142 0.07403253018856049
-102.30838639050697 483.57725219550605 250.7462565594023 891.4885415874209 0.07400163263082504
911.8814411877278 243.48632932343608 926.2856032681169 257.62690820785286 0.07391169667243958
1053.828519414596 369.1837595748267 1066.500668039952 386.59854685389746 0.07383754104375839
409.7154203816481 429.4576843577756 419.34784705182943 442.7979626785091 0.0738290473818779
593.472038030691 352.88470063255426 648.5761144007033 421.423594864967 0.07380154728889465
381.5035431178137 236.9540159748542 470.1567977137985 327.97249489834445 0.0737714022397995
476.0526108834812 391.84603056306867 509.9398317082068 437.4632622133027 0.07361924648284912
-68.1281420379068 538.9649134493683 146.69873707343828 776.0984778962955 0.07360287755727768
508.32967176327105 351.99954863710656 527.3712609990314 377.3696857301619 0.07352451980113983
726.2570866644235 424.28113423572336 733.3638975213557 432.92303819222593 0.07312307506799698
718.9763026615102 380.8106653500305 726.077463758829 390.26473618998347 0.07308705151081085
629.2415424934034 327.11342148336087 667.2178356762797 378.7618359303659 0.07293295860290527
700.3122907337005 372.0692031892358 709.4236666848951 383.8722412426876 0.07284876704216003
739.3131549557914 362.808191318993 772.0786087301274 405.5939056697596 0.07282531261444092
444.2136111859365 324.49873849287144 484.8239875640434 370.5058961315767 0.07269160449504852
377.4235593369829 434.19120817173734 390.07451636872594 452.61913339051097 0.07260099798440933
534.4693889427566 478.15346397654963 542.3098096261837 489.262179322511 0.07256270200014114
632.806906226322 341.784411062485 641.1013805573618 352.9530767985282 0.0723697617650032
485.830672162029 439.5816431553852 493.61248737167824 450.0715882108397 0.07231229543685913
640.7343969962708 345.641609991359 648.5254576625306 356.51957986510814 0.07226318120956421
652.9025146559295 354.78627328690453 661.1966196224388 366.1781403324918 0.07181979715824127
666.8549024095203 418.7820234840279 711.3738648462318 473.72967747028247 0.07175367325544357
1065.9139849611108 396.998456750272 1086.8831901258463 427.5491061076893 0.07167346775531769
326.98138163086315 326.23459404459794 370.85876569031143 378.17269473571747 0.0714135691523552
526.4624249778598 356.03398904111793 535.0295363702597 367.3883782237958 0.07127416878938675
357.105284742145 373.05112726269505 364.79997775706386 382.90324619886786 0.07122161239385605
528.1193095592698 373.71651628063233 538.9475653367862 388.5584446431648 0.07119033485651016
400.8651995786055 558.956739226304 601.6831055311358 765.0965810861863 0.0707392767071724
710.221807338899 427.48519151629495 716.4724138507455 435.4836957587034 0.07064351439476013
572.989209177451 428.9333417590204 593.5361978483613 454.3044113007287 0.07053086906671524
579.3571506167343 358.14557199006293 589.5367953725822 371.0084936381303 0.07033496350049973
596.1066479106206 316.8746473742131 637.4980934291659 373.92537315364376 0.07001470029354095
454.6147260329203 351.29376345904603 466.37068773057285 365.58553967488973 0.06978966295719147
-25.163304942114816 -27.380429693111324 63.42330215236924 98.58664810491271 0.06977901607751846
678.4673826912858 353.3602147928492 687.074957140503 364.88144183423185 0.06972624361515045
615.5720412288841 337.34791527145904 625.4699581288296 349.46880508749814 0.0695483610033989
485.22374716964157 425.21325441257835 493.11237489911906 435.54554414573334 0.06952174007892609
439.2881463485676 392.42796386086144 494.92011744854585 465.66359511455187 0.06945182383060455
503.1158949001321 340.86125753315247 512.9767132266898 354.0502385004565 0.069393590092659
558.3488128011514 415.58012396537487 574.6914468241033 438.4935581006495 0.06909096240997314
1058.7299222547688 387.85993754085376 1069.4808130393233 401.85236769744705 0.0689278393983841
1054.444641451065 323.126377138776 1091.0064820273053 373.5944603691454 0.06879674643278122
651.759664634187 436.68190857137733 664.1334414472832 453.1336068305465 0.0687604770064354
430.93934074705686 445.4115537271303 446.997673458731 467.30134108737894 0.06870312243700027
685.5396827233442 358.4354827362341 695.3561840685662 371.3714573756351 0.06865118443965912
123.39674127653281 228.9044802151505 159.53384201602012 273.57491071998436 0.06863251328468323
364.7781291103834 364.21263793405103 371.7934059605352 373.6836344480867 0.06838303804397583
621.8809703756082 440.60231881484907 631.027231531057 453.03636235055336 0.06824293732643127
717.8937634798897 401.58903395173616 725.9424135500745 412.84536849610487 0.0681760162115097
522.528187264546 435.65565534830046 532.6954903195494 449.2634090514425 0.06809067726135254
672.8927176991014 351.6971844599006 679.6609419968048 360.08984034049075 0.06799208372831345
546.6966291387647 364.18387484353883 556.1088798801843 377.77241140574944 0.06774845719337463
386.62429649279477 286.57520345087335 428.04352175691724 335.3093172655713 0.06747736781835556
420.71917271038814 368.07210246837667 428.8785810252968 378.9997495444058 0.06735806167125702
395.83258402375935 433.23995870341474 402.8884542442435 443.026456378016 0.06724735349416733
413.29371217227254 437.7101000470768 425.8895271241013 455.67232388237267 0.06715217232704163
146.58722735007962 301.0109294765976 173.61935367336054 336.3222854317861 0.06707869470119476
314.59990532286315 425.41405417511584 322.4981604164883 437.1533975811437 0.06680376827716827
430.71234117802527 438.4966331920171 439.68436216972344 450.7697763066653 0.0667983815073967
715.2102047462312 389.86863311311754 754.7375219251277 439.0909709982529 0.06675434112548828
237.11760847632692 313.4888151504695 282.8572514487344 367.84396232355414 0.06668692827224731
1048.5327774904392 382.06199655177033 1062.3814421152103 401.31362452084124 0.06660789996385574
662.8764111434725 450.02572361812696 671.7708295929613 462.30173901446904 0.06655345857143402
537.3450502394834 339.1830790143632 556.1492799994764 366.46229746745564 0.06653211265802383
88.81616095654465 235.36815592391255 116.36169185674548 269.6152553758083 0.06643783301115036
538.2769757346188 454.3755717811855 545.1442609263848 464.16365823433017 0.0663665384054184
477.0744327451338 343.64021895244355 488.5093337470654 357.527977504436 0.06629649549722672
91.86457322510905 270.1660308128216 110.84140973555331 293.91225437767235 0.06623779982328415
717.1251835977329 424.5024864944152 723.6181980953378 433.06859457460104 0.06612063944339752
485.72157171088253 298.8691254375039 532.185597791608 349.4813985399612 0.06602051109075546
131.33030994145477 282.83162552474295 156.21667074363617 312.6488919633775 0.0659862607717514
562.8121207392305 438.71399585178233 572.9524268253041 451.7622780750912 0.0659608393907547
598.7353830946396 348.06317445923304 607.8663963125102 361.0624717836801 0.06593658030033112
553.4791074190034 306.11698700699657 596.461866535486 359.69183414306025 0.0658659115433693
299.1686792516652 421.6594677029284 339.7080770869242 471.6631122858747 0.06581230461597443
598.0187577624839 448.1431461292502 607.3355442860224 462.6665643759242 0.06574299186468124
902.5437325216662 102.26270327816891 1119.549471351319 372.33133920594906 0.06570139527320862
498.8592477813289 290.0556744616459 562.5575999054078 357.81806741524974 0.06566942483186722
746.5636630684721 383.126948942787 795.3995184511488 442.04437605490205 0.06562956422567368
729.2477921312543 431.09611942883737 770.5357042481381 477.0904139713122 0.06559223681688309
449.77191641970467 445.8507435795589 468.5681673049462 471.2035622842765 0.06542757153511047
657.8790304889545 337.0733100498122 671.1029345257305 352.98558228673363 0.06540226936340332
145.84960605400065 538.162788123121 398.65637470894575 791.7133618774001 0.06526077538728714
552.9759248857013 466.50281331586496 562.0843098566669 478.4897866838023 0.0649276077747345
653.4750302943012 451.53559054161155 663.5355389444347 464.43057834185174 0.06473066657781601
1018.6852997300576 384.23088521497687 1031.0891926017082 400.84904707121757 0.0646418035030365
662.8980668758832 353.039411663216 671.6070998213944 364.16884076514145 0.06452612578868866
732.4805898451622 412.64864039726035 739.8680756805805 421.6477118317732 0.06442014127969742
650.8131663421066 342.67371673130503 660.9745197435701 354.86806589216656 0.06435542553663254
462.2599869743598 447.71576194557 481.46761529868064 471.9183286215584 0.06433398276567459
501.2337436889187 353.3862759623251 511.1173532933653 367.6012397226135 0.06395003199577332
1015.8790788375065 340.3219661470178 1044.693080349286 380.412263824475 0.06392917037010193
255.49574775071733 331.35808210783296 305.11410670193965 386.2324871647957 0.06386347115039825
614.9475254812576 431.7259452394503 624.4693036285303 444.7354840917998 0.06378223747015
555.9067846377283 476.1435788720703 564.4289774012894 487.3449679858244 0.06373241543769836
686.7323543312649 439.24161178899715 695.9296551892306 452.14986468988786 0.06359068304300308
106.33231728131446 212.65652988088112 133.75322891956463 246.7624388775925 0.06338437646627426
719.767726023291 436.5614027888721 727.8846535386804 447.32718956081004 0.06319031119346619
1063.8520085937103 357.54118441289137 1073.6147994394196 370.25551682369905 0.0631604939699173
544.1451775646576 446.3264868402878 553.9409095017721 458.99330731272676 0.06301883608102798
549.8985971430908 437.76589309672653 571.3830647913418 467.02915800504684 0.06299537420272827
1067.4843676315718 339.9088274487933 1079.3154034843037 354.85301999207377 0.0629461333155632
604.0279833242978 417.08345609135944 658.0744844460836 486.3981951680607 0.06294512003660202
1040.8744384470517 355.50703254423803 1061.7263634281157 380.69414997282456 0.06247586011886597
432.7851877091797 355.6515332019738 445.8360055864584 371.22694139695125 0.06246589124202728
363.0102764717253 344.51312671210957 385.10619506991515 372.2415241649571 0.062414076179265976
691.2733461388152 351.85568837351565 700.4020195302564 362.7025141436091 0.06236833706498146
676.6420939478177 449.3361261624808 686.8352243112038 463.6119070332063 0.062139082700014114
699.2251602810439 347.4125020512568 709.1628565883833 357.7089544991204 0.06212006136775017
422.7722320348762 441.2368400529939 431.62124502541286 453.39536333361497 0.061920758336782455
429.2310253431878 292.17929868250064 497.5818359884698 357.8194322081881 0.06174859032034874
530.3468012771807 448.9728774593302 540.5373776690395 463.26253485982255 0.06132601574063301
498.2538333705377 460.43254265155196 507.0320138455354 473.5662707485389 0.06125162914395332
503.19809130646377 435.00374154409974 515.2308129973127 449.7351707122797 0.061149030923843384
294.2183834409224 371.90276494519003 304.064028997729 384.2650108189671 0.061052847653627396
75.64248681849958 288.1724514196987 99.38094583633082 315.97059748269345 0.06104118749499321
519.1962483309181 -12.408956763610949 614.6190052835094 90.61104800874149 0.06102270632982254
702.9040835945809 433.03896726314287 712.2763672218708 445.46395353815626 0.06090283766388893
-0.8773600178428199 461.12709627635707 6.746687004530421 471.84620014916004 0.060797762125730515
638.6634283818382 430.7574169094047 654.5590269447783 452.49099753035745 0.060744356364011765
116.17057976716754 458.36348689281107 124.07712493307157 468.31029945239266 0.06066412851214409
102.00415327191637 288.0993145179822 126.82848733961916 318.99808335569855 0.06055425852537155
623.3412152201064 290.21170218523775 666.7925472062026 339.2892779917045 0.06014926731586456
196.92215230623108 347.12430662351926 250.85849054611768 417.8303133054733 0.05999424308538437
556.5509873107367 345.1778272737165 567.2710521982204 358.9306517945029 0.059594832360744476
513.522644022974 439.57229855539515 524.0068378876833 453.27418796470755 0.05959039926528931
521.9519555718833 447.3028433114248 531.959440825217 460.75701727657895 0.05955062434077263
477.25103020170815 447.4335530005402 499.25819235417043 475.3771224407108 0.05952011048793793
164.39807735371556 227.20150232230324 195.39346401925954 270.2394178199251 0.059511542320251465
457.94195036988214 341.97473135771287 468.9365386312371 355.19701186632926 0.05925914645195007
197.46621249629393 216.71065961606274 239.84822817398478 277.7313342630647 0.059254322201013565
331.9537631308476 261.4350377611062 394.10537055541755 337.50760263608174 0.05909773334860802
1028.2139974802062 410.2841108859768 1055.6446698749642 447.10690050453775 0.0590718574821949
615.0964400099081 563.5655601770001 726.1405967640974 676.4481985136296 0.058994539082050323
972.6103212631468 -47.84007048153278 1111.2897981046558 114.2674998961427 0.058926235884428024
743.4639975396341 405.1858215879216 750.9775888076192 414.9222563683816 0.0586615726351738
298.8666190078007 203.54376747034013 355.3690752547517 272.92890637950563 0.05866122990846634
164.56198698767915 287.626601256379 191.22760801106202 322.30564972555493 0.058469198644161224
575.4044332783966 262.377427242135 641.4527205327995 330.8630307650838 0.05801933631300926
485.48361015008936 442.5759441517879 523.8103297318117 492.2935779076917 0.05747060850262642
731.6988433379739 429.59637445562447 739.7388560909046 440.55057829014464 0.05746408551931381
302.99506071611705 440.6628584555743 312.2663872853471 454.1384159745177 0.05710792541503906
245.70993493540527 384.14337617448234 297.30444748274067 448.23821981260056 0.057074014097452164
434.14026605630056 471.8409175673178 441.8180197190673 482.06047018632034 0.057054322212934494
612.161982409108 458.45573997603924 626.0405101521952 473.8008725311073 0.05680364370346069
565.9366414720811 507.61353198322615 612.1351739702841 562.809886311542 0.056716397404670715
243.31073647808412 374.32570351991376 250.61156352335294 384.7125429902692 0.05666225031018257
291.44252734933514 446.98853250588326 299.4293824979787 458.90837343075196 0.05645772069692612
504.77411831394073 448.26087522376304 526.2672334219237 476.0731790610444 0.05623211711645126
526.397878654385 470.7005428664247 536.3800028166773 484.1610486412724 0.05607146397233009
292.97109542839166 430.8930218799949 301.1397408743664 443.4810136293618 0.05593869090080261
127.32575963662256 307.56035399436036 151.1900780793824 339.3439229315928 0.05587978661060333
-28.223183322583065 93.75571342189942 75.21068093235247 258.25593153586243 0.05551357567310333
414.43865934879415 471.4794841552505 422.37624274882415 481.72691732746927 0.055470358580350876
63.92569132858302 264.70857352528776 94.22649818141795 299.416749174438 0.05546894297003746
62.49909639746106 210.07889044616832 97.65648887077016 254.22521114101116 0.05521923303604126
398.15370438569926 358.83673433185015 408.9432722222434 375.0475775300892 0.055188607424497604
501.16797913001943 483.67784730749753 547.0999375630387 539.9930579097157 0.05508488044142723
123.11883428568903 187.70056112720488 149.97779652980853 225.43931263806618 0.05469359830021858
310.78518180661825 436.95575825474907 319.1974810856226 450.43076429622766 0.05430305004119873
370.86077488844796 437.95229707522645 378.84014460760153 450.80130925553595 0.054038144648075104
740.7466307415266 415.50439688304294 749.8682744973 427.07190774398 0.054028015583753586
63.28663479692962 -35.741008094423655 191.40541514621506 108.27517360744213 0.05377235636115074
230.06404723313327 16.822876304101836 342.5152214241018 145.57117870199747 0.05375270918011665
333.8897615315149 441.56908663773504 341.7889103889317 454.72798603546346 0.05358625203371048
675.3183174722803 342.04553915783714 684.9670883131066 353.0719488992763 0.053379449993371964
980.983723343131 386.131192516867 1087.926688193033 544.8124822923646 0.05322923883795738
238.98493308002855 350.14491861131876 247.7653543925836 362.5986109912245 0.05311879143118858
417.32454105858784 456.30037388645604 426.8774029493569 469.37252950350234 0.05295334756374359
-5.142656519928022 -8.10162127928209 27.432567272169383 31.501473207796316 0.052734196186065674
364.0788868498606 442.1823327084868 371.13067470878866 453.19544369911125 0.05263885483145714
563.3939703012818 458.00700866364326 610.582789978077 518.4206804657788 0.052635811269283295
