315.18158307953803 396.3462946999016 334.74708412159606 419.7973008065032 0.9994094371795654
926.6147311020667 386.71714302616965 950.4650978801102 413.12158146885974 0.9969815611839294
488.5260537431527 397.1230274409795 495.21239694812186 405.60097501125176 0.9935239553451538
601.9667111707968 400.7073551201236 614.2280503794625 418.5703636047615 0.990707516670227
465.3254002736785 399.29718927882186 471.4590411432455 407.40858081824905 0.9833170771598816
404.91813739572456 402.2092225454044 411.3250251952526 410.11016772224076 0.934956967830658
521.437954966093 400.5467077901128 527.1236041281808 407.80897103070885 0.8418464660644531
427.34946457686965 407.59973681191576 432.2197951516548 413.81630186074705 0.79599928855896
365.8766142446614 404.04213846957117 371.6858295400867 411.72212965174907 0.721150815486908
589.4069640938266 385.0467356900923 599.2621516296437 398.9479189436301 0.7099804282188416
579.392999963238 399.37974124365894 584.8311842955894 406.7777623129753 0.39061439037323
453.39561818533326 393.00373009874335 460.15068452772846 401.7265644606938 0.37691831588745117
378.43396769919906 404.6742683569419 384.17439011279765 412.4343036772412 0.3747592568397522
495.89328365430885 401.5266253472186 501.2150376857442 408.4722999228568 0.34952425956726074
156.89397622345228 370.8913762125117 170.51629736242097 386.4177314702166 0.34512844681739807
545.2629261989621 408.0954141544393 558.141704700373 424.62121331742225 0.32933998107910156
702.3031945299452 399.5178012478319 708.6944505029255 409.40509674749626 0.29352954030036926
366.1451404522144 414.43582982266935 376.01550406617014 429.5190173362813 0.22928881645202637
1053.854621863807 397.8032181019416 1074.7527359745288 437.81602802839114 0.20499616861343384
185.9690217465472 428.1750607503848 194.8401502397875 437.79311641620114 0.1876371204853058
436.2274567377316 405.6073509854686 441.93111995226013 412.947806130518 0.18489618599414825
725.2372493639417 404.3097616828803 733.4985799082222 416.625930127072 0.1844393014907837
379.0498854151615 394.5397696911619 384.7229023262401 402.4773580439311 0.18416951596736908
416.13595159989194 407.49768594333307 421.44675753209754 414.34722041120943 0.1806349754333496
372.0589432150991 402.37490006033227 377.1593800729688 409.3589108945896 0.17476682364940643
532.5597497234462 393.1052498454443 538.0873132750465 400.7822460077318 0.16964758932590485
458.0807794389544 385.216651118557 462.95976557796376 391.745092807509 0.16908438503742218
385.0566808350921 403.8603727414233 389.57067914139833 410.15913453295184 0.1609242558479309
178.36970999178874 439.4787694453317 188.09790312300282 450.2327764590169 0.14973565936088562
745.2265437754056 390.1667328217042 754.4111699337567 402.3130404131347 0.1490117460489273
170.45185356704735 418.51751758528184 177.32994405071668 426.57197755584707 0.14882713556289673
878.0804131501231 397.79358036768195 889.8973643393144 411.562334803536 0.14062774181365967
795.9777071759258 395.82776469923095 800.972049393488 403.02359024272755 0.13801375031471252
343.61923577540534 394.498736035313 350.7007185351187 404.5033077391593 0.13554143905639648
366.5115950335954 409.401446327243 373.5483112639773 419.0276777137284 0.13492508232593536
348.88766504175044 385.74382621804745 355.93368096696787 395.31750354590395 0.13039995729923248
409.60715511075875 399.42457528958977 414.6352913327778 406.02275068414065 0.12829609215259552
379.77992399758153 390.6899810343521 384.0924442548233 396.52939837981023 0.12721490859985352
81.54916103978857 68.75816685600992 91.27360322181823 81.93687943290327 0.12435995042324066
720.4594569198252 395.58654926741997 728.0514275173728 405.8954462648895 0.1240542083978653
206.82596361605707 430.00340649205 213.53799228595383 438.13701734596515 0.1215679869055748
426.3644756498572 400.35987583656436 431.0636444043784 406.76805850704847 0.12086890637874603
637.6357969141982 391.5924962328569 648.0411878149109 404.39010008823374 0.12064801901578903
343.3173457308724 400.34719649332413 353.7498097162429 414.9822470643161 0.11973123252391815
194.8390872318717 430.7878949267935 201.180666160046 438.38027131116223 0.11903690546751022
731.637801058659 390.7761322519588 738.9367297942389 401.7394706913127 0.11880148947238922
160.1741741053379 457.9685805092428 171.77244683178625 470.8230906811982 0.11876776814460754
176.14671503897574 413.16542797861746 182.38048116411858 421.0347214792768 0.11834900081157684
421.281919728315 407.18985674660416 426.6296798790665 414.38949961577936 0.11738214641809464
740.8658904219316 391.1616996919009 747.6417517727964 402.09937643206763 0.11670918017625809
870.0903596270527 404.69903523914144 884.4368449634668 420.06679823732406 0.1166580468416214
536.014645602248 409.904954418944 545.523400990686 423.9985017233676 0.11647394299507141
794.3929114750399 184.3407830559284 848.6054549532391 261.4411935217993 0.1155819296836853
542.8812386744786 405.2975234605079 549.0776215694482 414.2205259323413 0.11539318412542343
143.2854183416419 422.3337212381985 148.1572468469018 428.96414822001395 0.11471451073884964
865.0342500790792 400.21139751845396 875.6335931143299 412.16018102287643 0.11427512764930725
142.68270740855428 412.24136516692045 148.12958393058292 419.7175669373191 0.11378955841064453
528.3792306447258 407.88374573187014 536.5981125795992 419.9009332197291 0.11368827521800995
424.49057698990043 400.1434686415998 428.1039043892 405.17799106675227 0.11318004131317139
529.9961091504063 404.4333862486933 535.5530571905575 411.94707206918423 0.11308792233467102
381.3223062192911 412.17325033140577 387.25539791710327 420.6933936150283 0.11281168460845947
147.21184407213806 417.1183228991463 154.19512043347694 425.8936991199971 0.11270570755004883
435.364717799631 385.6817771143742 443.1171045982257 395.2483461536585 0.11261531710624695
533.8085576537511 402.105767157714 540.2351154310134 411.0992010701264 0.11256572604179382
370.80040641442497 394.67201935544523 377.4703353597691 403.8082011549849 0.11247184872627258
566.0479004053723 406.46330176128015 573.7410702299784 418.06556298887074 0.11240541189908981
865.025161948413 410.70725301556485 877.9678673541214 424.22395438196924 0.11209898442029953
353.4403422157352 259.58056366694944 358.6744679895068 266.3461792344935 0.11141152679920197
476.8894872168583 452.2167950996453 483.56881570094964 461.5284109281602 0.11134753376245499
171.83918229586436 440.3878825805075 178.90724273992805 448.6756486474542 0.1107601672410965
1064.927289130184 413.979403270349 1083.0819949065747 450.4198742595118 0.11069244891405106
454.1930957621158 402.63120761564613 461.6338076627357 411.7383610093728 0.11057324707508087
432.2397357225161 447.1195106227805 438.6363140805282 455.37916222987286 0.11026673763990402
367.88426812015103 398.7173566559197 373.0866825670507 405.2461178906904 0.10989602655172348
538.7677550231119 404.294018773666 544.7241459507649 412.37890404492197 0.10971435159444809
437.50053477008566 400.12312151409475 442.09649576766805 406.1233740222743 0.10969564318656921
176.69702466181872 424.25795585906366 185.9052308438286 434.8134516126543 0.10963249206542969
190.35050204674826 418.9134134506885 198.29388550633993 428.4286916845897 0.10956671833992004
1063.8841006641485 378.5487955378834 1081.5599074841225 410.137649046387 0.10940343141555786
538.8659586473063 395.395895860893 545.6525949467563 404.30458324272087 0.109346404671669
545.1032344972123 394.22257063806654 552.0914979329989 403.0908105427504 0.10911578685045242
422.48118314946663 403.8721860061024 427.0215454563674 410.21466894118464 0.10884910076856613
111.06379783896931 82.76806385864722 114.60323173757483 87.74187014134276 0.10862670838832855
537.0404746786248 422.0693753906347 547.4404040023993 436.1231569858466 0.1082616001367569
361.65119122141647 395.98919049434426 367.4938971425471 404.4858155646917 0.10820786654949188
388.12693550463086 402.38844170047014 392.87937038476156 409.3341418489337 0.10803242027759552
110.18724055062305 153.72163386592155 175.8526174108594 229.29901047910624 0.10737178474664688
86.8212981110524 65.36480980214355 91.27623684854676 71.02566090442674 0.1072157695889473
497.13487555301737 386.22445788444867 505.2084991699439 398.06105860028975 0.10718245059251785
458.73425198989906 395.76002497810686 465.4823265504415 404.92384655105764 0.1068648025393486
166.78812411567714 417.53570877472094 171.8808542733519 423.9503341596049 0.10676535964012146
183.70001569311148 408.51614583429625 192.52479187423071 419.62711936779885 0.10665684938430786
409.7829678768864 406.31561737790963 416.10382078675497 414.40666253983255 0.10652551054954529
187.12051323125797 446.6001507902966 197.82602315630712 457.6629199291976 0.10642387717962265
162.5411875188825 424.93361330025425 169.64234440056734 433.273771444776 0.10614777356386185
431.72013852797585 407.02801220731754 436.6002450117838 413.4210654597025 0.10584649443626404
562.1660910534786 439.61833908761827 575.4561010034396 458.1455623477213 0.10575201362371445
392.3537025342665 401.4112963929527 397.02278330795644 408.38414956151064 0.10572177916765213
409.1871565574163 389.47553555363345 416.2865890591536 399.00687219577003 0.10557112097740173
384.12674139023346 392.7064687901722 389.9741841678259 401.0761318046302 0.10556095093488693
72.06176861025833 193.40536317757397 81.28006084587405 205.18675706299075 0.1055251806974411
199.63227995149984 439.61411046163187 210.33511538144785 451.4908754034919 0.10532990097999573
512.4537098880027 397.6984902891995 519.0409059318301 407.3977744769216 0.10521118342876434
687.9784997702178 406.24884776972584 691.4356593024586 410.9956448597797 0.10520120710134506
696.9745070280544 379.4885776702684 712.527126662354 404.97470009279834 0.10491767525672913
461.08639316433687 405.2606996904233 468.3285110280446 414.6828828823008 0.10465335845947266
468.400448418342 113.36201260828695 472.87677034842073 120.07797900606518 0.10455653816461563
428.4353551219098 412.78733695409505 434.60951293101016 420.6613671880897 0.10451672226190567
430.99516981530513 398.4764632292484 437.6136294952968 406.82798459339944 0.10443411767482758
167.63066372497542 427.8315182778736 179.38997003713735 441.1103162090908 0.10427472740411758
715.7531203096877 398.18998409520617 721.5908607722141 407.8907033793549 0.10423514246940613
384.666477120017 397.41847330597307 392.7663461223951 409.16394167966683 0.1039055809378624
112.13402853943165 54.44528279313168 123.58143892713653 71.10109843713259 0.10378418862819672
199.71650023712147 422.8472793442567 210.0480402123092 434.4029983156432 0.10374414920806885
462.53856389148916 390.84462696207794 468.721300586768 399.19789922706485 0.10357330739498138
164.2067491095904 440.0641460706575 173.30430718514904 450.6045655137454 0.10334574431180954
428.1558598411772 417.419103157269 434.7888104091368 426.09358150395826 0.10329225659370422
448.09703037321333 392.45600163755097 453.9390355392814 400.1586363766934 0.1032646894454956
556.9000798886443 408.1174822813389 566.4744671274461 422.33211311892853 0.1030297800898552
625.141694367555 403.37013456677016 633.0660857350398 413.87205253448894 0.10298468172550201
547.7413029388698 399.29407802272135 556.8421246906006 410.3037950958715 0.10297825187444687
375.33096089549775 398.899816193817 380.198419752532 405.5663873154881 0.10297270864248276
365.14807651658816 398.62640433492544 369.1565674347125 403.79904969686015 0.10296806693077087
713.5595098279275 400.9902375340097 717.9284751494878 409.01167467850627 0.10272762924432755
416.13442661273365 414.06220362553717 422.12304204065504 421.7832493832284 0.10268685221672058
506.3345342907043 398.9693220728287 511.7120384733667 407.0182551161722 0.1026536375284195
395.4983440486235 399.95588906850264 402.1888441638904 409.1874562776928 0.10256148129701614
412.9452747434633 397.69274553020364 420.87296323234244 408.08124804920834 0.10253392159938812
0.13035647412558482 486.68092201414936 13.03526892288431 500.98905878819414 0.1025296002626419
106.33055616818403 77.62970562474499 111.50018355439434 84.60113962836036 0.10244803875684738
169.6575246051431 413.07577265048343 176.48260267656903 421.2262570560251 0.10228665173053741
374.2186600436 406.0501118089965 380.10107383179445 414.3938413222551 0.10225177556276321
398.8848433324833 390.2823490254665 405.0848511230846 398.9651734813237 0.10216667503118515
386.7110662847305 378.75743475676416 392.9582833754285 387.0499803507501 0.10194534063339233
360.78568923168723 385.9432391688014 366.9396329752342 394.55473737165426 0.10185570269823074
460.590204324568 425.1540626166623 466.83546457028956 434.809678372809 0.10184139758348465
708.6235736336441 400.22432966345616 714.5068553939823 409.10283478736335 0.10178906470537186
73.53299211254529 75.32333307686685 78.0351426566343 81.4978468600921 0.10148466378450394
175.79086422870094 448.66088496203486 186.5533603426112 460.6313224786701 0.10144022107124329
167.9830563934434 446.55636838630085 178.21986354630866 457.79295558314874 0.10128878057003021
410.20401191125814 378.3974179825197 417.78984596279247 388.01505055622556 0.10128869861364365
384.0053867511406 398.8763992358965 388.4178544538013 404.95622113402703 0.10125979036092758
168.5630377178874 361.44396824509334 177.45471668855473 372.5760673109699 0.10119933634996414
154.87481369066737 420.48719164655495 161.52831489142852 428.467073849834 0.1011461392045021
781.8031702040169 382.6195453095629 786.1597080081499 388.75654636521165 0.10092686116695404
686.7325844892638 414.07707160660163 691.6074614734708 420.85067173682495 0.10090838372707367
807.3440262741188 399.23928371463467 811.4191506835415 405.2953016788271 0.10082954168319702
103.8145578534828 132.52913781785696 136.893773125482 170.2496153071151 0.10070817917585373
526.6975509094756 421.56199743470785 537.0365878304825 435.83935417578374 0.10068852454423904
889.3829716598733 393.38880616501757 900.2875749703986 407.3644721690988 0.10061847418546677
460.6618556770547 437.21115048896417 467.3586927976357 447.4028805450246 0.10037585347890854
731.0817934951847 407.69576040501653 742.8134516878767 423.52823014377617 0.10030235350131989
384.1127133481255 432.4854788848767 390.0917860268591 441.09090121620693 0.10027150809764862
386.37270858465297 410.0302029352697 392.65742975855494 419.1492051082177 0.10019523650407791
77.90061627070452 192.04351548746652 81.69178546616189 196.7731980673949 0.1001778244972229
391.19474464018737 391.79612566031545 397.5904229295295 401.12455672916474 0.10013693571090698
352.8713476342285 397.5788911532762 360.2356260894682 408.4003755482853 0.10007403790950775
525.2183533855508 404.8660873796243 531.55903303296 413.55401261166236 0.10005415230989456
510.19431887922553 400.71459015711855 515.4236907749189 408.18996081441435 0.10000122338533401
660.298838817527 413.2191745122383 668.738486095198 424.8069520350327 0.09982910752296448
499.8455149455008 395.62259649305474 506.2333415728526 405.0025856765961 0.09975829720497131
452.29554993708706 385.47789363087264 458.6953538735113 393.7162963528189 0.09974877536296844
711.8179802328896 392.375388242206 718.4807014272693 402.93807519403106 0.09971342235803604
182.88704951068965 418.1501399590547 190.30510966306096 427.41256786806633 0.0996491089463234
47.66443830210778 73.8426399401533 130.32191246042854 177.56965724390275 0.09963708370923996
355.18618854882135 410.8195145556959 366.0847938490581 427.0125011905162 0.09962925314903259
400.0793217670613 373.837712712239 409.0655918551218 386.1140098297444 0.09961744397878647
287.97780292703726 394.5308345610307 296.77177879557405 405.8661828291157 0.09961321949958801
522.7153619472812 413.44523189790203 533.9152653270587 429.47855708130237 0.09960569441318512
508.3768490545107 411.3958711494547 514.2873967754451 420.5065295834667 0.0996043011546135
416.88262780652923 388.45756502327424 424.4788891287685 398.74259071465366 0.09960251301527023
94.07892767119097 84.01161680820691 102.0610115918164 95.34822526372758 0.09956540167331696
504.03052448401377 406.9264187271746 510.3820856945287 416.2098139699877 0.09950654208660126
400.56492272178343 408.29446217378313 408.2583711498336 418.4574910874025 0.09944936633110046
529.3909065936606 389.16556009669966 535.509722301034 398.20460749236673 0.09941568225622177
156.55669698698068 431.61711815298236 167.15375362865686 444.2049532962694 0.09941322356462479
442.0995546992547 390.23565311121536 448.2219614856411 398.7517646571817 0.09936482459306717
550.4182897549417 422.5569597185987 565.5354046616189 441.6498831074927 0.099302738904953
195.38573831284032 416.20948499058716 202.54501561584098 424.6780005260676 0.09894739836454391
792.4897649547152 395.2859689626105 796.6734262470303 401.7413700637165 0.0989408940076828
439.9734800199976 407.76762472285503 447.96630059038336 418.53840710483496 0.0988389104604721
766.7359474577347 377.72460156874456 782.1812943876616 400.63881858614377 0.0988067239522934
365.181890083677 253.71055914958092 375.440522733159 265.951887506453 0.09875305742025375
444.511059542513 403.57213773281643 454.16637550366005 416.10438015443475 0.09865357726812363
186.6791816464172 436.8078270066506 195.4712156170161 445.87494581101413 0.09862864762544632
434.78997428467466 410.5901682779338 440.247654216936 417.54395004899413 0.09860854595899582
343.8877039465966 376.5360557275994 351.5331427028664 387.11556823632804 0.09839045256376266
158.15939644077474 447.06061214357567 168.15589951448385 457.9205139544766 0.09837479889392853
368.8423926975133 386.1729549931604 375.1888687982735 394.9211852945996 0.09836749732494354
113.27710825567036 68.73978369859609 121.98730132122402 80.30324294397737 0.09832293540239334
459.3861152782172 412.3631559607361 467.31889212847045 423.9816419735521 0.09831524640321732
360.48667139344866 404.07890583924234 366.31780345292395 412.5592038521852 0.09823514521121979
561.5638953373383 419.41292624320613 571.2622420500065 434.23549300343484 0.09818632900714874
333.7025758859226 388.80929915061677 343.1331779449266 401.075636782768 0.09814060479402542
132.9636928308955 420.6058774550454 138.15926026740016 426.77014123477653 0.09798356890678406
165.84711137777347 404.980921433321 173.25261321808892 414.22583578420216 0.0978812500834465
409.1613426799553 368.77989548207626 415.27955358906246 376.3789226663003 0.09774596989154816
737.2764537999134 376.8506488349445 749.433353237873 395.15179401910007 0.09772118926048279
500.8732462588358 417.8458676377666 508.54742338167375 429.2353046616624 0.09749012440443039
707.6651093495583 408.28046857011344 715.7460087364204 420.1798609301845 0.09745488315820694
71.06795459979898 78.14785511676654 80.44684071085496 92.67441198776005 0.09744435548782349
662.2821149772506 405.60280355388574 668.3916778820065 413.82436975842074 0.09737914055585861
457.4830174595201 387.4431488645361 464.6731881187879 397.3163520226755 0.0972696989774704
147.2455622987205 431.694893520564 156.8015822362696 443.44641361195573 0.09725264459848404
795.2934513444158 390.5119041346196 799.6887509489479 396.68602409562243 0.09722692519426346
447.5787397772058 398.70781716326275 455.1757553871428 408.0251668137288 0.0971219539642334
779.7586696558599 387.75966713140207 784.1169681492777 393.89260154128254 0.09710454195737839
420.91005188296737 397.58213843402 426.7131888623726 405.61882148159594 0.09691814333200455
393.01695858430986 380.4745025693246 400.01449939601173 390.70346421140374 0.09677733480930328
99.90383747657798 80.30344161120911 107.30194187359949 91.10824643112664 0.09668984264135361
212.51515140759386 425.35346899214466 222.11655424100485 436.12210583532186 0.09663015604019165
380.3594235078193 381.4830577748381 386.7662704038761 390.30895603192346 0.09649768471717834
389.21111878436255 370.4210627263584 396.8112017018738 380.59514927395344 0.09648095071315765
713.321754568182 383.2061346049426 718.8427906855395 391.58532933725184 0.09644602239131927
356.16272305681446 378.7449105944639 363.9429592730833 389.4240527371768 0.09641456604003906
513.2172277167498 407.1706587465267 519.5574082477634 416.4633762374108 0.09641014039516449
527.1139035577562 397.0609402153526 532.7864467017573 404.9940243318842 0.09637577831745148
204.0130903475526 418.39457436218225 215.2065531043451 430.71241966871435 0.09636884927749634
127.81263924109274 423.7302412554674 132.82799703620844 430.477101102113 0.09636472910642624
754.7899893048848 390.92801873647863 762.6817755912778 403.36432834817214 0.09636195749044418
948.0486597939574 383.73212435342833 968.0641964752211 410.2849197628326 0.0962878167629242
156.2135532693792 414.23150760445793 163.67869893401323 423.416261897771 0.09615281224250793
422.36395798305625 387.5889100647931 429.25281581198954 397.3200376351634 0.09609127789735794
112.32565138422565 79.04178009437042 115.7817125088791 83.88744622236626 0.09606005996465683
376.1878295384621 416.5770516106753 386.2990136345796 431.42583407143684 0.09603624790906906
443.324391001662 394.63615085918434 450.8884993033608 404.86960269298856 0.09603488445281982
507.4998654865428 386.15790810841924 514.2777682628051 396.7122859108567 0.09600263833999634
573.6174437297168 385.1911431616127 584.174365626414 399.20828482969455 0.09596414119005203
160.58487892422355 418.5133828487424 165.76870284488243 425.0572017785291 0.09587571769952774
78.86902240820005 201.9710259366803 83.7488127299544 208.14668253124125 0.09586992114782333
95.13140241018985 65.5343048358992 100.87036241631513 73.58741491026632 0.09575583040714264
734.9574103698358 380.15741104578285 738.9145468048848 386.0948421372216 0.09562952816486359
81.3182721526258 79.03328996165074 91.54137787451478 94.53895016794753 0.09559629112482071
653.3351837059558 404.6674186586565 662.2792190635987 415.4667807031136 0.09547017514705658
289.2601619139292 399.297747263643 304.47428247141903 417.934830278796 0.0954618975520134
502.3960735141879 433.6150564899364 509.60273461954824 444.10235306074287 0.09541232883930206
356.53872224558785 387.6569766085209 362.81504983387475 396.15661884971433 0.0953894704580307
151.25788566321575 424.42889771594463 156.41899057994073 430.51893291362245 0.09529080241918564
82.00815023344113 370.41760375474564 109.12817764393013 401.8374448569253 0.09527262300252914
90.40038467876546 69.27410130846688 94.50692597667104 75.1705816721477 0.09522917866706848
977.5341480432924 384.87211473956614 1010.826586091691 424.2187775814772 0.09517420083284378
510.11587513930965 418.54928313541444 519.6249276646361 432.5631018957356 0.09517355263233185
350.1948555194983 431.86533179867786 362.92317578369614 449.6248642717069 0.09514199197292328
1021.1536208309417 403.22764020400825 1051.427467558073 441.31277734000884 0.09501999616622925
871.1412535323128 419.7106684648289 887.752942921955 439.5321283262656 0.09497690945863724
716.3603998231475 406.93458684065166 725.6721004024065 420.8194408125362 0.09496947377920151
506.904909854863 393.86951716160513 512.563669414468 402.7578142282606 0.0949491560459137
431.8789178560478 425.7427429606487 438.46472346811726 434.6244484046028 0.09494869410991669
67.44665883228186 206.4240221407166 90.97730453244337 240.76289325077505 0.09489013999700546
358.9104195000653 479.4152617867702 375.5237591272782 498.4503503153207 0.09488540142774582
361.34609204194317 429.1689814364398 372.5185511389152 444.7832653535688 0.09483694285154343
358.44091908989867 457.0606216866105 368.46292751314456 470.75459909795853 0.0948047861456871
704.409055064851 393.1724211941979 709.3138964121217 400.78491372792 0.09476010501384735
330.2390895743905 432.9658697878223 341.68686970860836 449.57562901582037 0.09473377466201782
433.5069117440338 414.46547388731886 439.8582874413747 422.35049244871425 0.09468647092580795
390.500678525237 409.34129147063817 396.9582548477784 418.70587480860155 0.09451901912689209
728.1787609935863 386.9329455029768 733.6308456851028 394.70163629993175 0.09451593458652496
685.4776365276703 423.39459774520765 692.6679136395843 433.33347917343445 0.0945032611489296
301.6174711711592 574.8862508419908 318.632849431599 598.785389868229 0.09448202699422836
157.0417155389854 393.09724180798486 188.59695104959295 426.4126569073805 0.0944046750664711
71.68049445976916 62.78365504019823 79.72969972962656 73.82557912185563 0.09437728673219681
311.2074889290245 434.44609633714344 325.71557320200753 453.8929013151278 0.09436154365539551
519.362927974448 388.5900415991657 525.6952613573206 398.525085834216 0.09434548765420914
339.5698700625582 487.6475326410623 349.4793600185515 499.73782527989795 0.0943441316485405
194.1676798933838 402.7253544438268 207.54192949918544 417.6499324147585 0.09427677094936371
389.2475994314044 423.04616225824236 405.32446545035316 446.3099849372855 0.09413233399391174
368.758567984888 468.2657102216048 381.81822503107645 484.10889153159246 0.09412841498851776
433.97748787117825 393.5454571965562 439.1425002689114 400.49641781973276 0.09408944845199585
186.49833138435108 459.0049305998769 196.7016581958925 469.92473967788214 0.09407399594783783
449.0475176438067 383.90267790546426 455.339596327179 392.34765453399757 0.09406930953264236
732.3957659614872 399.9017263007212 742.0703615737584 413.468768811886 0.09405409544706345
520.1008518682635 408.18999635678057 527.0953328781068 418.26230331237616 0.09395585209131241
337.4823142647957 481.329103058143 348.5780438048188 495.7351063806929 0.09393882006406784
341.79027089760075 463.3173532883765 351.98143251992354 476.38743596309206 0.09389599412679672
717.6228906104993 454.04768067037213 738.59984588604 479.8282499839669 0.09384173154830933
455.42926671233323 441.3214366093826 460.9432459281487 449.5000185295332 0.09378580003976822
96.01780150283174 52.77602087991363 105.05792790534339 65.30749036663553 0.09373065829277039
103.83475653668285 77.2282967318615 107.45624766687038 82.5012428155023 0.09370379894971848
80.45120397347833 266.7988051503347 100.00696583078606 288.090107928953 0.09354405850172043
105.36896128648254 60.44348136191536 114.59299206339195 73.36650849106519 0.09351623058319092
480.4427796008109 395.0012537266833 487.4714600523666 404.7314164593692 0.093403659760952
177.75728209760356 434.97455437268894 183.77169687976087 441.7116021336495 0.09323622286319733
567.3331260295223 413.4618124123256 577.7077828621553 429.2767192732169 0.09322330355644226
717.6772870802956 383.8092548067597 724.568493388952 394.2667212470032 0.0931418314576149
742.9358899461163 401.3417772396474 755.2724890471933 418.0571610106299 0.09300408512353897
471.7340555627487 396.5568978747215 477.9801148156388 405.1168404271214 0.09299876540899277
763.5180927394016 398.52019024775586 775.9061344451768 414.1864815868567 0.09299866110086441
779.2831424957518 391.8825628488245 784.4834533009632 399.34772001841117 0.09289683401584625
283.79800982583805 386.2369113074795 290.5618760121443 395.22640879366276 0.09287528693675995
348.61489138605344 465.2921458512409 364.23144680883735 485.80025211209215 0.09265904128551483
375.26694148127615 383.24861704744217 380.602677968503 390.4623859980665 0.09264541417360306
788.4704877287526 394.59064326519086 793.611580286893 402.2616622781577 0.0925353541970253
417.8422758874027 420.8798055285223 438.76293053606196 451.218196773806 0.09244006872177124
727.8378016240606 394.9814341618857 734.4245980855795 405.02761160908074 0.09242593497037888
371.97796361568953 444.4366921345027 379.4567186338719 455.61436259673013 0.0923973023891449
413.4115247096762 372.5228312467173 420.1031740958267 380.5562988748273 0.09239029884338379
195.25669340180227 449.0875956799925 203.58984448039536 459.1192899006171 0.09237254410982132
506.4273873539831 425.87307099057494 513.7057154167485 436.65707641479446 0.09232806414365768
687.5636721672474 398.5509250191527 693.653852939453 408.1008785772886 0.09228889644145966
716.4313775029211 375.8644348005496 720.9797709873234 382.7289676420498 0.09224013239145279
675.7144044435569 391.73283128610296 695.077819975754 418.28049478367194 0.0920468419790268
102.6852618508784 69.24076976151409 107.84195685716328 76.53470442452029 0.09195801615715027
471.3724508632916 403.9890844252225 477.819707824646 412.91065944744787 0.09192828088998795
373.15968067100556 428.1656185236 382.79315754299665 442.4376238049325 0.09192153066396713
723.1936353224875 416.25614640031944 733.2298832833688 431.4750249369314 0.09185109287500381
374.8981207561431 394.1163235313481 379.80120081128797 400.77092557719874 0.09180136770009995
139.64244650499097 122.47731563477329 188.82540468457645 178.54932739833436 0.09177423268556595
786.2924669397574 381.7112660917979 804.3166119250371 407.1170733446251 0.09165289998054504
789.1236144468708 382.79750464928577 794.0354066458033 389.5558499789114 0.09165038168430328
572.4127359092547 403.3423951822389 583.2605743247492 418.2227496749803 0.09157212823629379
152.72400878188114 472.8686124196758 158.39100019569707 479.1476765174451 0.09154608845710754
148.30602267087096 344.3320302253233 169.42087877501052 371.02016268652875 0.09144096076488495
164.49284451819457 418.7756819386294 169.7801574022869 425.4873697183877 0.0914335697889328
867.061442678931 395.00694598570885 878.5097819681937 408.134687221803 0.09141163527965546
173.90760417390956 406.6197761595414 179.8076919472976 413.7089851783016 0.09140444546937943
374.0592885944359 410.4189743164053 381.16564576719986 420.03526820709686 0.09129258245229721
421.1629288745838 413.3901424645154 428.05265474890336 422.63543042174916 0.09128337353467941
783.3858095839176 396.19488608718143 788.0071635533527 403.1528651617873 0.09127304702997208
878.8898981713337 386.38421708064106 892.0439315423102 400.8407159572209 0.09121494740247726
787.1903756432276 401.16729769007515 791.9069308769447 408.1617573570764 0.09109699726104736
370.98385683800825 374.09941784762293 377.2087655992389 382.4808427647262 0.09105028957128525
1048.217971267077 345.8651673058022 1089.352437771036 407.7880013154257 0.09101065248250961
400.31009151963167 418.77335429629005 417.45098278610044 443.62746788702003 0.0910024344921112
86.7621621254165 93.77786669398182 104.95585020787149 121.34269390768456 0.09096363931894302
488.4885822992753 385.3831378862253 496.05827059607446 396.49684790856156 0.09094367921352386
486.5098784630303 405.36704521824936 494.08246182335137 416.5283964694472 0.09092741459608078
775.8970362532771 385.99775437930117 788.1986566547722 404.2620004443701 0.09081517904996872
378.42980749953233 371.3357110006006 386.073417194008 381.8264694403671 0.0907774269580841
111.90663766544127 83.46905755295275 128.242939282391 107.30970076072659 0.09073155373334885
55.55916657560542 105.60516291656545 76.55004802806953 141.3409515667913 0.09072954207658768
210.13806602795384 411.39259959784835 218.8127460982884 421.89120250515776 0.09070713073015213
552.2995554694727 378.6431644062661 574.968605192101 410.8837602774182 0.09061623364686966
469.89917816458376 440.2085268103187 476.95087963803064 450.35122357949274 0.09057927131652832
109.73991960395011 74.22599143169516 113.32449949699988 79.02537366145286 0.090427927672863
200.7474362108476 431.4146117361783 207.43118954649668 439.05994414562895 0.09032940119504929
428.8773402972186 394.196196135619 434.07137666399467 400.96890484247695 0.09032298624515533
366.1657630805979 391.24701361886747 370.8891102505262 397.8877893113002 0.09031973779201508
886.5850180818985 414.37079449545 900.2403104618008 431.0185138378465 0.09023041278123856
507.8101506903929 380.3170911840338 538.1751500243855 421.48731935125727 0.0901854857802391
316.7669063915643 476.4457339327997 330.2544129218108 492.9672108274092 0.09000662714242935
494.6982093246423 387.7216310075851 500.83566428791744 396.48003671349585 0.08996006101369858
538.2073803305395 388.8723536303038 545.8511155961172 400.0648581013203 0.0899517834186554
347.22282357892044 413.4735012236178 358.889323118114 430.31114386859116 0.08994952589273453
450.356044729463 424.0202312667982 459.6914074378283 437.0310554383698 0.08992096036672592
234.13614405095137 424.63233044024724 247.6431502998005 436.53292084204355 0.0898774117231369
178.47820530089032 404.2837138666762 186.6833404586461 413.9227382275894 0.08983144909143448
124.8737198464466 400.902716268563 145.92199176620642 423.5005300761481 0.08981821686029434
700.2171852507432 411.7269752746277 706.4510868989234 421.06183451192896 0.08981821686029434
791.7591444615416 400.4067579176149 796.8656708994886 408.1531704083786 0.08979475498199463
444.74443728322245 383.556877183001 450.06587720447874 391.3765230082291 0.08967670053243637
337.97565685805876 434.42055442496905 357.7633501169289 462.0177763393588 0.08959764242172241
391.3350665261935 375.287928437587 415.59295232906925 406.633885958338 0.08940611034631729
445.21707919124276 411.2611544860501 458.35489521170865 429.0280081785084 0.08934329450130463
60.59354078221502 115.8760079442851 84.08296619105371 150.74767744654838 0.0893232598900795
384.896481289578 417.2624733391966 391.0748004179793 426.1115270973771 0.08930795639753342
687.1488098515383 385.3388068397094 691.9217281478441 393.50495744073135 0.08927346020936966
416.7193501673625 418.9787140128951 424.9644551219646 430.411559194594 0.089271679520607
623.5963309034884 419.5984204211501 634.5988178464162 433.23313271572704 0.0891970545053482
898.2637295654207 397.2514059303705 912.3030554886531 414.2760914168968 0.08918780833482742
468.7988563747721 407.2004411012746 476.8588055046032 418.81101839571636 0.08913426846265793
157.30456335873544 404.6886918134279 165.69409925783816 415.33031385133893 0.08908220380544662
415.40310475114734 445.5656504153755 421.72280798313153 454.5445157141937 0.08908027410507202
167.5939224272735 423.64532047409585 174.35855045077787 432.09213319830815 0.08902851492166519
420.79837449881137 375.14018919810627 428.7417820207488 385.66788848083087 0.08901426941156387
567.5859959361954 400.1361074018484 574.5644689816604 409.29042507060495 0.08897566050291061
409.6522584953114 436.1905054333085 415.2589992892953 444.3781978473562 0.08895844221115112
436.5141555278923 421.592651555669 443.5859097729288 431.38670002723114 0.08890996128320694
955.1064166427215 378.83893603429 1008.5822797521514 441.27925477577344 0.08883223682641983
319.82722167534257 507.72040972607186 332.26153460176636 528.7853342066032 0.08883199840784073
100.21251334565929 76.55022814760868 104.53467626077935 83.03335032512538 0.08879599720239639
354.8553870893686 508.4051642706032 372.2462543677978 530.4711461291542 0.08876583725214005
478.6217274468677 404.71280857772786 485.77639657673694 414.67591810248 0.08874063193798065
128.36332416667804 427.33327367547395 139.60334853994235 441.08400060742264 0.08865991979837418
517.5385741521072 404.23530897200067 522.7697326997222 411.80866966420206 0.08863793313503265
507.09291495201114 377.04468892864213 512.7233881775757 385.68503534839147 0.08857139199972153
218.11528343881326 413.42160169556234 229.66265127158937 426.69811427086154 0.08851712197065353
465.99279603897577 389.1161213146244 472.64124554653927 398.14388762173627 0.08850642293691635
498.31321914070895 408.60766630448285 506.6078210825454 420.7552830384771 0.08847164362668991
708.4866497095647 421.0265964954194 715.7527282088503 431.5456607988914 0.08844713866710663
501.1193726449977 379.7183100419164 508.22509175293993 390.5823508459569 0.08842502534389496
200.82117545392546 414.4415472951794 211.18601185941517 425.79752848907657 0.08841092139482498
170.29478134982776 439.5917151637905 206.55833315426236 481.55601910636216 0.0883951336145401
127.58149030851087 363.4245138319482 165.28590700742362 406.3050867173823 0.08830894529819489
548.0344754198984 416.50563068133505 559.8084170481746 432.6635401536559 0.08830542862415314
429.2752740860976 389.83301828989283 434.41105508355014 396.86385496808555 0.08827389776706696
190.38389160239493 414.418614321105 231.86202268089826 459.19694605621294 0.0881650298833847
82.4870153983968 93.99264798787578 90.13507331017682 105.08419393257357 0.08816427737474442
434.2834896213302 389.1217288434985 438.9619327918477 395.4985975223924 0.08814537525177002
360.66927601473395 444.24070932292983 369.8164485242276 457.93273605822935 0.0881369337439537
418.5039687274015 403.1942755459842 422.9470720720835 408.8478939676068 0.0881112664937973
198.90615483267763 456.12866003004603 207.78190454138638 467.10883586099806 0.08807478100061417
351.54195870306995 374.2937568745159 358.4577420604804 383.6517303125262 0.0880638137459755
440.47781803461834 415.67592451331006 448.8391583465963 426.0667015572855 0.08804953843355179
441.2042207505956 426.30050249286023 447.813422718477 435.3567217799818 0.08795902878046036
608.063570863352 409.87710798490303 623.8559213143799 430.1721577172328 0.08791039884090424
138.36904503405913 428.4213042120835 148.94696345067513 441.5715039753522 0.08791033923625946
81.82888883687468 184.84200530510319 91.00829995445832 196.15630225756357 0.08790110796689987
331.3103286354285 398.8791760654787 342.95763312175654 415.0272339962714 0.08784008771181107
81.49881252664471 197.19610312530722 86.88850175997963 204.75659403398538 0.0878080427646637
469.2006005561156 425.3694946770053 476.56268690971876 436.5472779868182 0.08779969066381454
481.51042236051507 416.14928218895 491.05520725307343 431.3263110192015 0.08778204768896103
434.3784192984093 434.1799901458499 440.1989071816175 442.0584603809691 0.08773955702781677
723.4067508345579 387.3120432683061 729.747053383565 395.94684741368627 0.08764215558767319
791.9649011663903 386.3307583645541 797.2344773402036 393.4395853494426 0.08752039074897766
436.28021886423085 443.3899464232763 442.3291492814695 451.97264215824947 0.08738386631011963
339.2784534216107 471.6782932752914 348.05394383675144 484.0190743682993 0.08737406879663467
379.9886335464335 427.5764649447929 389.55912701973017 441.07659990204723 0.08734812587499619
473.7770643673705 418.21824080215185 482.26558900120114 431.78622199560004 0.0871952623128891
497.73038527603273 405.03725196362535 504.6204240593745 414.86243474672636 0.0871431827545166
556.9046404135047 398.2112840002954 565.8358370869444 409.83365723848806 0.08706527203321457
95.66661488469789 184.13287674386882 130.46397079823637 232.30164317882682 0.08705436438322067
387.3146137441558 418.1938804824512 398.5633264685675 434.13167503067757 0.08705346286296844
807.4082517798124 388.1440436743887 812.2716891232213 395.1724568260325 0.08701504021883011
361.3085824446602 369.7744056401597 369.67603831783856 381.0882448773603 0.08697345852851868
882.6864480243411 406.63468221935966 897.1958490253004 423.42262499246664 0.08696786314249039
423.9576609624603 393.752114172908 428.9518042068576 401.12974796076605 0.08696597814559937
870.5433336793999 437.6677630698526 883.2767023226793 452.6547365225017 0.08693976700305939
367.9233335136808 439.0342426349418 375.27674338635364 449.9881994489484 0.08680510520935059
364.1426495790534 374.6529169615698 369.7204859210307 382.4987794420278 0.08676112443208694
526.6444192412001 379.6615459126921 534.6922497151992 392.26539027137716 0.08670233190059662
713.3737080171376 358.41640238643765 739.4950125038634 396.6267294491132 0.08669290691614151
403.32091140545447 361.60032883469523 411.0573071630582 371.8339214347677 0.08667811006307602
552.1600146140773 401.68374772558707 561.225186013632 413.84373124584243 0.08663438260555267
377.95920313657757 438.8194172953661 385.7062648618779 449.4618615935243 0.08658679574728012
569.2601730359096 427.757253369881 579.6960924276804 441.47512546043026 0.08658446371555328
509.57831966643545 434.4401162617325 517.9832901093139 446.3942828279977 0.08652018755674362
194.1245254814752 390.6384622586016 222.01296323001444 418.90351304673237 0.08646349608898163
511.89990474459273 389.0882259269175 518.3060716717908 398.3218165682623 0.08640342205762863
182.87240757279332 422.84648838123917 189.9117403398486 431.06674539810325 0.08638061583042145
800.4691901637951 397.82672519787957 806.1569333624876 405.6969991066115 0.0863482803106308
780.2700973985226 399.33904349912154 787.8940283568019 409.66765189324883 0.08629034459590912
708.3383953066991 387.49761600651385 713.3117817855496 394.9492801726175 0.08624781668186188
454.07508225098013 450.0959193534102 459.0020106992687 457.02478219781636 0.08599121868610382
291.8053138298205 463.25193022832326 305.44671905901475 480.6667123326398 0.08590254187583923
614.6694764197313 427.1582408156405 625.1998492472203 439.14189233127547 0.08589987456798553
165.04730256658033 432.1169616788868 170.14426961303514 438.49982115646173 0.08589514344930649
949.0079111654355 423.29776751927034 973.4202560873694 452.68595814475276 0.0858621597290039
350.0009726647272 487.082038070326 359.6330459073737 500.55988684222467 0.08584681153297424
55.14722731407288 279.31213202533235 109.17823031263664 350.7434746827047 0.08581673353910446
732.5114528898727 384.3365565286707 739.3576925992758 393.53681380274924 0.08576416969299316
727.5045468160722 380.0389608322119 733.6731106944683 388.1272328133545 0.08572431653738022
444.42187994520003 427.59877282001287 460.7353255987954 451.2068300977005 0.08563780039548874
571.3351318085723 369.38384429977043 582.8619447155688 383.26354971907926 0.08563511818647385
759.2901195943779 388.31124039112717 767.9733789939521 401.6376100823235 0.08560982346534729
343.034771978486 396.20408142712273 383.67584134595097 453.0713985953599 0.08560419082641602
376.8734430204755 447.58686820055095 394.55684254235376 471.9882227828839 0.08554746955633163
651.6257551658651 415.334711644676 661.43744272298 427.2005002123691 0.08553747087717056
364.22625394864235 381.26752940865293 368.7797030404509 387.1756147645127 0.08547990769147873
896.1905107015992 417.1833608251904 919.7775383050825 443.6349642834124 0.08539015054702759
463.8163888040649 383.8992778155961 469.54839283580196 391.9655642969788 0.08537812530994415
516.9652158949317 421.85947885429437 526.621549230041 435.4166486357815 0.08535003662109375
480.92540913589676 433.07494223937914 488.571037890644 444.2049481585001 0.08533259481191635
496.69263045212057 430.38833263641664 504.0022784887865 441.31285457131236 0.0853235125541687
328.7083225726401 467.624954898275 340.3729505417378 484.05035778983176 0.08531899005174637
597.0730988215204 392.6962555766412 606.857730756114 405.6075853466253 0.0853167474269867
448.98783897592716 447.6807368327764 455.29348829125064 456.5147601447925 0.08525748550891876
184.36416498738836 382.69222367842104 214.03143755067745 413.3379471576499 0.08524680882692337
343.3771140034269 388.03686075119845 349.83634029252414 396.8462736647405 0.08521170169115067
416.3733045813432 427.8572945787394 422.8051725072662 437.14550757878 0.08520418405532837
413.7411360923866 421.75635738247 425.8162518333399 438.9930777283292 0.0851769670844078
442.71296925846354 439.19540365526797 449.40309115005516 448.6988264985782 0.08517306298017502
416.95842604606526 364.5947747938115 424.57484262719856 374.16886891956466 0.08509396016597748
663.0326831095821 374.7364992196024 692.0154721329337 410.90041584147355 0.08507256209850311
473.2156103895186 386.48717450704885 481.4976742799723 397.6882818300745 0.0850437805056572
328.2667363435373 479.59748895908695 338.7538650412097 493.4816073503992 0.08502315729856491
579.9722147434798 392.9099436512023 587.8182273199426 403.16130859784437 0.08500701934099197
629.1711057864889 392.73729350796725 638.4047445160649 404.6328728326163 0.08499975502490997
973.2559519559882 353.5278091086984 1000.7196917954401 386.61817398687805 0.08497446030378342
119.39217886733353 258.2795659662669 172.80533069074176 314.6174882031282 0.08491838723421097
817.3174595473446 394.61720254308585 823.7762255080067 404.69004303031573 0.08487292379140854
475.1845077726016 435.13668884975164 481.65277561835205 444.87891352559916 0.08486096560955048
359.8353099365418 380.5764058033339 387.09282543145906 415.96919710144624 0.0848209485411644
385.04980737424773 354.8152831721122 397.5225672548343 370.7196013594616 0.0848003625869751
105.96542235376624 426.7545832696896 112.87323265574167 434.4113975687934 0.08452954143285751
691.9644736902109 411.14743551730186 697.9902468615164 419.891595310559 0.08452469855546951
709.730972927334 382.2087336157617 714.252440881867 389.12353464489235 0.08433244377374649
101.60681669207528 411.92455714647417 123.11361807188939 436.2505491209596 0.08430234342813492
530.1518808526429 376.46376020878716 562.0851816167227 421.78281984074346 0.08426408469676971
1026.9893805027468 372.81072729443974 1061.663124151115 415.20091720382067 0.08423645794391632
953.533611509771 364.5578564868891 973.5785446229085 390.6921551163813 0.08422347903251648
612.8255800919495 397.75646345596425 624.0223439064748 411.686329041172 0.08419939875602722
83.17340322053127 138.70922777917724 110.52786419914872 172.99436646853144 0.0841531828045845
523.6962452999667 412.4967469757975 575.2243966224437 482.6226251206309 0.08412610739469528
443.3241600336049 371.8037077234899 454.99363869637665 386.5534497554836 0.08394313603639603
404.8855888015286 394.2665726099376 410.83183947620046 401.52402062650094 0.08392613381147385
484.6282728550571 440.37522332999976 492.22053399684097 450.6935315491992 0.08391256630420685
138.1970322536254 417.9982151005227 144.3177899448373 425.81739717017945 0.08386164158582687
696.6343333535093 400.9305145268444 703.3136195174811 410.7052863534523 0.08384770154953003
349.9110939768809 493.65393960359614 359.9270095342844 507.8853640589361 0.08382486552000046
374.3862039253827 391.94726990151776 379.4254071532946 398.86197130951746 0.083809994161129
577.0688370605963 419.41412426696644 590.9321381703182 437.4750772572336 0.08374869078397751
396.05842575296356 414.6063621697135 403.6336803831573 425.33079029723933 0.08367301523685455
725.5467092443769 382.39284871409774 729.8389619293404 388.8081141798384 0.08366775512695312
685.7787764583326 419.22521083689236 691.4223203950464 426.7901515864098 0.08362606912851334
397.346460766697 404.96182717831135 403.25212820194935 412.8273954398181 0.08358146995306015
804.9857862062553 378.01195957273563 827.1838991500371 407.985821407719 0.08357775211334229
785.3729143718421 390.0698464178916 789.9515218728125 396.6241213463232 0.08354242146015167
489.3598542915175 419.01623338705275 498.54359323737583 433.20692849980435 0.08353989571332932
721.7777744040617 378.6506445820688 726.8934785580103 386.0084672901031 0.08353935927152634
106.4762819801396 73.93592647888504 110.58630032318547 79.46482841394398 0.08351538330316544
937.9254276036514 423.6356613190046 960.2284837868814 446.0766883254775 0.08347728848457336
694.004420127072 411.86678296654117 701.85200905722 422.7171859859307 0.08346209675073624
370.71508374383853 380.111134772092 375.1504900563029 386.00702380733037 0.08343175798654556
425.8367984929861 428.4647541778726 432.06977510346286 436.8549233175283 0.08337365835905075
801.3587477045938 387.3847973582966 806.4647268461664 394.1619334560718 0.08336393535137177
476.0023072854771 411.27172670842094 484.9929653031631 424.20102513352134 0.08328427374362946
682.5821221360584 411.37349342529944 688.021003104241 418.93409436765415 0.08327150344848633
711.4869119142222 368.80039568678774 718.910677392887 380.5137789469269 0.0832606852054596
776.8542047652767 399.3621002004771 782.1794675431782 406.9913572806682 0.0831853374838829
328.29098091726974 455.3562532722536 337.7021607917702 469.612703494843 0.08317822217941284
703.9481709771221 410.57530661593484 709.5510228625246 419.325031817037 0.083110511302948
431.5099352029145 372.7132588167408 442.8099963918286 386.90657951593226 0.08310718834400177
225.3899871808991 385.91378381251513 252.77404102700802 415.83685377689056 0.08309385180473328
407.0146573756174 379.2503146442789 435.13246710873796 414.80923178238646 0.08303534239530563
712.6050487380835 375.7751394838002 717.9397309128877 383.59950130222626 0.08303306251764297
565.4698029458074 382.1205104034583 607.6760270218693 441.89130672400574 0.08302336931228638
595.5157309376083 420.9247325325322 606.4983316744487 435.95472788258775 0.08296579122543335
340.44704324755025 415.4084533987901 351.4149574858324 430.70279133637825 0.0828978568315506
564.0263066868896 433.0964478857897 574.343344062022 447.20785298656983 0.08286160230636597
582.0365537073191 401.5811549342806 592.5273773783485 416.1183151693421 0.08269164711236954
667.0433990198555 414.7195704175827 673.939982750882 424.2380228053469 0.0826573297381401
489.8277767344706 433.77564156693404 497.6448853961609 444.9542673019981 0.08264350891113281
422.5939414258304 367.68377526127347 447.4619068165115 398.2932209652104 0.08264108002185822
796.3354798349205 381.98122591507854 803.1516115510266 390.7125786979221 0.08261696994304657
148.60778811107463 410.1478833567831 154.83413813733443 418.75637926473104 0.08260472118854523
335.64855694067916 488.87985133424127 345.1831227010192 501.54042868914945 0.08259877562522888
896.2238519777653 495.3360756814465 1203.4460967920686 847.9328315908513 0.08252811431884766
669.0994002318378 405.9389314235454 676.7153772103862 416.2681581762981 0.08238134533166885
704.3276067842127 93.97486232141183 999.0247417112702 427.4686198976275 0.08237364143133163
302.46141366839817 499.3159761683273 322.3273851177831 529.6974675069076 0.08235085755586624
514.3452713637901 436.5453705170241 522.7024855503022 448.42939261629033 0.08234331011772156
109.6731871269971 342.2940691893916 143.37244547049738 381.1900265952543 0.08216194808483124
358.1596536024539 481.951715235093 379.0017980455202 509.441643152203 0.08212736994028091
166.26990577784932 353.1368328045789 194.06572404081706 384.42808789005664 0.08209248632192612
407.6362478495439 355.80253929245606 413.5266510537167 363.273587320529 0.08208663016557693
517.0020945868936 430.94978608067004 531.4005098298 449.8553203711481 0.08192278444766998
191.97061668210827 412.25636684533515 198.3529817463674 420.7510368007855 0.08191704005002975
139.0811240158705 186.1320621592166 166.24213885076736 222.64095051253028 0.08187169581651688
590.7623424538858 400.8094900128994 602.3651207555539 416.0149093068381 0.08187108486890793
128.63591478576518 419.07214989844044 133.0074663868336 424.95153534555186 0.08182009309530258
283.7365103288181 400.2455396657143 293.57562108652036 413.63223261335384 0.0817856416106224
536.0675253337347 435.3838458412971 547.2443283177973 451.45283522331 0.08172650635242462
396.21279150628857 444.2572458912361 417.6638019010732 475.17822007720207 0.08169391006231308
809.3151725457361 405.80177942152983 837.0106394229331 440.4504284719068 0.08166235685348511
497.2643504928578 446.2815320005462 504.4427822010036 456.2876531167007 0.08160612732172012
202.4936243862505 378.63291022295834 225.1923694341866 403.55555693188336 0.08158688992261887
429.15037961905807 435.7014061083319 434.6006363809219 443.0186572094383 0.08143845945596695
691.2584914373369 385.7603161539259 698.2720070497319 396.768760332381 0.08140536397695541
898.5533363815043 380.12612083127226 917.2174532874706 402.77809078492544 0.08140236884355545
149.73355801398395 401.345459705182 157.622499959937 411.4236512657892 0.08136773109436035
688.0848108501689 419.27483657823814 709.3239057981413 448.43276089195984 0.08135969936847687
730.7127747807816 376.58143138875386 735.7750740275538 383.26368916960047 0.08129782974720001
405.5454819936865 414.8632606951519 413.9026753942077 426.38143771624397 0.08126562833786011
740.0761695162033 358.1475248199374 765.8924806134552 395.85105825987415 0.08123529702425003
907.1362252971475 458.7683890302535 924.5362135387743 478.3252730067471 0.08119774609804153
377.72315872692405 479.55143614572364 416.07650677874585 526.8179230225713 0.08109952509403229
1023.2411232604463 413.9510701101218 1059.170427918239 456.9699486829025 0.08108588308095932
443.22606457169843 373.4850942634364 472.6793655870828 412.3920908241635 0.0810360461473465
880.9524409948839 422.1222237412871 910.6426120716623 458.0731796688139 0.08102107048034668
543.1571074394237 428.91645692528334 554.2849240936541 444.0467784037555 0.08101845532655716
691.2661795732536 424.237004702633 698.5669907235699 433.92851722664665 0.08101502805948257
709.6870552977813 413.87147652750707 715.3436991140994 421.9764337054879 0.08100899308919907
458.3866091549286 448.733175232099 465.3434371185651 459.03623638899074 0.08099889010190964
438.6773081642769 437.03304787384195 443.7987194397403 443.85724095722514 0.0809820145368576
804.9942458696738 377.78682578052945 809.9552014649848 384.4571973023457 0.08095157891511917
134.31642548890957 412.53015094718836 139.25822571303442 418.93775002306126 0.08094368129968643
691.0156146522407 405.23004414378767 696.9997072413048 413.924298958313 0.0809076651930809
494.22009294082847 377.42960699155344 501.03407278746266 387.56629728529725 0.08081013709306717
959.6776579111547 412.8279021577927 997.4487524678673 450.36256394351665 0.08080780506134033
814.7417479411826 367.00526698140305 843.7172340317605 402.7306065685923 0.08070620149374008
563.5369609558174 150.85533614896488 578.1583268920003 175.55262345672327 0.08070195466279984
567.6782844011099 386.6736945089539 575.0478299964097 396.77915023090344 0.08070122450590134
410.8293254005351 415.42828947086707 418.0712186873954 425.7653615319623 0.08068684488534927
57.519000870023945 224.28275395217779 105.3911339311681 284.7273566065266 0.08063830435276031
424.9402143716873 441.9140284823471 431.58493657273135 450.87129335459434 0.08052346855401993
630.899391568758 406.9117072761844 641.6722190342235 421.21628298231644 0.08051949739456177
803.5058558142398 391.7695856190368 808.2742788670853 398.2533576589522 0.08048830181360245
439.24379120596626 443.7822318289896 445.43650060472487 452.88558081523513 0.08044973015785217
698.4060598963054 387.7917865943868 704.0843472240463 395.88365289091183 0.08040076494216919
870.4443895563475 386.6961544326165 881.7002359976304 399.3608391933989 0.08038930594921112
637.47922675167 413.38978105553537 649.1599102220713 427.9239578313306 0.08025724440813065
780.1944278938632 412.7587816660174 785.0155485771097 418.6500795520738 0.08023594319820404
923.1297230070387 334.661397758602 962.8687148905386 382.3557354939433 0.08018732815980911
442.9837000314804 447.68362088207635 449.48818266985154 456.9102433078329 0.08016056567430496
309.65784733917525 454.5717230214531 330.77649680815284 483.000442157215 0.0801592618227005
293.4244524129731 496.3080094690001 307.16963172220653 516.6485525824042 0.08013743162155151
151.6012202890661 332.6272491164209 190.71747283304762 379.1158268184451 0.08009612560272217
813.146890758479 389.1163302117766 819.0246944694451 397.4229602687442 0.08005370944738388
92.76229548746129 312.8339726869746 123.93957150610446 355.70903615269333 0.0800061747431755
744.9045045831793 381.086555656105 752.9396819885507 391.37668024329804 0.07997873425483704
102.22904389588994 360.62928641806803 129.2682300111804 391.9501168398721 0.079933762550354
976.3711719535231 425.7026431777134 1001.4131710512902 451.13571304336955 0.07988721132278442
702.4551609429868 423.2906643308079 709.9445688216754 433.45314132750127 0.07988406717777252
290.46926227629274 380.6295173410962 298.7856903229424 391.14099337879895 0.07987889647483826
249.54212531681335 392.27327125424733 273.9748712414287 420.15238092171063 0.07983794063329697
190.37765258889658 405.4986146505843 197.67718401076402 415.14396256123666 0.0798216462135315
589.0222724832009 426.4595757874238 601.775578695562 442.3419521877778 0.07981636375188828
334.4767243978562 453.54899485309045 344.0427807386144 468.2567410840018 0.07972276210784912
732.7651943726482 418.6700829658215 744.5214514425694 434.5568418022815 0.07971221953630447
451.5375953575398 367.791380291203 467.0743159180921 387.4884879488778 0.0797024741768837
739.4913286762892 384.28039969342785 747.1892593209825 394.42741498678663 0.07962549477815628
686.7874630032724 376.60907115355553 692.9454184575967 386.5300211827495 0.0796002671122551
89.51943446881292 230.70505141340334 115.54165364275045 264.25936822537403 0.07959483563899994
750.628509382357 397.56816253597395 759.8079307866245 410.58591364866027 0.07958555966615677
677.0498239854622 411.5701414672385 683.8403356427898 420.7539101366144 0.07957562804222107
647.1782852313579 392.61586882174953 657.4556478323746 405.80395597437496 0.0795612558722496
557.2359948872281 387.10243007312516 566.9826830265782 399.99195970988853 0.07955627888441086
488.44483737949747 376.6595014313584 496.16160446096376 387.6970641853014 0.07955306768417358
62.60618921014097 152.83763862454742 91.29882886960209 192.05192346797224 0.07954630255699158
456.4406547981494 433.51118024996083 461.5167399449703 440.9516202110747 0.07952087372541428
514.0529199724008 378.23149136978066 523.3394075352312 392.67120086966906 0.07950111478567123
657.8534217661834 394.75892313566106 666.2778469942511 405.774171916412 0.07946787774562836
324.78516403520786 489.3276218136031 333.66722419379306 502.25500928483183 0.07941185683012009
413.993337016014 352.80081899635525 422.09162521181673 362.48527406475404 0.07940241694450378
461.85228782981443 377.1307143501827 470.52053736465484 388.9555943540659 0.07938860356807709
25.185683152314056 371.70967736080297 315.61803992342493 692.4855306435306 0.07931503653526306
621.1495195668747 390.9764858854676 630.4518259303401 401.7926888481201 0.07919808477163315
486.67078380192163 451.08757435418823 495.3994102100535 463.18390981679374 0.07910749316215515
658.4990608855618 421.0099160607745 668.4923980792016 434.03036608560615 0.07903880625963211
298.23821899397853 347.7864207382457 337.91265857880023 400.6713037341627 0.07900122553110123
849.5873052850587 356.8214366551917 898.9923350188801 411.26883096377856 0.07896465808153152
310.5406295139299 413.3901765143282 329.03199947409524 437.43186718589317 0.07891247421503067
330.1016177060648 499.01493513658113 347.60737029328413 524.7534163720329 0.07890832424163818
112.89725966415526 426.2033577809439 118.01339151648367 432.2852256378879 0.07886943966150284
502.99637357484625 445.41369108856674 509.0106171433767 453.5986014846009 0.07886548340320587
427.2031721777858 443.6008536899155 433.0877508468618 451.69669430824547 0.07884816080331802
695.102676832879 420.6310941769953 701.7778302792948 429.43945009294464 0.07878636568784714
410.5668752341985 449.7310061257314 423.88918011001635 469.2675825063707 0.07866396009922028
427.891214561397 451.85481752558786 441.89930048117856 472.91701229903435 0.07865753024816513
412.2982133166443 352.62729616604463 416.9310014217433 358.25233582040596 0.07855670899152756
169.77503439086718 400.27379844198026 175.05783433356146 407.06227171684986 0.07849286496639252
881.2504559218951 436.52450599050684 895.7229428430064 454.035596561569 0.07847587019205093
334.2082779571379 374.2611956427678 344.00493769586205 387.27661816811457 0.0784381553530693
781.305365300631 409.35029652731555 790.1621073905461 421.02475777569833 0.07833465188741684
705.8561763564578 381.64429553489043 711.8344050540708 390.09237177252663 0.07828023284673691
686.6563866452113 391.4980437108748 692.1177941370904 400.95243554737885 0.07825880497694016
350.7520804681731 445.6992071139842 363.13220843719716 462.4468237246545 0.07820316404104233
141.97430534193546 117.98055306140209 171.56929360697148 157.76260803034327 0.078178770840168
583.7690949116367 427.84889690250213 632.2414261195906 486.7431439476231 0.07815232872962952
569.4775662856129 374.8733690234304 580.280155572723 387.6250519366245 0.078079953789711
251.24265023312344 360.56099826437554 280.9727598349359 395.714675561379 0.07802893221378326
257.9640050387939 411.3317298402607 264.07355895862275 419.14633684867965 0.07801966369152069
346.3793431545656 478.70709352062704 355.8853216351156 491.74712045268313 0.07790715247392654
567.4595215020721 65.56457662149002 577.2013664529718 84.33998864174796 0.07789392024278641
740.118029943799 373.7175588503869 777.2529931259913 420.5806202355319 0.07787870615720749
49.71853431778428 181.60697343306109 75.10831365185044 214.9476592125213 0.07783625274896622
682.0494338290299 401.6902187716302 687.865462836774 410.1576879241817 0.07783167064189911
397.37563074972263 353.3710474753227 404.7678069561375 363.41532261809164 0.077769435942173
383.8841027142895 365.30493360510843 391.54807155030096 375.59579776587225 0.07776334136724472
377.0048551937287 360.22667958197854 385.7739629753189 371.89962852245606 0.07771483808755875
842.8173006819833 394.4657762509696 868.2498325460303 422.95350322044834 0.0776713490486145
639.8926750689492 382.8806878341199 649.0817866815128 393.37262558964727 0.07762609422206879
848.4884697774726 421.2625728835681 871.6443881072973 449.8037723314308 0.07761698216199875
738.5476302210933 376.13867658932486 745.8566776418821 385.5073430901314 0.07760575413703918
911.5718570250436 396.37490979818983 930.6833143738794 419.7716990642655 0.07757212966680527
405.6420471497054 351.7076773188232 410.228232268762 357.4498382972935 0.0775446966290474
452.4419756541931 454.75209472509954 457.55384973000105 462.0412946314258 0.07739567011594772
58.79748935670666 353.64864095026263 85.55368602849079 385.8678817486756 0.0773426741361618
413.18993079550916 425.51848063474614 418.8244604876189 433.28031210428776 0.07727257162332535
786.2867387137093 403.82424451903495 809.5575137747776 435.76446681784495 0.07723429799079895
774.2573880761545 421.71829089116903 784.0517610435426 433.710800703529 0.07720015197992325
789.9499262557039 411.73146838886964 796.1434688375884 419.9126721855258 0.07715124636888504
889.2397791321381 374.6082847711359 907.9404011934711 396.9691739888737 0.0770682543516159
695.0054095101027 393.3929538797581 701.2163863858636 402.70378739942686 0.07706519961357117
811.7785576949058 397.069743540693 817.9044708614633 406.15470026117725 0.07701021432876587
678.359008014842 420.5981044358937 686.0686966682008 430.98437981633936 0.07698902487754822
708.362003244257 376.34319147508785 714.7588154712414 385.15015797933364 0.0769578218460083
535.003969770488 379.85674421432464 542.4387610217141 391.6757280487454 0.07693901658058167
703.8599808766792 385.98262328594535 710.4303529244002 395.5262429160346 0.07692087441682816
218.07924406103635 406.5905749364064 224.302263202019 414.2785599026588 0.07690151035785675
304.2053709328011 394.54772811143437 316.7638823734653 410.36009310497815 0.07690085470676422
322.77739864658776 381.398350784259 334.81801502365363 395.4560569280303 0.0768890455365181
302.23788446111695 381.1037390890858 513.8215053081316 615.1918125209869 0.07688283175230026
285.97356764770274 379.0590552493987 293.35351125097236 388.68245842403275 0.07685961574316025
96.9730379500671 275.73048414198325 126.74840286968659 311.4475280456621 0.07680955529212952
179.45508664303645 395.8757830338362 188.30620268029747 406.41314057733905 0.07663924992084503
350.03436513849266 350.1878880768734 401.2040315460731 416.2331080514058 0.07659682631492615
665.7317083907432 394.17355645198313 673.3120270264707 404.8643991941349 0.07658126205205917
327.8470635178533 414.49051533043996 340.3028936351234 430.3214505336853 0.0765167698264122
830.4899325393919 418.0183507755457 857.4362574177958 451.2962841786497 0.07638717442750931
276.44743401107905 423.58429470047287 300.82591750712146 456.44071608988185 0.0763641819357872
580.1707400717845 383.8645555392042 589.4366002522852 396.0769485272566 0.07635322213172913
501.19704081622064 366.5398551795021 508.9433495127668 378.06921180048073 0.07632391899824142
562.228364996027 395.2625189151265 569.5521194294674 404.96892509841956 0.0763227641582489
720.2456540727541 373.02449225183506 726.066501046232 380.8602549726739 0.076184943318367
912.8991349465824 430.1011178959384 934.7684055224945 454.9596755586733 0.07612486183643341
499.2532553402651 375.2739880440669 560.5080154774082 453.56166143046084 0.07610583305358887
257.0364265168725 388.2989029708547 290.8149908264451 433.072648719448 0.07608747482299805
142.95533494093408 401.46223387309715 150.15223379801753 410.3524799760953 0.07608329504728317
598.0241130148728 384.10135484341004 607.8454969118415 395.6315324508159 0.07608073949813843
340.1890300410014 473.5963594771332 387.0421097170054 543.6245396831894 0.07605698704719543
303.31757929550133 473.8715719952974 313.5828990776058 486.31655519372543 0.0759212002158165
662.0363143463285 431.7413778063765 670.9604333864585 443.76181835165886 0.07586801052093506
473.7268621629578 460.47236805403406 480.76218008332387 470.8004035737715 0.0758017748594284
880.6097180343717 451.0854882400093 891.4540070324233 463.61821705517025 0.07569250464439392
202.42644096620828 352.2024623224903 239.09049340138944 394.1159491965467 0.07544764131307602
319.1745091486143 528.3949002200451 340.4527213320142 564.3233806969644 0.07542768865823746
424.72391361709185 375.2081723823487 479.2714225652341 449.8436494054523 0.07538941502571106
204.89277382653933 444.6393214204384 285.2163828335835 543.1653327915535 0.0753566324710846
391.8864811970208 363.5151736342042 435.9836959896672 423.56826653497916 0.07532911002635956
383.65559943167574 473.4029305079051 398.0647837286039 492.32228205586296 0.07527786493301392
940.4233912177318 448.4474640519826 968.8888419202207 479.50323228105714 0.07527531683444977
321.2314540385943 512.1575556746076 393.938481180323 612.808983926923 0.07525899261236191
452.02091008685875 460.33056994561707 458.56048025157247 469.50524519026726 0.07520873844623566
383.52641771138497 504.09150473077966 444.44714917128385 579.1746479097739 0.07519445568323135
670.3961821822653 418.4711663049214 678.0692269993882 428.72916096289475 0.07514925301074982
589.1285338181365 360.68965837613035 622.4166633657318 404.0590887425521 0.07503408193588257
20.12519453449713 125.43071227292398 47.2405736934897 175.22919722891592 0.07502826303243637
160.53716935323988 386.0962464135362 168.80005583689677 396.2809869154 0.0749778002500534
930.5909234391256 365.5121462749333 940.4136396438305 376.05301741584776 0.07491898536682129
268.1209414633016 427.4012455689941 283.0093590031798 447.48678117511207 0.0748809278011322
256.8604435589665 402.47371783123685 263.58676521925037 411.6269493664238 0.07481544464826584
254.44284606907323 385.75432936348676 261.9179118394265 396.00074732216245 0.07478398084640503
970.2112447999118 393.27839803210946 992.3248720835165 419.85275393314174 0.07474718242883682
402.50693405823927 439.0836850429168 409.859243632773 449.86240824545735 0.07473821938037872
423.1763251484426 360.24426252978856 431.18493956970724 370.22439417048884 0.07472871989011765
669.0742674089161 427.8226744673515 678.5102282836493 440.50553095764997 0.0747007206082344
167.13201222433014 290.8554384978715 196.17682470413098 327.6498564126496 0.07467753440141678
713.4545221847009 418.2192943225024 723.1367805396634 431.4517735227497 0.0745646059513092
428.2539410576262 373.62630114110925 435.1444481943253 382.4885916153106 0.07456186413764954
443.2164840569059 433.2009446660382 448.76534272024657 440.9207011897375 0.07452808320522308
469.82009616067785 373.5204761614999 481.00932816756057 388.3991952128808 0.07452649623155594
775.0393656878322 411.7208331203908 781.0194938407785 418.9347423453369 0.07451006025075912
440.34634836968996 449.8250586785649 446.3526203676999 458.54741114308746 0.07449784129858017
501.12170617701054 357.2393512464139 508.78087741156355 367.2921797575551 0.07448181509971619
549.74659797264 386.8393651663047 558.7466561114022 399.2243065171702 0.07444959133863449
1002.8810369094334 372.2367934822478 1027.7124398806723 408.1929464995162 0.07441715151071548
604.4486307693724 387.5314823814844 615.1894022722649 400.18222050704736 0.0743846744298935
281.40656806539823 374.1923394281626 289.20164767208456 384.520983830924 0.07430388778448105
998.8075725691557 405.5508892557163 1017.2986863032679 432.03024889799633 0.07429926097393036
749.8098993639976 380.2746879669261 757.8203183471868 390.99693860207555 0.07423697412014008
631.5017673633126 367.4340408140806 666.971638956121 409.585418174551 0.07414843142032623
196.9797760808788 407.65840916846855 203.63218739399215 416.4099519920989 0.07408833503723145
20.135455599994117 342.43600749467873 49.946939333446124 384.2451384336396 0.07394982129335403
686.1373305763149 430.3410892604821 693.8097577103596 440.59833827112936 0.07388463616371155
291.6312445213888 325.0797367260531 346.3616292888173 393.88423182920036 0.07380324602127075
551.6786485392698 437.23688407921895 565.4656916244284 455.34229450348124 0.07371388375759125
677.2310598542581 427.4484194349241 687.4966027584811 440.72863704006096 0.07355405390262604
363.91096782074345 466.34751435762894 373.0008645229758 477.7880134116248 0.07351571321487427
262.7180272323409 502.7147974350389 315.81175925654225 578.8209246005255 0.07350882887840271
469.6620335208658 451.7835465462312 476.9355115135333 462.0332295028542 0.07348373532295227
578.0615915665696 436.6735530366004 589.2878842688366 451.7967550850378 0.07333619892597198
515.3978613348874 370.96086627287605 523.1502231992217 381.82303552389016 0.07333136349916458
717.5482648695458 333.9521533233301 787.5769928038027 418.9416490811189 0.07332924753427505
463.8459459300075 428.00689051422677 499.9553497364372 484.7721763429488 0.0730593129992485
674.7908404472895 396.70610212540726 682.8675144254715 408.5187846031314 0.07304755598306656
490.91712408489366 366.45372009351445 499.15665587701153 377.68442575127153 0.07295600324869156
815.7961312638923 417.37562438016926 837.379502412805 443.353551394825 0.07292821258306503
346.98304234937757 368.7746334390532 354.8948027426558 379.0443157931338 0.07277989387512207
643.1210487216736 426.5068922994127 659.3773284421336 444.9403856332096 0.0727689266204834
