501.24364497961756 455.69963712636013 515.4134103601407 472.81150820574214 0.9992759823799133
443.95642271893837 461.0156901462307 453.46669048739017 472.9854921002469 0.9965888261795044
903.4503693672933 437.1892345976618 915.1615059192728 451.62406254386775 0.9886536002159119
422.9383724845027 438.4632283498921 430.36683732051534 448.97180702653066 0.8133928775787354
421.8825106009317 449.2635443701737 427.1205601636352 456.48648859998195 0.7722196578979492
7.870432450230028 463.27668996337485 25.85490840268449 480.50633200667977 0.7438681721687317
679.5493575199463 456.8559949178632 690.9647876944484 470.7651842345656 0.6964898109436035
395.43379083619567 454.39255065939597 403.2611991091569 463.0573163041669 0.48016756772994995
299.62161499996716 557.2232329235104 306.0869394911842 566.8603871759065 0.4414918124675751
384.7881165827596 449.3286876793062 391.35325805544784 457.36170363447906 0.42891478538513184
872.5979574406214 418.7292526853682 877.5824932603839 424.699946722662 0.4286029636859894
431.4518603523695 445.4195350899045 436.95807626427995 452.7318189947821 0.38451284170150757
818.0455929563356 446.4138774033671 828.0777656394351 457.31513340132534 0.3389715254306793
413.7754952920312 438.8997658750804 420.9057648178499 448.7472176152849 0.3166998326778412
316.90774209996584 531.0402860524719 327.0699496443504 542.9503992354496 0.30692407488822937
464.6185106739603 463.2042693302827 473.00523003921694 476.39169580978256 0.2915153503417969
608.4488534874849 531.4322842476384 671.0544095039239 599.1782152190837 0.27201002836227417
446.608155640755 441.04149353094544 454.428850266892 451.8945251331911 0.2628820538520813
852.8403423325334 436.5958408731282 860.4817078451794 446.09562276835175 0.24094268679618835
378.5701373586267 437.4839785668899 386.1141137147996 447.07986039305507 0.236648291349411
869.3342537967683 430.1786947993765 876.0980415158621 438.70521119261844 0.2353437840938568
437.8592742062321 442.00041466306664 443.6621223957893 449.2910201327733 0.22978325188159943
330.6400296500649 454.3478960503697 336.15951557173264 461.3326338417175 0.21234646439552307
787.9087838559443 466.14635014899557 795.1163670919944 474.87316954911995 0.1873418092727661
579.2080701335738 544.0045454686334 618.5192494991205 590.0382015535536 0.1872142255306244
861.60325703479 420.9819955476254 866.8101322472185 427.63434337274197 0.18596968054771423
861.637855817684 436.45393060678344 868.2832991516327 444.96358890169336 0.18277007341384888
823.7293207625879 452.2612127949977 829.8615440044136 459.53462669154817 0.17904449999332428
308.92174672792225 190.0442760235399 312.79836984837374 195.029816791041 0.170431986451149
444.2263421079849 446.8142935765417 450.72994008926827 455.50583283207635 0.16949999332427979
590.9053679559552 466.8213699088004 600.3290781084119 477.4024438550665 0.16387340426445007
409.43936964934056 455.2813625327446 416.06635391431485 464.0669971870969 0.15534667670726776
341.3227580345672 549.7745205844532 349.431498330526 559.5422184564004 0.15095244348049164
503.3404657036958 443.26158538228987 510.4736405671531 452.1288053954679 0.14704875648021698
588.3365589851104 514.6739492211616 614.1764799640443 535.1088509716875 0.14549027383327484
352.1564225012541 517.0752309048075 358.21999769092776 525.085889818209 0.14518897235393524
287.901803570417 454.0652556290093 291.88268825436614 459.19130851352315 0.1442849487066269
339.9271958869696 443.9884845227472 347.0500504953525 452.60460680250577 0.14323250949382782
317.48556538174194 418.3204994373408 323.8756917288609 427.3542269138134 0.14188282191753387
368.60977577575795 515.7763546717142 377.0026414113721 525.119118742557 0.13829383254051208
798.1677376845254 492.84306294188013 806.7957880107783 503.2319183311796 0.13804857432842255
548.5040397418161 562.0071398995298 584.5434303985336 600.531007040967 0.1375802457332611
408.638830622529 443.6121672992251 415.69370387205595 453.06458808627895 0.13658718764781952
819.260395915174 508.1371718841673 830.8257932210295 520.6610547007249 0.13645240664482117
680.64465918701 470.61583853401464 691.3791103289407 484.58320775611264 0.135020449757576
654.7633878197387 393.7692153867895 665.375589764476 405.9341106832062 0.13325832784175873
401.19117368251756 498.58949155657353 409.2022870440989 508.4166244787148 0.13322080671787262
296.55983685827954 447.9072966554874 302.7064521691648 456.21749451198895 0.13241294026374817
871.339477148912 450.0385985910388 880.8233637527712 460.9756408297735 0.13152208924293518
335.4258041969164 533.5042023542171 372.44907683665303 574.1801276304684 0.1298118531703949
874.5242680123538 408.7050178559144 878.9288158050856 414.34215744108894 0.129791259765625
336.8828710624491 565.572474912721 380.19487403225287 613.350227071593 0.12896814942359924
813.9915873594904 507.5305769452546 855.0609458988347 548.1324255619975 0.12840761244297028
269.74188045773946 505.67432517529807 274.8644284632362 513.5899850472352 0.12678058445453644
496.66457283241147 351.8473688976132 508.1085337228054 371.9837808563689 0.12662410736083984
820.2938286575184 485.8147667738667 831.8698853599816 497.3520994006123 0.12659190595149994
865.00804041634 403.7879351203237 869.6248846655367 409.93899250422396 0.12613612413406372
412.3271758538136 450.60585383558725 418.032559453163 457.8345298661108 0.12589791417121887
364.0219237142287 495.5154287435255 371.2268195452192 503.30018844858125 0.12589412927627563
808.4577911716955 491.8881294075464 816.5966413553309 501.9492682186952 0.1255788952112198
817.7275654706089 497.44323537100024 827.8637331339888 507.83573599332925 0.12553872168064117
292.64596817503246 500.63298011142996 302.86671255839735 513.6119721064018 0.12540391087532043
319.05510330831623 456.29043343942124 323.3543818071741 461.451933233112 0.12523601949214935
446.1449604190658 436.70960710763114 451.82453190922445 443.78317038572675 0.12502838671207428
366.42681209150504 446.41067876489495 374.78856041485176 456.25292430484825 0.1249363049864769
318.9867169531491 461.0134570727161 324.75335360783146 468.74241401597794 0.1238875612616539
859.7154969184811 430.76878981787047 865.8609043838386 438.4372448100944 0.12379472702741623
865.8493195253407 430.453623938994 871.1803705280354 437.38869770687467 0.12358222901821136
833.440092146258 515.3656184475692 846.413467562737 528.099685739987 0.12348004430532455
373.20603427569523 541.9218799724127 404.75125495214024 578.9617114722365 0.12294186651706696
307.40171905650277 469.81242003380567 312.5264789957602 475.86138521044177 0.12270265072584152
365.28675226054656 430.79249551636764 373.9600472580058 440.20520923865377 0.12216676771640778
348.91851738214234 511.7392723537104 381.4129569216779 547.2298645615952 0.12210176140069962
326.29282768795815 498.08481942818173 334.77436007579354 508.4363534269322 0.12206126749515533
812.7752523942198 451.67836630444833 819.4404177227542 459.8979951137908 0.12189847230911255
810.134132780376 474.3982617226464 819.843127702382 484.9325250054852 0.12177620828151703
847.4192581129648 418.2567717957325 852.6502449272328 425.31845591413327 0.12166766077280045
274.50988811199124 446.89355888068053 279.68362586477406 453.3213991870699 0.12144313752651215
655.4755276268831 588.0952530530335 700.628957004233 643.0250250208205 0.12141872942447662
296.04247534923906 551.0147230833809 332.8601423850435 600.3414674652716 0.12113712728023529
307.8948974936367 454.5228960129337 312.0666137137707 459.66804446802644 0.12083087861537933
285.5736508684512 447.75833708385915 289.8650070187037 453.66786518483224 0.12061645090579987
364.0411302339221 501.42140010569165 378.00471667359454 516.2987680889408 0.12037969380617142
553.3071600845532 596.8975944101982 617.7904315453885 661.8253132407912 0.12016475945711136
303.54232603874306 476.1314058845266 309.3651347833007 483.3529304016234 0.12013423442840576
345.97259098812344 444.41329210128316 350.8788640450101 451.18434086448457 0.11993733048439026
807.2000200434607 506.5798431609965 818.6961136018241 519.8229210234963 0.11967038363218307
326.4057838986889 519.584839483538 335.0254617496141 531.4235714444291 0.1194910928606987
576.2946895475982 458.33384033855833 585.5114239770569 469.10048171681956 0.11948537081480026
300.3997097299711 483.27777926755886 305.3255429589383 489.1323294332689 0.11939683556556702
290.3560728970606 447.8406739991402 294.5187195972496 453.8353291487191 0.11923689395189285
306.34368654126297 491.6213156864667 336.9780201089717 530.9779411145298 0.11919576674699783
302.1292054054182 468.9647800281664 306.3221264298657 474.2211529726354 0.11913106590509415
847.3433279602806 451.8170304345278 857.0052452914006 462.903001267518 0.11907494068145752
407.55305916308765 520.7035280647243 433.3193232562279 551.0256906023984 0.11888563632965088
368.0914001268053 464.0582970049417 374.0947679171386 472.0650483294944 0.11861395835876465
848.4700185939968 430.8489095068311 855.454755160207 439.91067305024796 0.11853298544883728
296.70082063956767 483.3190703276903 301.94816191039996 489.1194640953051 0.1185138002038002
825.045666886475 478.9825850911293 836.188353137592 489.13088205304683 0.11845111101865768
295.02806885474104 485.9738287713468 303.69278833499686 496.5157212131122 0.11833436787128448
317.3163659164713 487.5378230492724 325.44427790860874 497.5171579785798 0.11813025921583176
492.5248542158392 354.25668243121214 496.1424993161804 361.5165088512273 0.11797235161066055
645.3133485218365 439.9100096199434 655.081412345986 452.3025306950766 0.11766952276229858
324.95177424304546 476.24907605621434 329.0649425426653 481.20813157806094 0.11757584661245346
865.9993138895177 406.3951095396394 870.0980817627631 411.86272764217586 0.11754254996776581
325.7963937163087 486.0445470612228 330.09596425232337 491.3938119727202 0.11744287610054016
658.3289953540498 440.6532662383944 668.2687718570379 452.88733612128993 0.11727190017700195
273.04623969883085 537.3392065831235 284.5467192508259 552.6783983098999 0.11718522757291794
279.70085278499715 454.6740857493219 283.8458667662037 460.0274233658998 0.1171828880906105
452.3544461030076 443.22810656572534 461.09584140985316 455.0186158217239 0.11699636280536652
362.87078861769726 525.9700494668278 374.88607345977067 539.3479687355436 0.11697735637426376
500.5788922769019 599.9252361398602 541.3580806703012 645.5189747549524 0.11682628840208054
286.6428738947718 485.19325664655656 294.3259139280108 494.93177462610555 0.11681938171386719
314.381584528179 483.0978385137034 319.19059930122273 488.74600118424934 0.11680694669485092
317.10115322160544 510.5284483473592 323.5314066284287 518.1265883498902 0.11674594134092331
315.72427870691416 496.6773954770489 322.01691925661186 504.42084488948376 0.11663758754730225
840.6397300290303 419.83458076621116 847.625591662358 428.64839036341033 0.1165844276547432
491.66930867861714 357.5559962286531 496.28443633026905 366.64225787995343 0.1165604367852211
355.13595819396375 449.12943798049554 361.17045620610696 456.62094491406526 0.1162836104631424
838.9412819294791 402.4355304563445 845.6223436192048 410.27538686177525 0.11621071398258209
485.2729049179989 341.0021364557315 494.27490401876304 359.8748573646553 0.11619158089160919
343.0701748232766 520.4894153444337 352.43004992588715 532.110869125203 0.11599402874708176
599.6188947560747 439.7435571527741 606.5018499961992 448.8475610190359 0.11589086055755615
307.19445906186485 493.6209315172344 315.0792477153286 503.20920441476056 0.11564502120018005
292.8144743037683 542.0576103309704 298.8450315998936 549.9390766970967 0.1154731810092926
391.63568388217624 570.7484550265143 432.2786733092184 611.4409541518802 0.11546902358531952
852.6068755195886 475.2564120231928 865.7106676084811 488.47803567775844 0.1150367334485054
294.9442775867419 466.65064764442036 300.08392465193106 473.160987769236 0.11496727168560028
330.6783810445323 544.1850989470579 339.9850231509849 555.4880339398952 0.11495709419250488
362.283519514027 450.3005738427974 368.78413531289806 457.6376083596139 0.11475802212953568
276.5955487329016 471.43901224098096 313.76484069954944 521.605172235328 0.1146235316991806
855.7025551380212 423.2118202486537 861.3707441942895 430.493897855426 0.11448743939399719
311.6107805883733 473.5670911418297 318.9342950400959 482.5911915251727 0.11448556929826736
315.17800778662365 517.8575974879924 323.12105601610085 527.8291754523177 0.11444487422704697
319.9396995766355 479.2678692113755 327.05116366501045 488.03536125377076 0.11434312909841537
317.038076154249 540.3344060774995 330.7367398227855 557.4674232525659 0.1143249049782753
623.0394665697337 708.5171021728266 635.4430722482593 717.8902169721982 0.11423515528440475
846.7263991234908 477.5180282380422 854.6090816348398 485.8883578826806 0.11419837921857834
335.86365032218384 488.39816417548803 343.3816232623357 497.5464390871242 0.11418627947568893
373.00782415472287 456.90367444026924 381.92601794039655 468.15779775897306 0.11415937542915344
376.22817952982825 473.44573288150906 383.55097361805576 482.6211614210031 0.11403375118970871
290.5252687783354 473.09732097172616 297.0061498877362 481.1758366327761 0.11370529234409332
860.8738022978289 416.6169762124272 866.0142689809055 422.91804790345003 0.11362677067518234
355.5269650388183 454.66840596859294 361.916849718392 462.53442346844946 0.11359154433012009
354.7111178068754 503.01423415559157 362.1682888420572 511.89069104050793 0.11349718272686005
594.0919558957921 708.2605068348053 605.9655803443219 719.2819798785542 0.1134553849697113
526.8826065397618 581.5574190440615 557.2430480912267 613.925258972949 0.11344628036022186
332.7917846987668 504.84488569873287 340.4361362912469 514.6210277756711 0.11338892579078674
303.25355333778316 456.2680113294216 311.9021971052068 466.9011072445983 0.11336556077003479
344.70350137769805 463.2046921601258 353.5184422012974 474.34352446659886 0.11331596225500107
362.59317875414973 537.4757199747576 372.51349143791117 548.7993052252885 0.1132970005273819
306.59723742036334 502.1272997316194 315.2196392519657 513.1622575437116 0.11329639703035355
279.51269479099386 467.2239918540863 285.4632680850019 474.6283720607375 0.11327587068080902
336.2313001123395 530.4797917639371 345.2651813726838 542.0663325260803 0.11310089379549026
344.8936501773977 495.52546851947704 351.7835277639776 503.6468999198691 0.11299340426921844
294.33040888341566 476.6203953761864 300.9865842012685 484.8115607114191 0.1129775270819664
284.1799681740553 501.01530206137437 292.7595785325208 512.9008762785953 0.11292815208435059
304.92367062847705 539.6223452982032 316.30137476954434 553.6347781771836 0.1127244234085083
328.76636481740707 461.1996004265607 337.25684058724136 471.9755555814427 0.11271730810403824
290.6244073496951 457.2790071734555 295.70198551716953 463.81840658729277 0.11268417537212372
439.09100248680295 448.07597096341664 445.29888138235236 456.24202051703617 0.1126396432518959
847.4583188768281 425.0335418931888 852.1581861417251 431.44645975877665 0.11260958015918732
307.2310091700034 483.33762862169056 313.631765354432 491.0097697254724 0.11257266998291016
322.83654031235193 507.67346754123156 331.6929992112728 518.6533676679495 0.11246120929718018
352.03715691592134 539.3194993505924 361.9100568519948 551.3271176371 0.11242392659187317
289.3110742155145 522.7848582429654 312.18309652961767 553.0886838837241 0.11230260133743286
309.59810158167716 478.20306526840176 314.99434117868526 484.89894763684475 0.11229407042264938
809.0628095360458 481.39441206723546 819.772011491188 492.2521286890283 0.11224154382944107
353.0122905513699 509.434207974899 360.78645548196397 518.7820081649644 0.11222431063652039
342.91600248042835 483.0504003204679 348.01886169836774 489.79731237638885 0.11219374090433121
313.86884611971743 487.84874772148396 318.8079015674612 493.62233162780245 0.11219082027673721
394.22268349157895 447.3874036417086 402.9869258563562 457.6979479639599 0.1120351254940033
344.72981309354975 503.7901296225071 351.99147675240994 512.641307311724 0.11199043691158295
840.952614662403 461.8971603309266 852.3076759935238 474.59021649397346 0.1119893342256546
360.74907216069744 454.0270161625726 369.51592425589524 464.6652199435598 0.11196830123662949
869.7916152987448 510.4826215591453 884.5707592775303 526.8653171877063 0.11187734454870224
817.6437536419389 476.89955180123457 824.9612766714746 484.5826209552702 0.11185619235038757
860.5328169317975 463.43399860617336 868.0145089461038 472.1987244922369 0.11184010654687881
364.8990698959262 439.7590059204158 373.33242317539055 448.8476447622843 0.11180703341960907
559.4181497429443 542.4065315972567 580.1951545437337 564.0585677822471 0.11178091913461685
841.0907128770114 448.91788802518926 850.4900371328428 459.83912989799865 0.11174740642309189
345.3859955042904 530.2666054972246 353.68581590410156 541.0136710210003 0.11161357164382935
363.70162591251847 510.21387210774975 369.85419863541966 517.3414267883605 0.11159447580575943
303.7720164680915 444.2694123230164 312.3148839920873 454.82291037979354 0.1115838810801506
778.5330127174537 465.80439649831953 785.140097555795 474.56407349710054 0.11154242604970932
397.4086895602418 466.23174596540827 408.3069848606523 479.7995708812727 0.11152263730764389
646.0683281741167 428.5854673791293 655.7434184616229 439.92401903573017 0.11144233494997025
477.8745794730141 354.2260291158331 483.47020329098467 363.29909493036837 0.11142829805612564
675.7987945120657 415.7443434920493 684.0128816224313 426.05658338541156 0.11126857250928879
326.28672495205177 491.2819587535392 332.1255416061348 498.4737360534432 0.11124933511018753
337.03766682954364 452.0293678739781 344.8756708222134 461.59216166003455 0.11124060302972794
437.1286207740092 477.79360258402147 447.2836017623263 491.1726223871241 0.11123442649841309
335.0942248731964 498.85983739075107 341.8730270621417 507.206828040663 0.11110701411962509
325.8879215132982 439.69945372783013 362.098044133182 482.10994341705776 0.11105860769748688
785.0972280130044 495.9107275527306 791.3343205583751 503.84983750225285 0.11103768646717072
373.1280744141735 499.2123550637108 379.82232357215753 506.8774702568529 0.11089175939559937
354.5996172909613 482.92611454509677 362.53645170077135 492.055226581544 0.11071444302797318
387.00316383372177 465.567313129159 399.64061238823325 480.8042196373625 0.11067501455545425
385.6460793031316 458.7125166103905 394.56727580984705 469.8827506058815 0.11062569171190262
337.4857963603884 508.6231820223767 348.51050965075814 521.9097939594968 0.11059851199388504
330.5184427966398 481.72960371107763 338.7431933776927 491.66017148811534 0.11059257388114929
261.6946417029198 513.3684769955416 294.2460778159064 562.595279290523 0.11058685183525085
312.7433537533205 459.6587083455816 322.17683699032875 471.36242104671646 0.11057858914136887
371.6259135135139 456.0752506618771 376.9881383101569 462.51119151189715 0.11057677119970322
328.83184008629627 437.7668617775816 352.4051797270607 465.25522210662604 0.11046822369098663
843.4918248965008 434.67899160254177 851.174683681872 444.38156542963543 0.1104404628276825
876.9092683756553 415.60759395517726 882.2410314260421 422.31600788114963 0.11040731519460678
334.4245462384385 517.4288460623138 343.38421948505425 529.0900581109249 0.11038091778755188
501.220705601869 600.3400445639261 559.5948314216415 661.7849289761385 0.11025018244981766
870.7920802350841 406.3705188620924 874.7601354211158 411.5741440445508 0.11024574190378189
343.7375842501377 540.8365166636728 352.4967081353568 550.8222190677753 0.11024105548858643
403.3905589522814 454.1432744312613 409.8967020197051 462.29833466441517 0.1101921871304512
319.30417141162127 501.92858165203404 325.2586430875733 509.0952768102887 0.1101645678281784
673.7164496531302 437.9452811478251 683.1113251846504 450.0401697182882 0.11014345288276672
357.3111943040232 437.9581852027667 364.466885185523 446.8617402661018 0.1101107969880104
419.9420263477784 504.8344903533991 428.80181944431007 514.8961410919837 0.11008232086896896
355.48529215338357 463.7830134176341 367.45375818345946 479.0288152907417 0.11003100126981735
844.0818969890416 427.0904046824681 849.4519584899209 434.03241062520794 0.11001955717802048
425.4972448904438 501.66613612883236 437.9738574046288 517.8956786189385 0.10998248308897018
582.2934870403556 522.8434097098853 606.4300148520119 546.590306614774 0.10994450747966766
354.1521853835316 458.30370695842026 362.8929540513045 469.08445514833517 0.109786257147789
851.1251067352074 444.2784422007723 860.3676490371363 455.67724047263386 0.10977604985237122
391.5887329229906 473.3452034400382 400.979158201773 485.0026926673129 0.10966095328330994
366.63187864334645 454.3635818705525 373.12175187976146 462.2209240372132 0.10963606834411621
280.6842046861193 485.3205634485663 287.45402680918613 493.74514439342386 0.1095506027340889
884.640389199289 410.5911588931634 889.411614959292 417.1649549841886 0.109395332634449
359.9119700887612 544.8613279663327 369.8133969397595 557.0159140403184 0.10936011373996735
403.95331460122713 462.2395341723286 412.85302774964424 473.8195997517287 0.10935192555189133
343.2408541692395 434.034284172486 348.9027107620649 440.9528200924951 0.10935106128454208
309.12963237444404 528.8118640668573 318.94983902787703 541.2719431763428 0.1092539057135582
330.44065460428516 468.38951172753144 338.85816336586043 478.436784831698 0.10921242088079453
473.5530772320617 356.92696815845176 481.1100289441203 367.9287518928239 0.1092115193605423
264.85502844486706 450.5632217170016 269.38906079018636 456.53467677847317 0.10919196903705597
312.0813536406478 447.1571768384193 318.22094513195884 454.5217173804864 0.10918673127889633
857.3312704703823 418.3013978003903 862.6320557367425 425.27819408665596 0.1090715080499649
385.0886902085939 523.5024423507964 433.88261250804106 576.9169393499594 0.10903714597225189
282.5239750561186 521.460661154465 297.5839690076732 540.6749901621964 0.10902827233076096
273.4347287839621 442.13802826180876 279.56663935952406 449.95636964625606 0.10899648815393448
365.240429293211 503.29066034998675 371.46404248248234 510.31246730123803 0.10895469039678574
302.6330783339992 462.90381214026706 306.5275367618622 467.9659086968065 0.10893597453832626
352.2952326123702 493.6099745956453 360.11599456593274 502.7922106624525 0.10885025560855865
512.7566045563556 404.91044734524473 521.8781959466631 417.9377259045773 0.10881491750478745
837.5654460923259 433.8962228144993 846.2630615475676 444.43923438166036 0.10869131982326508
541.6839572582975 561.8103711190793 558.3321064201316 579.6212482354397 0.10867353528738022
867.2987293782835 416.1050366179833 872.7231220598748 423.267233918177 0.10854732245206833
838.5197618474122 429.0755572453269 845.604662284032 437.9783511198377 0.10854251682758331
372.2512182644384 529.2312196576481 388.8017108736295 548.8017633208992 0.1085040420293808
295.8639727089399 456.86211716067277 303.65066479011927 466.8575904985446 0.10846935957670212
664.9973981970231 450.0995409965013 675.8184468786891 463.3006635655205 0.108462855219841
273.4307015748154 457.60766956689264 282.9159387305771 471.012099560862 0.10843147337436676
453.2303113882069 453.4612971165247 461.39481061955314 464.41666035019 0.10833682119846344
370.15196717437783 467.9836125575293 380.09609015599347 480.49771741988457 0.10829394310712814
394.6409275638236 436.80285878277516 406.0379918084151 450.3862377707602 0.10823718458414078
298.28040895451164 542.4915947149491 306.6555218550895 553.0240054162213 0.10823158919811249
869.9408525201333 438.37717597135617 878.0269451832099 447.8729157052391 0.10820920020341873
792.7315381518229 490.31583649839786 800.3110226507272 499.5747866841913 0.1080624982714653
281.36549050771146 459.4131105389837 287.92214008066634 468.2453936307009 0.10806240886449814
864.340091723857 416.14300212777584 870.4223542253256 424.23984530866375 0.10798384249210358
402.9373141078598 444.3404789416527 411.3258527274559 454.74434831169674 0.10794135928153992
373.1460854180542 508.607557659591 379.4392708489992 515.7388243428795 0.10788559168577194
660.5737527473183 428.2835910027531 671.7175909337004 441.71583400079743 0.1078568696975708
311.6969295274903 487.98846720858336 316.46794247986975 493.7460138198593 0.10771910101175308
283.05545818444017 475.3926155658557 291.3025410951502 486.0830079593901 0.10771044343709946
437.0844936771906 511.55964928590686 448.44125609645084 524.9705101223681 0.10769729316234589
851.2214232608804 462.60665809379867 859.7427978523579 472.30377411044935 0.10769715905189514
783.2634475946517 517.7745970023293 793.6726305856108 529.7543894587945 0.10765793919563293
374.0164119026505 448.1913302191267 380.84890328140176 456.56380361129425 0.10765115171670914
299.4716980811503 475.7235076911082 303.9471858927462 481.19853882364066 0.10762784630060196
453.24442776517753 616.5582750634011 524.5042490310316 691.6868660817412 0.10759852081537247
364.9523743231001 479.2887145887162 372.47676474743037 488.48682756923046 0.10754028707742691
325.9979172727379 474.2918427546609 333.9226393962293 484.09711290302994 0.10746218264102936
793.2696998906653 476.63920182974795 799.9141307458119 484.2255285851165 0.1074540764093399
285.99245683517273 535.1333185236542 297.47698802428835 550.573444499564 0.10743779689073563
836.5323793052836 480.9224971438454 844.1570805243638 489.2356646432788 0.10736066848039627
326.652166691992 458.64591642971635 333.5919087449095 467.04254761263707 0.10726546496152878
382.66659195652926 521.512162233798 391.954626139691 532.125035662633 0.1072082594037056
413.60939853167395 484.9503758572105 422.5709244737723 496.62572386308506 0.10720773041248322
836.1390298441898 506.00761326142305 847.3384363202291 516.299398064904 0.10720386356115341
853.2775857220306 461.6814797444281 867.7467864817984 476.6837467881026 0.10720118880271912
868.2565465395454 408.5368466162628 872.643856501214 414.16785840525694 0.1071755439043045
378.3167490592879 449.75033643929424 384.91527190881925 457.59768398034595 0.10714764893054962
839.0735255826592 440.43219520396445 849.8258389633692 452.5982941062586 0.10714709013700485
282.8357455943686 454.2226918297444 296.9581663148376 473.5287492255057 0.10712242126464844
311.5625765495439 509.33098457500404 316.3361652896485 515.4506318083509 0.10711320489645004
328.5822328328088 444.38932959551886 335.82162294557344 453.3743099804304 0.10710705071687698
845.4911462712137 411.00576459022926 850.5671800641957 417.37610440778326 0.10707378387451172
318.46568647814354 467.77608490335615 326.5001961076004 478.02009001906475 0.10699769854545593
853.4630242564878 512.9144661578309 866.0280421845048 523.8931418028969 0.10697708278894424
375.804370568233 501.79295777485635 386.83421727346484 514.1848706186049 0.10696792602539062
841.6893854333686 494.8525554835536 856.026418942771 508.628849161153 0.10696153342723846
362.97828904941736 487.6465916414693 370.4932691708684 495.8326046844268 0.10691216588020325
855.64843667217 429.7419107918093 862.5175467079754 438.41568454302245 0.10689415782690048
380.9012386403629 456.9909270378862 389.2488413903808 467.2899344719278 0.10687301307916641
426.9853786411358 492.70831153857137 436.04829392100316 504.5344160094796 0.1068718284368515
671.7853419331179 427.4380970488099 680.0724274480148 438.23017279917144 0.10685426741838455
609.9144895140014 421.33840781717 625.495083728424 438.13579423602255 0.10670794546604156
840.211739525829 473.25889887883847 849.7067570015187 483.30350878473814 0.10670693218708038
343.41980533782095 456.9149182154135 350.7585785924283 465.2869807768624 0.10668012499809265
303.14540444635577 513.6655638901798 313.2091494388851 525.8354708297713 0.1065923273563385
317.44467581171716 452.8409042175583 321.870261401227 458.26559525368486 0.10657716542482376
692.0093324938935 459.26525714121277 703.5855427798851 474.744731086804 0.10650323331356049
287.7976262416603 468.98888132177404 291.67729074306027 473.95399423679186 0.10648708045482635
787.4212565204109 455.2211293796788 796.072223752165 466.02234326692377 0.10639012604951859
365.28867848150503 458.2004589015255 371.53677846128977 465.6902362414723 0.10623184591531754
313.84746717873895 454.3702648660478 318.42596030186667 459.8993338351531 0.10622887313365936
820.0020520496473 465.9485819790771 833.249882890497 479.97971168232544 0.1061391830444336
841.2807651987204 484.15727187947726 851.8637454081891 494.78557319035554 0.10606087744235992
809.2622345189149 462.7837813359419 820.4167746179357 475.25280958477754 0.10604935139417648
797.5745406978377 483.35856775746345 807.1614309887993 494.3738345084994 0.10603192448616028
337.82283395668344 468.6819279945225 344.4693897091223 477.1534321634456 0.10602252185344696
672.971459389713 423.22275794969704 680.4957688569841 432.8265671625876 0.1059936061501503
607.330484873991 435.13937868054927 614.4487259985781 443.4818325124012 0.10596626251935959
355.7545630670403 433.0840914018142 361.8168439495385 440.92967607463817 0.10595408082008362
372.6616117990802 481.47120882201455 390.167570061326 502.72364741812225 0.10587143898010254
863.9136223785476 411.382789960451 868.3618615566905 417.0029756022974 0.10585705935955048
860.2852664133924 451.0662374582837 869.3274585717285 461.84379312384414 0.1057865172624588
371.57756251622993 437.6874264570684 379.34608257757316 447.4066577891963 0.10571508854627609
804.9447092088507 466.12838521719533 814.8305655431617 477.89125344675455 0.10571089386940002
843.6837228729166 510.5876284202706 855.1483209800135 520.9829442824337 0.10565554350614548
803.9877604692776 469.61643960908924 809.458239412663 476.4951032317916 0.10562960803508759
665.7647926107398 406.69659472467094 678.5798526273475 422.033105729867 0.1055842936038971
521.7546691941312 343.14192686502486 537.581389544342 366.85233761419653 0.10556335747241974
269.4439794166061 513.6458998972387 278.87210497540826 530.3525649169279 0.10551096498966217
356.91189687796947 443.84942922874615 362.832536734192 451.0932578861609 0.105448417365551
586.1254922258153 630.0368430995022 641.4470033544162 686.6137264768706 0.1054186299443245
865.2165856066557 456.584125201061 876.7611832831665 469.4109245227861 0.10541617125272751
337.31550428049496 480.2375759795042 344.94462986929983 489.6034422438352 0.10536288470029831
826.7977324057895 448.54448864460727 840.7053072920903 463.774303298615 0.10534139722585678
335.9336474112586 523.8722043176375 341.76070844039896 532.0640581604308 0.10532546788454056
343.0870966265044 480.7113658493688 354.7914971823124 494.82846477542915 0.1053103655576706
797.331766707318 520.7814104658491 807.821172112269 534.4543227730918 0.10528610646724701
295.11981038412125 521.1745014514382 304.96627077379173 533.3986951620109 0.10521725565195084
292.9265473029778 450.8694482203641 296.902105662568 456.44702684715674 0.10519137233495712
802.6459215332163 476.4959588299637 809.7608037871377 484.8521515311364 0.105170838534832
831.6817509645587 464.6900001700895 844.2455475085204 478.04297173582336 0.10515881329774857
614.6354601861419 440.1608547557643 625.7532238743349 452.85804866021346 0.10505607724189758
378.46108776692466 466.4312080336296 387.39758566237134 477.10564169764814 0.10494643449783325
286.67432263805193 443.4332947274625 290.184342090424 448.2076258883941 0.10493612289428711
326.67091245562415 452.21602383116664 331.2724945587188 458.017820744718 0.10493560880422592
789.8572032729178 496.73784737267493 798.2946505915344 506.74959760433467 0.10492324084043503
342.40710910671754 450.5228950519017 347.8023222071043 457.3661421168662 0.10479122400283813
307.84858950890964 465.82443914435953 319.08374918017165 479.8660183467952 0.10478933155536652
279.5402171691263 507.94256615861536 286.8155676306244 518.5631658580057 0.10478352010250092
801.6158226265237 433.7810627845019 807.0899605613444 440.614045589362 0.10477088391780853
868.6889886100975 403.53660628916333 872.8518756809278 409.2238299040212 0.10475648939609528
463.2979123689541 443.31550399235437 471.19792994823456 453.8498937115818 0.10471414029598236
870.8198208257775 425.10772720370335 877.6294812430601 433.3992248809381 0.10465402901172638
667.6123967552662 509.95426344095983 702.2698999978086 560.5083447809095 0.10460284352302551
281.19576728381816 447.52341310333725 285.69599612766257 453.50622602361153 0.10459363460540771
798.6748703636387 472.13968755396604 803.3410681776809 477.7978387280993 0.10457105189561844
872.9857960949155 412.5749958211693 877.6290801803982 418.0863345769049 0.10452958196401596
795.6541984030623 465.517175436732 802.0691182040563 473.6644304457629 0.10449222475290298
628.7812286385205 424.9205977595644 640.2498128164686 438.2842699408431 0.10443262755870819
360.51524368339136 472.50338895671155 378.00279390304803 493.7006215480403 0.10438960045576096
319.717582100536 477.3841632244553 323.6420251353387 482.22035382198845 0.10438010096549988
810.7946952420929 500.0622355337283 818.7760887375244 509.2687392627392 0.10433431714773178
349.33613695458354 524.0929231755596 356.73657337142885 534.507579929689 0.10433103889226913
822.1503972068955 520.5998093357255 833.4458890617489 532.4288943784132 0.10431984812021255
840.5719103819489 412.7234149566875 845.5234022738576 418.81568149219527 0.10431338846683502
334.8820726730692 442.54501927058067 341.2331324879755 450.6345181834106 0.10418564081192017
369.7153082107134 510.8399930218547 375.539534934764 516.3233844420762 0.10417751967906952
331.6978140180948 554.0577954269464 338.75225223799976 562.4503738780835 0.10403183102607727
313.66346250683165 441.5133164057272 328.5719803178154 458.8836623577074 0.1040148213505745
370.2144896732516 550.7021037798843 382.413738833236 565.0769143243872 0.10398764163255692
827.3634682191084 501.59886637833 839.3573598315566 512.5858625975414 0.10396912693977356
273.49301066018614 474.2915627103781 283.39440234200896 487.3074736600711 0.10395635664463043
346.9605242854972 477.75074979412994 363.7322069643398 498.5366898847673 0.10395137965679169
832.5673734301322 474.00627915048227 840.0881410613492 482.6057632009799 0.10394810140132904
679.2181127436253 388.7688903198228 689.2067472567999 401.16317701143953 0.10391457378864288
383.69178684933576 535.6522443736206 396.3996869624474 550.0992440315567 0.10390081256628036
381.6087020677967 454.75604733479975 388.1775488958603 462.58347949622663 0.10383822023868561
649.1131414120288 457.01980310542774 667.1679024616677 479.9322179591629 0.10364385694265366
347.74610433170255 476.4337095933981 353.6676501975921 483.4771045583426 0.10364226251840591
818.4953466976017 536.4850821898901 835.0998733289838 551.6757688596389 0.1036360114812851
349.28025283848274 436.86756659781463 357.27365474201594 446.5559490212062 0.1036326065659523
390.92531389414137 440.68753564366324 398.8783506142303 450.41069441959337 0.10361426323652267
376.2832489180489 482.3073457492046 386.38194247052843 494.5514767298682 0.1035519689321518
652.6048461096441 404.16992896844016 663.5704278528358 417.50065863229156 0.1035156399011612
875.473333951979 430.8532572491643 882.4141600529163 439.87891827395015 0.10349448025226593
345.68909215565344 452.16858633780214 352.75432198129363 460.3704986104133 0.10348448902368546
836.1674070118396 407.6754664289543 842.3124078519414 415.39010702265875 0.10347935557365417
847.423824771364 521.290685565709 856.5630007887148 528.0015855816573 0.10343972593545914
390.7247418749553 416.13476998577624 424.1558315326679 456.81000326901926 0.10339705646038055
378.214530568912 512.1579727343944 386.2891875987129 521.0454665362782 0.1033514216542244
810.6104777644506 447.6406761938434 814.9406873694429 453.2767315774668 0.10332224518060684
295.4204481355778 470.5376247532035 302.29170400909965 479.26827245847807 0.10329154133796692
827.4391970254813 490.5614785127956 843.2198551971381 505.14563514329006 0.10326381027698517
665.8440751994649 396.96348470747637 676.3768690679492 409.9074805418855 0.10322593152523041
851.2592893879944 421.11317841675606 856.3141864295654 427.7937654885373 0.10320205241441727
404.20320243873425 431.41615754436793 412.9522746582425 441.7903930927246 0.10318270325660706
852.3534590640887 487.6661468560758 864.4577320464034 499.80601753697715 0.10317663848400116
653.4659798262427 434.658998436589 661.6195613444017 444.565993152391 0.10316024720668793
831.5290972998216 485.52950398347866 842.5635351333702 496.7681821940304 0.10310910642147064
304.06557469306534 532.2152703156984 317.04545146364063 548.618374728441 0.10302363336086273
802.6344520231969 480.48290011845063 846.4881114466533 525.9705691513599 0.10301027446985245
338.26363236434025 497.73372852797155 358.07277172523334 521.694433767028 0.10286663472652435
781.0260263615005 478.80885015898673 787.0770498365537 486.2466502584374 0.10283233225345612
797.0034004662647 506.30469588738356 807.0950280049935 518.6642153611966 0.10268981754779816
341.7367172974182 475.94262586168685 347.14385463680765 482.8461180486218 0.10267175734043121
359.26799109915186 492.4116399703839 365.4267701488788 499.8012082786577 0.10266954451799393
402.17296390179547 483.0864712108124 423.0557473975809 511.04458182520676 0.10264986753463745
858.472908942234 412.02188771903695 864.0132107847893 419.02808010063865 0.10261166840791702
857.5804731757491 535.3959301556217 871.1795797508307 549.5812751369746 0.10258268564939499
794.0442920648119 482.1074489353949 799.7940547161122 488.9274896365605 0.10258132964372635
333.15627818445034 495.9822574121086 337.91515883856516 501.85271094254415 0.10244986414909363
675.4107953567012 591.4874779042705 754.8349867455685 672.7444872900625 0.10240644216537476
375.3621769104883 494.70767582757577 381.6628263366357 501.87791620963696 0.10239547491073608
845.4242624721583 405.92746721783186 850.8265879953643 412.5196253266588 0.10234431177377701
342.9339378880452 436.61962737009844 351.4338992852374 446.67723452035295 0.10234314203262329
423.2376863950901 450.6181012027635 432.7020772925303 463.1380468321251 0.10224845260381699
534.9341509215832 630.7329839930281 585.9460422632822 686.2522272664585 0.10215053707361221
319.252695055804 553.9302677022644 331.7612254316323 569.3443052457839 0.10213866084814072
379.41736148625836 528.7199249059732 386.2000988295813 537.3964484877787 0.10213799774646759
801.8642126757799 458.6125344314272 809.3867412239983 467.55772611648047 0.10199899971485138
641.4470339519736 411.25673331440504 654.6993385067934 426.6608618365271 0.10191371291875839
687.6770677261113 446.8275423546821 699.047978360891 461.31251927036396 0.10185937583446503
856.7730575437577 510.64206770886454 865.0337194295024 517.4988807340694 0.10169047862291336
786.5121268766637 440.9062334079851 792.0024222137163 447.58312613078397 0.10164524614810944
350.5810928236537 449.8943015027408 356.8309888978575 457.74897346877003 0.10162670165300369
679.6548078897551 432.36834427923753 689.6275826043042 445.31656284510586 0.10158481448888779
852.2403962533285 416.80476273776554 857.6914183838979 423.85539272377275 0.10152675211429596
858.681536686619 405.8210889124194 863.7549373278194 412.34523233577846 0.10146764665842056
455.31591757275316 470.1566666184009 464.99886204944283 484.8502445787846 0.1014246940612793
684.0793729672096 424.11614213260634 697.2974641366741 440.86790247152567 0.10137374699115753
753.9471946333167 599.985694485203 832.702688892053 662.1383187740631 0.10136012732982635
360.74034689587205 500.5502024187537 366.1571156160217 507.07195145098916 0.10132645070552826
838.040471248223 442.4959655746157 845.3456174207195 451.2599547799002 0.10131735354661942
785.9712773356738 452.4421425921166 792.5132172215461 460.29827478041 0.10128334164619446
321.59421550218826 451.84184053650154 326.88815661037876 458.549067898868 0.10120734572410583
875.2483656440563 404.1048844294303 879.4883515692959 409.70596811639825 0.10113898664712906
785.744249836452 489.37821214793576 791.7030792157822 496.9380815124619 0.1010761633515358
277.94183662571766 450.4556538099127 282.49366202248916 456.29443391056543 0.10106378048658371
357.1238158681001 517.3123015982394 363.7849210286706 525.9339802256908 0.10105933248996735
868.1372581570481 412.6959638291729 872.7029445287084 418.38264838318383 0.10105268657207489
373.7990649586297 442.48906997858984 379.91425165423044 449.56844866837963 0.10105138272047043
524.4968086492506 562.9703132890968 563.0343015851557 607.2104457174468 0.10101166367530823
358.9369150955885 513.091738871245 366.8268256171535 523.1428602760441 0.1009117141366005
375.0328428071309 431.18997263348257 381.8462060107223 439.52525558138177 0.10086147487163544
657.6566595176649 415.1253329181267 671.0933337402971 431.3823640919035 0.10080161690711975
799.9870380867208 484.65776717949745 805.205400758393 490.6762364271204 0.1007898598909378
855.0110430856274 407.2511354789554 859.3631247938184 412.85154621692095 0.10071616619825363
808.8433274712527 425.1056388746072 814.7910335407807 432.5701043971358 0.10070957243442535
853.9116840336444 401.493772426619 858.9342166295123 408.02030587529487 0.10066670179367065
425.43639086767735 479.970997086365 436.8921131788752 497.06919808620125 0.100642628967762
789.9363164745155 475.28996460339727 794.5759026179339 480.8504471424142 0.10057589411735535
432.10653798095325 456.5888621772256 441.66245499918216 468.9806210747126 0.10055949538946152
306.2118442166589 487.7631375514567 310.2739900874434 492.6984071246727 0.10042890906333923
354.3218784910463 559.8007588571515 367.02997217349935 573.9898573488584 0.1004103496670723
319.5779483104821 449.3861079450444 323.6510952811144 454.6171383334881 0.10032529383897781
647.0153153745039 471.6636860878484 660.8336032205959 492.7603323604635 0.10031697899103165
270.31566029940467 504.4100086989622 294.45178780184443 539.4165828620684 0.10028823465108871
370.77769525896616 487.2167891514967 378.2726275644886 496.0165479518033 0.10025988519191742
849.0373286696578 408.6862082683471 853.4868550465891 414.1914954004529 0.10020381212234497
301.93506260086616 463.2606047894941 325.03159441860566 496.155709392858 0.10019633919000626
861.9541583905515 402.7648473153452 866.3937047018259 408.8536169883716 0.1001957356929779
288.83986042424704 477.4685020339715 294.54211773791155 484.51090464670216 0.10019327700138092
806.4547267724636 442.55968737382466 813.3032570349047 451.0654134787048 0.10018567740917206
389.55755649385696 486.38719872748686 401.37486139804537 500.6036601167536 0.10014992207288742
346.0888404999315 556.8074449808727 356.474924991456 570.001088355147 0.10007929056882858
409.30273312857526 520.3268081080995 419.62730033973446 532.7632611322483 0.10004086047410965
805.5659647551132 488.02429771568836 812.0577991919102 495.4030026110772 0.09998707473278046
327.4993820547557 529.6261254575263 340.73059189434275 546.1909512379849 0.0999298021197319
340.7716324925499 494.0623937434672 346.0245456058418 500.37823156122903 0.09990061074495316
394.36714091038453 508.32551683076514 406.9939347147806 523.6033725246675 0.09983436018228531
790.5761310105185 509.99337177157935 799.7254234227613 521.1544494964064 0.09976855665445328
285.51386132027454 441.6496129766964 307.71797245117057 470.8802297031736 0.09974842518568039
820.7332602433528 433.5492629342389 834.482971317697 449.51964554746434 0.09968265891075134
400.9194249591636 474.1355576479046 413.1586229998665 489.78705358408416 0.09967513382434845
355.2067562469697 524.4266296073476 363.11513590455695 535.1076429347381 0.09966225922107697
673.9112910637325 451.8527498265861 682.2977576522524 462.048308506667 0.09963832795619965
478.5859640869099 447.29805558429877 485.5300497889988 455.6705366112186 0.0994848683476448
694.8534428421335 439.5647587322787 711.4482189580001 459.51155172892936 0.09929206222295761
782.3669088942189 442.02006858535543 788.9284444351784 450.0609411372305 0.09924764931201935
837.0275749471414 527.5022961386156 854.9230705082265 543.2760095067576 0.0992276668548584
834.3859086203694 424.6286599531756 841.1483889500122 433.3337080855369 0.09920009970664978
292.12708608190763 465.3808190674095 296.73347403431393 471.3096132968175 0.09918069839477539
597.5587661262085 446.1691333867685 612.514647688531 463.7975240301803 0.09910804033279419
323.8308987492245 460.32371594905186 328.99752199173224 466.87101230734254 0.09910786151885986
852.3571734416149 426.7838970347763 857.05506308048 432.8284746635783 0.09906721860170364
958.090475173443 440.1994460881722 963.7564290238283 446.8051324685798 0.09900765120983124
803.9674674780497 498.6746344578105 812.328269606989 509.03729767785313 0.09895061701536179
359.71743909575605 430.6172832373779 365.0429614208771 437.2800210110744 0.09895022213459015
599.3394547122681 424.9152945733592 612.7364064244091 439.46971368570416 0.09892092645168304
375.6218789254347 517.5748042901299 385.2228295400948 529.5066270990476 0.09888564050197601
878.1633256784751 409.0588874347219 882.9251654481958 415.26998760226917 0.0988561138510704
808.6207522956317 452.8513929504295 813.3797695992763 459.01066536360224 0.09877192974090576
659.7349588578177 542.8971358740297 687.3578396575169 579.8325725 0.09867491573095322
782.4693253860003 460.8622050151502 789.978052097655 470.6154124096679 0.09865131974220276
324.37786269899914 501.57595711677874 328.9722050359755 507.06285830856586 0.09864064306020737
872.0746360699734 401.06714853212685 877.6520523010793 408.3960244570437 0.0986328199505806
632.0535809457534 443.9890417396708 647.4322272387934 462.8416477126902 0.09856477379798889
801.2937562667076 518.004681238113 816.155253711187 535.4819523900952 0.09850668162107468
854.9369105125387 522.097604359063 868.5606499806522 534.7786778690403 0.09847427904605865
849.629035211377 412.2799606816986 854.9808037096611 418.9924858231328 0.09839579463005066
553.5794897524772 601.9055064465557 580.8153663929239 632.9759115643598 0.09837254136800766
309.47693834672384 451.6575226207729 320.6382337859425 465.81005663317154 0.0983520895242691
384.81062377517776 435.2172349974066 392.78365443625415 444.93272386398945 0.09831344336271286
574.361155003474 442.8421559563064 586.393652341982 457.6356292660933 0.09828217327594757
802.7663557281529 448.48352899303853 809.7658955849112 456.97357417360837 0.09826146811246872
326.8133601161445 507.22787321097877 333.6895019075237 516.1931588697416 0.09818542003631592
403.14948596391514 459.8101112965615 423.2341204252096 486.162812944019 0.09817473590373993
650.6802703942143 446.39089902659623 661.6719447659824 459.5496104681828 0.09814886003732681
351.6145615976176 434.1289219378141 356.87981545165565 440.63256303491926 0.0981329083442688
387.1356425840553 524.9937709570404 396.5192059747115 537.1958250824697 0.09812458604574203
593.0741839935132 452.30254481142816 605.5163899092457 467.1757092098201 0.09810063987970352
853.803976241232 411.9900802140659 858.9107041446028 418.310046018073 0.09800321608781815
305.49828845685016 463.9042589029839 310.6418955888945 470.31429473002487 0.09783823043107986
431.5040399797405 570.9028299335463 486.37063133080665 629.2674707779574 0.09777901321649551
645.3081820692244 421.57975538500705 665.7909308483491 445.4721643167269 0.09771987795829773
347.7103857720908 513.3201258708548 353.93144017114145 520.9197115170213 0.09768059104681015
785.5996939905967 475.6010903238952 792.2843578074232 483.79359264479604 0.09760263562202454
563.7670067430244 450.99240106256735 576.122070019207 466.3974434806022 0.09759628027677536
874.4351177703932 464.295913697834 888.3032996556292 481.775566772214 0.09758355468511581
893.6919155544426 432.36669612137035 904.8734846688399 447.234514172146 0.09753838181495667
876.78393260505 423.2880099317977 883.4581028667266 431.8919019255687 0.0975162610411644
385.8045465611439 505.54782491157806 398.8861168248609 521.1231216623386 0.09748974442481995
786.7143809665713 501.31362779725225 795.023341861968 511.54950803651764 0.09745466709136963
631.1733579924138 437.6608815718547 642.9587165237429 452.4376776615116 0.09742829948663712
410.6394495243089 497.0193857195193 423.095329059489 513.1987848820064 0.09733948111534119
831.2429897419686 442.760440376067 839.7023497865198 453.01252313122797 0.09733175486326218
946.7338639365886 458.7289402230354 953.1110157793943 467.7127354005512 0.09732645004987717
569.2950950589293 482.4408611896737 595.4830738157656 513.330274001025 0.09725248068571091
452.73607694809533 433.1532725652616 461.19878172249213 443.9369075762564 0.09723567217588425
302.9436521846797 487.24310784613436 309.39252130378793 495.3059097736747 0.09713525325059891
831.8685918961255 433.8107459880012 839.7875354547799 443.95901046404026 0.09712173044681549
553.8573784984844 453.1373600705566 564.0252166115421 467.08777325441355 0.09707499295473099
564.6088986413074 511.28838873722987 589.2855026764216 536.216216885529 0.09705094248056412
371.4233791992571 526.0668425061122 379.1800249501051 533.8561527571765 0.0969315841794014
360.0395078361893 479.143057639272 366.4456558057042 486.53650902588515 0.09691077470779419
325.5785856450515 444.2544556927686 330.55395600697284 450.6380737164668 0.09667345136404037
591.6840003987459 475.63140971645976 615.5384715920526 504.3078178608692 0.09657499939203262
796.3673095938922 450.1662595336448 803.4025081433103 458.83758012220994 0.09651480615139008
299.61466992407054 467.3231091823234 304.69477144532533 473.8454523538278 0.09650874137878418
323.06168117551675 494.75658989124514 328.26912611142836 501.3684451531422 0.09649032354354858
584.9563973164836 445.50180780749236 595.6117235676392 458.36433439055435 0.09644721448421478
377.68779503609727 490.1190376580425 397.0579451028406 514.1887373236567 0.09644445776939392
725.8900442435106 375.89227176786545 758.1914475140031 405.9418436934486 0.09640295058488846
620.6439857860789 418.5238730442452 632.8440341542359 431.19790994042614 0.09630714356899261
353.9599767819165 476.2832528930378 359.102002812269 482.56991918177505 0.09610313177108765
350.94319753067504 501.1952433011837 356.6527026873452 508.03955844994954 0.09607364982366562
878.1359011904736 437.7235229337862 887.4650491766497 449.6921345617781 0.09590994566679001
430.578261808405 435.3257428105633 437.3352612088845 444.4280080682283 0.09585925936698914
680.6900458803382 414.64048558805433 695.6701253653754 432.99138162593596 0.09584566950798035
392.62090224115747 516.4735803208747 413.7692476322833 543.1603714068536 0.09576837718486786
421.1990006468532 461.7128703511408 430.5832791017811 474.3877463212675 0.09568648040294647
628.6936836470652 407.09981703921284 646.3069482913053 426.86682287439606 0.09563940018415451
619.3683476291703 479.7418608144811 642.6411311671582 507.59980776431183 0.09556888043880463
807.8082336749803 459.5804572476866 813.9867233865463 467.2235144672834 0.0955493226647377
633.4712592771165 396.0958352632435 651.0740532253199 416.42561369074025 0.09546753764152527
447.9992149479142 528.1243231148676 489.27877915908283 579.9617687615493 0.09545542299747467
636.0799217125123 425.55501778115 650.6064025542952 443.30959284746706 0.09544353932142258
348.09884675619315 507.00943380733554 355.11849028180325 515.9374833352089 0.09543072432279587
578.3276527125612 470.9052751978772 590.9511691756331 485.79885245638485 0.09536118805408478
468.8513260156107 400.78624008255724 483.1314149233528 418.7534861363829 0.09534013271331787
783.1728183553986 510.6043661867275 789.0867862605857 518.0393195758201 0.0953400731086731
358.2827845541476 537.7506635119167 364.86635993191715 546.3987481347456 0.09532355517148972
336.5703108209446 544.6117744892773 342.2015179058875 551.7391242655058 0.0953112244606018
807.9049334726413 434.5115039725993 815.4723839815207 443.855554475724 0.09529567509889603
633.8786504767453 460.58834340583576 647.9102921928904 478.030580621284 0.09527652710676193
607.8384792185012 387.8623480022775 618.9694325154722 400.4291185400643 0.09523126482963562
603.2360024156295 382.50344531602775 627.875716667483 410.55980936848664 0.09522630274295807
408.1903892360783 601.3448162829367 483.10387473133443 683.4138864323234 0.09517313539981842
852.3345095149238 536.3519066393286 878.0571550886548 561.7370426236059 0.09513983875513077
650.8932756309397 483.23685351900383 674.2478479921364 515.3045376385163 0.09493899345397949
382.1008928563578 509.23072938473155 397.2173715652683 527.694355354009 0.09493843466043472
775.5242544429271 459.14834532529335 782.4887827870708 468.32724961250636 0.09486829489469528
807.8168488797768 431.4661318596722 813.1648971717483 438.442032069265 0.09468201547861099
925.67318708136 465.98222350508036 933.3176693012641 476.07752638950285 0.09467457979917526
636.458872963193 458.9328684202098 644.3269705494606 468.2155186275489 0.09467127174139023
786.5948099351807 480.71746818745737 796.005663540387 492.1646862646653 0.09464523196220398
569.3891113840632 472.9471706297727 583.4130702460882 489.1904905877504 0.09462074935436249
868.9597428122119 494.753652803963 880.4182369134327 506.49952282575606 0.09459113329648972
343.4961048929501 545.1035561808625 349.93295973859364 553.1193908637165 0.09458209574222565
429.6158076812551 467.9740117376275 439.47398507922395 481.2714159702096 0.09457381814718246
555.2018842108479 441.04587565580425 565.1222022694632 454.5855468520887 0.09455433487892151
605.287423687016 434.9080759393512 626.531960515093 460.6482181872387 0.0945454016327858
621.3938881638447 450.78643585451323 634.6392989267542 466.89257035374186 0.09452458471059799
971.9610077236681 438.74353495976385 976.8779950401248 445.0593888399963 0.09451809525489807
609.4449748397718 560.6351439099891 626.2198469744451 581.4243398547403 0.09448019415140152
416.4523133093979 452.12727295032147 424.52744629078126 462.9777861625967 0.09442052245140076
348.1442516475159 428.3241615821346 354.6561952996714 436.62908228273585 0.09414318948984146
849.4199467765748 402.8948032328035 854.9823175686098 410.1544558615269 0.09396464377641678
779.8914660723068 486.8375327030631 786.6704032021327 495.5428545556962 0.09388991445302963
440.0265944555897 434.44432114411455 446.65431022494874 443.08258230168946 0.09385981410741806
626.5530926705106 685.5597787646675 679.1455807407742 734.727849822169 0.09384789317846298
852.2161537233284 455.4188467407988 861.3382190415703 466.29256574033457 0.09364567697048187
605.5485533535253 498.2121882026223 629.0332641832533 522.3240644245911 0.09347177296876907
570.8484585307644 437.64099836662285 580.1054587835554 450.3147663534278 0.09337016940116882
298.9555702563361 515.8331702504867 315.3490421323202 536.6865386217971 0.09308487921953201
961.4173617843703 459.6862527304432 969.8758307082776 470.4879774563828 0.09301415085792542
870.2210851046686 474.3374974775425 879.1500584911573 485.39066422632794 0.09293729811906815
583.6626193392531 494.1749415453768 601.1607657244164 507.9789083934007 0.09282978624105453
596.5418549380897 471.68322078222883 611.3318047347785 489.1449914234254 0.09282364696264267
584.7479334882623 455.31419949758714 595.1370735146396 467.7211649226538 0.09280452132225037
866.5895570372583 487.2909103609078 874.3338708532373 495.6818670430816 0.09276319295167923
408.1675920419172 474.2557228490167 418.9301473162148 488.29958991846996 0.0927005335688591
349.81226142168106 419.542747492265 368.50302774337996 440.6616217179836 0.0926739051938057
419.7366042766452 516.0827332953479 431.4852871862936 530.0058210871065 0.09256840497255325
336.0168736343806 432.91009563538813 343.15503456600584 441.71690478407095 0.0924348458647728
882.5902180338112 417.76204382069164 887.7577033646918 424.64035532555744 0.09242809563875198
922.9132295910794 447.6170361380299 930.9783715201646 458.86201864783584 0.09237905591726303
782.7794193791302 503.68766969108907 790.4031666631608 513.05469145029 0.09236423671245575
771.7412341031973 456.6495172298108 778.6720130340719 465.9839553420971 0.09233500063419342
382.4263957919449 566.1084026410279 436.2664131510569 626.4327785400789 0.092298723757267
531.1680138350782 392.711653615746 544.7373123874477 410.15959665083307 0.09219752252101898
608.3821080506693 596.3489788000356 665.7514762720143 657.8927026422406 0.09212607890367508
829.7604505899061 422.70530610844486 840.4342514991677 435.89960382182255 0.09211970865726471
562.6556855702955 435.6749364654257 575.376090822376 452.15291683226184 0.09195210784673691
613.8283095307885 438.0186254772453 630.2777234553606 458.02789680797986 0.09194103628396988
559.0811144564088 461.68154444084104 573.2983268853505 479.46446067700276 0.09191159904003143
858.2483867447859 495.5279762189089 877.1813329418723 512.8478728247555 0.09187372028827667
577.3917733043415 426.2422954030718 591.892539310517 444.4067191585248 0.09179827570915222
587.8595999019112 425.04258051825474 600.3152257185006 439.5940578226686 0.09177817404270172
381.42979440433186 429.1612309163306 389.65812425719366 439.02333724267663 0.09171272069215775
790.5779645307986 619.9987917166939 858.1833355942574 674.2902762844654 0.09167209267616272
539.2178801494572 509.89573789402385 563.6844876293128 538.1998020821857 0.09164471179246902
443.3006858877101 430.8518376517248 449.48600961180244 439.0244988026473 0.09162263572216034
605.1466924623055 464.9349297622364 620.0596067465932 482.03808611879043 0.09157569706439972
652.9956397137869 469.66428676942894 693.6490486797942 523.2076680377859 0.09138698875904083
331.13455998544595 511.0576900399882 338.2821445195804 520.2494888689808 0.09136214852333069
883.296404740721 445.12896302907 893.0933240101454 458.20256527543506 0.09131532907485962
612.5228445935472 458.8574501388426 636.07430719725 486.406652707179 0.09122785180807114
551.9817265460146 430.01058763030824 561.9505693804225 443.5468929573812 0.09113816171884537
947.025137001388 447.58393120808887 952.7656256729185 455.70318718778003 0.09111891686916351
776.3689160312913 439.7879968550489 814.1793648493829 482.2335849395581 0.09111208468675613
566.2668007033249 682.4577263925412 621.2792985021827 736.1030410560212 0.09108740836381912
796.2137556267934 438.9434970921104 803.7406709937055 448.2844054912956 0.09102506190538406
862.1551252524602 476.9966737020223 870.5341395112314 486.801681584431 0.0909164622426033
858.3472676503332 397.65620214263606 864.7117552358133 405.6958275551693 0.09081987291574478
890.0451043828256 417.2130999699664 897.4812579151861 426.8561247776961 0.09076841920614243
710.7159712490962 553.0389777388025 769.1567044109538 615.0071549328829 0.09065888077020645
429.0725968621931 430.857457395524 435.20266415263524 439.08841170921903 0.0905708447098732
412.7354573887051 462.7948840074913 422.60868807395707 476.1300116569032 0.09055470675230026
463.00477724564814 504.2653897536257 486.41451242962995 537.0732509444383 0.09048033505678177
569.9815200131718 428.7117414558309 606.1415761992502 474.27311706414514 0.09019467979669571
809.0000435261203 530.4990411064516 821.6724092803724 544.3435754907761 0.09000414609909058
559.3327891155867 480.23235811649215 577.1395247818591 501.5724645126426 0.08998247236013412
631.9615266108362 588.7774155701036 671.6167675547848 631.2634302174854 0.08997579663991928
307.9626244902322 504.27212318803305 380.8075737018847 598.2209692440343 0.0898614227771759
552.7060112781339 468.144944622774 563.7711684248826 483.2936890489285 0.08980072289705276
449.6018965583061 507.5368894442734 461.43195604834074 522.2171990417021 0.0897938460111618
131.71169654916204 649.7999205659836 163.56632206150846 687.31784583159 0.08972489088773727
523.8338544669413 527.4652694520191 557.1208288818739 566.409711482191 0.08967939019203186
451.2097929585902 489.0940571177038 466.8245523649433 511.57073177759275 0.08956465125083923
553.6572600884422 526.9932260340059 588.295808146431 561.2417287440742 0.0894283875823021
414.20600152071796 533.3792060723077 431.70576326504636 554.0819669719986 0.0893598422408104
560.5205443921012 420.5815642424238 573.8145932778316 438.4858245710656 0.08934281021356583
497.0972118165747 490.4980828343064 522.0106967872435 524.2138438787432 0.0893121212720871
347.3167419370778 547.7834282523914 359.6891261516312 563.0780246360889 0.0892987847328186
590.4308743279247 436.84474561596227 599.5367764539026 448.6868973517899 0.08928848803043365
529.0205511845951 485.51637754730245 571.5955248625389 536.31999546665 0.0891008973121643
790.9733555167105 426.8555425226338 797.8314235988402 434.8852823109059 0.08904361724853516
789.2366422929431 433.72061157740245 796.6658029545165 442.7037474591078 0.08897402137517929
480.22183463361023 456.2563997772646 524.1425875132641 518.5395662969432 0.08883325755596161
378.50106545215755 535.7804367437809 385.93365156952893 545.4208514170928 0.08882568031549454
651.9941373201925 423.42930732282275 698.3620981060665 479.5131325113719 0.08877945691347122
648.9500597819225 553.9023188016539 659.1371918707466 565.081985760944 0.08877893537282944
786.4611857083573 428.54518409693736 830.3495616728947 474.6879936528666 0.08870065957307816
515.556498181904 505.1800032290612 540.3247873977425 537.9503344730033 0.08864203095436096
429.493932974881 516.3135199714408 439.05513470053313 527.3039144531713 0.08863317221403122
630.7525914482286 495.32883051751315 655.9999040643437 527.1348261777998 0.08845870941877365
805.8642096297497 413.9942590882796 813.2211201483 423.1558834624862 0.08829673379659653
813.303574605734 520.924717498924 825.7531915805761 535.0505840599648 0.08815547078847885
947.50249908734 436.4904668618151 954.0648722848338 445.8212570102836 0.08805669844150543
299.79409246531134 429.3386042413203 351.09148463262017 492.0382962096297 0.08791910111904144
771.5555657077554 371.1757256807146 806.8966258511956 407.69234775268734 0.08788446336984634
604.5178485159735 400.96801498354387 624.4394022682624 422.87148571735264 0.08767145127058029
395.67519986289386 540.5868461453393 414.59309451791256 561.8746462468798 0.08757372200489044
562.8166724435554 559.2306854185026 577.9683494371076 575.294544015861 0.08756311237812042
670.114556070417 458.7556986564775 681.4386883189196 473.514267950815 0.08755747973918915
780.4579399732419 453.3556386865419 787.5008464601901 462.1257256719393 0.08755657076835632
776.3374656809596 492.31809729208777 782.5543268143798 500.84072384031595 0.0874391570687294
515.8483255503223 395.1504136220379 529.8708594418183 412.93367240465653 0.08741242438554764
671.72557079001 394.75810042950985 690.3871958995927 417.3055738040081 0.08740692585706711
931.6380298632399 441.3141876094526 939.7790281128689 453.30748625928385 0.08732416480779648
389.56695437550167 401.3903155689837 415.4124287735294 434.46464736229694 0.08722809702157974
441.2737089889522 498.2491263773304 452.0776234222465 512.2811146704053 0.08714524656534195
481.8789442926598 527.1339857914023 510.01701849989325 559.7412133648107 0.0871148407459259
381.36616679892137 567.5354244779965 400.3687493606587 590.9451758501198 0.08702158182859421
373.94179988951095 556.0179463115278 391.3053222929034 576.9961144012601 0.08701307326555252
484.9295825955383 545.909701687934 523.399021875103 589.7276849371807 0.08701242506504059
773.6735518394208 476.9794960861596 780.6664171965658 486.26667566896134 0.08696486800909042
472.0529327773376 385.8011135780149 481.83016020386447 397.7604604847186 0.08692549169063568
326.79632455424496 538.5854430514889 334.6166695202183 547.9983718278426 0.08683527261018753
534.1623525562779 410.97943072036634 543.3613310580787 422.68012338022953 0.08664700388908386
812.0876696131365 410.87604694564817 818.8276880614945 419.1443323800684 0.08660130202770233
679.1363745856734 560.2438808741551 724.5764244085125 612.4891149091396 0.08646951615810394
671.402554668005 468.82401439171605 698.1949277171464 503.7190863638759 0.08646679669618607
865.4969402267443 396.3890541412453 871.6296411502123 404.09364883994635 0.08644179254770279
446.26579858372764 422.9794540720293 454.11753264821294 433.08438714962335 0.08627121895551682
477.28534431201433 497.85092144459554 499.7728213806922 528.7604364135965 0.08625546842813492
860.047086462016 527.6213429998585 872.7286729920959 541.0282052766524 0.08616486191749573
826.9206140525541 416.1541242430681 835.019266187338 426.4201307435044 0.08614212274551392
848.9536664237739 395.070697308802 856.8313073397328 404.7767881690603 0.08612065017223358
871.3544116066902 523.7357068084872 883.0251382384788 536.5523338977159 0.0860840380191803
816.1514516757976 417.9284675739011 824.8213015810679 428.5990119164925 0.08584785461425781
782.4319137262555 525.4353991588761 796.3894298211201 541.5525091228395 0.08572975546121597
688.8799766667361 474.23747495061957 718.3943737881145 514.4299935711114 0.0856388732790947
473.94295226089065 579.747343348405 514.1333930022162 621.8545425102719 0.08549075573682785
840.3780385426151 538.1873527895165 857.4123371596061 553.5902103464867 0.08543296158313751
569.3449544589815 404.9371001421485 590.4443866301319 431.89087814699303 0.08535254001617432
929.5742468057998 451.5034089313956 937.5157138105525 462.2436223110008 0.08489259332418442
840.811028543657 391.4381510603303 849.8125144066092 401.776017594075 0.08488030731678009
938.876984216333 463.92770780909126 947.0943190634393 475.30601859659754 0.08478836715221405
508.18049510399925 395.7725053165117 517.2760783501617 408.3714741912935 0.08476267009973526
724.4949017711242 462.0402426510477 772.3221769052083 520.1227289224236 0.08474666625261307
441.73423504415723 377.11458206527783 471.50086837629897 418.29450515611825 0.08469565957784653
468.58395852299594 479.5988683686702 477.8678167334059 493.3843802947767 0.08468856662511826
596.5455220364626 587.1514940378498 626.7040263511589 618.5196356604142 0.08463574945926666
550.237664992721 415.46159261856747 562.9874611490851 432.63194622515744 0.08461160212755203
691.8812820687044 475.968157752081 732.3681386901516 527.3272567563665 0.08456581830978394
612.1141009577036 513.9212780343288 639.3444259721264 540.9609366756932 0.08455989509820938
420.4832169240791 527.7058159565013 446.9848384701052 560.2905510578765 0.0844842717051506
764.6817361807381 501.845400897302 785.6565126642754 525.8950826154553 0.08444873988628387
535.5012887177347 401.62508406551734 559.6593619615619 433.85030905452044 0.0844247117638588
495.58597617717294 669.7255955714613 556.5254456624715 734.0447535374822 0.08435910195112228
435.2895719763781 485.34578746539364 450.67093190512753 506.39857650093694 0.08434871584177017
363.6657049314015 409.96659733642787 386.5976454800933 437.5960982696635 0.08433789759874344
583.4425592741179 396.743060539862 609.4380590042388 429.07605026907066 0.08430735766887665
554.0899261813889 444.98911425573317 636.0374528301331 543.2683047862141 0.08411014080047607
940.37318890951 454.5069095601926 947.7987557856529 464.7331945822358 0.08380726724863052
814.3152414220979 403.7592465931883 822.5015727476497 413.5159711045843 0.0837053433060646
758.6863632020122 518.2102100020276 784.7457200909791 547.0798560955836 0.08369757980108261
412.7388606753345 424.59135836782986 460.29471023986804 492.0661325114527 0.08361777663230896
632.1183207965845 518.5203760453256 662.8906844882134 553.9430980066348 0.08359141647815704
711.7398156194344 456.047501149512 720.5779788455962 468.94724531253314 0.08348610997200012
600.986756351685 487.24464493671235 614.29027456548 501.1050259108605 0.08340798318386078
943.0642578273088 427.9461912167491 949.5575537220808 437.29851701011086 0.0832720696926117
757.521196698178 479.5180427299588 776.3082763466172 503.38129748879174 0.0832715705037117
781.7076599009648 409.22886235848523 792.3489721110366 420.74528735235674 0.08314685523509979
821.1981034302037 419.87899556151007 872.1692903715942 478.44282816544677 0.0831025093793869
694.0276859080985 553.4939020562593 717.4158588559113 583.4016628444995 0.08306325227022171
953.686255692448 450.60176500418976 961.7591156865534 461.21626100390273 0.08300624787807465
952.9108344422056 440.2959052838951 959.8017371617569 449.6899371060207 0.08296600729227066
781.870855069805 534.3122319559176 805.8434379159926 561.6045000926229 0.0827716737985611
548.6702111769756 636.380694249511 657.9184924088289 753.4380501839157 0.08258362114429474
438.1611136664777 422.46248878647236 445.6869502951952 432.0266443446344 0.0825723260641098
507.38282685484813 372.64943726174454 518.2036769555738 387.60236951234896 0.08256956934928894
701.9220129865759 405.4171868563044 740.8970494746817 453.16389890639823 0.08256236463785172
896.6940224218466 448.2539796301016 908.1081378037767 463.1196749425616 0.08246548473834991
515.9995711929396 559.3487162618483 542.4424282126233 587.3358859685867 0.08235961943864822
554.472914535447 534.4355898469065 567.2020507887361 548.5942131592209 0.08229603618383408
470.60439519108286 459.621320655361 481.08091270104273 474.20410614593567 0.08210151642560959
629.9373977688371 471.1785270409481 648.0082938049171 494.4380692821431 0.08199744671583176
957.4826671092794 429.93947032356965 964.4573183342534 439.62596627558645 0.08169484883546829
501.8718159497354 384.7266518163898 510.10740137234166 396.1069788481333 0.08146029710769653
543.1305360850325 423.70122782897255 552.8823410213935 437.8741978950782 0.08145499974489212
758.4673491300277 455.74203716658747 779.8711453108631 482.42819997103754 0.08138144016265869
527.7106228957078 424.8810460133462 570.7319315865019 483.5798371444396 0.08132707327604294
297.87088224701574 497.1398352165085 305.8562026628503 507.70167801081334 0.08114798367023468
