375.0073449914015 417.9818128257639 422.0296759667636 476.51817798775517 0.9999871253967285
218.0515442653743 384.3441287420267 261.8962905790694 439.603339157864 0.9999200105667114
10.857402995946206 309.63872270497717 87.83761058394921 414.81969352278804 0.9967758059501648
700.1198212077247 423.05905922928946 706.7534548543236 431.820038918237 0.9648439288139343
338.3691086222009 438.63082769133433 360.8836436866279 466.1607921728341 0.45034489035606384
183.18711208638138 535.8679038657925 279.09903326453247 650.7282374595378 0.3819734752178192
481.3532723246368 430.66782639882234 549.6975114455881 505.06274415427566 0.17398522794246674
66.81901784224125 180.89805094230618 78.37069156242022 191.99828510627924 0.1631229817867279
522.0050538958063 21.75070662050641 609.6396779213788 113.13331428091328 0.1479112058877945
680.0193578487748 448.8791656003195 689.1436227169261 462.2159196015922 0.1448548287153244
77.76646018522867 32.915980543135376 83.12675993437367 39.77532470630285 0.13412778079509735
685.0344968342995 426.6227521118129 692.7395880141828 435.360202954026 0.13141143321990967
6.316271829537329 175.305279780742 12.766197764591332 183.03226149637308 0.12806375324726105
716.4285619399279 498.08698111411076 722.9927012413459 506.7072082690278 0.12372676283121109
712.6015556570962 419.2162566746947 718.396283529596 427.5363511554475 0.11845175921916962
456.8842030264721 376.6737966436423 500.26734201697644 426.7687642935474 0.11699239164590836
803.2394544854561 83.44389414715488 882.9764667771689 175.17389134706733 0.11286351084709167
726.0210936277185 279.1613690336702 732.044244880879 289.36637689516317 0.11150649189949036
714.9421353006687 437.97682356415487 725.2131723831648 450.68811360022295 0.1108536645770073
631.2318530114263 438.5483006608727 651.1125065922913 463.31714149104437 0.11083030700683594
736.8265407481724 413.29403614972057 744.042203604287 425.3376340792877 0.11064549535512924
567.9211803966804 404.5074274735202 612.0992895036835 459.1747936966055 0.10851990431547165
504.1333809746069 359.71672503274624 533.40377646436 392.21174519441234 0.10639899224042892
731.1928730804394 489.38703961936216 740.3276391171664 502.76578831429106 0.10624619573354721
430.10402255989226 375.53473982162325 473.5365427678553 430.6878434796477 0.10604028403759003
729.1617366666633 506.10879071209337 735.6553403519735 515.4079501637715 0.10427752882242203
731.7925137523715 115.28277410963462 783.5723236363832 175.70022316585076 0.10302649438381195
11.689444249340962 176.47348640800132 17.93529339205103 183.94056322010158 0.10194918513298035
705.7649203649315 439.9170427274193 713.9388797713954 451.38432625725517 0.10147292166948318
550.2702702904527 346.0719593302169 598.8126854872978 406.0107582515558 0.09971049427986145
712.008321940774 511.8618590222698 717.4875185396642 519.029637229194 0.0989132970571518
813.0461520475064 594.6131847126685 823.8931435455847 608.8181085721353 0.0986485481262207
683.8718870925204 434.09885609294747 690.7275285765609 442.31265270570367 0.09842748939990997
512.4992551523944 389.89070774377404 564.5702426263169 460.44325989031535 0.09772805124521255
727.3082195745324 408.1430580748481 734.9845802792083 418.67251921949327 0.09757914394140244
788.9511836399404 148.346695125809 822.3357379210901 187.37223213363805 0.09648486971855164
721.139668575288 504.31086190238466 726.505842987675 511.5868293737997 0.09647702425718307
594.0172954822201 401.87593817847704 626.4225221408481 445.09216470783406 0.09513509273529053
678.4908813706087 468.38099323578535 691.6986180733918 490.4157461610048 0.09495336562395096
791.5486288634005 191.94080831849925 824.5392622897451 228.8310211925844 0.09481242299079895
624.2939864072288 417.3748628352705 647.6455751860312 443.57707844869896 0.0947122871875763
670.9263899345111 454.9812994896526 686.4268066611098 477.2785999828743 0.09410420805215836
258.79441920297484 393.7587134435193 297.18211163725454 449.45764957845404 0.09397780150175095
859.902699232892 61.25172555008612 889.3451345526803 93.36048756418712 0.09388759732246399
652.8882906745312 436.35349141989394 665.8236405413751 453.1080716874504 0.0938771590590477
715.6988922929072 476.76654645797186 728.2070482517618 494.023636133945 0.09351420402526855
718.4297208953666 507.6871010306194 723.5279801252573 514.9404365814729 0.09328902512788773
732.3114592904753 420.8150078180979 744.812859007937 441.5744911323022 0.0929528996348381
649.102580370989 142.86910899067405 712.1450832417531 229.29443815493224 0.09278645366430283
47.910309972657366 179.54109811029429 61.27567254924709 191.36346425496424 0.09245051443576813
447.3128617652408 303.0885859473717 491.8294773031257 361.523836271761 0.09242235869169235
539.5622101874533 453.2979158972029 588.4890651468228 515.9827974009457 0.09239146113395691
672.1100562710052 447.02660470963764 681.0544610687224 458.2091327689434 0.09234844148159027
467.3578667237076 499.76009192187126 538.4766814174479 582.4149415488624 0.09229075908660889
817.6149599279181 116.63825539540433 839.4892203718736 137.99630157997092 0.0922696441411972
838.0609395975156 609.3587857153409 853.4914468210285 628.4494090849358 0.09213946014642715
846.8668929883019 107.81564373102098 864.5237629459898 124.01467053195124 0.09210002422332764
723.0578578588144 509.7786554919515 728.4934772235874 517.4552317270399 0.09108786284923553
699.6295769985442 502.2706022805803 708.0768886406523 513.7001541049212 0.09073315560817719
715.5996174190777 424.2272037296595 725.9439081992518 437.86392207875116 0.0905386209487915
18.33290084387523 178.2900984913994 25.762325031018996 186.47355435680655 0.09050178527832031
693.1362937445223 425.95067807154254 700.0349639298394 434.26532704896323 0.09027012437582016
644.6912946242445 433.4418552749862 671.2301552459588 469.52967618608966 0.09011097252368927
706.4679702083562 424.31940659033404 712.5444870075056 432.3047001907608 0.09006582945585251
681.3830115034528 440.49831631937553 689.2362071311622 450.01713208225726 0.0899072140455246
698.6949179849754 351.59568663852644 708.9937815146299 364.61920401097376 0.08981183171272278
483.65726717864305 593.1316064233954 573.9393289342705 690.701140073206 0.0897478461265564
785.112362310088 117.53346382525683 812.0995801865436 148.35182698701644 0.08960148692131042
39.29759030918588 192.2988310024186 48.12145386317848 202.27679912637285 0.089426189661026
794.5560447876109 130.5505856592483 804.5071363926174 141.58122758541018 0.08908659964799881
807.7748217976676 569.4870581392398 836.3641465200435 603.0833678721524 0.08886818587779999
726.3126928882233 519.321280637955 731.952642753173 527.8274515633822 0.08871901035308838
470.43674216533657 406.9515756887084 514.803267026867 463.98326713587403 0.08871010690927505
573.6867715642505 460.6343031248712 609.2253027844662 503.55793390925555 0.08853578567504883
709.6299380330639 503.56419065432635 716.3341189455233 513.2316493988004 0.08843036741018295
690.8639743033292 439.05905666004276 701.5551267210768 453.2072919609423 0.08842910081148148
740.5751055532492 203.6405196337265 792.794426137822 260.1583351698656 0.08842399716377258
649.6154362615711 406.2183149374835 676.8498869120435 439.3849506680404 0.0882134661078453
30.809932967709646 190.86379830472663 40.556062372659866 201.74832886378343 0.08804559707641602
674.4755284359807 412.0200951269665 697.2686392303206 443.33981063821614 0.08781834691762924
688.5145996637926 453.3992826833441 704.4738550954511 477.35294948130917 0.08751973509788513
759.7317559384986 156.88032511819594 786.910594897059 189.00583987300914 0.08749363571405411
641.8007496785661 447.40894795166815 674.4380745442306 490.0658059605171 0.08746130019426346
817.1256797717978 129.24166784372582 825.9807254638597 138.756365639277 0.0873698741197586
658.4326546036257 416.3248180382138 725.3172661931062 514.6183854393062 0.08733658492565155
722.3568086678042 403.1300571820331 728.6535424993527 412.3570594728829 0.08712128549814224
345.73648876446504 453.5348053364124 382.9413946356256 505.56399599023086 0.08705411106348038
846.5674451617981 613.4520482597824 860.9838331570409 633.2446212073116 0.08687278628349304
669.6630091148555 436.6308777628255 681.1309606336553 450.48073325793615 0.08651083707809448
604.8491587418474 439.4164852539575 629.2112016354781 472.67706648319637 0.0862380862236023
687.8273029896326 451.5077723021716 693.6319739513372 460.4700776041021 0.08620643615722656
572.8236251522097 340.2313935299365 652.3309386975404 444.49365814263905 0.08618893474340439
700.5108304910076 432.64192189861393 709.2018721311783 444.1980201935898 0.0861174464225769
725.4889403900543 449.7573759312945 735.9020635742065 464.65982467578976 0.08602721244096756
372.22112351573287 353.0524036387804 415.5537676203771 408.2801441010519 0.08599599450826645
433.67825198776234 178.4892231909704 442.5316739149267 188.93865916852928 0.08595330268144608
822.5321175003669 587.5294552669246 841.6262498646985 608.8239800185631 0.08560674637556076
705.7325204411409 472.25732161900294 749.6983034176501 535.4768803021384 0.08549951016902924
721.9694434577956 416.2997936521706 728.5959000929564 425.7201934511246 0.0853576511144638
710.5705586726067 435.0445658131327 755.8520469807472 500.46739789544745 0.08522921800613403
735.382144321355 455.55697755725936 743.797336613954 469.0133794322369 0.08522848784923553
723.9976885647376 498.37062386697596 731.4796812174383 508.7386537041555 0.08511845767498016
773.1885500376362 254.99946220838083 830.874119430258 323.17301747272404 0.08496111631393433
662.0887476612035 480.33788015801446 690.1612330952375 521.2264245986638 0.08490709960460663
518.1711783684111 382.9454016159246 547.293357336378 423.23027952345035 0.08488412946462631
15.819182210587002 187.15569615313646 32.10740534552357 203.95487672689157 0.08474353700876236
673.4070544244856 455.8204196041557 682.0733363311829 467.6767081573529 0.08461317420005798
418.6720972599896 429.79649100685043 479.73033582948335 505.2083246093833 0.08445273339748383
313.1783281326836 199.3822052751279 403.2303349796037 294.9799386164413 0.08444393426179886
675.9322140191509 429.6983919173462 684.5908455416244 440.5299093472259 0.08436643332242966
822.344885579123 121.65487932683058 831.6686475429335 129.77136188739456 0.08433796465396881
833.3180008638757 79.46352655432167 854.1312606106882 105.77805775450855 0.08425126224756241
710.794963948173 514.9448841399751 719.5334576973436 528.7355386772762 0.08421144634485245
715.513285010112 454.3473591803303 725.3472618034563 467.71185830404147 0.08417119085788727
705.8900074148295 201.8651427930262 739.755906432964 246.44137059146104 0.08397027105093002
662.3922695267546 448.1718894091972 675.5811926854934 466.8476489046974 0.08382349461317062
705.2062438090159 407.1516389021277 732.8588167576722 447.9239961011699 0.08381674438714981
60.98541084487597 183.24759367980346 68.01001793265799 190.13121721076618 0.08377866446971893
718.955734239504 378.61509718180747 730.6733522206272 393.9298477278929 0.08373994380235672
684.968807907272 400.4725310938927 702.8906384633812 424.01952974193557 0.08373786509037018
656.8987688325695 436.22091515174486 663.4149739974497 444.9765868959446 0.08366008847951889
16.172935660921787 165.09061552678926 28.2254573169879 178.95061117152898 0.08359530568122864
691.3387564811468 451.88911923856347 700.1304417540636 463.8310943477304 0.0835779532790184
621.786827750008 394.4186712715446 646.9828852232505 427.2175284705078 0.08357591181993484
43.049555041068295 163.1974097766814 60.70826640401666 179.63636252461478 0.08357284963130951
29.443909467288922 178.00066508494632 40.3468208554289 189.7106130659035 0.08356974273920059
-6.960389077408393 185.22112790305195 82.64773597777594 298.1692156918756 0.08352351933717728
889.044839834371 598.22420069394 907.0827775523607 624.02400276408 0.08339239656925201
810.9731094769472 15.397601196164345 892.8354179665598 109.02216717653987 0.08337157219648361
853.774564238623 620.2622515695647 872.03798050468 647.3563279193918 0.08324584364891052
29.166434654295028 165.56036807750743 40.40113658650484 177.59551936937098 0.08323845267295837
713.4189414725535 413.2271750938218 719.3271492299344 421.39942560460327 0.08323259651660919
50.37372123325337 191.6918345508052 61.40613987020913 203.51757790692162 0.08321259170770645
23.99822279850361 181.753088732646 30.885580272924717 189.1064924183429 0.08316747099161148
273.43315024551913 486.742842043669 361.0657460653901 612.7410078220788 0.08312320709228516
707.2020813550829 397.0932235944573 727.0614271380226 425.23771351579666 0.08304435759782791
267.2638924216496 19.260811808209674 353.4033587116623 109.71076293463467 0.08294901251792908
63.45504907801376 390.4125172068263 147.3014027239893 489.2206941132421 0.0826137363910675
729.9729341884536 407.04203031126076 739.4303615158032 420.6136030390494 0.08253926783800125
291.63956090530723 374.2678841058161 344.80627047977424 446.68872187902775 0.0825386568903923
817.0495095337079 662.0643970144971 846.3648753413196 710.7275215877391 0.08250264078378677
710.4510494280996 447.52544205719977 718.7212893077597 458.2303051314801 0.08243276923894882
723.7806807600884 519.8664012318452 733.7090305104316 536.8059967509745 0.08238333463668823
11.190180175745795 169.4663480446693 18.659043411826858 178.57119203701728 0.0823708325624466
844.7117712204714 30.07393982346739 852.9053330517239 40.338455187389854 0.08236585557460785
706.5427930069645 416.1611736238197 713.1575373818343 425.5436708425303 0.0823291465640068
660.8654717949262 445.2882515049422 670.9537169158903 458.8810206429717 0.08229011297225952
16.619780206348267 48.85543868896324 100.20721779850841 145.1677964262293 0.08227584511041641
725.7729734361185 432.58161791775035 735.9322477572709 447.6789324102536 0.0821690782904625
819.2920564039541 585.5598817160051 826.5943151167095 594.5287134961778 0.082143634557724
726.547172298597 481.7703452479928 736.3193914786663 495.64261989400177 0.08208485692739487
687.1163670718901 330.70862870715445 751.2582623907323 418.8134267709654 0.08208391815423965
809.415589165707 134.1241770064909 819.8972388399687 145.48126527223621 0.08186480402946472
729.61094872482 449.596463892654 738.8283114376533 461.7975423936825 0.08180630207061768
547.1858490472054 487.34929475980124 636.0077320678455 593.8527082281373 0.0816815122961998
824.4880193133146 518.5870984518153 873.6390185118211 591.3114553139926 0.0815347358584404
534.2378110088537 388.00581845040193 577.5757984518588 444.8854517954091 0.08139055967330933
818.9754829735907 603.5699087274827 834.8897699940452 622.3515773115012 0.08137466758489609
486.8183719274461 293.0301015261383 545.206621543685 363.3244867431845 0.0812988132238388
842.4430023943075 81.83119902887904 868.1470097907402 111.819460463522 0.08123918622732162
11.211877181805795 184.4726261604469 17.846202597071937 191.74069287124794 0.08121348172426224
696.7794203796323 496.3100224694665 704.6020696336104 507.1374225373885 0.08092734962701797
706.1184301570964 493.3304976322014 715.719286891373 506.8298240193741 0.08080273121595383
379.86700469889286 259.1997958282335 452.1407856548041 355.0862310714719 0.08075401932001114
708.0278842101437 459.1326162483594 721.0451953148685 478.7781455387831 0.0807095319032669
864.3495815296822 599.5826163805459 888.5992180747262 632.1092666183448 0.08068215101957321
661.8152519192175 196.55726215321332 703.9053951087656 259.8140079022515 0.08059193938970566
530.5682376765695 366.429649826177 556.0294863553753 396.71223234873037 0.08057576417922974
590.3744568658578 345.1031290333465 624.3966299338468 388.38628054872856 0.08045177906751633
2.527194322147691 179.66001770781503 8.381235079293676 186.80914232335564 0.08036939054727554
719.8167493185779 511.76017816905915 728.7022411996345 525.431678319391 0.08034488558769226
589.3234867361601 382.2816637624548 618.4446351686045 417.39846014946664 0.08017197251319885
697.7169232314973 468.3992032880776 712.2529156825537 488.52748993406084 0.08008774369955063
665.6518528223437 429.0196083874021 672.9335349630841 438.17237491453375 0.08002956956624985
295.4014536045778 432.81997381659556 315.9350222668578 455.17001604450894 0.07997230440378189
704.5056885682046 486.37258067698184 718.825160308042 506.20686095585774 0.07993880659341812
688.5514233793882 441.83031543249757 694.129309611296 448.9782218717818 0.07990424335002899
733.6812012026362 477.31627528593657 743.1748271022215 491.1799836270488 0.07975058257579803
820.5103055436474 114.84999090183842 827.1560362016833 121.33551484739608 0.0797387883067131
460.45921925419333 361.557861173124 483.0124822038657 386.00546283109895 0.07973053306341171
726.1433701573527 419.0256510741574 733.6540730416459 430.14672775831474 0.07966848462820053
74.59434179411495 189.39908052654022 82.86637371182056 198.8959983104443 0.0795547217130661
817.9344371309556 157.46441073438928 862.5349951348642 210.71959803714802 0.07943273335695267
317.8355325582182 451.8585945534197 339.87338034067557 478.82591400758315 0.07940951734781265
641.7316735359892 469.4757340764976 675.1927279870347 512.3572693507011 0.07937230169773102
824.4973226056401 610.3181645570309 856.4818685808432 653.593652256388 0.07933392375707626
610.181624659023 457.1253027392994 647.1775599330967 503.0803813368817 0.07925233244895935
745.2907629204626 301.69992450818745 840.3652274963362 430.9104950979289 0.07922351360321045
857.0129188543128 558.5988999662912 881.3775801436783 594.1769951152947 0.07921171188354492
762.471834947767 149.2360338093505 776.270770631701 164.7532498109334 0.07913056761026382
676.4634459095811 497.5895818392635 714.6584980935053 552.1326804408405 0.07908434420824051
59.3303763607622 170.18126490031528 72.22598144237607 183.42666943584464 0.07903920114040375
826.5775380748324 113.95811620147433 836.4904891048158 122.62259738594018 0.07897386699914932
688.4646867925312 500.86111165399205 697.7331606002905 513.4536206940008 0.07893718034029007
695.4490165153964 416.1836806928569 703.2077154251626 426.5121538353869 0.07879052311182022
505.6208276031072 319.45025411498517 572.2716542368585 402.3243897909573 0.07878955453634262
343.2331541432352 319.5200008518079 384.38964295463273 375.2865444902694 0.07877856492996216
833.3674273790982 564.6786091583102 855.6178521754631 592.3812289349412 0.078767791390419
663.3061444937078 438.14749421146445 669.854293706289 447.5765658308054 0.07849300652742386
855.2989452687746 612.808431595979 902.9289899306177 685.5501887818494 0.07844680547714233
853.385488284109 592.1476938559892 873.8686917021814 618.8864176174916 0.07843532413244247
275.9396262228989 69.80773429497839 359.98912630262146 166.10294394843123 0.07819497585296631
858.6709297878432 338.11318041581427 896.55342827139 417.55621854568795 0.07813355326652527
655.0665269748737 431.1645850210625 661.9963896796232 439.8868608674751 0.07790689915418625
642.7725646572992 510.02842316412057 725.484276002285 628.5137785402057 0.07784207165241241
781.2556644840164 156.0370531395252 790.8204462394921 169.20401056667254 0.07781688123941422
643.2395338411377 430.39442403613407 652.371141656159 442.2004349387206 0.07771198451519012
3.7504437351880444 182.98190057279365 10.57544458829491 191.33787291096573 0.07771151512861252
811.5219480990354 79.51010536481617 835.3099248285051 107.81856751624296 0.07759492099285126
657.2375802014136 363.2765128438487 703.8648556226842 422.6103573144003 0.07756507396697998
689.5256716303824 481.71168307700685 700.2604671419253 496.8919166129383 0.07744846493005753
885.874531685706 17.633978931359337 965.7825676459308 105.18182502388284 0.0773959532380104
3.2014080825903086 168.4313734493558 10.103573902999948 176.94560302832411 0.0773656815290451
674.4269526755077 490.59162033444056 691.0390420653325 511.6492951361694 0.0773196592926979
620.3755311081294 348.8839341132535 649.5202199098107 386.52719061797575 0.07729942351579666
771.713825395993 268.2417538698808 805.1080422538133 304.1581254872949 0.07729782164096832
765.4902627597156 446.4680231199348 809.1275808978106 508.2300368888266 0.07719553261995316
691.6521451130614 432.88741163723097 699.2826602033834 441.8671948252691 0.07716961950063705
721.5684807134164 408.85836895072055 727.3262001139901 417.3668959140713 0.07711486518383026
842.0439032990247 581.551948918811 861.7370233221853 604.3984041726897 0.07695862650871277
811.2382380619829 118.7366149324451 820.4258097485883 128.53004176031772 0.07690582424402237
624.7470132976072 267.1851629944254 706.8876043404103 374.7466611315051 0.07684504240751266
678.0011013701892 424.0954066624458 686.2462194300109 434.5452178258508 0.07672770321369171
801.8473725788876 608.5966094599651 819.1885770712788 627.8853502577377 0.07665375620126724
472.37174107455206 352.03982187690315 504.1346610298903 379.5823150702036 0.076584592461586
695.842165133574 511.05265157630475 741.6892643285836 577.0643729303533 0.07654169201850891
611.0281606873615 502.94836324204124 660.1299336015306 562.6296966067076 0.07651462405920029
542.8745655425475 588.0733529745062 638.7964038000899 706.6153933753682 0.07648202031850815
717.8084718805812 416.0040353970858 722.5406634059324 423.00087303729225 0.07644513994455338
39.986664434769516 177.9699628752966 51.95808965377189 189.80213472186188 0.07638595998287201
78.51089700062991 323.8706949490542 141.66777971031746 399.00320533131196 0.07628361880779266
585.8664168391422 -39.305038728836294 742.8261837489521 136.28591190267286 0.07619468867778778
821.3247487784989 41.490023494588726 830.0491000826231 52.42443918020625 0.07613787800073624
230.16427338684053 147.71281667450432 305.3422339851233 239.49949673252107 0.07613641023635864
808.5923647905184 341.7860347734519 855.3257010325622 414.7444394357825 0.076068215072155
703.307478575616 517.9420279018664 713.9424139080435 532.3054653673707 0.07605709880590439
715.2761135292349 480.83963963237267 770.7979743890206 556.540616526651 0.07605336606502533
549.3582833621896 395.0839803301214 572.2247540803623 428.33079657399895 0.07605072855949402
806.5353334248861 116.85302818985633 814.2283267059058 125.48537925207198 0.07600834220647812
726.492253110112 146.7095309247481 761.1642187222554 191.14329365867115 0.07597231864929199
647.9540094719795 434.7180677877821 656.577003948536 447.1071815470462 0.07596338540315628
435.6809644503383 558.6333908570795 544.5621397266407 699.2119616840636 0.07595879584550858
74.50460421799475 172.33974672220447 85.58944307629264 185.28259949093993 0.07595338672399521
0.7378621073875964 197.55627975927285 11.30457234073432 210.01348818271748 0.07595183700323105
820.8546557531755 25.604109398806482 828.2971485556961 34.69049596296516 0.07584840804338455
826.8370447411457 614.3894323694791 840.6547923702203 631.5261036995649 0.07573434710502625
703.5844629529522 391.7291347446682 711.3280332875673 402.41576707580947 0.07570122927427292
788.0142562141668 88.96358617048566 811.8758562192497 115.31188774311947 0.07556134462356567
819.8489450247075 132.74103331923186 842.8316184250849 160.8455345104039 0.0755300521850586
711.4261044050094 390.4281374368096 722.8280553510496 406.3263065233138 0.07543308287858963
631.7812411876514 427.59706075735755 641.5078764520096 439.24330257674916 0.07542601972818375
701.4934928036304 448.5483257743802 711.9064884596824 463.1263384594933 0.07541055977344513
725.8813745025461 385.8916043372267 743.7509338517491 411.83882755311043 0.07534120231866837
690.040183780239 405.41654945034685 695.903555057294 413.14285651507726 0.07527980953454971
733.4812049535316 387.977449387046 742.5322806320879 400.96191545858704 0.07525897771120071
496.75768931620564 489.10215536822136 561.7113869557027 563.4011183823441 0.07517484575510025
789.0782212694077 119.05549280259213 798.6486053847254 130.63508063651668 0.07507766783237457
508.9799586929505 226.18926576582828 598.6068879006074 336.5421486621501 0.07507658004760742
314.8523863681628 432.29011678610146 322.45741484473325 441.7195542474679 0.07506193965673447
698.1162563740454 404.6676915925323 704.3614826508922 413.5970060463097 0.07505703717470169
770.910686398636 131.11430433663296 789.6074122038133 155.20195633351372 0.07505478709936142
785.5718261855656 581.8409600462762 815.8820635815122 615.1239916453669 0.07499214261770248
685.4372114063505 415.9568158542217 713.3108575131241 453.96691155336066 0.07498227804899216
717.3726851602373 244.38258426745816 783.1974063359485 325.23387012014825 0.07496476918458939
871.3266692628277 326.18877920655 881.1140866953943 339.1608822006666 0.0748232901096344
831.6239129702792 121.12144694707031 841.9900606752924 131.78739136276 0.0748220831155777
-1.4615555478062598 178.55089550324178 3.295134492748601 185.01419966882207 0.07476717978715897
709.7815900714135 304.1368843115166 758.5033122924397 372.449465263921 0.07471853494644165
736.5836368698582 571.7503604332456 789.2309919488804 635.4794671151153 0.0746910348534584
566.9648340783348 418.06746337507366 582.7794515408826 443.3709722807572 0.07452377676963806
724.5885056955991 397.42334326175734 732.3936849964505 409.1095349418633 0.07449338585138321
808.2977039067673 52.555643297243435 837.9707502659766 88.93560407340327 0.07445422559976578
482.60494262964795 341.02181234023254 515.0716107457988 371.4556644252639 0.07439393550157547
720.4481161454182 491.0105075654698 727.550845636389 500.84915190165003 0.07432105392217636
683.7715921323835 499.9302252781061 695.3498065835881 516.1066556446285 0.0742952898144722
621.6294667150541 440.58187005647164 634.889204398632 457.4504691412501 0.07428929209709167
661.7830666630347 428.67559740427146 670.50600576116 440.29057316751727 0.07428647577762604
616.1968986616774 448.49064912634384 681.9589466972407 533.8077886922757 0.0742296651005745
758.3342347632946 494.3851874235196 829.6233829964581 588.6898693235202 0.0742102712392807
796.9597377823378 138.36446468955407 809.6614742624729 153.21855252094346 0.07419484853744507
794.2402776658389 572.0544020281482 814.3825414705092 594.8371169866625 0.0741100087761879
862.2062967868508 95.25516894650175 900.597578204077 146.62126805186787 0.07410962879657745
674.0663015577283 404.19131553015245 687.921177320005 422.42488714630593 0.07408064603805542
860.8522127487377 514.3284468142747 899.1656746750872 582.6259575659504 0.07407727092504501
721.1378209093667 368.7100104107262 728.9651951951694 378.5706862557967 0.07397383451461792
883.5922625128368 384.342133455414 891.6969067694611 403.8732553339327 0.07396797835826874
715.4838751663758 378.6992868711914 726.259794269299 392.7095113873694 0.0738774761557579
761.0688136513473 123.77213730485978 784.5187720575627 151.7606356166185 0.07378772646188736
693.1844608137296 409.8124872319079 699.4868715969195 418.06962134921923 0.07351535558700562
803.0842842949526 129.80582289119465 811.2020372597532 138.87145495629497 0.07350870221853256
646.463934540139 457.7864426667923 664.7405711265819 481.16979922499695 0.07347314804792404
707.7955823456343 431.90245894577856 716.2962773541251 443.40338118643575 0.07343253493309021
768.6250222791848 178.6817337424411 798.0129959632562 214.28448266294777 0.07340626418590546
833.7553674605286 58.079477967717 854.3185703412519 83.56164108984223 0.07334958761930466
853.899893513302 303.6465925288377 860.3028624587178 311.92279101725234 0.07323969155550003
709.6422753971493 473.80673378910126 718.5104514726546 486.957143264565 0.07322974503040314
711.4757308064768 372.2552539277132 719.8515747509166 382.7965125051934 0.07320045679807663
688.9240644090959 374.54754338347465 700.0514210049322 388.42085468436704 0.0731561928987503
710.5083248240078 486.3532629115438 716.8453510262469 495.212149497004 0.07313935458660126
318.0055948532067 425.9295882387949 339.70185111951247 449.1876276441011 0.0730346292257309
840.8744565399692 122.91295466177311 862.4272383598155 148.1356683129967 0.07300296425819397
59.518057002208266 192.62162610829012 72.50169639397724 205.63360319779622 0.07287994027137756
753.9788225035552 165.2638245949581 765.5984721445278 178.65287057360442 0.07272332906723022
721.1692276241971 463.24772490704316 731.661717950465 477.99360661563543 0.07272039353847504
808.9791162131288 409.3005759666375 855.1244965087835 486.44986911607816 0.07271701842546463
822.8767040399471 304.97871641475746 829.3755016024028 313.65773142267744 0.0726742222905159
584.6315919192285 454.1365452069154 611.6731066933309 485.922331954417 0.07261880487203598
700.7977193685473 485.86106441581643 708.0413342607651 495.60745610984185 0.07258366793394089
-17.41762031506956 440.4721283054872 61.05437633732368 549.953666690364 0.0725664421916008
8.097465784935906 189.0806430328556 15.388205037507557 196.92351428263152 0.07254010438919067
686.2693528539107 383.79827408664397 705.772420314212 410.74116544584257 0.07250799983739853
616.6716095958417 333.7002429370844 683.269813204806 419.1522691240436 0.07248835265636444
817.6961901392908 234.5247534585463 865.3205936011287 299.46526157722445 0.07230285555124283
828.2741520875425 38.136608546317326 836.2147085801763 48.10157251602799 0.0723007395863533
716.0719494793035 405.452987103256 722.3272967107333 413.45297847892107 0.0722045749425888
793.6255080037279 45.630808534326604 801.6496732280682 54.81248240572602 0.07211079448461533
710.0035996947847 413.2935818593364 714.8430297626326 420.14530505463284 0.0720934122800827
872.4654668051969 395.57930194623947 879.7334786130507 411.2298741810216 0.07202059030532837
874.4320658311768 572.7126185144162 897.0464008085069 605.2362514836564 0.07194588333368301
799.3389652797841 117.00175673581508 808.4632007905011 127.52116309218437 0.07187919318675995
693.3537569433091 508.80905159685244 704.4780540228435 524.5250165396425 0.07187065482139587
674.7573501996867 317.9518213748334 725.1730101764574 379.0402754065138 0.07185178250074387
697.6376816841569 245.04957024217904 747.0785243138567 307.46194409865353 0.07172407954931259
819.6944541344386 23.139533292745675 825.524233594832 29.820158966463506 0.0716005265712738
806.1756142287388 41.62680505112583 814.8674948346871 51.77909534838703 0.07149676233530045
539.9247130746328 440.56909270652204 546.7796428755361 450.1733971507236 0.07144233584403992
735.4729923568203 507.3875787061133 743.4806474553704 518.887673772902 0.07141965627670288
838.3493782468126 326.1476891490677 905.3638006991546 452.7681272860832 0.07141490280628204
722.7502311102623 395.85483793841564 729.0387935577631 405.20331396927867 0.07136200368404388
703.9697626119732 339.94689638904697 713.5582184002218 352.6371192966333 0.07131289690732956
742.2838136768332 417.87518990126745 753.7151360036453 435.7204877072896 0.07125136256217957
807.9113052416969 86.24619013254141 838.3408083149596 120.58868815449688 0.0712214782834053
701.132294536129 367.61555355636074 710.5732274952757 379.84987112612214 0.07118336111307144
413.90354597777 337.5086214575879 460.4686852436176 388.50951548166927 0.0711531937122345
707.6368638323021 506.3643901070089 714.0001019611522 515.2183086291313 0.07111438363790512
831.3001707083652 642.0725933006105 848.3429449654917 665.9954656006521 0.07110732048749924
492.8211737821659 382.95734297717354 527.425805935515 425.5970306839106 0.0710601657629013
745.3195141223886 469.9999456738199 767.5346534275276 501.11004349370603 0.07105730473995209
693.9656204009445 639.6275578796531 789.3011955878185 760.5021646618607 0.07100117206573486
879.0152094901481 648.2241257704102 895.9656186775876 672.6492259066614 0.07096346467733383
812.3216053534961 114.47594878470191 821.3615166603076 122.8750022573868 0.07089423388242722
692.8531758658713 290.6373235490916 725.0159742220145 339.23730359728495 0.07086817920207977
668.9893018646475 425.3338846941647 673.4185744402678 431.37810706230687 0.07083725929260254
682.2623510771648 384.22697827145794 698.2122071997602 404.07038896809473 0.07082396000623703
722.142117869098 8.604835802364093 798.2532171084625 97.12904668466741 0.07078161090612411
731.4188450559918 472.28844731708443 737.8079728764753 480.7310601662477 0.07076617330312729
725.2731877538356 364.3332903454876 732.4566952520075 374.1854507285095 0.07075817137956619
772.0713581657054 89.18021496482756 801.0360926189702 126.71894421810961 0.07073166966438293
254.94004196778494 308.7585570770314 307.1681650729126 377.90375119066164 0.0705336183309555
724.8340168337488 389.5953460509649 732.5800969408965 400.68996590336246 0.07050823420286179
698.984090070583 145.70501376186567 738.5817586851322 199.03111692817012 0.07046081125736237
736.5575061443974 401.84824738240826 745.6939829498864 415.0211906692845 0.0704323947429657
836.7449165200583 441.5343612463839 880.6067686337166 514.7531786393616 0.07035653293132782
116.29353697162453 11.24959809552424 196.51372321731472 95.97437906920993 0.07029188424348831
623.3313064592633 428.83758168376727 632.7204138483168 440.3974592227293 0.07027362287044525
-1.6683519967440337 190.82056441673413 5.0749911771725875 200.110313229808 0.07027079910039902
703.4795717671603 376.42385515414554 710.4846615704023 385.3120580517398 0.07023924589157104
7.271163035908265 166.65457614127618 12.941641917073518 172.95782515962105 0.07021117210388184
782.1982775144129 109.89763511575119 795.3619324787155 126.17927606256313 0.07015713304281235
761.8412887614612 394.4466612971027 873.6618765981926 554.4518190732725 0.07002748548984528
786.6916871858006 131.66176902328993 795.9852301749276 143.8297254785429 0.0699353888630867
632.4313790001802 384.2721539810506 652.8182419426477 413.37650731278 0.06991906464099884
722.1593575549776 358.8010905389689 728.8333600748269 367.6830315088177 0.06982844322919846
800.4364102624136 116.82454505798385 805.4301823019038 122.42394032930352 0.0697549507021904
742.565698587826 414.79746045727865 748.9947537959422 425.4107022889429 0.0697457566857338
797.2900121741627 55.10461061440041 826.1901377215706 92.14198584613167 0.06971551477909088
734.0620122237166 439.2158935212671 743.184824423295 453.61493715718467 0.06955442577600479
866.3920783225152 386.30549077762413 874.2830707346161 404.49429254567565 0.06949912011623383
750.06898993789 154.88305121681955 768.2321206826073 177.1462529407068 0.06946594268083572
631.181790654113 420.48355322747807 639.7936378383962 429.64562901128727 0.06945072114467621
61.476910156626644 160.44398205780888 72.24623365520424 172.49285817402412 0.06942898780107498
836.0133090447763 112.7299112139077 847.4397166862298 123.31361803788978 0.06936673074960709
709.6828943478345 355.1872882082684 720.6809431610297 369.63449295372067 0.0692354291677475
725.1678337855262 490.7066141198636 730.7984305466592 498.80717007565505 0.06918057799339294
662.5741671386834 376.0543006424209 683.922369013565 405.90580241335823 0.06914271414279938
538.7401367053941 493.56663284594185 582.4991035121977 542.9339441331463 0.06907118856906891
614.9509101228349 419.18992180972896 626.345705324097 433.90391676624336 0.06898779422044754
715.2429568240833 363.57207150956697 722.7788167136476 372.9985401899436 0.06898532807826996
800.4931626327086 142.73147043357503 817.7579992162863 162.41608652317922 0.06887824088335037
756.1665296664584 366.7698101587394 805.8658582379095 427.34282521574454 0.06865987181663513
710.7138487879279 549.3664667256095 802.6362544234261 665.479182680605 0.06851436197757721
-66.95885224853238 562.0846277184228 127.14273432505217 791.3483198400385 0.06850612908601761
680.8121352151552 509.128581879094 692.7784074346655 526.795998709621 0.0684407502412796
739.1990112227201 404.02955613808206 767.9456892233839 445.12142347529584 0.06843359023332596
706.1316923832079 410.55926529832664 712.9817699660364 420.25070895668074 0.0684312954545021
795.3289848280697 640.3303603851982 880.254950988987 743.8222982277053 0.06841465085744858
715.4548994363811 343.56750195752755 723.6378815153297 354.85516379353965 0.06826063245534897
805.538551639121 111.86628693751172 812.944457935075 119.82196541687313 0.06818124651908875
933.320625800922 541.2451454759644 1160.5015370986823 801.4683289568864 0.06815250962972641
704.9796202337632 480.62050680279 713.0237033126735 491.88681715314215 0.06815160810947418
730.5930484400976 516.8441119657618 739.6290524897967 530.5084547631889 0.06810726225376129
780.4368590207991 170.6383967794856 788.1256232898648 180.49320629428365 0.0680905133485794
652.2487258153742 426.02401675637026 659.2302749130472 434.48396263407426 0.06807830184698105
803.0519508174168 177.02893577688795 864.7972525568579 252.2684468599767 0.06798761337995529
312.6233643517035 468.11652009345283 335.7921342793309 501.56762306542305 0.06787095963954926
877.3717694652931 387.6303049219486 883.6732921398418 401.73989629036555 0.06779792904853821
747.8047127833211 492.5583830667919 793.815971570639 558.9609265432839 0.0677976906299591
23.80463192756036 174.92187982584477 30.535636802956503 181.87553074077093 0.0677424743771553
876.5894567738467 371.6603090126657 884.1695541004431 388.57608671484337 0.06762897968292236
866.5616257643788 406.85585911468536 873.1807770307481 421.5578559399175 0.06759752333164215
879.2953591438312 401.1828028606136 885.8821971141191 417.6509180644658 0.06752661615610123
704.6047861862163 402.6214376141211 711.72142202778 413.4228727591887 0.06748359650373459
830.302559397047 263.0280558775168 908.8570054256123 386.0283860236159 0.0673561692237854
559.0377999394274 441.5025919131914 565.8755163937308 448.24883304116895 0.0670931413769722
332.3925960867277 464.39377685138004 361.20734755966396 502.55687806284305 0.06705059111118317
828.3746234435615 31.46680630841372 839.8462264229797 45.37630748672614 0.06675010174512863
597.813220139661 290.87248301890446 652.5952298129201 359.69533248165556 0.06674101203680038
824.8393593595143 129.18311950117254 835.06432372442 140.96837926163133 0.06658804416656494
799.2998159371605 79.39826440826013 1019.2662336351066 336.74766623242544 0.0664404034614563
344.76989413192183 408.7313930289309 370.9174523788834 442.3101507601396 0.06639207154512405
682.7227736074035 418.76262112396233 689.7199778724433 427.5578595897985 0.0663604885339737
798.5729318418823 -3.4703819602163843 818.9340391138727 16.448063853109563 0.06634571403265
672.4493642451715 425.94166521016285 678.7161027393264 433.8539175027607 0.066196970641613
536.3424696220573 415.44637572882806 552.6715581833356 441.7139209399516 0.06617047637701035
710.1021113634663 369.8694782264464 715.9242440378282 377.0454391450564 0.0660996288061142
740.3992411172259 436.4238049394739 751.1345246483498 453.70765992258555 0.06608425825834274
853.113680819892 491.9548769348233 926.4603674962827 604.3550580994381 0.06608039140701294
737.5367636112749 382.10594907306853 744.2040961334974 391.8052085198034 0.06550928950309753
744.4874866549064 444.4744037195109 762.670775403569 471.2287072808958 0.06535257399082184
950.2452360084659 -71.54163105194513 1142.675988375705 154.38597821378013 0.06533099710941315
729.2589452188159 373.6630792593876 737.3907319255626 385.15554193443444 0.06524603813886642
884.2946257382382 62.06215472666193 901.9168021558323 84.77746046471077 0.06517209112644196
753.9754555018546 77.91313011991623 789.1622803720378 127.74032755610688 0.06506302952766418
727.4026895008412 401.7678178215974 788.6729889433244 489.00438007644067 0.0649741068482399
830.2850392880705 106.61252314035181 840.8078279409797 116.10049866019297 0.06488027423620224
651.2570549916182 396.5820265113704 667.2766079428668 419.7397250620545 0.06478637456893921
706.5113048856596 385.26484508111946 714.2915153313618 395.3498468975303 0.06465104967355728
769.4957217732529 146.16353399557906 782.0087019774468 160.36273664428785 0.06463012099266052
685.1661542143513 351.83059618317833 699.7944878911397 369.82996941912137 0.06462952494621277
737.073008339125 458.24660796389935 755.2372577338807 488.00023509029234 0.06456896662712097
700.1012005374051 88.80206985817978 748.7932431986355 153.92240312772608 0.06454523652791977
839.3982506248789 131.08435876445552 873.003153745525 171.4421224807955 0.06442304700613022
846.2694106200706 110.07473650526423 857.320748904093 119.88428983525884 0.06431283801794052
876.3691424200309 10.321098545507777 900.2354691640735 39.82537168612693 0.06421072781085968
555.5295852843667 439.7130822225489 570.7779361428273 458.67472433377935 0.06407178193330765
144.91013849004975 395.5215205889212 195.24383413398317 453.9477987198389 0.06402383744716644
813.0303313598292 36.10388747382206 822.1933549979914 46.9356104289683 0.06400845944881439
882.2644483213232 402.85948348982987 937.7824985223531 501.1862872073716 0.06399592757225037
731.8369543489032 277.6150380332332 738.8640385624735 287.6880145300986 0.06397884339094162
857.4174106369712 370.83197071676733 864.3356517493359 387.63485340892885 0.06384789198637009
893.7923156292625 682.2653769395133 938.477910444048 732.6775677290025 0.06381531059741974
710.9849912286511 529.4230167924931 719.8700799184202 544.0948785224807 0.06365062296390533
661.0132948469304 424.7980039861618 667.4240448691884 432.89911723327987 0.0636468231678009
902.367758378229 576.7656090378063 929.7629095906292 615.0522387913259 0.06358566135168076
836.5944758268738 600.6384629098926 848.2558820639958 614.0524523674583 0.06340322643518448
739.9317309110098 394.54241237593214 751.6921532582027 412.73682971896676 0.06334193795919418
688.6144437656232 344.51983013905794 699.4329666117236 358.2032634711116 0.06332839280366898
725.0626079025633 348.5701759499185 734.0009279093399 362.43456040799646 0.06332151591777802
818.7455033957805 106.73842237132948 829.0685345678057 117.0163684026841 0.06328535079956055
876.7222935752968 645.6527332551356 919.0093699128312 702.9518478622591 0.06326747685670853
692.142227429742 397.2696646653349 700.4190900630695 407.9810708129588 0.06315413862466812
563.3787261006298 526.4877294474929 638.8361966021597 618.336958739917 0.06315087527036667
742.3058230984536 452.58303033936784 754.4191616225778 470.3194674118714 0.06294281780719757
685.7595758910139 409.6885642744405 692.3640402427238 418.2965895481966 0.06287870556116104
860.5385570273609 403.617228241719 866.9574318607132 416.95041644093254 0.06237705796957016
780.6076150325273 325.8668103607672 787.6417878992529 335.2693517949984 0.062065862119197845
884.6532357361746 104.2779129465262 899.5857912794521 121.74601737643118 0.062011778354644775
646.9202747016656 411.5315463997677 659.8341017602993 427.9003702247091 0.06196333467960358
568.9353295170324 279.0714448950445 635.2087501401237 372.34614696895943 0.061850596219301224
887.3760563314233 364.3878156446994 895.4738509740781 382.86881166965526 0.06179839372634888
740.2990941545878 490.9419508661803 751.3860776931966 507.3951453412877 0.06174955517053604
717.307052623376 327.4535594721412 731.4578644149396 347.17148553811677 0.06174251064658165
706.3298239701325 322.7890910229361 714.9229158724535 333.8533483702347 0.06120260804891586
733.0582650631687 375.2401587259378 738.7854542011643 382.95645811268673 0.06116560474038124
794.6596920304951 11.35926116125727 803.7218607645023 22.374844577519607 0.06032383069396019
732.1644988734664 358.7369053127631 741.9069207591718 372.7197201374628 0.060276299715042114
730.0897790735056 533.1336176467187 739.1569548696768 547.8716115672044 0.06024011969566345
677.3419614971141 345.1031430514188 688.9253319439835 361.0831311374145 0.05985437333583832
819.3328369936961 -0.5695833076949465 831.6116827488019 12.99356221456762 0.05971408635377884
531.8244893051173 385.6382144732649 549.2784833109084 411.2668258210977 0.05968336760997772
742.5643019534747 405.4176937091538 753.4706550817808 422.65202401799985 0.059663549065589905
739.1486731747841 155.72505107019617 792.2479569314031 214.8502739195415 0.05907417833805084
921.729016721331 409.1252415919713 998.2439762228961 529.4644977271377 0.05878420174121857
774.7170632312019 531.1880092525392 919.0970403498804 712.1423966909921 0.05858819931745529
733.2007488341303 544.6471945400186 741.5678143292328 557.6711073062902 0.058406978845596313
394.38520528658984 376.0076590085195 432.14676259494263 419.83705232683127 0.05836158245801926
719.209546355816 528.9717193350289 729.0943347496188 545.4006676716344 0.058255553245544434
315.63398352911776 440.9713852508051 333.4364471832284 461.14449684697064 0.05812332034111023
803.967885876492 31.507116715691357 813.4339147404481 42.77255131773099 0.05761037394404411
302.36879822166793 448.7475180679534 322.7252553294289 474.16028956423145 0.05756388604640961
920.6887817569853 269.8383479363998 1015.8809586437693 411.3499024226114 0.057471707463264465
784.2106272592513 49.18987597389793 794.2972023414534 62.009433953252035 0.057397279888391495
893.3200545488478 341.84393881725185 998.7397133877059 502.4215717362826 0.057244352996349335
289.21019986118756 464.8606922833784 320.88647471817643 509.84432470820747 0.05698731169104576
863.1507969448736 65.59019147364911 878.7885545975504 82.97786099722845 0.056430500000715256
824.5159498141323 321.69858706313494 831.6729648841924 332.0731400136832 0.056315306574106216
-17.239457966699096 -35.45690128378179 86.24871595052798 90.7170467942332 0.05611502006649971
940.0539845576035 190.98643112354637 1034.5842408075748 321.71590240054604 0.05562039464712143
703.2647325141791 224.56792074143493 745.2868719272674 279.5593081988666 0.055514391511678696
1011.3255175743283 -33.94638149275989 1104.6288747132908 77.7241319507762 0.05493399500846863
864.4452030503322 30.988977258412792 873.1476964661109 42.4099856733985 0.054728493094444275
795.4916873955987 31.342467743039872 805.5584260294135 43.9012024631141 0.05471903830766678
786.1540515155199 36.38092973811119 796.0139557953981 49.30290298903899 0.05471233278512955
739.663061898085 521.9440455753358 750.8523791959702 538.5268932587311 0.054541315883398056
547.2094441613731 426.5851462742016 559.9985963907114 444.6793406066797 0.054529331624507904
841.8039077902907 52.85132005642352 853.7690924897971 67.79658340192846 0.054256621748209
806.755118530515 7.053832176514067 818.4655947632469 20.700608783399087 0.054016683250665665
857.784067658502 75.560982282282 871.7964726223724 94.08901279834839 0.05395885556936264
810.1434206539454 21.535925479344158 820.1379083940724 33.514652287310994 0.05362390726804733
948.7249585647902 389.2508111418379 1033.473528962465 516.3794641791245 0.053513411432504654
690.5462184421599 320.40429929861267 709.3245127915059 345.92731102293607 0.053063344210386276
835.9664990685352 36.91201938895974 847.137283002525 51.07881924530385 0.05296999216079712
798.3582315593836 -9.570586628432123 850.6888161558494 45.90768848271103 0.05272679775953293
811.9163247702039 299.1168549593179 819.1855391670548 308.514898672398 0.05173679441213608
