393.93554505491176 303.25857080371816 409.7911131505929 321.65316754710886 0.9988148212432861
506.3755110726383 294.9563801353518 518.5347277339202 312.356048387037 0.9977310299873352
1056.9527299626054 254.91332345761361 1074.9825104655413 279.17827098604715 0.9366375207901001
571.9964470888548 285.1417702145909 582.7324397852283 300.3903374961699 0.23191073536872864
510.7629467556804 317.6112497012754 520.0153361128152 330.45000384906126 0.13024196028709412
207.74168274449423 324.9277293786342 261.9126965571421 427.2969874040782 0.12438055872917175
583.9718543717598 307.3726560345695 590.5798028966071 315.9398750828869 0.11413593590259552
24.326023533752686 333.6545175486762 35.127418863731435 348.0634363811441 0.11362472176551819
498.7824375519732 22.8007350414611 571.9734502896367 107.35884526354795 0.10982406139373779
1053.564105621694 294.9891001350428 1075.137719790392 318.6931163789801 0.10873979330062866
228.69627093253334 448.280819744298 266.3670522269876 506.877251092436 0.10463368892669678
589.8433012230106 309.5496513755814 596.2185163100789 318.47131584368856 0.10263029485940933
574.0900601425494 312.4344208164459 581.9775744397853 321.76234978545983 0.10058676451444626
405.4483749664022 23.647836725942184 488.8522080886596 117.60735401159015 0.09956803172826767
1068.2108041603724 285.8755805543626 1084.898326246256 305.83982551002697 0.09792107343673706
64.54774296024553 325.0767986406193 70.5678194791821 333.607746583255 0.09769277274608612
1070.720520711974 269.9155950881757 1085.536097530212 289.2606441028378 0.09692791104316711
580.5219902238634 310.09530438131725 588.1243185182465 319.40265060122704 0.09654637426137924
29.753243634321784 324.4053688444704 39.41792311384654 336.91153535980857 0.09641792625188828
79.21390976770586 313.522844253475 83.16477725942714 318.6385722445163 0.09569655358791351
82.45191449836668 301.3202668799318 89.16304024148728 310.652453254434 0.09511494636535645
430.1544591156163 303.65939449061295 441.30688893448416 320.14262169764356 0.0945035070180893
1050.3566954950631 276.772018311001 1082.392547319305 316.07875720947635 0.09417278319597244
495.91198751886395 321.41975615218865 504.32750524350917 331.60853518931356 0.09368209540843964
33.63345920920089 314.2118242001734 40.69537791060749 323.00289982684734 0.09350523352622986
460.0659307444095 285.83748910651565 468.435324248381 298.05020965211105 0.09313429147005081
980.2846933494872 211.91890282100468 1001.4209415581361 262.6032916421089 0.09226147830486298
458.8784993557237 306.69963281905103 468.31507766733574 321.8691487988654 0.09208201617002487
59.12539669504199 19.294192493628113 148.38968289778956 110.28635313120166 0.091736800968647
581.9921041993867 294.5276226472097 589.1222066918756 304.7884647697959 0.0910879373550415
160.30547987418277 324.6525095437011 214.79451412355522 409.1006436555363 0.09095308929681778
37.02624643236758 339.1326290428217 46.043553234875425 350.6857081883872 0.09083139151334763
574.7369814248635 296.8464864558718 582.9017243070853 307.73808186169316 0.0907619297504425
22.76363832314847 316.8877852340277 31.067855541773962 327.09139017663813 0.0907217338681221
94.36534765178456 313.7516709381098 98.14220659908877 318.95079225031185 0.09012748301029205
1027.0877719497857 256.7349037330253 1034.2335230461024 268.7760072055223 0.08984475582838058
587.0299867935998 289.423498014181 594.2291779284737 300.5873869565592 0.0895254984498024
467.7629655265574 285.53247745250167 475.1729786952117 296.839918971118 0.08920262008905411
-0.9521919532940197 326.50962104734646 15.274695918269774 349.38069296999953 0.08912189304828644
49.88548533526251 327.90291821965485 65.07747358170182 346.5180418670435 0.08872168511152267
481.843927489657 328.8194925252896 491.78366936903416 341.49682692031564 0.08862119913101196
37.55011713778764 322.00943239883776 46.084684451934145 334.0631596188897 0.08818624913692474
567.1823500649796 309.9764520083097 577.7589376594362 323.8869863338941 0.08813327550888062
469.4614750656932 304.3463190848213 479.3255699372202 319.1960732690429 0.08812587708234787
575.1994296122559 318.554199361744 584.1753599164782 329.476878100304 0.0880473181605339
600.0331660367705 316.19507167638017 606.3935052711441 324.84449720180163 0.08758662641048431
61.50902929113687 319.40882235633467 79.86467746758998 341.4251328587905 0.08718030899763107
443.46048381737484 286.8984089671616 452.30525216849134 299.53661146878727 0.08714502304792404
81.15838771183834 308.9623092702081 85.3041737279236 314.61957079196077 0.08680453151464462
32.47974265768337 355.80162317410844 43.58179517004231 372.0325394843086 0.08674309402704239
44.217641145364205 328.200201651713 52.55972167516334 338.9480534472408 0.08644047379493713
434.0943029436969 290.9618514751146 441.24876108344483 300.9163688615238 0.08617785573005676
1041.7660653088813 213.56892115738438 1062.9270588193087 246.11856819355316 0.08602993935346603
167.12775380461457 5.10104411471051 250.73064282431082 93.96160233948181 0.08595304936170578
719.5363877970517 264.11048604694554 761.1951161600241 340.6727650266409 0.08554426580667496
91.55344822035424 303.09126335899214 96.48761197071842 310.4552714789182 0.08548974990844727
19.159570998201612 293.7468950586413 33.17498014659365 311.7016922317122 0.08516227453947067
683.0875277124103 233.7574308504794 718.7186484266222 303.2842558875046 0.0850660502910614
8.931166739243308 304.2832645101903 26.841466553793875 328.6285353236745 0.08466125279664993
63.99656035037449 305.3612782738431 78.49872012453474 323.3700854378024 0.08455494791269302
589.7593642355187 295.2315526448978 597.201638001439 306.03263047122897 0.08453621715307236
444.3318148340536 297.9642009408744 455.06567164955595 314.308795577267 0.08451788872480392
1018.6577058853538 200.7770522240285 1041.801141002617 247.93989305832926 0.0843067467212677
577.7526217278455 264.4759619387958 609.6234746470739 308.92785147749225 0.08424843847751617
26.73649384811 308.97436536901614 34.205916312787714 317.6154565198255 0.08394689857959747
59.27557376438568 316.148907820087 67.31724668985655 326.1095616735807 0.08392157405614853
45.21597477888782 344.94212474777095 54.240261619106676 355.19579904857244 0.08376345783472061
473.42880972341027 334.67334274926554 481.9265403970891 345.78194500254585 0.08353390544652939
594.7889780360954 278.6469753950806 601.1632946009782 286.7984541751572 0.08350381255149841
45.07989438494092 312.0652419324866 55.59937872774459 325.0853972662509 0.08324196189641953
735.4894395067371 219.68754063148612 776.7883219371471 289.35984801053553 0.08316683769226074
118.35324312043824 301.49706072354417 132.1999472018828 321.2718872639246 0.08284707367420197
48.72744999404182 306.7815982121254 62.00310618437269 322.89707707111216 0.08283676207065582
588.8577030030275 278.80702522547176 595.382156061646 287.68106963447093 0.08277512341737747
1048.6232305997582 273.86479343665 1064.9347140992209 295.6361096382449 0.08277138322591782
21.843172296427255 304.7225075040887 95.1506710190322 400.01485930964424 0.08275217562913895
1072.2987258477938 245.56742924891455 1082.9282439358403 260.6293162052753 0.08237951248884201
14.940193962329836 322.20201591028984 22.379409871544404 332.24231340994396 0.08234396576881409
607.2768180630991 248.10947301949656 640.7834053335922 298.6803409876129 0.08220255374908447
573.8901257368819 303.54509100070675 581.3482076567905 313.33915748149656 0.08204074203968048
37.31769698805915 311.9420935318775 43.86151817736485 320.46168314327366 0.08191271126270294
596.1821026506725 292.4529863017294 603.606008813617 303.3054410406856 0.08162150532007217
5.368096045918062 349.0001742746441 23.703295388431226 374.64793428028526 0.08161277323961258
84.42106087475541 314.0425947218649 88.59305819754857 319.5167548723135 0.08158360421657562
91.45473958016943 263.57352294489664 165.48042945967083 357.7638294055396 0.08153229206800461
53.3937300277884 349.72883602788494 71.00842194915674 369.2172840335188 0.08135231584310532
569.6690612580052 323.5717338313483 577.8473754364672 335.0398309765515 0.08131060004234314
512.1979721378948 342.9265730112091 520.828200816453 355.18555065007143 0.0812741294503212
1073.1952346976448 258.64185905209416 1082.4013914777947 272.0451097741326 0.08122241497039795
1028.7438444296001 231.98652199435077 1042.9043229751696 254.7907314823847 0.08114690333604813
1048.447766606161 288.6243982432682 1058.3350213255628 302.4434239570378 0.08113497495651245
1054.1742877357938 199.4831334734515 1087.325025352399 250.00757395108627 0.08097218722105026
440.0148573733713 302.8651783387416 449.85455256841425 317.6824617579879 0.08086317777633667
582.323388931873 295.1749181288907 615.0208791281179 338.2954058037769 0.08080454170703888
67.61305619557142 314.80394340841787 87.772245100821 340.64602022937856 0.08076141029596329
999.4640385845379 206.47423156581962 1015.1783452373888 236.7709078697526 0.08072271198034286
89.23210981079647 294.30941846055794 105.3153895006609 314.97795495913743 0.08069703727960587
461.23001673803543 335.67380534578035 471.7902885515389 350.09067904756716 0.08068621903657913
21.932793047602644 325.31338761609504 28.842150923495762 333.43774354603147 0.08051633089780807
586.1846595587276 298.5378290957693 592.4219502613652 307.58240501547317 0.08048471063375473
99.08612911265773 311.4095068348492 103.11401630361014 316.8356010420418 0.08046745508909225
22.313233774213312 311.5952030141292 28.370492444000135 318.2938527342991 0.08044356852769852
610.682326967389 311.5374439462486 616.949635835689 320.4075069458981 0.08037459850311279
669.4068516296292 127.48614758823274 729.4316646568678 198.4789723866737 0.08034573495388031
463.3847169062637 269.53627868438093 498.1204833338322 312.2975091823868 0.08008570224046707
452.80073128732516 291.2451225409695 462.5583252218329 306.8859506802115 0.08007063716650009
459.93913884385927 288.8130224757164 480.38932343554904 316.4875764526548 0.07986050099134445
607.240610556133 279.62511151253574 613.4243916402012 287.69679802387975 0.07979787141084671
75.85347662502365 312.54125667044065 79.53432935025117 317.47128180578153 0.07976651936769485
351.43076757461284 347.58578849450396 358.4987753172879 357.9502647977531 0.0795656144618988
137.05194113358937 83.42444686511878 502.0536975702197 508.06010989021337 0.07956425100564957
516.1581819307755 330.4392193672071 523.8693321032326 341.6786726876583 0.0793830156326294
33.29164287017818 386.2213600848426 107.25715321930025 470.52196182969226 0.0793205052614212
581.8586180942506 318.85592200354654 591.2030524683842 331.03101920898 0.07918475568294525
77.62490647020537 276.2620959295899 97.02365630638707 302.9200548577483 0.0791831836104393
97.03559758569153 291.34571438594287 101.46038455240834 296.7220886667907 0.07906487584114075
58.694400046947216 280.38285577730176 80.42791348707699 309.56924446936 0.07898198813199997
599.4815353014563 278.9553740705446 605.9864227757926 287.2146833633153 0.07896346598863602
705.1488656738652 306.7009262617578 723.3921584384582 331.1426739088326 0.0789584219455719
876.1756207438135 478.94019816900817 1239.2188727246573 890.1496745587949 0.07895788550376892
599.655351561368 322.92070164146827 606.6056230569301 332.66768376857726 0.07890553772449493
618.3994720903461 293.7650450203923 664.4438444108945 356.736792954691 0.07876144349575043
170.89421742665272 299.10971107358995 180.78426704131093 312.6900761678937 0.07871291041374207
438.70169938709046 279.5742329133069 447.9701183890754 291.60665902363803 0.07864856719970703
570.2313506318093 306.4594940859084 577.1758005294109 315.76981104433816 0.07862261682748795
651.3852987969798 221.97858702142557 684.0842949954921 275.9469295096864 0.07857805490493774
626.1628937206877 315.55396525788274 632.8127008324524 324.79255599304963 0.07856304943561554
87.60884108438478 309.1057498537292 91.87552538770316 315.32522720129145 0.07829811424016953
465.7234890743833 296.19441747115127 475.0461507864722 310.7423013307902 0.07824190706014633
600.1076947840209 306.9682393679705 606.539262620672 315.6891701064128 0.07823366671800613
389.4270281504166 286.9536749549389 402.8329123410486 301.96563443602827 0.0782037302851677
33.19124379478602 297.6350565355973 43.785241211871664 311.24961496222005 0.07807311415672302
62.95192721773574 334.12932022911014 76.43835153546922 349.44810786433686 0.07804878801107407
1019.1676825121224 239.8159298259283 1027.692192325337 254.92159196001393 0.07803214341402054
10.520621274193374 325.1938327305799 23.519199633399843 341.88471950832684 0.07802101224660873
-4.972179665955262 291.82349110799015 13.033075989161116 317.5547774496739 0.07801540940999985
606.959261218828 298.41489053647786 613.684290762331 307.6856904868701 0.07793623208999634
46.25625286705797 291.4855534960055 60.876366141771356 311.39857149543633 0.07776027172803879
15.723169235688099 341.8516676966401 28.298373807581047 358.58234910965234 0.07768619805574417
617.9710762537749 310.40965946291135 625.5297020350733 320.8039720542697 0.07764539867639542
274.6825486680939 445.4938329286141 449.32105862973015 635.5818684244163 0.07759680598974228
465.9766343865805 326.22058578124575 473.76267718999156 337.3693358288124 0.07748042792081833
411.29430146536026 102.73100746777475 476.1806216772297 179.67843007575522 0.07737956941127777
499.62581138644686 330.77121047614133 508.04564646373956 341.5531051236989 0.07733926922082901
1034.8657853993052 230.7207619472666 1041.6181574889933 242.95900378997294 0.07726582884788513
162.72892189737206 310.84341378289747 166.0285971946104 315.35141038776504 0.07725504785776138
490.994494849959 328.6301827729036 500.6479218813842 340.68214648524247 0.07718738168478012
664.0942917254592 290.4252196870891 714.4378268631858 367.9465737191648 0.07712622731924057
471.5370628811584 179.0735726631587 480.5874257349275 193.33518350163206 0.07706853747367859
473.5188492727383 321.5979913885866 481.2592834587564 331.92381349548623 0.07705622166395187
475.64342155563395 313.21860353144365 483.2011813167006 323.56590241265894 0.07703008502721786
562.7531488928812 316.5336945993374 571.8232445182011 329.0880821936603 0.07700806856155396
596.1776533851555 302.454087479972 602.8554696302971 311.5758185038964 0.0768480971455574
152.01938520027272 314.6739444717896 155.7237513771432 319.7010833612218 0.07680714875459671
123.35428307271839 286.10988831106255 147.66859583455286 315.3321264756288 0.07670719921588898
580.2127038622534 277.03621196173674 588.1407610908601 288.33487027254137 0.07664506882429123
76.67979985395566 316.93544956149873 82.58224951566154 324.70887238907164 0.07662788033485413
102.50803907143948 309.40435048964594 106.84238609389179 315.1376821484606 0.07658832520246506
562.4785103647415 292.0358324261636 575.4548249079422 310.1008901525066 0.07658756524324417
572.4588696346859 275.8031171063932 581.3071221788955 287.87910847831955 0.0765581950545311
1029.3354776386598 259.07691109832024 1052.2877046372985 291.67108995613745 0.07651802152395248
491.45354568328867 226.29478479889806 531.771846649451 275.2947623234297 0.07650021463632584
1041.5908776238452 251.68828997049468 1058.9171574363813 277.22950993199794 0.07640209794044495
600.945401716759 295.31173132185774 607.6221936596211 304.64889369421724 0.07629500329494476
590.2594640253426 317.5359589683925 596.7516506275147 326.6553103698563 0.07628215104341507
1019.1081477172789 226.94197487439826 1024.9659873510243 238.97457725305654 0.07623955607414246
100.26495217060271 281.97593286432806 120.47472286602054 306.5102360286753 0.07622870057821274
393.50469698500325 250.52532323847126 420.07267252975487 284.0000254640348 0.07619109004735947
372.52138035713165 246.97391583316596 412.74311841033824 301.116437170852 0.07601607590913773
71.48525392500305 292.5181948945362 95.23524167164418 324.9925585828628 0.07586942613124847
283.79882343206805 222.72662287833163 482.2319409045155 449.36913569457636 0.07584256678819656
29.80454394149631 298.66605824507496 37.78101576992807 310.1037135965334 0.07579529285430908
618.8552890314438 293.8985522921831 627.6058753409732 306.63442465248096 0.07570601999759674
596.8408189931936 311.30042469506674 602.5498117067682 319.1760198965586 0.07570545375347137
1037.7651187144736 179.36881075408613 1064.3348278191863 220.57298394293292 0.07570473104715347
86.07575688634125 295.9006161426506 90.68498597057523 302.1073503033005 0.07569438219070435
76.51823266070559 297.74841695647126 83.6776715020595 307.6619750471838 0.07565812021493912
-1.5962350987050573 306.0034283476787 7.5607981977653616 319.85969412446775 0.07563544809818268
726.3197566878316 327.1038602689619 769.6386296863532 383.2324979393692 0.07547536492347717
346.7838810887685 328.9658399829401 353.47163360577923 338.563044112467 0.07537078857421875
95.18750494524818 308.21939323224234 99.38370334839794 314.372523567818 0.07534202933311462
1015.4639454002431 204.20534650807795 1029.5230401175766 231.69630423919838 0.0753379836678505
481.02334800841135 319.65134050647174 489.06330960299726 330.3646898478141 0.07522857934236526
579.1330932124267 218.67857728538246 586.2158981735148 227.61043238649657 0.07496920228004456
588.5511297272128 277.1151027654629 592.6027606443234 282.38489705438144 0.07489486038684845
92.75067940890669 294.6811855112114 97.51209165712827 301.0193460829092 0.07487798482179642
780.1345062901446 304.63311818571293 792.0912550204583 322.3640265963177 0.0748763307929039
640.5299839890114 277.1628721705911 671.6392065067812 321.91685804557574 0.0747065618634224
161.05056787196418 315.2880040711986 164.83782934925347 320.32089053605904 0.07468430697917938
775.1196557414241 202.44642716132716 833.7008062937012 285.37708013525724 0.07466411590576172
106.48417498253725 310.18983574428603 110.94500799062125 316.2496856232912 0.0746278241276741
565.0420338605318 338.20525331316713 571.7529893885372 348.8959857143495 0.0745931938290596
761.9171550232654 284.1073323202964 821.8360671397384 368.8139411401177 0.07458224892616272
468.30250490593295 344.72115824883235 476.54366276700176 355.46749154185295 0.07453186064958572
143.2245121565179 315.3058594719737 146.834482419452 320.1263691460864 0.07452375441789627
423.1724159483705 308.4520406874684 435.06279025744357 324.5526962946997 0.07451916486024857
99.86719123287284 373.19809155698744 154.37008882890873 443.5141779912262 0.07451347261667252
91.27780734755879 309.6212802794266 95.37352006743771 315.49327839384085 0.0745098888874054
441.63316673385776 314.7155674314675 460.81582051652384 340.2506071327248 0.07450699061155319
62.52699409428823 312.3539233093511 67.58947737790616 319.0296784724078 0.07449215650558472
37.42610963072277 305.6324283354188 46.37668093057197 317.513764140894 0.07441253215074539
71.17974898496485 331.62623649910563 94.27722555542968 356.4027848135785 0.07435950636863708
996.3284524281039 242.11733836077408 1014.9029534156685 276.42061314958437 0.0743526741862297
995.4703538158145 169.46638460040046 1019.2979760185166 212.82169464664295 0.07430669665336609
591.2815220747852 300.92052512228327 598.0136936124492 310.4668598903486 0.07420945912599564
757.411648278173 281.6667495076236 789.2644539135295 329.539389034404 0.0742083415389061
518.5527013805375 343.6231698967096 527.1482902395015 355.69658622171704 0.07413525134325027
606.0929294682862 182.64992936192576 649.1348599197325 245.23518165052843 0.07408509403467178
699.4477730578429 336.57508701613835 973.1454025626739 625.3258136354074 0.07405383884906769
89.62137773173686 294.0483321620105 93.22752212825489 298.8826830383811 0.07388179749250412
359.52339860081645 332.7142196791675 364.8683358826119 339.3443579741133 0.07384384423494339
671.9713021811474 299.63341927635395 701.1109255120326 345.05091779396383 0.07381776720285416
940.448733382833 150.15720574681123 971.2741505015831 197.30020372008465 0.07379069179296494
593.7426017868124 325.2574346594838 600.5113494715777 334.9441117883265 0.07369718700647354
403.8509118761052 293.74981733371845 416.98526381936847 309.41911305892773 0.07367901504039764
1036.154023684673 243.4835505344727 1049.1055178794916 262.8630770280547 0.07366422563791275
1048.2576461950553 236.27487390838684 1063.7808222823437 259.0275604106284 0.07366153597831726
475.0416851840674 291.5261142007183 484.82085107038466 306.22330140565407 0.07364168018102646
612.1642076594965 319.8869867819429 618.9355281989472 329.2521243523355 0.07354889065027237
641.5539429840294 185.0490210923234 678.7238970892383 236.15350658425368 0.07348928600549698
44.810581426342964 340.07582822163914 51.211791109487436 348.1086655846717 0.07345085591077805
788.0158376854944 98.65464532030707 795.978940518179 106.27078211565845 0.07343249022960663
104.38397917117794 305.91139301526135 107.96421932033108 310.6088947129612 0.07340805977582932
371.1001738319565 74.67580191876337 602.769303810118 344.3694070322448 0.07337502390146255
338.7778505467069 350.8529637425097 347.31452541262814 362.21328550450005 0.0733463242650032
56.6168556860764 313.13724962717123 61.71788138444038 319.85913131083623 0.07331477850675583
529.3961771827956 273.68792738666343 563.2395635998519 317.10697177259493 0.07330340147018433
606.7252821829451 287.52936697740404 614.6172847226686 299.1844735130994 0.07328859716653824
680.9757667450926 338.5454747243951 725.098167454936 397.8138807866022 0.07325726747512817
563.6291386493516 285.8203306938696 573.188865894759 299.8651016487115 0.07321828603744507
1039.0912662210096 215.97248021248225 1046.8576264614871 230.16877512563514 0.07321709394454956
498.85903184959153 304.92538451778495 509.43342312519974 319.7277596767825 0.07320431619882584
457.06674953084786 328.9508768725731 465.4046097847455 340.93076701163955 0.07316938042640686
19.798836363087005 333.42374404042596 27.02393773001286 342.283128196462 0.07307659834623337
19.60387650473734 358.8608152396325 32.06194880550305 374.76947619778133 0.07307203859090805
4.306472341696387 320.2155049090895 12.133184422500218 330.45633128542084 0.07306564599275589
454.05660687189413 278.755374635072 462.4513533481078 289.84513470179496 0.07304807752370834
1024.2812514702377 232.4737845589253 1030.1447983644512 243.72706979127045 0.07304209470748901
513.130949943814 328.71473472530477 519.4259444399383 337.6997539267717 0.07303468137979507
529.2606910873322 234.02272935067 561.2195187024115 272.8152353415483 0.07298994064331055
589.1148624711047 333.31381166629006 596.0468490834077 343.70123949100565 0.07295919209718704
533.6167238828363 265.99922553590363 559.0094959229352 302.30088248229924 0.07292109727859497
551.6251423686732 214.49052928440207 594.1521912700927 270.66349881782014 0.07291903346776962
822.2646196689319 50.08950647219688 1030.5449236539762 291.0819788568784 0.07289468497037888
157.1312451010018 311.38933073221096 161.89363412457888 317.63535991656676 0.07288613170385361
90.57448993188804 313.8635944455257 94.56130501911807 319.1679429050179 0.07282576709985733
52.9413912925718 341.837407921728 60.17436566852646 349.9536702462327 0.07276458293199539
732.396423232555 107.52019198661262 794.7772204958784 170.02018762792494 0.07275380939245224
441.5053773766882 270.2984537073419 452.1234722219287 281.7749424669934 0.07269144803285599
98.52148791623836 306.2574375629699 102.8621313555071 312.1078408925649 0.07268957048654556
1037.355134188135 149.807589420849 1066.3856591555898 190.75113722689423 0.07268595695495605
329.2154054842892 20.50081987157799 409.49261295301085 110.59854645522823 0.07264978438615799
819.7465015636122 271.7655202089241 878.7204140340231 356.9749205412902 0.0726461336016655
165.6612635132129 312.46492303362703 171.06669342896708 319.6910924006551 0.07261794805526733
709.4049934613507 242.91570198351644 774.9482577195391 352.16537766844266 0.07258115708827972
344.0291392446901 343.47669697847806 352.28180606720474 353.6721837668441 0.07256963849067688
348.9629596204521 308.6625677309266 358.1012277674168 322.36368384372344 0.07246794551610947
341.5430599715094 326.746731567579 349.2254401744817 338.4464797963486 0.07246167957782745
549.2890908329344 311.360944313429 589.6714459806748 368.4581618546906 0.07242976874113083
41.72980670354279 356.93205802439223 56.90003520045566 376.4016674747263 0.07237454503774643
58.84706351655684 328.7245944870853 65.24687017056648 336.90816892933395 0.07234648615121841
578.2421465048756 326.58448291709715 586.6375307852813 337.6617978290212 0.072211854159832
566.5527516398657 330.794430453086 575.3963339417519 344.3412989303873 0.07208625227212906
71.32661372875482 311.61058073535173 75.68055282424248 317.3940479557316 0.07205930352210999
565.8921025691271 224.4080464329174 574.152619308307 236.0351189763419 0.07198946923017502
144.40936141389474 357.8963396345771 176.01881020402092 402.377427742671 0.07193233072757721
160.51623185898683 309.0182754211402 163.70520141434764 313.21365338686013 0.07190991193056107
145.0973057501629 318.4849994164602 173.66004086183952 355.9918011132763 0.07190168648958206
363.0440987408316 327.8846418791903 369.7965516608821 337.3065863429982 0.07189847528934479
759.928516571475 250.0577805051093 783.5591921397462 285.1872916278315 0.071874238550663
22.004770107280113 306.9819035329434 28.328958395486946 314.1760921405124 0.07185511291027069
439.26964483649084 235.97874162067671 479.7476694541408 282.23183072298355 0.07184328883886337
59.66202298964262 344.05301950087534 67.25343703034645 352.03464743884973 0.07183606922626495
508.0513089702028 335.6998790727867 517.5154076197842 348.82236095983745 0.0717974454164505
484.34235350354874 338.1096707499015 495.1414587079197 352.2191288819841 0.07179415971040726
363.0765186144877 348.48202420184793 370.89789418729447 358.66651465771645 0.07174817472696304
723.376619611428 263.67054826910896 739.456400695022 291.4561290983281 0.07173421233892441
351.3512763705649 330.64383577006515 358.8403599074809 340.48089070047695 0.07172250747680664
341.07766929169173 113.06842470641877 403.8874996760142 182.37599745611936 0.07160521298646927
1027.1202966623948 314.158265407736 1033.105680848122 321.72498108178837 0.07151524722576141
345.768496673037 291.8496458139652 354.8129443742274 304.713482200968 0.07151511311531067
1026.7696509101127 654.3573730312945 1108.535659847689 746.432097734773 0.0714927539229393
606.9901234904344 316.48600342690605 613.4877066989393 325.66572049075927 0.07147110998630524
1005.5069321926353 224.65580027013377 1041.8601063530907 284.58981451543997 0.07144401967525482
828.3603804887617 288.60435801129495 834.3094437462715 295.6754246537915 0.0714372918009758
957.9419040803577 188.96931833514074 979.7586703405736 228.1868549445603 0.07124324142932892
423.6028023353124 270.1106522057012 446.54097874255854 299.32659011395907 0.07117791473865509
220.20647535610115 343.6964165322626 225.34211797502903 353.294220574525 0.07113753259181976
588.8338873221489 80.18731920376389 990.8155183561697 539.0306638750035 0.07108060270547867
427.1351778578024 267.19506027461324 434.9311913339476 277.2329476337262 0.07107339054346085
102.90515528526673 345.97469436004013 209.20827722649 496.4632086174636 0.07100479304790497
28.395528724379755 289.487303976985 35.70444067571591 300.20717776041965 0.07097875326871872
626.3347305232792 277.2173987878884 633.3484669306199 287.34929998961445 0.07097828388214111
1060.8474010234218 345.76662221988437 1080.349286845259 372.14495920184265 0.07095278054475784
156.14998434364503 309.30369054329367 159.41816751567296 313.6878050321769 0.0709490105509758
358.9418179723384 336.68256386830546 365.9221108421483 345.7529045057587 0.0709405243396759
215.41804344592163 379.06974935640324 221.48677330826416 388.17860940019773 0.07090259343385696
361.3551166023006 253.53375741913845 388.018143996994 286.8436574977666 0.07090237736701965
152.81183283101961 310.9182839319941 155.87147224015473 314.89409842323835 0.07078146189451218
883.4311983519237 209.18345302093562 931.2321066018919 276.85135260361193 0.07076387852430344
459.86569150467614 324.71046908063033 492.8557289569937 370.0114648282673 0.070723757147789
202.14140414712963 343.61517190931914 207.8166063677648 350.2148049959652 0.07071202248334885
86.71215928482987 291.11401461671863 90.56170072583807 296.3663360360809 0.07070499658584595
591.9782404415555 267.82402083851264 598.9300646383313 276.6435156038867 0.07067560404539108
871.8749067633479 257.41554207128377 916.9337790400716 319.69506715237094 0.07064907252788544
549.0449725083399 -6.978770179918163 595.2719708739826 45.153309530774905 0.07061202824115753
539.1097612887659 233.73729799330414 625.0441021709833 352.4145443606465 0.07060953974723816
82.61409248311173 319.0978342389171 88.61518776707402 327.41927315721364 0.07060620188713074
573.2035250660653 214.91357194208817 580.7115950885964 224.2137624755043 0.07058517634868622
785.8947308801337 277.8811935878891 791.7296543719099 286.7356834786217 0.07054758816957474
58.20408984522045 304.6835847859264 66.0570383678232 315.2089117217205 0.07053467631340027
551.0813946965229 305.3895954737912 566.6349592451165 326.95536267611095 0.0705326721072197
534.9575067582887 225.48790065432834 544.1403347293317 235.97657907483594 0.07052803039550781
93.03007226977516 290.0502676045592 97.12916578532784 295.166365786233 0.07051179558038712
1029.5163484290506 244.94895571232664 1086.6817912474962 331.4230076936751 0.0704827681183815
620.7971847793253 320.3312355130721 627.5986804625446 329.4413677504052 0.07044960558414459
29.208936401026193 341.68239512497007 41.82244836843885 359.0530709930343 0.07039817422628403
160.31081216351353 304.54186334336794 163.5443450672318 308.96110077265956 0.07038769870996475
449.5462115908855 340.85021419344235 459.43717239780204 353.4346113680876 0.0702381283044815
605.5145660294606 270.536295494272 612.8087005732731 280.1753090068679 0.07017993927001953
617.1274101991656 210.6860864227711 624.0972991320773 221.35052455953962 0.07015106827020645
1046.8214794528403 305.2205148848948 1063.6207086259467 321.789550182394 0.07014357298612595
641.5370984993898 255.310816443014 665.406105132412 290.47015500535184 0.07011091709136963
99.91455817867235 291.94552909359567 123.84197827831665 324.79150571379864 0.07006586343050003
154.75933462733883 304.0086921648678 158.20148334008965 308.56018687969583 0.07004383206367493
102.18456721205158 314.84138379638927 106.4675264614077 320.8423552741636 0.07001706957817078
473.6731991871552 195.53652474080772 479.80349108100114 206.55663485186983 0.07000204175710678
429.5139103148155 275.36420907786265 438.40383576829066 286.95830233773177 0.06996650248765945
66.39261267542079 308.4397288424591 70.77352948805441 313.99203022983176 0.06996417790651321
459.0145194121534 310.7957253665278 484.4315336196427 342.4657831246221 0.06987304240465164
148.70393831535367 311.79467012694244 153.24355666919215 317.6480322181366 0.06983673572540283
512.7282839118469 353.98372745324036 519.8459571661872 363.5478574411892 0.06981053203344345
74.55748119343117 307.3213895589368 79.07333663550256 313.685028852022 0.06978536397218704
488.473693665169 374.3978472689198 495.378018579927 383.4974168690979 0.06970158219337463
502.6234590175135 321.16003805842394 510.9044573520788 332.03704681448863 0.06963257491588593
353.1971020050071 339.34487676477517 361.02081700277296 349.350215932956 0.06962990760803223
424.57493185440165 294.6345467004331 434.9489511924333 307.980353150215 0.06960566341876984
927.7818986078364 535.8274988029233 1142.9852122964003 771.0629801754998 0.06958051025867462
1038.0421658266125 227.5770410164453 1042.5226176669914 234.95929990443707 0.06955520808696747
70.19984535244964 325.9107231326064 77.6709655325872 335.1560023367551 0.06947080790996552
621.164207942095 330.900814642403 629.8359195707915 342.71482624584985 0.0694166049361229
335.3066795873312 326.83247069717584 344.856854148229 340.7690858409843 0.06941406428813934
80.30332945039173 296.15376280952336 85.80319821567285 303.8530657601566 0.06939252465963364
560.0153520999114 232.8860571020041 567.217645752658 242.51497744888212 0.06937374174594879
597.7634999206008 276.4703325667576 622.9671739725217 310.8836645898991 0.06935758888721466
355.78180833380276 335.9661212831329 360.3707014187431 341.9729469834114 0.06935281306505203
162.48633551081284 305.03381971067273 166.32141354401998 310.502362002136 0.06928770989179611
147.2560552553808 306.7993190396579 151.57066159519516 312.3471713161101 0.06923315674066544
465.54916768371527 278.9674536440124 473.50860579736167 288.55906893203644 0.06922091543674469
554.0329258588511 335.7933412891746 564.5834759468808 351.7113732252434 0.06914413720369339
1024.981828855515 246.06464232270963 1031.8461511899998 258.3355812189574 0.06911315023899078
1023.5479752185377 300.90888630955277 1032.6271061972645 314.30567809541895 0.06911125779151917
485.5409954040045 62.59688910367186 515.6779640848356 100.83200840362323 0.06909627467393875
213.88556897576828 309.0733945765881 243.47250817708507 359.79815479801033 0.0690867081284523
679.3575147083034 177.19018505373563 736.2111934654516 248.34765869997955 0.06908605992794037
701.3187257169878 304.90325996982756 709.9773743695843 318.6703156197248 0.06906808912754059
1011.1543966631639 252.40069452858884 1029.7130364208763 282.8477155041852 0.0690564438700676
1017.3370687779105 273.7311526910523 1041.5519523068083 306.22084926174466 0.06899704784154892
219.86225823299884 372.3848756532139 224.78113125927322 381.1718616664361 0.068931445479393
459.0258358486499 271.0285624189415 469.64781366308375 284.13310665079877 0.06886471807956696
491.1677674566072 310.1153790972663 501.6192623034242 323.9798774423048 0.06882615387439728
31.506268627662262 346.78269205761643 37.134208982553496 354.23399117054237 0.06879999488592148
157.86941546572308 305.9338227458879 160.88285099838888 309.9130596402258 0.06879688799381256
591.3164919603825 285.0927338628102 598.4524917297905 295.00130846706116 0.0687839537858963
941.6982593775219 209.68033847834994 970.9857838850352 261.63836405357415 0.06875289231538773
522.1517219823841 -4.285409519648896 557.0772659530312 35.87960575284354 0.06874467432498932
73.04762580194149 315.90020759274455 79.27309725269471 323.9345491692069 0.06868541240692139
-108.10464125034218 414.84182501996565 261.7752543531065 858.6763905192848 0.06865250319242477
49.28557223675365 310.27203319396375 54.65646463663754 317.9408258875423 0.06861112266778946
-11.573957066577165 -7.060469574839079 79.41892619884821 100.3630225946682 0.0686025321483612
131.62907319074117 311.3317463835462 152.09927343617613 338.9937557583059 0.0685906708240509
51.56786755299895 321.87209018607166 58.587584363185194 329.97888806256947 0.06858804076910019
443.5210742415395 331.08939205317336 452.61396485638363 343.78256133183504 0.06857704371213913
409.16974927075654 271.7298512549377 445.6514471713235 317.7897974955221 0.06857313215732574
494.06156274664033 260.87362732792076 522.0137820532194 300.6894018074722 0.06856051087379456
84.723299795859 314.29675600659806 109.63381284774033 344.8979778068331 0.06855795532464981
380.85487567277744 301.14604742044145 431.1905298242839 367.7478106146908 0.06855270266532898
359.21404407889594 349.76747506123627 365.19255037604506 358.10994600189923 0.06851374357938766
67.9534514817174 314.939911978867 72.54136217822189 320.4313453989712 0.06849908828735352
554.685025790681 294.6367384425771 564.4785931131827 309.6880858140724 0.06847444176673889
603.0197253080207 332.01754997009306 609.539810853993 341.38406771871246 0.0684586763381958
110.98157996700351 308.84881801931186 115.49023829707046 315.66464968768383 0.06844950467348099
204.2911652323862 349.4039574187896 210.22762449070953 357.980949812591 0.06844586133956909
612.5499324918599 302.86532471554074 632.4370139493623 329.65896265535093 0.06841383129358292
484.0867110978762 298.6366531881186 495.40023143793604 313.026517258496 0.06841140240430832
74.14940789505438 325.9515995627057 81.36554144144944 335.0909351005293 0.06838884204626083
359.63965794963354 353.71878636645306 370.2810123608409 367.1440922547573 0.06837708503007889
579.9553836244606 212.93267784318127 614.8963800836749 263.1261471482452 0.06833192706108093
345.1082871176125 269.31252350585777 383.728571565589 322.7036697494085 0.06833072751760483
783.1826631085419 271.1447135388636 802.0991422514451 300.44833862318194 0.06829557567834854
1036.2890681462482 292.7140477052754 1048.6446733966898 308.5614463533762 0.06826111674308777
108.13643664586695 314.28605041535053 112.39889762744282 320.186566804162 0.06825579702854156
350.16171101131044 340.80652453598736 356.1848365661321 348.83622422391016 0.06824813783168793
20.565399156551603 362.97236337946435 51.3665115224129 408.7453632382481 0.06823498010635376
535.3684983516738 310.7315950594028 561.5918743479243 345.6306323048218 0.06822588294744492
221.63528570468236 358.5020052283654 226.59028018200434 369.4264748381044 0.06815346330404282
90.60229147205915 316.9373921122961 97.00137341693035 325.65775379318563 0.06812282651662827
96.06630469458138 297.5175464815078 101.12411941851335 304.7966426476773 0.06811671704053879
594.8179091570463 329.42243825219964 636.0300747364561 387.76955832975153 0.06808562576770782
819.5328177025207 233.6009882447309 870.2144224356733 306.43298566319345 0.06807342916727066
736.503763058541 326.54843850523275 810.8935689141597 419.8851750888644 0.06804289668798447
708.8812377313365 262.24804794710747 736.1026042307865 309.0091488258143 0.06802698224782944
469.5220813699042 259.73692153482017 486.37261133539295 279.4862905186629 0.06800668686628342
210.3429195166194 350.81447437740155 215.70872227219985 359.7484323387413 0.06800448894500732
167.76074851577016 309.2556517728876 171.47734847513308 314.34497718369835 0.06798593699932098
18.744442465750833 316.8666623104268 24.643041092652833 323.92508335830166 0.06792400032281876
657.5260643933696 266.4410880433758 676.6729203782259 296.5792436058312 0.06787871569395065
181.5942305427113 291.3205452937385 217.25404006759567 342.8262968498258 0.06786022335290909
102.30676274528025 257.17301002539995 125.489985755046 282.3710938024762 0.06785216927528381
426.48391466796954 286.6217383139713 436.7244223350765 299.42256218459 0.06783026456832886
118.80631746124503 271.6007043145688 138.47674687490158 294.21537752804386 0.06781905144453049
66.1011131223937 346.5260143516217 94.68802523517493 379.2378429353865 0.06781154125928879
596.9357457024126 333.1360928359032 603.4615649146713 343.0931101854154 0.0677558183670044
918.186869019857 245.3485264600845 965.2466442164144 315.7935752697378 0.06775537133216858
899.5710202017103 -103.33407244414119 1211.0538388225814 253.5393336484431 0.06774440407752991
344.4658115400804 674.4312744722022 366.9138303261879 692.5907874448379 0.06773213297128677
450.705072335869 267.9344721822631 460.77249415850093 279.3433090933316 0.06771140545606613
493.4817358920001 291.3526899600683 505.49456726674924 306.9717351000863 0.06770553439855576
77.71144763880523 304.60405271105196 83.14535438231874 312.3245140433549 0.06767306476831436
587.780674369695 260.8648169973293 595.3404689391378 270.9871180276296 0.0676727443933487
41.43539781655081 275.71602213874604 57.10315367943976 299.5662500897292 0.06766711920499802
718.2426083556494 204.83319351626864 750.3761832409778 261.0016162546319 0.0676540806889534
478.011219019903 303.64085292973533 500.2428287871997 334.22930239698803 0.06761111319065094
37.551924080056075 331.3642064290342 44.22882390419576 340.3495458323082 0.06758717447519302
555.1588893155865 259.95926568984635 565.7301931167901 273.3625800642769 0.06748956441879272
717.4879759965047 308.3878445729393 723.8775885427173 318.61343744246443 0.06742849946022034
536.3332064356193 183.98678350544967 575.3590403127794 232.0444256346237 0.06736525148153305
336.1336497897531 292.20563542960673 372.06762080761854 338.74973712773533 0.06733549386262894
180.1141369585684 383.69842265747775 215.06969660242837 435.995632960354 0.06731796264648438
507.2842340450455 330.23925124355117 515.8777348308084 341.2473120071266 0.06729727238416672
1054.4447475098646 152.1276795545181 1088.1272192426168 207.06719062297978 0.06729483604431152
414.62886808233316 292.23321392788233 423.9809876167422 303.85621971510545 0.06725604832172394
552.6141119228689 -2.247401293241574 565.3758274268447 11.197068856521293 0.06725218892097473
619.0019429420105 271.9283031972978 627.4067421186737 284.12786834082345 0.06722336262464523
578.6872854599069 209.71256183029902 586.0816565606356 219.02630880165557 0.06718441843986511
578.6677562772793 243.45633593380188 589.8331023744605 257.95887981611247 0.06711986660957336
507.9296121479859 96.92015171438435 537.4800059657634 129.77059478422512 0.06711827963590622
425.977908504198 255.7875408136659 435.6445946078788 269.485826192346 0.06711415201425552
799.8426391482085 295.0541591373273 828.6527940214207 331.4973537296655 0.06709860265254974
164.26657604989438 308.6738364955257 167.34563817767216 312.84801600316297 0.06700821220874786
21.839960138865667 265.6393003785303 44.750872150613525 298.9496154611621 0.0669766440987587
494.90397228402946 290.84271274446047 536.2064366991402 347.4578276158901 0.06696603447198868
118.35330575575509 322.0041070514669 148.70215385120483 362.16450859164104 0.06696590781211853
69.87366059692077 318.62550478860305 75.16481350194259 325.3292519066806 0.0669640526175499
150.82493304610597 307.6059172850725 154.0321130374004 311.6695921854334 0.06691709905862808
763.2042354822934 205.0747549469654 791.1762011455475 247.5340263222037 0.06688462942838669
487.02351201310125 161.25216578244843 535.7314235906823 218.67242435277527 0.06685235351324081
138.7772234985978 347.05426386281505 167.75876866942255 386.811574717271 0.0668325126171112
267.98443819986056 296.1020524339311 318.0005604448205 368.46936487350297 0.06682909280061722
215.8498752476547 449.49489091970446 244.00449785103586 490.78364927742376 0.066684290766716
410.7388961722944 295.84257623483336 417.70557257262936 304.9960490482246 0.06663811206817627
805.1274015319625 142.49648692258168 871.83568035975 221.06016205889335 0.06661563366651535
1047.6332104757562 316.76944185071443 1087.8934807845128 371.5788608080157 0.06660985201597214
437.7589068291714 203.5779116910621 456.6734595887477 233.23207429181326 0.06659545004367828
15.798331203178911 306.7260398125341 22.177826903278216 314.52538345174366 0.06658865511417389
133.04470646260194 314.71756458802747 137.1686214359859 320.3733073558793 0.0665716603398323
587.8763484992294 270.9213263151257 594.8643847747235 280.01500859051663 0.06645873188972473
361.05274478125295 364.0564034979028 368.2392050222704 373.2333549784125 0.06637830287218094
643.115320033411 335.96726886314605 680.9738311032094 388.0924401288679 0.06637165695428848
580.5779388157072 260.63152949232176 588.3902851648976 271.2202209981366 0.06634674966335297
595.9859248541106 269.1266746947337 603.2177096906388 278.6292485395606 0.06629953533411026
520.438101095756 317.5804066908951 528.276467144834 329.4311455222643 0.06628292053937912
367.6117739691567 314.6384360915806 377.2950684089643 327.50197441970107 0.06626308709383011
62.33128612347403 254.1067872036431 87.60614722730575 287.5829780072387 0.06626026332378387
100.79765856479143 290.7730798986814 105.1310215583266 295.981635043889 0.06624338030815125
448.2218011396617 177.4324200335528 485.8562779105939 229.03544425937872 0.06615450978279114
138.4526669282456 287.54734920507764 164.0748254559123 319.2928568113692 0.06612776964902878
982.5835528015872 158.89377289825885 1005.7082437408301 190.9118595117367 0.0661221444606781
715.4757683033205 292.97011685795815 727.9096896891316 312.21930263496523 0.06607605516910553
592.4214533373697 210.77501328536934 599.7822281308264 220.44073751909414 0.06604957580566406
487.5828741571845 318.89061470010995 496.7272730647412 330.1623760496167 0.06602426618337631
371.9030787289247 331.6780190659663 377.96905514417733 340.53206604637217 0.06598476320505142
422.53353703854475 250.0543113914746 429.86336009598244 260.30483273839695 0.06596190482378006
584.7777320406209 229.73693543958962 593.8169038259787 242.16326511313417 0.06593282520771027
318.9877596143418 352.84072213296986 354.16472510677596 402.98271751459407 0.06591624021530151
96.92708553374875 316.39126258518786 102.28489000692814 324.0962277063944 0.06588469445705414
578.4607075725933 267.3677266370847 585.892224470521 277.0440792965439 0.06587740778923035
1008.9744818764734 223.66386258809538 1023.1066573289703 254.35874516418878 0.0658627301454544
366.6542807235121 337.92383561399777 372.0846941691344 345.1847553383884 0.06586036086082458
247.92458165370965 366.55890394425313 308.70981116963645 443.8953518643207 0.06585241854190826
409.56308686191306 305.57128276690685 421.31814911102083 320.22052680824845 0.06585096567869186
212.39115991516076 384.69117238245934 216.39420145652912 390.27624342094487 0.06577364355325699
386.3358104374404 133.87414763473765 434.9283522339018 193.2564548230427 0.0657660961151123
613.7764983918637 215.96796988542516 618.7247888979716 223.51240714809927 0.06575707346200943
410.4956425120129 253.8708878351853 417.99844053945105 263.45504254122693 0.06573985517024994
327.3699454616166 202.77222038166403 374.9814140779555 280.3586265301572 0.06573078781366348
336.5273740872157 335.15789959681194 346.66380186755157 348.9019214672938 0.06569577753543854
-49.97155492700987 411.2191736520212 153.665592000816 652.5789398503944 0.06569191068410873
350.3061232520359 336.5755995554812 354.4983822087503 342.00886852108573 0.06565917283296585
778.6390332647399 272.59976890444926 785.6753542264637 282.35276378499896 0.06564957648515701
68.93129744894011 306.28950114408224 74.12203413029303 313.03027641381664 0.06560178846120834
88.03089530053866 286.9159642106802 92.26634860012177 292.57173693286455 0.06554905325174332
552.7311940003615 289.5565846149291 572.0086101385217 317.3684909604927 0.06554758548736572
1008.5602273040353 281.47850214821324 1044.393791117788 333.30536313089806 0.06554305553436279
301.9737569808522 299.9685891052848 354.9099532134223 373.8383822360198 0.06551621109247208
612.5914870473539 278.4792246653679 618.0322002722373 285.9091243504014 0.06545775383710861
557.6571105844853 323.33541518812206 566.0224320918109 335.610535345934 0.06545231491327286
162.53149154241524 324.70974615491923 171.1940755550185 335.6944058845619 0.06541205942630768
431.8260848849491 314.68214226132164 446.3176085351985 334.77559460801274 0.06537003070116043
72.59455020829176 305.1332226794147 77.34280068384193 311.7432983882112 0.06536811590194702
1064.4982182768074 318.5285762474754 1085.2167330519635 344.8105189534122 0.06536160409450531
1016.7073951812074 207.90425417623916 1023.9575377429506 223.39162813782235 0.06533665210008621
508.6332895829722 362.0782669514981 516.9219446096607 372.4104777115564 0.0652906522154808
342.6421355845113 353.8453898700949 356.98177776331573 373.158324493128 0.06528005003929138
1015.6790638186974 140.78140815222932 1042.1855446656027 183.67786494360269 0.06527645140886307
45.728930230715754 338.70750722104896 50.97984754487087 345.1029983587363 0.06523914635181427
57.4684767767474 307.85614746647104 62.78741580687135 315.7159308368638 0.06519585102796555
710.6820403670417 219.36577334848684 733.8981267914683 260.4036078522394 0.06514101475477219
368.41990806322224 324.27693850554704 385.5217052756322 346.4945619297891 0.06505902856588364
614.592806741343 321.5350948582199 639.5193352335234 355.9382160118176 0.06503656506538391
774.8049636051446 281.19373740962425 780.599934292377 289.6342184417678 0.06500963121652603
598.0248990431626 286.1210881429901 603.706073516171 294.3014931276109 0.06500348448753357
516.6653753675404 354.2681305724017 525.1987684359307 365.7304947341816 0.06499101221561432
882.9686975305025 149.7443300611076 929.2386621464493 214.95744386836583 0.06496967375278473
134.31938041913415 271.5490746295792 155.3804031824128 295.7368915629689 0.0649532824754715
523.944401221984 65.33657762518501 540.304685186712 81.23877778010178 0.0649508461356163
267.4725893726344 265.70464608229827 356.014740098415 394.685766196507 0.06494645029306412
1025.8967060233804 226.2214506581693 1031.420124919957 236.31888156965496 0.06486845016479492
392.88683043269043 197.01440948690407 471.9628657228812 294.2865193801236 0.0648510530591011
212.97905650444872 363.0833920945196 219.05252431959897 374.10218044064624 0.06484279781579971
485.60887119421164 360.20562679594593 495.2279794990431 373.6060298849716 0.06483198702335358
269.36954397812207 400.98680218303855 327.2068130416477 480.23916559304286 0.06475254893302917
472.1604433256778 351.71257894867574 484.02085845052545 367.3941022773438 0.0647205039858818
148.3297019001837 303.39882510913594 151.6657244881956 307.7873921316201 0.06467444449663162
565.554642021718 265.7460126840225 576.3616457796771 279.99512249399754 0.06463377177715302
672.3975740204099 277.90604594536535 690.6160918855898 308.57201941778004 0.06461800634860992
-7.678521485900679 256.38342353190643 15.536234036224815 290.4772504320297 0.06459391117095947
406.8600596742845 271.7216328233193 415.6256868153116 283.13633507965835 0.06452705711126328
383.61399256741447 297.6164254706377 394.88488024166844 312.19287190213214 0.06447329372167587
441.65778311825846 341.86971248800836 450.29859917402104 354.23045449404185 0.06447188556194305
103.6971038877491 300.21510740317996 109.15396706897313 308.0646716808991 0.06446383893489838
591.9078043598647 232.53170479346315 600.195787012772 243.578397772745 0.06445400416851044
551.236164528112 271.5252336599779 564.8511642195642 290.9719744578603 0.06443510949611664
534.3521754548467 319.90663030585995 547.6913637072005 339.25591585899406 0.06442154198884964
497.0463506733416 341.51672250323765 506.2162665425642 353.8588869471021 0.06440763175487518
527.5989559917126 370.3777994840261 534.767105030737 378.9667941383558 0.06439730525016785
848.4461462260901 229.39831318053115 1094.6733928252168 518.3142712389837 0.06437505036592484
585.7244710264521 207.70790786444036 592.8959854111235 216.9797636538032 0.06435343623161316
342.072762726304 696.0807776527345 370.10632894364636 721.2591579137965 0.06435062736272812
98.27323687497471 344.0291285074756 140.94553908143675 400.03989018834164 0.06432615965604782
626.7110377552061 299.8828048943711 635.4121617461844 313.85324405049175 0.06432517617940903
608.4402586637447 336.49365074436963 614.7465799656782 345.34778814867843 0.06421283632516861
407.66339957327494 261.96857159383865 415.7749766988017 272.7023465904403 0.06417939811944962
743.4885094244904 300.5428062059569 750.839558177025 316.77038913952464 0.06414937973022461
1063.1905754921036 241.88766435178704 1074.1132091175436 256.22556286704776 0.06411220133304596
95.44004995220608 284.5101907917595 102.74625730204463 293.2086916826785 0.06404425203800201
572.3954047118468 223.24260285471044 581.1719567381026 235.03158642728985 0.06401936709880829
514.6059546790734 287.09124325708996 525.5190199545232 302.5073469728721 0.0640006884932518
608.187960858678 326.54236451072694 615.0634186851936 336.15419715539485 0.06394653767347336
217.59257994070762 401.73823432231086 237.3612922645575 435.8652031019124 0.06394479423761368
433.262783566883 324.7608604355117 438.33200348314426 331.52161255046565 0.06392903625965118
1022.5831019687752 284.6901252084562 1030.2782791312607 296.98144809985934 0.06391078233718872
627.0311432541879 344.2968269861638 682.2225523668352 415.0147438303641 0.06390898674726486
145.77402362857833 266.9310028627499 166.72758309394567 293.7081410677464 0.0638897567987442
987.821917134106 244.41726524822795 997.2478676803113 264.0097918639844 0.06388765573501587
589.0119316445099 244.2385465678842 598.0643280779506 255.62488630675327 0.06387843936681747
7.065950524642556 290.067173649959 19.808196810700057 306.44133565841986 0.06380514800548553
553.657826104526 224.31693147224033 563.8924458314377 237.2277225206497 0.06379784643650055
109.16614041876839 220.9120439316289 175.820323365642 297.8380913860276 0.06378893554210663
208.23829713379638 382.6132181297157 212.95010902725468 389.4965457195036 0.06378249824047089
418.63006652486956 260.83546431817535 427.9326024207262 272.6798055836093 0.06371331214904785
44.86345680521399 323.55276194515085 51.937455299319446 332.9845841129289 0.06364217400550842
455.57053526106756 -2.5462290209796214 505.0340111917407 52.96440309297765 0.06362523883581161
88.79259644060433 260.79942100479775 106.7865660735857 281.35137753068466 0.06358910351991653
519.3093982172619 302.7006308035387 530.0256686997137 317.97515365391655 0.06358429789543152
987.1430623262795 271.46356758212755 1007.6233178171673 304.7004851407474 0.0634845495223999
261.1385571638884 214.7060687952181 312.2622791989155 293.7978776770051 0.06343004107475281
576.8215201098997 326.20565528759107 601.5703270449993 361.0413810837071 0.06336812674999237
143.72741563489691 307.76868227237435 147.3320298312403 312.71106587350994 0.0633593276143074
615.7343629254226 333.17701755083795 627.6641980527961 349.4569847283591 0.0633317306637764
333.9316240771462 345.8497095357513 340.46004400188815 355.1354071095865 0.0633273720741272
592.8979263001481 256.5669097034621 601.9786638495285 268.0755429825605 0.06327835470438004
167.8973153756275 305.2455187744453 190.56297166550996 337.45980489055984 0.06324345618486404
219.51328478848137 279.3563153439587 281.8073569949921 377.6472043102697 0.0632140263915062
168.6423346484877 423.82326353054395 220.79487947429985 490.6389318742143 0.06318827718496323
591.6586775655846 275.538226899572 595.9834378619796 280.94187469064497 0.06315668672323227
102.71108468857649 316.61702332909783 110.25871333301038 326.9214710775187 0.06307050585746765
450.7811362741386 183.01664734350243 463.33381612524494 201.1217495400206 0.06305746734142303
327.2169660806163 347.89496902114087 340.8292415689219 366.5708992937965 0.06303723901510239
555.13028711515 249.1649922566799 565.9363208902968 262.7501741886491 0.06303273886442184
480.5833330398264 257.82594533481443 490.83216814572904 268.85879985164223 0.06292404234409332
1047.173455152836 206.80564915387123 1050.6752580447778 212.16773915421203 0.06290502846240997
358.75642267240994 315.1661681979183 367.9965691111379 328.910904942238 0.0628802701830864
592.937682234075 340.10268267116106 599.4987086606635 350.4814548641548 0.06280166655778885
188.89178157355823 296.71614350761985 203.97113099767134 315.7410469479038 0.06278426945209503
559.5912369610637 105.9516235183633 627.4921999438317 176.58400685981087 0.06276524811983109
599.5988860366859 340.0178370353304 606.776745770919 350.114385290367 0.06260507553815842
203.24518421210934 314.4056596884552 219.41572849045133 339.3357991474977 0.06258558481931686
476.09544858511987 156.88874768341145 504.7588531248688 195.31511978634518 0.06249505281448364
721.2983523182289 312.17560611062993 728.8009978044257 325.3531278458443 0.06249420344829559
1006.5041334412198 326.9660614860918 1052.4578448544341 381.551722378521 0.062477122992277145
149.59917712711115 297.2122513460973 171.84165974673746 325.4450366479482 0.062442079186439514
166.48197413137265 301.65660391054865 170.66933245763846 308.18244885374185 0.06238590180873871
169.88852601310901 272.5570183958694 196.39999574023525 305.77747748460587 0.0623178593814373
972.7211559967483 252.32040691141793 1005.4368867570187 308.9232022728407 0.06225784868001938
1031.1385055471185 242.13182775724889 1037.1500052710585 251.38566407366227 0.062178466469049454
1041.8613841043025 208.51761620340147 1047.8772375207593 219.72028481812404 0.06216124817728996
168.27183848661545 326.5794813008359 175.2368490667021 334.85516582385986 0.06215807422995567
216.95578511252413 351.3359092975094 230.59861110705904 384.61488791108604 0.06215207651257515
568.266528176674 345.8966061047173 577.6907193363093 360.59107028058605 0.06212053820490837
696.1391033337165 159.53193824939706 736.2840129349084 221.79100430652227 0.06210251525044441
1041.0635782537263 236.17368740854877 1047.654115221342 247.31314641112243 0.06203419715166092
345.21927874556076 337.1154459821356 351.08992345831473 344.82410516294823 0.06200426444411278
13.276634490504632 317.3489496311046 19.38634484579503 324.94157999392286 0.06197815388441086
848.9191074635125 179.2399677776268 884.0530874500125 232.31565252477498 0.061969418078660965
579.2255039155597 335.13465182952194 589.7610995475816 350.16388650416434 0.061929311603307724
1072.6877547068082 239.53204183364122 1079.8563631488594 248.62717125213115 0.06191106140613556
440.84159669073455 251.00389160977429 460.17613874162186 273.76977513096455 0.061907652765512466
475.9445107249362 267.22998279860076 484.9810964747117 277.97190052216115 0.06189902499318123
900.7116199140695 294.79737471929116 948.8759928504805 356.4919669053038 0.06188570708036423
545.5438580857076 62.729647944052054 559.2425055585553 76.63798551322468 0.061824314296245575
417.7773446478044 276.2579542497887 428.90441381695325 290.57212070958747 0.061814431101083755
791.1360528854318 337.79793819491323 848.7023190151577 408.20901255343216 0.061789341270923615
573.8355365969762 204.2804826025149 581.0938775933175 213.11838343732336 0.061778705567121506
196.83094414523904 348.12902610588424 202.94478670606668 355.9936051127449 0.061751045286655426
361.1404488080651 343.29966783725206 366.2116151560378 349.48259920314655 0.06173662468791008
138.74632030069967 312.02784649478576 144.07591689061752 318.8145473023575 0.06173524633049965
774.5132091111906 270.4713232705085 781.0646718761925 279.9315509134773 0.06172582879662514
5.809103497010738 304.72120581504277 11.38038632181455 312.93541531609566 0.061669349670410156
527.858706781743 315.8629244627279 539.0879897170307 331.5981461220945 0.0616438090801239
585.9673849342045 215.76419283229592 594.4307902747237 227.31424569181422 0.06154148653149605
-61.10998395516267 -30.102208777865165 147.9109124276939 218.96193053584125 0.0614459291100502
376.3372914350274 370.81538992205196 387.20544041016535 385.3251809732108 0.06142698600888252
110.58224241894656 275.11481459067363 115.89934967692545 281.44568285463197 0.06141603738069534
1022.0286520837428 220.2295305761686 1027.2000072798578 230.01784984510596 0.061383236199617386
52.6581087668971 365.9033463253847 68.75765788723494 385.6474327783252 0.06133493036031723
205.39465705720957 365.7102697095253 210.65939692112494 374.0935503257101 0.06129485368728638
446.15590046986443 144.24380392557265 474.34057505105596 180.59171506323088 0.06128373369574547
525.3906019275927 341.8908165906333 536.1735324958381 355.8954779738748 0.061203014105558395
433.97713283585284 254.60547357262212 444.68531339431485 268.94485198785196 0.06118421629071236
197.54693706276188 363.2149907236474 210.8052542290362 387.0128915757644 0.0611368753015995
419.0539191305909 306.4920960581205 427.7525631881798 318.9008052990583 0.06111431121826172
625.7329602436018 258.2827005907218 634.0957320521916 271.0580424682438 0.0611027255654335
746.4269983174304 292.2472288659094 753.4882490073285 305.05904724436505 0.06107044219970703
40.32101082512512 349.8615419000129 48.13040195396663 359.3388788854696 0.06106816977262497
329.4875339255665 337.86468904463084 337.9255098236816 349.9776122364993 0.06104112043976784
563.6351222580603 211.81337753133843 572.2411964030814 222.74369812210043 0.06101367250084877
477.3970284548853 187.210154969009 487.33622083512813 203.11580673921796 0.06098582595586777
605.9122875024358 258.7903310338021 616.9335200250144 274.0612679360822 0.060980744659900665
85.56367142380185 336.09101349767076 117.76691377933074 371.5917003488545 0.060928523540496826
353.5626563312907 289.05965147273434 362.2173478536463 301.9671830958005 0.060853470116853714
121.1417043897825 308.96123759714874 126.26774678543171 317.6381977569306 0.06082197651267052
375.5229614200185 258.2802176957538 383.78444040545287 269.92132967109404 0.06079784780740738
975.2477410271905 151.18679833754965 1048.36558739664 256.1550958705924 0.06074170023202896
418.27512110847744 296.14996212885626 426.012509774324 306.7027403036565 0.060546230524778366
516.619206703858 241.24137139316147 541.9917487931222 269.83848468375317 0.06050439551472664
107.51010076148867 304.20667177341284 112.86320642229997 312.08745500598667 0.060489390045404434
91.36432482185263 360.87717875647616 119.01033120117984 391.83881451782776 0.060473278164863586
-13.10508914646869 362.00739081306153 35.01627701529856 437.71104368273365 0.06045328453183174
467.47738511121736 486.2504826374179 594.5782423132996 621.8682588927564 0.060449473559856415
538.3146299633221 223.25753093966597 556.3069915575765 244.0909063093721 0.06035145744681358
365.05240227394523 338.85647983198186 373.3362596718127 349.95405207068546 0.06034700945019722
474.202659530769 279.44188535901304 481.93918555929343 290.14517438950486 0.06034534424543381
389.91807710930584 185.05825897670795 440.4026707735444 253.72810268427074 0.06032535433769226
521.0800613971941 325.2807678818048 529.8804190859074 338.0326135965882 0.06016891822218895
485.0215473378734 343.264615813562 499.6828181413994 362.78881529688044 0.06009112671017647
1056.4973615942706 294.0918630937845 1068.7167765867466 302.08686347598206 0.06007547676563263
211.2759301148877 374.12505822279275 216.33281087832796 382.0181259731265 0.06006937474012375
366.9820666366385 350.869532790922 376.6029923337485 363.78241127527144 0.06002799794077873
350.7502119473716 297.2497876899048 373.1276304075077 326.35920103859695 0.05995969846844673
379.61697556046295 356.2500166340981 388.5040138579827 368.65256154149824 0.059887904673814774
494.116559307954 -10.477454044893005 537.6726933798996 36.763456231677345 0.059859514236450195
664.6589197777324 362.2921923367792 726.4811333625182 435.97163920994467 0.05982564017176628
460.0563815648578 183.63984219782415 469.40277346845915 196.90723342304724 0.059781938791275024
583.7725148082852 251.5493002532018 591.4090787796051 261.1238992920184 0.05975165590643883
128.06524882780857 546.210005646174 314.7146757508235 741.5980814076088 0.05969863012433052
370.6013513186596 343.0605679498696 378.52054372705106 354.43716896373763 0.059685200452804565
217.44435682814773 369.9999882507076 222.18335883605042 378.62395809626867 0.05967826396226883
150.91297239043251 303.3050199491534 154.13974795923463 307.50930536865286 0.059649571776390076
179.16239292544276 299.09718061346024 186.96774315358778 310.29994276428687 0.059646088629961014
414.630484693503 242.98192754572258 424.4290333925719 255.35622241382757 0.05958501622080803
459.16571699368956 264.47009639926193 469.1026437513709 275.2478048437579 0.05956541746854782
661.3695944116001 220.78641101626624 670.3369871903153 232.4177389236985 0.059428274631500244
585.6958437718158 202.35248779026784 593.5250556762049 212.13121463419506 0.05942372605204582
335.7454800009933 306.56567011386375 348.30514696772053 326.4216194923036 0.05934308469295502
439.07255889447094 249.53264970719124 448.5516639816299 261.4311796016637 0.05929810553789139
925.4329687192263 170.70978233053745 964.0125115459292 230.97665802203807 0.059284523129463196
99.38474699646535 300.3502674578693 106.70537128394318 310.4247981377971 0.059249307960271835
526.0703631582675 292.52050268116756 537.9078414133276 310.02858014551174 0.05923553556203842
782.0659653682675 178.4456925807857 819.5844626547745 235.4495265354421 0.05921760946512222
1009.3363860790364 240.2983477302294 1019.3434777961473 256.87112704706647 0.05917738005518913
575.5553373699586 154.2693242353193 618.6057459207261 203.6378380439632 0.05906069651246071
497.404662913656 364.8788908629746 506.72372951584293 376.7677159455016 0.05902281403541565
402.67870488892424 472.9327532205512 514.9368509067627 587.1481517638396 0.058974411338567734
773.2168795998582 210.23398015127577 784.0107977184078 224.62731400348665 0.058921970427036285
626.1930630246659 235.89246701645973 634.31442468734 246.9793996709718 0.05886621028184891
368.05132176080906 358.11424236630864 377.69074909036243 370.53502450922474 0.058847323060035706
1060.363651619061 326.96962607393914 1072.2877835663337 343.5358594465422 0.05884447321295738
543.9086918613765 251.1598627017394 554.9163742033927 264.270094782448 0.05882704257965088
347.1137492252092 279.9014446271119 356.6050831977282 293.99581687266425 0.058675236999988556
458.2554683193752 359.85144450998075 466.598265741675 371.30057088683566 0.0586632564663887
471.4564934926911 234.94273624421487 496.65413156634406 262.351111046672 0.05861964821815491
485.620147538776 265.22115904106283 493.7992457839255 274.5954347746841 0.05860934779047966
632.5801957153836 289.4274415088947 643.2809879128752 304.8018513324994 0.058606524020433426
523.8385320216507 331.0788892110338 533.5873023305014 344.3934027009944 0.05847809463739395
264.6755183935858 437.70275897385255 314.1573733794655 509.56086967466484 0.05846347287297249
1010.1133090813508 204.66131820872732 1016.6767760654363 218.52753439970394 0.05845872312784195
217.83510470166516 384.020805167535 223.66211634261052 393.1915010782738 0.058261435478925705
491.7167306289211 254.420024632369 500.024386093567 264.58163577345897 0.05823174864053726
591.7179502507514 202.5196091799149 598.6297415006385 211.4746460141257 0.05819391831755638
212.17448146375216 254.96444602613317 257.24927588036104 324.6664174552824 0.05815685912966728
398.1075784217546 247.4368949978749 407.70355582951373 258.7684636469928 0.05806715413928032
608.8002744052276 348.058087629089 617.6905052775113 360.9922520063467 0.05805029347538948
161.99234887336618 239.44064233348993 209.6710409062627 305.6748287322914 0.05803009122610092
633.3970837080967 309.19483710047956 642.5006677883307 321.5164763582986 0.05797499045729637
799.3043169599918 100.61900017322773 848.8703618178074 161.25430999476873 0.057879798114299774
380.8106510930582 309.61389608699875 393.65844767948835 325.1526290030696 0.05785190686583519
501.03613803624063 277.849499706452 512.1606099659735 291.5508648940215 0.057822439819574356
469.0082179343101 173.05516162211774 475.5626393456704 182.43719061830086 0.05772553011775017
721.5280393976645 284.07355414421886 728.4398528338827 296.806406669477 0.0577227957546711
502.2733986163075 256.2541844510995 513.7965916139678 268.258328147046 0.05770483613014221
523.5100749401897 228.75322459965028 536.0134053466141 242.21677168161222 0.05757852643728256
1029.236434011887 -26.599841200245134 1096.7043804615153 50.49070758693012 0.05747038871049881
75.9809605088605 334.2038789423452 84.48181619879246 343.742633434852 0.0574256107211113
451.3875577880148 222.67205258915516 476.88542866309143 253.84392106854858 0.057281509041786194
365.9000955299624 213.8189727077182 394.0797452327744 253.4849865752322 0.05705772340297699
484.3612949775395 276.32550702183073 496.0025805435603 291.4414944606906 0.0568922720849514
411.4012827572319 338.47091621576254 437.26155165941805 374.05855739865154 0.05687832459807396
601.4984067661632 232.22644830903886 610.7681253514414 244.7218389713863 0.056874144822359085
434.7724989814368 325.63750197410184 444.7706103287749 340.8241297857259 0.05682392045855522
537.0714411378742 236.89422647210247 550.4745680499195 253.39070538873446 0.05682088062167168
431.76734958765576 224.3226276860152 454.46233872087413 253.87914588869288 0.056618984788656235
790.7775258582678 280.9230829952479 799.479038839481 293.96083553599277 0.05645057559013367
383.148524242756 250.17850346964497 392.6393020402818 261.905437828021 0.05641186982393265
485.8091665981794 337.24026033701523 554.4778534131128 414.3077876509428 0.056403666734695435
995.4739805055825 -37.608039988824395 1099.8572261358902 85.6214827239759 0.05636821687221527
196.7938976567088 338.17277153517887 205.85783312807752 349.48967215253793 0.05636508762836456
417.8469605608148 207.3583063643192 438.9637156838188 234.18697025600076 0.056297190487384796
415.13486761707594 320.7540055224431 427.9725978414155 337.6271199282882 0.0562388151884079
384.7151317168336 131.53466526109307 444.8605820771113 218.1375587652936 0.05615425109863281
540.1029887985075 193.98035384590924 550.5881672796423 209.56692674891977 0.056116268038749695
545.9936881120843 263.4935292308156 556.415654747345 278.13498146809815 0.05593302100896835
355.916235367258 278.3588248039653 364.85493246438284 291.11196190997003 0.055913571268320084
368.73990527571726 374.62976069100654 380.6315002499244 389.67568888497124 0.0555555522441864
618.2983106474026 180.5974102038519 632.179885831151 201.67708352552168 0.0552775003015995
588.1472418657514 344.924422554851 596.3421491389057 358.4986211341857 0.05522868037223816
425.0055231566769 351.7694386715594 481.6208834538571 419.69603417288835 0.055221498012542725
775.8887517147061 288.9519055778686 783.5415675466785 301.0196439067318 0.054894737899303436
1023.5696311028291 272.65109284735286 1031.6546560088743 286.7127919452475 0.054781224578619
396.70776622062715 266.8407171155974 408.3785442444002 280.32659687417157 0.05476691201329231
523.1144653183118 351.01828451281193 542.2608129707662 376.61391270825527 0.054679375141859055
401.8762254261851 318.3934037011026 416.0059694560146 334.98063806355674 0.054410576820373535
167.6115007799595 342.9824575432725 176.88062856329805 355.0898993855394 0.054263465106487274
359.1975805706909 302.94345863885906 370.70455528893416 319.0642514980879 0.05424976721405983
631.4680438114228 269.9555675249924 642.3861004110753 285.35603107451817 0.05416999012231827
546.8759026344103 185.6856161751183 556.8695716552019 201.03271754513528 0.05416366085410118
373.98974079361125 422.2320856462023 416.3841089590102 480.60112675637777 0.05408200994133949
606.0384736777944 373.0033715936172 613.6349430920072 383.5475688648006 0.05403495207428932
548.1276462512867 211.38482854913158 560.3326525810977 225.96978646646735 0.053472213447093964
642.6053186844073 314.99162552741427 651.7658981858104 327.02171921794354 0.0532849095761776
