500.50239810265555 355.86176938403383 510.63415015583945 372.573157713387 0.9963259100914001
756.5009658365885 346.54285251071593 766.9945042209309 359.1217140717854 0.9959118366241455
710.5324513950892 354.26789945451236 719.2462313996114 364.6852732691222 0.9871571660041809
543.9689716429408 364.67985083559904 551.3382861364822 374.25371962538037 0.515353262424469
670.7219231108745 351.88318275679813 679.1201309909319 363.68164028679945 0.43867170810699463
451.09002543389374 364.75491401323234 457.9015834591877 373.19826431168156 0.34156110882759094
759.1289737106239 368.29584852335586 767.9277144957574 380.1085789937214 0.2639515995979309
93.16290672546656 14.301303752908217 173.25012429285837 99.36878351229603 0.2583163380622864
412.124505421462 370.45126939890145 416.2816587669204 375.8875940853346 0.23174148797988892
629.2908888219284 364.39085450157813 638.4203692573151 374.97523745280506 0.21399126946926117
580.7554506238167 362.23679632033395 589.1360963077872 373.6492847459197 0.19835223257541656
818.6207071034908 343.58203791865765 826.9549110894985 354.6323349855728 0.16828882694244385
126.91287777668052 32.61136658732767 149.00430706110464 57.149483355952135 0.1675989329814911
861.160877407661 327.80225430489736 869.4664324043704 337.8617045218496 0.15326957404613495
262.17864828159645 204.02496556109284 270.85013803763024 214.80008176750835 0.1463550329208374
784.3357041825321 360.1857187022344 791.2925598928446 370.7782981208818 0.1462687849998474
577.6127187549956 372.4496981757396 586.8405851561089 383.54915480532634 0.1457778364419937
826.3640582165164 335.4856302632106 836.6989828425728 347.8149054630398 0.13299709558486938
568.024021227561 361.7273508237503 577.9554122561747 374.2968442363924 0.13207808136940002
835.0719903138217 338.9793823739036 843.5192132215774 351.2907899256734 0.13154873251914978
429.2837045298044 370.25034805494147 437.0631730161118 381.0826075364378 0.1295245885848999
795.4142373609468 363.3688726742956 805.7446312546109 377.42789875584845 0.12919975817203522
419.4972684600512 368.2518546063102 427.548161130622 378.5907989078124 0.1255253553390503
426.4933638558228 354.82888969243857 431.9459712202931 361.83064610257475 0.12526629865169525
531.6090960591713 361.7691800956537 539.3108501832289 373.8466898669967 0.12520287930965424
824.6835045590541 343.0551027650009 833.3821236114807 354.94995474064075 0.12200445681810379
792.8426203153438 345.3756929886336 800.5480220049849 356.4945475347362 0.12091437727212906
418.85516709767194 368.8052292511118 423.3501200356173 374.8475041314363 0.1206604614853859
772.5943668340296 364.6247752925648 779.9398306108048 375.3535201320387 0.11967182159423828
532.0696630785955 318.06653148585 561.1327375772998 358.45579724066135 0.11938344687223434
1051.6455118182907 288.5561632675859 1064.9586457632358 304.2749110527371 0.11884572356939316
827.4663713676651 354.3620152780607 836.6394852126334 367.1211654127401 0.11758445203304291
774.2414695725306 373.4897669511582 781.4969878511985 382.87981749999915 0.11724916845560074
422.94062478408614 372.9065628587032 427.0249167566872 378.24225670007286 0.11641277372837067
790.2928366416836 335.7437464892008 797.0208202731397 343.97384386921 0.11616308987140656
444.5908659606955 353.8766601486666 451.20192896580915 362.3071448187701 0.1153259351849556
399.8702483809782 367.1883989843918 405.71240651781716 374.5240401751423 0.11479564011096954
806.0901214659901 347.56695170875 813.4223173405046 357.75155324737244 0.1146455705165863
857.2057210296578 337.70708507786253 865.0885229662454 347.9389676911349 0.11446964740753174
835.143361507358 332.4502514310428 855.1762372647231 352.1566764972094 0.11424780637025833
776.8998191572197 349.91281142341336 784.0526386064596 360.3848116357128 0.11414041370153427
851.0186638588152 339.90813814518344 858.6243777045097 350.0561083232975 0.11401322484016418
549.834097282604 314.4440253597921 557.3149585584415 322.69638374449715 0.1134507954120636
861.9632478366632 354.52182898069 873.5686940974037 369.4827563488928 0.11343508958816528
568.1168259548106 374.98034985562185 579.6180692252367 388.71097214092526 0.11262509226799011
810.0955719630659 352.03048480161345 818.3141073625046 363.8264294724206 0.11068616062402725
734.0930580318277 359.2429867692856 744.0513637113582 371.58140152594217 0.1094275712966919
436.42074576271517 365.73542185713774 441.2579140944558 371.77745830248773 0.10904275625944138
526.1701296345689 354.97903333521685 535.3859419850752 370.1675627782056 0.10895904898643494
439.5327252264179 365.3113612320414 445.82713072752495 373.2680995044887 0.10868970304727554
629.045254235537 373.3814027122029 639.7421058293003 385.35051499210044 0.10793957114219666
870.4427635834578 328.35082734344013 878.2675265211349 338.475518541861 0.10790398716926575
560.2198032000209 372.92606518948025 568.5579150124164 383.6785861006868 0.10784216225147247
484.6808544547633 347.31168927382527 494.1390990852666 360.00376836620165 0.10772290825843811
443.7179450365234 362.05023692700513 451.0209393358025 371.4005086242327 0.10739578306674957
388.1666161529422 328.762998708254 395.2730333705038 338.8137384900922 0.1072692945599556
438.75610857053397 370.03041792062703 445.08822681428154 377.99176862731474 0.10722165554761887
844.977675230724 338.2687507081898 852.7272718212682 348.7609924289111 0.1070748120546341
780.2335529427547 331.1136921049127 787.4871838312615 340.56776782133875 0.10705459862947464
463.3194655173899 354.4090808053117 471.0111351422933 365.8343667961773 0.10696323961019516
836.1775424184697 349.28672843172916 846.5284522330788 362.7689872259065 0.10690997540950775
811.4344613859109 340.2024317411798 817.9248811073156 348.71598226878325 0.10678154975175858
432.4847521331792 369.30836922268827 436.91469564968673 374.9213345248387 0.10677925497293472
803.8390248812278 357.7447145457034 812.3499252248196 369.49215808025633 0.10673805326223373
346.29637483491075 161.30907528482652 352.55557816923266 171.15482597689453 0.10658233612775803
151.66459307782574 11.928423839466204 244.4225512274595 114.98409309404457 0.10639110952615738
631.4364395012776 378.015849800316 644.2007770814919 393.01531378045087 0.10578232258558273
408.2586825534059 402.20994123019716 412.43648418213525 407.67016947381416 0.10517086833715439
621.5484643406223 361.9392428937493 629.9093463430321 373.4475751560822 0.1051245778799057
340.00109712650425 153.49308833497471 345.9884551923895 163.16947782860677 0.10511330515146255
800.0902830703874 331.70455268090615 813.9336882551264 347.5314034009752 0.10487397760152817
800.4872641579641 348.06328925830985 807.5969807793202 357.93574974063193 0.1046217828989029
849.8963789158291 357.5026813787623 861.2742802325405 372.76517358182895 0.10455171763896942
852.9180641199171 346.38980852237205 863.3325274670334 360.2526459308137 0.10424469411373138
864.1955984458167 338.50555302996645 872.191179135986 347.8591892244595 0.10405893623828888
798.1862826074871 339.33473705453736 805.02046990192 348.7428496709521 0.10390575975179672
834.512013565954 329.7924118603667 842.6406711082818 339.37805474075185 0.10348336398601532
807.8001876270984 337.1037683566339 813.9029336775415 345.8304134466222 0.10341483354568481
588.087902272854 359.2383653256229 596.0609263653034 370.16741179778575 0.10339193791151047
783.182421182762 334.3830447758167 790.1668673768994 343.90893316391174 0.10336368530988693
454.3031987061113 354.2729500522987 462.5511364834638 365.2421188548996 0.10317705571651459
785.17497696262 350.59650989647076 792.614855209797 361.3799347897653 0.10308016091585159
792.3619838461725 356.8030708603518 799.5951390519397 367.32371300947113 0.10256972908973694
623.36697398408 374.7086186785768 631.5438738750144 385.1659417784644 0.10255077481269836
831.6692463660578 360.1437716991838 843.0513971956065 376.3982791636598 0.10251762717962265
441.76156348756496 374.7110966572801 450.6386999283111 386.23155274507224 0.10222480446100235
548.9515406985087 369.79740882548845 557.8392949957752 381.8797086851087 0.10222232341766357
555.1999430089902 359.60057951626976 564.0498998202963 371.83184939253346 0.10210855305194855
818.4067653274799 332.92997225839827 825.6880959798756 342.55980924895647 0.10204887390136719
813.5282767078509 334.77095997511697 820.4922816016415 344.0516718856448 0.10201367735862732
853.402335869889 325.5477897172232 875.4430035182337 350.4273150642673 0.10186608135700226
781.240234817758 342.5288714107824 788.7527933926343 352.8740459955264 0.10178268700838089
488.81935982726895 339.6628899222369 496.2764858118828 349.84045281359937 0.10163521766662598
462.266147850297 367.42420015585185 467.9684327901925 375.1188311561661 0.1012154072523117
433.9604312474923 374.31433101999113 444.74150204287645 387.66551395075476 0.10104377567768097
541.4889252274263 372.4711520532726 550.9248675043667 384.8657694892687 0.1010407879948616
765.3372562854555 379.7698920288182 775.0477516358904 392.50660152459676 0.10090697556734085
425.2314818395472 368.9081134193408 429.84510460770844 374.91837565560786 0.10058373957872391
549.4379802407539 381.53706579042444 558.7452028594322 394.8587130024205 0.10056232661008835
454.1106698490668 342.60891138683115 461.24382018621714 351.8076445757852 0.10052274167537689
584.5976294548179 374.70182415848325 594.4457317849495 388.2657520777248 0.10048142075538635
474.26940835639533 321.16180574768083 485.44796080891587 335.2827613743924 0.10031259804964066
841.3721692613776 344.8517315544327 850.8807251459589 356.1599482575683 0.10025365650653839
803.2496866352069 372.40348429312456 811.076405561593 383.631143010247 0.10021194070577621
445.81526485270285 371.6396313627405 454.19969946214917 382.39571383213195 0.0989440456032753
850.1418780048442 332.514738476067 857.4657358667046 341.9037896264807 0.0989026352763176
766.8768358979606 367.5061923116234 774.2135247252389 377.79572088222386 0.09883538633584976
466.4147398541238 371.00843678279045 473.73182469687356 381.69182232421673 0.09882289916276932
837.7156489248264 345.1222496198147 856.9209150831022 369.51072490328244 0.09871614724397659
855.5312092385298 329.10419547388193 861.9423936812517 337.50930908731215 0.09856679290533066
427.60198403648224 360.5110392172974 434.1466088943986 368.72479026991874 0.09842922538518906
416.8204128521223 364.6671566599958 421.6091677009235 370.96079131354423 0.09829038381576538
765.1248332835866 357.65390615584704 773.2975257429244 368.47510257826303 0.0981738492846489
868.2123450099346 354.4207020251972 876.7073818408994 364.83673866633075 0.09807267785072327
578.963135421541 353.04556811032774 588.5286919694947 364.9954372775459 0.09800300002098083
648.0202251865767 362.35821925934977 654.5253250297413 371.5834630282582 0.09794046729803085
862.3684655187453 346.6614617991996 870.9144903688863 357.23384272013067 0.09754592925310135
778.905149700083 363.99147635790234 786.5283982252477 375.9082252290504 0.09741798043251038
1055.7693021895839 268.60225193158834 1068.1173380323032 284.7391213004391 0.09735047072172165
803.2413760748699 335.56075381104233 809.7442190324812 344.6642754473568 0.09726392477750778
595.808602898074 369.04041252900976 604.0052741254073 380.041701793112 0.0972001776099205
347.46228135041446 166.19316033572002 357.80633788095724 184.32507011480854 0.09707710146903992
434.5477691734507 352.8323505455762 443.13222172210607 363.6773839961129 0.09702717512845993
824.5989308088232 366.6196361163826 833.6160485983796 379.73630961318963 0.09689988195896149
785.2676185958795 372.60467148442024 792.8467735922808 383.3788903033837 0.0968039482831955
719.1304634720342 368.40528901567967 727.5747178217732 379.6462930434382 0.09665627777576447
814.0316910461675 353.4828721507098 824.4257529705746 367.4320530630488 0.09647661447525024
445.44194157080017 366.93673734813785 451.28252795568284 374.3490288750116 0.09644842147827148
465.2349448254256 323.81389223065696 477.50972735213236 339.9864022995508 0.09634081274271011
810.9453570883094 360.0201483053591 826.3669711223472 379.93883132850397 0.09625194221735
411.6088140891967 365.5132972018628 416.4232866921716 371.81279731955726 0.09620175510644913
690.121543502085 353.06469865516686 698.2646252561984 364.49419737071685 0.09612510353326797
845.6856422024953 328.8267058215323 852.5868775672639 337.37613280197775 0.09591218084096909
523.8120474389818 371.99869425074615 532.125387440837 384.68602861965326 0.0957026258111
666.5273510724428 360.85488879849044 676.7093143228045 374.782903822987 0.09568211436271667
537.5951606983996 365.6876782700126 545.1363637683082 376.1089115763654 0.09556455165147781
607.0944518287614 364.4492380729632 616.5700834177076 376.4455558644809 0.09527947753667831
414.84934941392464 363.2829719892491 418.6449514845574 367.96383312373086 0.09510259330272675
824.04276217299 333.39478208939323 831.0548493388997 342.47834315006855 0.09506090730428696
1053.3888736924466 333.280838683594 1057.8437797776041 338.449145342232 0.09498362243175507
871.5944309491979 346.933586120445 880.3878879176315 358.1250151558013 0.0949418693780899
532.3591934656032 351.6455308011029 539.0321756984328 362.67392540026657 0.09477431327104568
457.23058195883175 364.5272184147606 464.3583586656715 373.6241205674153 0.0947180911898613
640.2865781531843 368.41414009833693 649.7266131778929 379.7943224904706 0.09466210007667542
597.299462978261 360.6126287160989 605.450297378954 371.6654173572884 0.09460843354463577
178.36469565933118 123.24309499215309 222.04443474703749 177.59357682068952 0.0945950597524643
99.0535335278186 439.5720265729325 143.52986675392907 500.605481498079 0.09456191956996918
605.2873887840034 263.55307197700114 616.4659882875528 273.44148912741815 0.09451726824045181
781.2379431101284 380.91380472809175 789.4695276342194 392.21747086847637 0.09445040673017502
816.0143377563343 370.36742984912655 825.5489211372753 384.07295479740304 0.09429378062486649
593.7296038215919 377.8630329465128 603.0879468772761 390.52147210636105 0.09413981437683105
737.9637411415803 352.8465853957963 747.1174967871309 364.4551600292776 0.09406380355358124
407.81439780451973 368.4517231398845 411.9622712122925 373.63578512390296 0.0940103828907013
517.1844806033505 359.4219747199739 526.7674834428182 374.75850685290294 0.09398074448108673
649.3211707809718 352.919032084448 656.4779965214825 363.69853464559134 0.09395453333854675
476.4029231163526 358.12480284600855 482.6000669721671 366.99814127742815 0.09382519125938416
803.3516594018575 392.9946911871132 809.7686708550988 400.89783118358366 0.09379100054502487
750.849780074326 368.23760162290904 759.4841099495633 379.89001188503397 0.09377821534872055
789.2103325203025 365.0185978809492 796.7276137820818 376.3093777852043 0.09377504885196686
552.5379063251395 335.3310146294742 562.1549602696532 349.3370144261788 0.0937284603714943
472.34642223058194 354.5785468770427 482.11182311499795 368.44146056590927 0.09354743361473083
797.4149222608876 330.7704889211668 804.1549582098748 339.57163269325923 0.0934232547879219
871.7678028715084 339.25138170232594 880.8145876716584 350.1067299797541 0.09341360628604889
808.3432568321649 329.5255662188839 814.6731856196639 338.1897660988393 0.09336122125387192
776.0789445492194 381.30830217927183 783.0369095194319 390.33656788160465 0.09314412623643875
433.67388720536417 363.1963739494374 441.11127896762684 372.7850753131229 0.09305732697248459
614.3578962198922 360.3741311841721 622.8462348409339 372.00134824584575 0.09304174780845642
635.2196273241475 364.2212738704049 643.6049326190918 374.19661563826963 0.09298181533813477
455.13147451161 374.77009794597836 464.9051387493823 386.9371185717683 0.09293626248836517
414.2264444449976 370.273095612664 419.5964382043489 377.4691911669353 0.09288455545902252
422.2744680807682 364.9403802180058 426.7854624237291 370.4599318730591 0.09276603907346725
679.8233076904334 351.6297217660697 687.779670420776 363.0200106622136 0.09266983717679977
563.9027120295003 382.3797080381419 577.5864722571583 400.1663852868562 0.09262914210557938
875.1260117490662 357.5133274805338 887.5040724629772 372.8067716210747 0.09249971807003021
837.4142599720587 370.66623920365134 852.8839956591297 389.70019685138294 0.09229078888893127
190.206658036302 286.429709912919 232.54292605002075 353.40616695286815 0.09223140776157379
822.0181493377451 381.5431663514327 829.1153674884201 390.99110770745546 0.0921313688158989
810.1294490982145 385.4169347861605 817.665712120317 394.94637605090105 0.09200023859739304
420.902778109086 378.11898275539596 425.95562236163124 384.95742697047393 0.09178350865840912
-4.958552495970578 205.57692098325273 13.24968620390084 238.29841172049007 0.0916643962264061
269.0458944607528 191.00663434990577 338.939149720491 283.15148396035136 0.09155247360467911
618.4899931209404 385.5921670099795 628.6612733921071 400.52437137432827 0.09149864315986633
468.6950125042755 353.4983144956304 475.9186693883751 364.44514597076017 0.09125056862831116
402.4837188675038 354.3103176067453 409.5491247322999 363.1548382948792 0.09115323424339294
768.5136952016568 346.477935021312 776.4721389881896 357.849768010528 0.090765081346035
88.80078000171947 222.23678505184725 99.80914508092938 234.11581142758263 0.0906856581568718
625.0988531257302 354.45838472646386 632.17882019566 363.6990051094812 0.09058983623981476
417.5013028046992 353.1180447852415 424.44182006531463 362.0004374242907 0.09057939052581787
458.1592333347455 361.85037976499785 466.5404047183281 372.7152246516748 0.09050077944993973
641.5599458606506 358.93140973624776 648.4812172769961 368.31825829114393 0.0904029831290245
633.4985168824068 355.4107042166042 642.534905841885 366.0702868595366 0.09040020406246185
446.8878797044909 383.9436974186824 455.51476774983854 394.77397975321605 0.09036663919687271
561.3564269307749 363.91647667978367 568.910101043588 374.7873450687707 0.09027393162250519
743.360501121784 350.15102173510195 751.7013700212326 361.1962699585269 0.09020473808050156
827.0538208520893 351.05154470453436 833.0915753830408 359.2570555444428 0.09018642455339432
530.4389918294182 386.41536889826597 541.4309746213015 402.469859254705 0.09017723053693771
790.4058633394227 380.55141263542805 799.1547552758241 392.567250292043 0.09015262126922607
817.348181007934 354.9446836489361 828.2561906192437 369.0917509146128 0.09011320769786835
535.2084006318871 378.39493592982944 544.2140851439517 391.0650979694491 0.09011085331439972
585.9337763502108 368.35111595228096 594.6045827506568 379.584959775124 0.09008360654115677
529.9327528464158 333.9517183527739 540.2086572415857 348.84655033517873 0.09006650000810623
740.9873891847807 367.23504079688996 751.6206791315495 380.77257398103745 0.09005463868379593
793.446510355486 374.8048438951811 800.9017537639352 384.7991918252513 0.08993777632713318
563.3012906751167 190.93072315577638 869.018302348031 526.1684392305717 0.0897764042019844
427.88739669823246 380.8787145024011 435.3644830910565 391.00253749717626 0.08977252244949341
790.0987054671218 328.1471734434513 796.7513073941952 336.4354935609934 0.08963774889707565
787.088211620713 342.7694774121609 794.1611429905279 352.57575412824474 0.08962105959653854
840.7525824609476 325.70715205042086 847.1868548283966 333.48832313933167 0.08958493918180466
60.57151152122244 271.1993721760354 97.80064941457016 329.551487659269 0.08958026021718979
775.1950081686294 332.69816361879094 783.0735627533076 343.5214146040844 0.08955208212137222
535.0920479999181 340.5387961118276 558.032852594974 371.71526834253933 0.08903829008340836
863.3060818894553 365.945640717752 878.1325241981579 384.9999431870104 0.08901113271713257
346.46383377331546 152.22092627957792 353.06172466143875 161.88777733643852 0.08898694813251495
422.65755113869005 355.5249409708619 447.3205929757543 382.08706754658164 0.08895692229270935
561.0349916573808 355.53191210910967 570.2343507768206 367.8428677501511 0.08887825906276703
824.9167718239366 375.3006409121741 840.6313054862866 394.8049288348116 0.08874880522489548
677.0030971332319 324.07794294939526 687.5413095088279 336.3284519943613 0.08865805715322495
1055.4691532491374 366.92216077222827 1064.11867328114 377.17808121819957 0.08863349258899689
155.7992268605098 97.24391633098445 201.4827897946081 147.6842666887702 0.08861690014600754
750.8765413077233 355.9565580783441 759.9553389795952 367.5249894732513 0.08859795331954956
471.07518640520715 364.55566726640075 479.5229638130515 376.3509979493667 0.08856074512004852
444.10118306997236 341.9235638542309 454.63894177652907 354.91920177787193 0.08851101249456406
471.49018810003565 333.1095030588755 488.91459699495965 357.5271058700323 0.08846737444400787
464.0615440737383 333.3246976017531 479.2993053600745 353.3093782007066 0.08840466290712357
466.489172502462 391.53367735887684 473.3006682652272 400.2704034082776 0.08840242028236389
420.0957262168194 393.81901723539966 430.1517875115318 407.4410367632678 0.08809664100408554
439.33695307421306 348.0982110310036 446.36315661605767 357.71903062235447 0.08803801983594894
564.3243286330921 349.1590218963123 576.3181140010815 364.30656699765666 0.0880252867937088
494.4575765649084 369.17689957147707 504.13621034237417 384.1581595655201 0.08795711398124695
801.3989255554676 373.3255150107656 820.6922162548457 395.86608589150865 0.08787686377763748
744.8493541422972 360.3342917971479 753.4291025102432 371.8676665250859 0.08784418553113937
786.0249989639666 333.51937039282933 791.9663496312277 340.56060198918965 0.08773244917392731
554.0503804101901 386.60617504465654 567.4760848951198 405.2990826295199 0.08771982043981552
403.04932055676534 365.42786174445064 410.848689065028 375.1102127631651 0.08768536895513535
636.8426783780839 348.6825889683273 662.2970483131403 377.4869789863101 0.08765815943479538
845.1399189741911 321.845660665721 866.0995630682456 343.5229490070656 0.08763646334409714
1046.909133600205 281.29547082561976 1055.7067593984184 292.15672410769076 0.08760518580675125
701.3170854506945 350.59244721773206 710.4290146526394 362.286706308353 0.08757081627845764
480.2791287903949 366.31944944537344 489.61105088001295 380.0643190620548 0.08746419101953506
356.8882650269686 153.77535368215712 377.0399456630217 182.3163847742639 0.08742062747478485
61.96680660094634 211.5049095047665 107.83385137456685 278.98774773255275 0.0874079167842865
528.6327935747671 372.54701479257926 535.442272900936 382.99346558813323 0.08734065294265747
351.1834155576484 150.1093138124461 360.87535048003065 163.94055020172078 0.08728145062923431
728.8133091302219 364.928330689487 737.7326792941133 376.6921613890443 0.0872170552611351
614.2954804748432 370.6327315202987 622.5734494229133 381.9595064924973 0.08720459789037704
774.3530048257412 340.6778445179561 781.913033106973 351.17975836900604 0.08717165887355804
323.9331868096708 163.723333081188 342.8722282502533 189.7910515409244 0.08715450763702393
480.98769947303384 351.87270783160795 488.64789015833844 363.28148586567943 0.0870714858174324
339.25072452298883 156.7526089649388 347.70695406893907 169.6039350709647 0.08706676959991455
814.2660856537012 311.21395494514906 837.3410271776855 336.7788500300025 0.08706268668174744
509.99109157544154 380.40192890229764 518.2039766114411 393.23499450278206 0.08705052733421326
348.29926287136976 180.20536982412776 354.6679985099833 190.8212810563314 0.08695020526647568
688.3142442377485 363.71299476643526 696.5837850788863 375.109963230379 0.08687067776918411
458.9885269191658 336.7327623622721 468.60218128600593 349.43770910481317 0.08686771243810654
308.8524941707989 167.39387456622848 323.48889541910603 184.98391027283537 0.08678590506315231
783.200347360945 331.2273236668056 811.5173362925515 363.87740966513917 0.08676300942897797
521.247259472306 329.1339425888195 532.0873387927967 343.977103204623 0.08672430366277695
433.5675659624535 310.25408161823333 494.6493557426797 384.0276145948958 0.08671452105045319
450.0109693318775 355.8539416439789 455.4822846098754 363.3266898819946 0.08670418709516525
408.7211496102167 361.75549770347004 414.74033565818235 369.4204054958673 0.08668114989995956
626.9981955108717 348.81739655013394 633.264795742832 356.6681710011327 0.08668050915002823
630.6167600518038 354.3320916866143 638.5071926569972 363.8031836439419 0.08658473938703537
830.0533927255493 323.93513041347654 837.3926468089032 333.0600499436164 0.08656815439462662
842.1175454012317 365.760583526635 856.8169559274955 382.91563451489264 0.08651779592037201
481.823421608338 356.23892471826446 492.8144175707909 372.26471121417467 0.08649618178606033
420.2422946791521 360.7226880864385 425.261600841488 367.0788360171992 0.08633676916360855
429.0970306240946 366.9394049822945 433.22347293785856 372.2539990102545 0.08629313856363297
799.7366929786409 356.1863724245677 805.8020933539938 364.29082261082385 0.08628278970718384
820.4533912529446 320.4991487116656 828.7533548842006 331.9043802175501 0.08627045899629593
673.6378293297657 363.3027720459152 683.692631031795 378.17379237794165 0.08625424653291702
878.647636329733 345.01759523658507 887.9379501077591 356.86077612193475 0.08622441440820694
877.8542157248637 371.696766125915 889.7823044433873 387.1333029219329 0.08617400377988815
560.3760465988736 350.7397066634543 567.2484683273303 360.49834044134997 0.08616629242897034
594.5892269893453 350.8223156392488 603.3977085397963 361.9839214351206 0.08608660846948624
649.668618694093 369.3885389304165 656.8437385844134 379.1519151002736 0.08605234324932098
824.6205333349094 328.14442100963373 831.9767723354068 336.9590133779456 0.08599762618541718
457.4583106207041 318.5677209003649 469.5042806135459 332.1062716422041 0.08591584861278534
818.7650692595583 390.36377712681184 825.7508909053083 399.1342955423545 0.08588889986276627
563.6208992329921 336.0701012123272 572.1555342445962 348.2974111060871 0.08588190376758575
658.9178260399932 352.06810178195025 672.4139136650263 369.04928149494225 0.08585499227046967
333.194702812763 154.19960633535385 341.01524021789567 164.7721922775332 0.08583591878414154
800.675514812927 388.4514388506029 808.0641627548756 397.98992418466105 0.08581957221031189
501.38518547195724 383.58449363706245 512.1602077365065 399.0446811062494 0.0858062133193016
488.5893112876269 360.517981547774 497.6605784237396 374.45025857850436 0.08578363060951233
541.5124021314462 387.4787944591633 553.3991681648623 404.1818134683558 0.08565842360258102
342.7368235840107 174.12452406383912 348.91621326921575 183.77457005222112 0.08565697818994522
453.72933414951217 380.58796555439005 457.808940626817 385.40554756556804 0.08562716096639633
653.7343471675129 362.1755055764316 661.3930715398368 373.22912133369334 0.08561195433139801
746.9098583867586 379.8331500713557 757.4170597027928 394.3097781124564 0.08554594218730927
379.3394109112749 170.15475005867367 397.6293792277244 195.07867391921516 0.08552227169275284
579.469847245346 347.65652518344586 587.3295466862324 357.5933654910922 0.08551839739084244
643.7624779883275 377.0740355642547 652.1810011027576 388.2797563990318 0.08551178127527237
572.298286193547 343.97261463920995 582.4797682358924 357.35552465624966 0.08538076281547546
429.9922112992046 343.22938172357766 439.2938649741015 355.1057930658735 0.08532978594303131
679.4489966596024 332.5729223196606 688.9087926431916 344.504157120926 0.08530019968748093
407.5108352218841 354.00927525729577 417.0896414815335 366.1492211381237 0.08517956733703613
558.3308226725585 342.4433846870769 567.989927898068 356.296240625417 0.08517566323280334
512.9159797759004 336.43134447483345 520.8806842725359 348.5028022686525 0.08515658974647522
573.7955197279379 354.28792232616365 583.195662167425 365.74649209918243 0.0850774273276329
755.645757587468 380.07842863504646 767.8625114448603 396.71843450474006 0.08504976332187653
471.0106465759742 375.24739643434725 492.3215628547947 404.78292785674097 0.08496412634849548
541.0696051269578 319.4570835936225 552.2010896141752 332.3319107738748 0.08482759445905685
1042.2273943260907 332.00752961905084 1046.1781521651944 337.37363109159844 0.08480862528085709
786.5525515199292 388.50121161635604 793.1435870668485 396.6298866207437 0.0847596675157547
1069.7622524390913 281.9211160069562 1080.8237682587733 299.5074306442698 0.08469926565885544
411.3529109192594 373.5885798287489 419.8099613732278 384.48879304951464 0.08466822654008865
706.2783931835049 343.4694272792384 714.5915100929878 353.81999980332563 0.08464052528142929
1064.6923381002807 309.58862347059676 1082.197728102947 333.05352619220423 0.08457782119512558
750.1837523496902 336.4556969996852 758.9035726886931 348.3495931348309 0.08457725495100021
521.8563901552536 384.71393996301697 531.2056457452785 398.9475616431581 0.08445727825164795
678.1221124872767 362.3586769570566 687.7134911434267 375.61950532963743 0.08437219262123108
552.1993751493475 323.3859633849266 561.1706898403653 336.3540992176946 0.08436448872089386
730.3998858419059 351.4277786706769 738.1010762490608 362.0242002247053 0.08433040231466293
538.8001496579586 345.315992494393 546.9713952410369 357.60844302355054 0.08430987596511841
586.4554880850487 348.50535996819127 595.4499108864085 359.5890361780814 0.08428558707237244
704.746999444105 331.33994230912884 713.647699957373 342.0189043130268 0.08428271114826202
1049.4136064070149 330.86727027016747 1053.7943870465813 336.3709662323471 0.08409372717142105
599.958574093281 382.59154815796506 609.5249271391183 396.7774149841148 0.08398424088954926
557.3773569621919 382.0706924947127 567.9415896297165 396.6437010708127 0.08396060764789581
114.98181033775175 102.42216775872704 151.79116642959374 144.95133124937308 0.08392714709043503
637.942908538421 348.0332769311674 644.9570215459315 357.8574786041679 0.08376291394233704
87.0288308300205 237.40552621716876 125.76227055024576 297.3062038495642 0.08364079892635345
749.7707048426406 375.6799650928238 758.0066973623655 386.9796741020138 0.08361499756574631
718.1706702209015 376.10543321402366 731.1899095514399 394.3727162104583 0.08360876888036728
552.0743701744886 365.92129665111605 559.5255104249388 375.8372338696898 0.0834307074546814
857.3301431704186 366.5996503493154 869.0107047269682 382.56759239727336 0.08339881896972656
550.7307895236999 396.64910254847507 560.6538222587999 412.5330670713245 0.08334391564130783
1027.1300155011288 293.2503626141609 1037.8853162511914 307.0774584519219 0.08329230546951294
660.2765230152535 363.9240462417941 669.3132421191017 376.7757667462732 0.08322715759277344
722.0614991123398 345.46189915465 730.3571229319012 356.34309764184803 0.08310908079147339
605.9858951018072 374.8349629252394 616.0502050371613 387.53515999217973 0.08309795707464218
469.99988963952893 314.02691300924766 478.7863887482246 324.9117791123873 0.08302358537912369
878.9370210042729 326.3713786441903 887.6812052488709 337.12901148558916 0.08297789096832275
588.4347927686852 389.1217788651221 602.0160661274596 408.8602742786133 0.08288217335939407
655.4155328586731 349.8484466923619 663.5318086591417 361.3056127141606 0.0828743651509285
438.2387219696992 386.43787518193005 447.03784194039537 397.3989023826496 0.08286821097135544
479.18214655888914 337.13736008557356 487.4368567567677 348.2861650968177 0.08286461234092712
450.6343830404157 377.0525990204507 458.72787271076686 387.46195513418104 0.08284164220094681
808.0560952599105 325.14184932602075 814.3475688527458 333.4245240598012 0.08280934393405914
807.6347038353156 389.6829404897213 818.09615118515 402.5506353888129 0.08279401063919067
121.59745560219078 -3.0551625582958217 142.02216098084807 16.097768780125335 0.08278899639844894
677.2059954840802 373.2218764507763 691.1237141070472 392.0929621486661 0.0827789455652237
482.88555573356115 319.8926252906155 493.411890570157 333.82241133416693 0.08275022357702255
677.8789287459017 339.6796585344125 686.8881114454205 351.31057044394237 0.08273440599441528
451.3234731458155 327.88670345820094 463.4591862675254 343.08493272771614 0.08269954472780228
836.9993413939703 318.3553846340225 845.0779379869897 328.5252637281102 0.08268604427576065
363.4011276179156 178.26518811115167 376.0636878300083 196.90160029557916 0.08268267661333084
801.8387197292815 380.6667732127743 808.793122609687 389.38119589195765 0.08262906223535538
142.99065319609605 244.59889618696522 188.410853640479 313.04422458012675 0.08260569721460342
856.6758869868626 316.7917948572191 865.5107473764123 327.95392661834313 0.08258770406246185
540.6716774365232 331.5747860194679 550.2881776998095 345.02653960959566 0.08245019614696503
431.27037386842653 391.5769721428718 440.5538598743471 403.68218584172394 0.08241771161556244
126.24359323408957 342.5416570111635 203.2423394483511 453.2693571249818 0.08232991397380829
117.79232995372536 248.43435739767037 152.37509778750425 301.63815659109815 0.0822889432311058
475.5749212625113 313.56921056856936 506.4983005174232 354.41666694392904 0.08221974223852158
418.62817207774657 374.62946550081807 423.17559796195155 380.5135171478023 0.08196856081485748
802.8161849459894 593.2741563846081 910.6594317333584 707.2780949319811 0.08196111023426056
575.5720643310366 384.21199797893604 587.6117986192978 399.49820836055915 0.08195043355226517
816.5485864742517 383.1720787300274 823.2813037653146 391.67229986236947 0.08192680031061172
603.7389786066668 352.49833896257104 612.0622856136616 363.0531219630925 0.08189090341329575
421.07253289908374 348.1578574934622 427.99738545277216 357.065149659236 0.08164095133543015
511.0780941920507 348.9182271211341 520.3889347651161 363.3993763773829 0.08162727952003479
729.5911334025498 375.50182327993866 749.0461189358023 401.0682742548259 0.08157568424940109
654.9821368278781 371.4695212913725 666.8570985104243 387.00363593711273 0.08156795054674149
399.6864822692675 357.61472725281084 414.83662533908955 375.85483344201276 0.08153942972421646
646.2055701199306 406.7148511889873 653.8511889672786 417.9753334503192 0.08141746371984482
706.1395429780125 361.98229559083296 715.7925574516271 374.55635068536833 0.08139871805906296
213.18091321749296 315.5247260160114 252.47464434192477 374.87921204356724 0.08134467899799347
775.1385945110172 387.72580377773 784.8299797719732 400.1649427969335 0.08132164180278778
878.6071493260465 335.726333989596 887.8534652980161 346.770976001525 0.0812954530119896
800.9809978895453 325.7714421874891 807.7824512136266 334.86531708968477 0.0812816470861435
562.1895645660389 325.7852539949824 599.3631708474545 376.68021995683324 0.08122864365577698
800.0127123388057 327.65534027765045 835.5030400861785 365.89280424569773 0.08107759803533554
322.6037671805728 155.96734853150582 332.74951310007475 169.012097710931 0.08100979030132294
553.6982856567837 351.2998082621716 561.275972744999 362.2625354965691 0.08100522309541702
859.0490731360185 320.777921640016 891.4025645284933 358.48239609310684 0.08099032193422318
298.3388900386626 300.32944518405753 350.0956475405613 368.5277050574452 0.08097683638334274
117.50200790639019 200.5533811721904 155.194700020037 252.23332112605928 0.08085208386182785
666.6670984985358 327.6792248058578 677.722841682637 341.531364266085 0.08083190023899078
1042.0288287832498 341.6344658372274 1049.2058058548885 352.0700334702261 0.08075401932001114
503.9191669265651 368.0438618264881 513.6597098752056 384.4179325097137 0.08074689656496048
1075.2775975553127 333.2018750749445 1080.3779248528435 340.656091232208 0.08071989566087723
794.5418187963324 393.31064358148734 804.3106884651123 405.6594621950822 0.08071038126945496
615.9303923154768 288.67634909213007 642.0402083866926 321.73236105022346 0.08070231974124908
355.86448738312066 173.168309189697 362.0943244507259 184.21034542200167 0.08061225712299347
497.05160039116384 311.7061412508919 523.7366402231643 347.8875307146162 0.08060585707426071
268.5505459196895 111.48276025867224 350.4638170848512 202.3995406776671 0.08059411495923996
383.8869212945811 271.8564763573169 425.99175165981666 327.0704593010614 0.08058272302150726
1037.9801446994222 335.95322830259676 1043.5956776113885 343.39315091603083 0.08057021349668503
607.9303306880556 385.07650339792 620.5378315625729 402.54053220476413 0.08053474873304367
687.7263285982335 370.8742284486989 704.4323171608875 393.45777629515663 0.08051580935716629
561.0048399408877 408.9441675390723 570.9510382823677 423.0339763773051 0.08046550303697586
54.62057327650515 374.1946345507375 138.74331434202173 518.6592398543812 0.0803646668791771
769.2995387109942 325.755205175361 777.8290099495837 336.9675150109324 0.0803130567073822
152.35599482870737 61.38209292036968 173.11448830632713 86.38954882176809 0.08029764145612717
664.593122037596 344.31443588892927 674.0149593888575 357.16133366830053 0.08028732985258102
645.0381291168728 336.1730150713544 660.531612692526 355.8915294890304 0.08028388023376465
830.9171681849917 379.4704215051511 847.3539756478431 402.81791194227407 0.08028314262628555
366.46417348689596 146.25430406485646 384.3468867693253 172.53448924854357 0.08028198033571243
691.531218325686 326.9956567767171 702.4630517188117 339.2023086522623 0.08023156225681305
750.5765846456623 354.51213514127085 756.9278353580155 362.66913145343943 0.0802159458398819
484.20685204292107 312.95616507395675 494.1754559238518 325.9610653261645 0.08020893484354019
595.3159919379422 349.26552511177437 624.5094549092582 383.5404416135608 0.08010952174663544
565.957402422068 386.5206395135091 584.7756334781578 410.8944932181359 0.08001229912042618
668.5844819971752 387.9796346287064 693.4879501406009 423.6338695395221 0.08000824600458145
732.9375712543448 342.00850072311863 741.1684560892134 352.73139650813005 0.07996334880590439
764.4003756276974 339.3233023301891 772.2282766031279 350.0340737890145 0.07989145070314407
697.7543779447846 362.0923000853587 706.5072262544481 373.94351260005146 0.07986891269683838
392.3067828596527 297.6189542444566 399.66048177231835 309.2873734806619 0.07975832372903824
830.7232186552492 303.647022389339 858.7636157010038 335.4362608385135 0.07968523353338242
351.3541369441631 137.74837444315185 366.4959200315795 158.04154804131508 0.07963155955076218
518.0258605448014 374.9535424750689 528.6273640012545 390.29748484226855 0.0796298235654831
397.9476672514225 375.00907267810425 405.14875622194427 384.34190209714706 0.07960130274295807
251.17479295355625 311.4447905273273 294.75509078785126 386.40212636259156 0.0795932412147522
419.9587014298898 378.4360528760537 428.6549212678038 390.56616285827647 0.07956773042678833
722.5062537767598 335.1906612699171 731.5736389665859 347.07741333782246 0.07945821434259415
468.72805363423174 381.5062902430798 476.20267074235113 391.6263626230154 0.07943715155124664
1037.964784926818 332.9163973720243 1042.4880548337212 338.5014056530782 0.07941406965255737
573.8022104376342 398.5980219103081 584.2029172997251 412.1141223983987 0.0794048011302948
782.5817967221134 392.1219066478964 790.138289104057 401.5810331753723 0.07936307042837143
226.52594308448815 355.0524093348434 267.2514067425418 413.1632574898626 0.07933396100997925
643.3580275250998 377.4367222488054 661.1364895479347 403.50974129271776 0.07930563390254974
581.073241149899 406.78904163849086 591.8226887395658 422.0470965926259 0.07921665906906128
520.1245835374204 345.663281736984 530.307729361144 360.66371950344694 0.07918918877840042
422.6217876644943 359.0819253785069 427.2003178006509 364.8401682876926 0.07913898676633835
487.79569355398553 329.5743223496374 496.3946693831883 342.0385058353986 0.0791279673576355
649.9965761017448 380.67019673576635 670.0673170795452 410.06848381055244 0.07912110537290573
714.5454040971504 334.66243480320844 724.5420255821795 347.1504750042312 0.07902457565069199
255.5081504149995 -2.3936058740507375 351.8816451207901 96.97745705039411 0.07901045680046082
496.684542614523 341.221974693007 505.69769807925417 353.4726029794832 0.07898801565170288
412.3660360665921 348.85851006776056 419.4477390341263 358.1144130261999 0.07895476371049881
591.5096821718641 366.53802547985657 598.8956947957797 376.73654352786326 0.0789237692952156
165.97579991075133 55.753659216094476 171.99678106795562 63.07987784020997 0.07885318994522095
539.7858557438786 355.3343452542851 547.3246748107314 366.2057837729858 0.07884303480386734
514.4044245377905 379.4306878187388 522.7805224738936 392.54394788620243 0.07877503335475922
29.093308215815625 186.84626656164687 68.53435914053487 254.16275065814935 0.0786798968911171
838.4968631944644 425.2643979388362 1218.0438442158468 868.6050760806575 0.07855939865112305
133.59999803822055 313.1201732762543 177.8968310175432 376.34536112045924 0.07841667532920837
848.0378081859074 320.411735057055 856.0742806872612 330.7395591397019 0.07840679585933685
505.1717267219917 342.82782392729627 513.8429562158644 356.3894239749552 0.07837045192718506
506.0162000138663 401.07479166787 514.309846351612 413.1322183975187 0.0783437117934227
788.6645532760217 393.9213754188985 796.8111958966033 404.3269261017121 0.07833264023065567
532.637774782941 322.6055117987388 541.4482659410077 334.3337382720015 0.07831598073244095
585.2160127336952 272.3811575038557 623.8398599473355 316.48396982748943 0.07829223573207855
1042.192854819614 278.6927439352273 1049.7960001990034 287.79062442427477 0.07815422862768173
613.2498852694805 352.03073968894074 622.0217744335861 363.0321346864029 0.07809381932020187
-58.55356884785778 552.0912858610826 132.65468954017132 777.4698869113306 0.0780881866812706
100.8642733657504 5.583120139074807 136.4037451038923 45.95030814441471 0.07794224470853806
647.765531258228 349.5640106533174 653.2163823939238 357.67970263703916 0.07786408811807632
448.6445042110944 390.0967694479691 462.4259140679596 407.23532054885106 0.07782665640115738
515.0136338547989 391.2246423934208 521.8732327901931 402.4495224678541 0.07781203091144562
1049.138721271083 267.92988949582593 1056.6093455251494 277.3606080112279 0.07766903191804886
697.1477750776268 339.1025021865884 705.7163726544501 349.9977315063002 0.077635757625103
1048.3507348205585 274.7332472356956 1057.4125029373758 286.36735006688997 0.07759539037942886
484.930763790124 347.9305031132364 527.2242179677786 413.10208146388044 0.07759369164705276
397.08462852502777 365.94244959800943 402.7222527335735 372.9846286893657 0.07754012942314148
586.8789798511515 164.08109934043364 650.8901354013208 229.7703822317679 0.07748115062713623
542.4692674617883 308.63786971849333 552.2858391654194 319.1063920863896 0.07742853462696075
1038.028450683613 290.88962253361365 1050.5364451974622 306.63965830379715 0.07740110158920288
339.7852847521324 139.84182262926524 349.9457005122234 154.49576727402388 0.0773468166589737
534.2634178171857 393.28242760124294 583.0318691802246 458.46243554527433 0.07733739912509918
427.499779206597 343.8606729962314 434.603725371497 353.15307344611415 0.07730191946029663
565.3860047247399 345.573763369846 571.6117876421814 354.3049031874988 0.07726899534463882
685.8216124382903 335.08775383781966 694.3802580221584 345.639159308017 0.07726295292377472
1040.5880921921764 291.42732149180665 1048.237201258372 300.2238389966388 0.07714284211397171
660.1326322157198 334.24451922479875 669.4473210192158 347.1622296082898 0.07712570577859879
710.888539350312 325.6607676182925 720.11858556958 337.4956764853013 0.07707797735929489
816.3123088024372 323.5699990111356 823.420610380705 333.28646205630235 0.07707604765892029
459.9377319123764 385.03358471384644 469.72856329383427 397.391824218302 0.0770125612616539
600.8954056318065 371.71439092941444 610.4114899585088 383.9711857712736 0.0769730657339096
607.8174605750595 327.0271740409717 640.117047623117 366.0924325441752 0.0769726112484932
717.4018822103003 349.05308515235663 724.4578109954998 358.1715839088842 0.07689859718084335
848.2248547232767 376.7406029819552 866.1053351105099 400.0146032787778 0.07684209197759628
771.660635203608 356.0108683295252 778.4536440993239 366.0135644653825 0.07680222392082214
619.4275405852893 348.8560175420658 626.7755204651859 358.7749767831459 0.076769158244133
71.75086082773639 291.0549426625664 82.62936970848376 306.8901468677085 0.07673139870166779
410.73180938285043 337.9703517415024 451.02096994567233 388.63917635777113 0.07673083245754242
507.97275013023847 343.2877583255256 537.4435141584246 385.77832431459746 0.07666255533695221
403.75547702082275 373.6401437208395 409.5078127192526 381.15015067757923 0.0766252800822258
407.5419277986737 378.4179125511338 415.7254099779248 388.8935782827535 0.07659661024808884
763.7800391790786 389.9892784206305 775.2487062312941 405.0390891313983 0.07652122527360916
1053.5303520484028 334.93676453804784 1061.3299686270557 344.9244019348464 0.07647120952606201
597.2702798733243 410.9861529062325 607.661582301541 425.5179687154633 0.07643664628267288
721.2271656551466 386.17166486612683 733.8908706845153 404.7415323000602 0.07638785988092422
401.21746332954933 386.09933680570504 407.9687097584196 394.69419592901176 0.07635416835546494
396.83567941140615 165.08971330327728 421.98472916081295 197.71425601157807 0.07634837925434113
350.85252120423866 248.876295515247 400.7981954208236 324.61242434771805 0.07609853148460388
569.5366027519926 327.4735586886856 579.2660398706035 339.91123044268164 0.07609390467405319
683.089145587448 334.4342992249437 711.5039686853037 369.69598207877453 0.0760866105556488
182.70555436156272 219.649635428614 226.3040200380515 285.75632787284417 0.07607588171958923
238.47802495902624 289.6458412411575 316.4784214969338 402.10773411003544 0.07604765892028809
606.9367269635278 385.1235116498256 662.0226010369952 455.043273034426 0.076043039560318
755.9805006059264 350.57626310666075 789.8238269162566 395.05363738251776 0.07600633800029755
322.0789379360632 139.27469678138752 336.63840510777555 157.70119860212827 0.07597358524799347
605.409904454544 345.9245827667986 612.9874592858688 355.55485772571575 0.07596297562122345
419.2207658921014 329.6156799252529 431.69464695825644 344.8996488292421 0.07594239711761475
888.0217290753097 353.40766770751185 899.000481810053 368.4670240722128 0.07592888921499252
482.91703877147796 382.91022425227135 492.19652323230906 395.61708621575593 0.07591287791728973
723.2566183394375 356.28002031025994 731.2916217479849 366.8206251185488 0.07587728649377823
652.6075471858518 322.3971905484355 690.3978622787565 370.5568579966518 0.07585293054580688
633.7069929623289 350.3090901902519 638.9644877044396 356.564994342438 0.07582930475473404
113.41693732113453 110.73544589434324 397.3280919452375 441.0907478205834 0.07580041140317917
396.5385962124079 346.859511124284 403.31543960418594 355.8228936120056 0.07577458024024963
920.7372385134805 -11.97107606312159 1161.434123040107 267.46478140907993 0.0756634846329689
682.927694133714 343.5302270129344 689.879956982977 352.67730539810157 0.07565753906965256
65.74132342150743 4.916515773330823 97.93895878309951 43.84897295475166 0.0756000205874443
405.4318422312176 379.716473914866 421.9729918462806 401.0422375593095 0.07557731121778488
518.9149677347576 395.80528299461173 526.0216013823524 407.37757165299956 0.0754823386669159
799.3405644829777 206.3898122289914 1046.0738510157028 486.2216412281924 0.07545485347509384
123.91836336363228 225.50966238005944 200.2871182569955 341.4830762515314 0.07542090117931366
683.1396438268351 324.3729498246596 711.6946061777949 356.05989133009945 0.07541447877883911
493.1216729691566 305.55424163721517 549.3400197956329 381.33016144313405 0.0754033774137497
596.7379645140288 340.265375109021 607.8151176008338 354.4249168466218 0.0753784328699112
519.080622715861 403.1186728049 528.5012846056748 416.9183396726178 0.07537572830915451
256.67069607614275 471.0465467053186 311.12747865011806 536.3658222588742 0.07529465854167938
607.2970024471783 399.1310403473283 616.606733752892 411.69679642704017 0.07525482773780823
547.6476172409764 412.26340011285924 556.0213975097774 424.79195881453757 0.07520030438899994
759.706311423782 331.49629706786004 767.4524200643153 341.69989195432674 0.07516271620988846
565.584172141559 362.95447993746404 604.0778137104222 415.4857035983548 0.0751558169722557
416.03882551045933 383.96349255398457 427.42092179534893 398.6705893728595 0.07512427121400833
530.4428124934917 404.18563939502087 540.602223229881 419.03084684476875 0.07509567588567734
1068.0371219383378 262.43706278877397 1080.6110327335246 282.0603992405383 0.07508553564548492
638.4319771297477 330.0342307680105 647.6186425509688 343.06542776489636 0.07506975531578064
1056.5567207083452 261.55836163230464 1064.257055302509 271.6561721899075 0.07498659938573837
520.3157497628528 321.2109915517302 529.9367248601092 332.66542765412925 0.07497613877058029
438.92496137173293 399.65801551534196 447.9222879497205 411.5255851191174 0.07493948936462402
99.40269795173106 51.1304644981887 123.41889390670352 82.34776641390067 0.07486681640148163
336.9775959957172 180.32394898096507 344.46090432450086 191.58660866033273 0.07480382919311523
624.9296064776531 392.293632454348 634.4028493171186 405.1171577261271 0.07478838413953781
629.5358743278047 338.60598834502053 637.1714232160649 348.8671533359844 0.07476823031902313
485.88903850522684 377.67963150239507 540.0375132015906 444.45636520313127 0.07474254071712494
746.782559616747 377.9133190006431 768.9383472200171 409.3836883865118 0.07462009787559509
803.8325924584714 402.84282265083937 811.5679885138551 412.9670913167388 0.07444071024656296
188.5450762128798 381.9760078842783 238.5882579868154 450.11309081154207 0.07441579550504684
808.6370165880261 384.77378232411485 830.8048396565345 415.2258197985579 0.07440177351236343
426.74739774241704 386.16815330610723 435.30257861863925 397.2643093120915 0.07414248585700989
681.6503262790602 377.4650184528719 735.153618453775 439.22912625790093 0.0740937888622284
445.45866593753954 316.6405724505833 456.0750434678975 329.68072812468205 0.07400570809841156
785.1233750262543 402.34117467594086 790.9124382474183 409.43596951610465 0.0739925429224968
513.5779374785483 407.5128137048705 520.6756494643416 418.0935186692785 0.07387121766805649
855.4309316755199 372.40258083001254 886.5250340276017 411.5829155943038 0.0738416463136673
512.8524181279967 311.9559863211952 523.0061285704062 325.2165894136486 0.07375925034284592
883.7903147550938 325.91587361058606 892.347065280424 336.86453101191455 0.07375511527061462
650.3719875249845 331.36920759876097 660.4852939718838 345.17356617751955 0.07343579828739166
172.8514267891568 262.2935254734715 230.44340281388762 352.9059309825975 0.07336629182100296
667.1268273455491 315.6974013580177 675.5614489562403 325.75550613554753 0.07333388179540634
695.5841403681678 394.2212025495044 704.4379810591018 405.5270490958727 0.07332124561071396
683.1205151799226 367.16259194810374 690.630002563539 377.49413073650095 0.07329703122377396
226.73319678246253 113.20136499176085 251.58168846194616 151.50946827377345 0.07317906618118286
460.60998444050773 272.1357589518675 558.0157303913444 386.34851707293916 0.0731782391667366
469.84747621899464 307.32061287761786 477.8889032541981 316.8506359324472 0.07317383587360382
816.5722280006647 329.4796355927587 823.4357151697567 338.29576468376575 0.07311908155679703
535.847219181067 408.11019224204875 548.4616273926314 425.24274413688283 0.0729454755783081
931.0559057930589 539.7233004274235 1146.5740081278989 774.7995316170457 0.07287510484457016
719.474036729408 331.8644814386393 747.5987831856481 365.4386718557764 0.07284753769636154
1064.8201336121626 339.77115336642055 1071.0912947903596 348.5939231247086 0.07280991226434708
670.5014457597161 305.6725390204812 694.9552414890595 333.0433782473802 0.07275637984275818
571.0647135580141 386.66080754714204 611.6779044682119 443.10346632932755 0.0726376324892044
709.9769082064593 374.75441201953254 722.5230051791955 391.2834587072185 0.07261714339256287
433.5216107583713 334.0435184166098 441.75225033865627 345.12490350759447 0.07257011532783508
381.6807137192003 300.91244253210397 425.1817350634579 355.3282898249576 0.07254122942686081
90.14660586165203 255.82840272153305 143.7141898162847 340.1538313239492 0.07254088670015335
884.7260347465092 296.8169561612395 923.2822343248988 339.0981693368207 0.0724991038441658
145.80402645065223 21.846498717753935 183.25490288521416 69.64650624876117 0.07243268191814423
621.8205204603933 343.61142652593384 630.7506107158525 355.02951314188954 0.07241182774305344
770.9607335908307 397.44059430603824 781.297664061583 411.42717331269324 0.07239799946546555
126.20095715397113 311.73748479159906 185.7658547191763 396.77467189063776 0.07239009439945221
1040.0126676391476 284.035447641392 1048.379171726881 293.86659663648226 0.07236606627702713
664.2787440893226 377.13805895336264 676.3818507628838 393.7118456070413 0.07232565432786942
1034.901506147502 282.72782804043527 1041.2785576317494 290.69996273084246 0.07230790704488754
691.2752423766027 334.77614034330037 698.1476745184785 343.12229478642445 0.07221602648496628
471.8489746109491 387.13291650686233 480.83233387370376 398.31304429842015 0.07215003669261932
1047.1987600391833 268.6615173806193 1052.244867263294 274.9383715163673 0.07210490107536316
193.01293409347656 -8.93444880274654 224.43224067093453 26.938556405594696 0.07209306210279465
601.4836964828597 352.6164744465462 607.1742748087754 360.03785992594175 0.07203058153390884
442.9110240963667 334.54740830471735 452.5679477111626 347.4730004869693 0.07199297100305557
529.8175444015011 417.18668352167117 538.9595288148871 431.7787370019117 0.07189016789197922
-13.94012903749613 163.2941857964954 33.911949490739225 244.95650073721947 0.0718359425663948
399.8038580502226 395.6596164542476 407.0068624340436 404.88502947667985 0.07181607931852341
535.0197523598662 339.0120622618039 574.0580419307904 398.6636989024706 0.07180974632501602
171.5409797992032 405.9356216006139 220.3365605121252 470.13117226031676 0.07179715484380722
503.2159208220738 552.6223580663254 620.4693692771668 675.7988012556021 0.07178879529237747
1045.7500929337245 302.25613259802304 1055.0459303582531 313.7017865987489 0.07169369608163834
510.5436621349521 358.98322035264977 519.1123562892658 373.4153606209498 0.07158838957548141
510.6766547985414 322.9726311180511 518.946253630635 335.53975789149473 0.07157842069864273
98.64312487869157 135.14671739333053 146.63472010676884 196.7501785224654 0.07156764715909958
575.5946379937197 335.6764593982608 585.6064016956498 349.0021921847785 0.07150095701217651
864.6329453846824 317.4656724626491 874.2821105161993 330.7543163792456 0.07144371420145035
627.4704466894196 314.3728041303709 651.7671818549801 344.41017540310605 0.07139261066913605
890.5656052620418 325.18662374951265 901.4082471285061 339.1426193988086 0.07134431600570679
587.2099196356114 338.17966596788665 596.5594067661278 350.10237639188483 0.07131827622652054
719.0717278039822 357.32596824701704 725.9915698900727 366.42467172339866 0.07123582810163498
886.4529060739447 367.0218765779536 895.4116162216084 378.2656174062774 0.07123448699712753
653.1470651212225 408.3093877392023 660.7413060079456 419.37153941678554 0.07121371477842331
671.6669195873482 336.40813496619234 680.9299318215018 349.002304023072 0.07116830348968506
357.56001944990277 83.92563534009939 601.0288445070876 361.91449771389136 0.07109840214252472
459.2373389305322 295.41507581433865 485.31950885551004 323.09597538731504 0.07102096825838089
525.4796054501724 411.1369239998573 533.8474357043242 424.4820301851242 0.07101292908191681
649.9843688474657 417.76256793506246 657.7234866160944 428.9513186105442 0.07099582254886627
527.1626752249524 313.0413409716243 536.9999186673043 324.1306999004936 0.07099185138940811
673.3784365988472 390.9549648858757 682.8000308127247 402.53455349317375 0.07094387710094452
13.370957833624695 198.2342128339132 40.101031205509 238.50270586248845 0.07094115018844604
843.5895684404045 284.85542086582694 882.4241338970784 329.3537408571569 0.07092515379190445
697.8521695646683 386.35643702266515 708.8549007444191 400.49355830397 0.0709228664636612
792.7956301971227 317.9957525577788 802.5444211177839 329.86930276831816 0.07091691344976425
822.9535564322895 394.8106205741474 847.8528690514235 428.64153277038554 0.0709063708782196
144.58123407385227 495.90153784524944 194.30727877619975 549.7100068632238 0.07090222090482712
560.6979009890491 322.58197317334714 569.4948582277918 334.48284563135604 0.0708862841129303
548.4307517454489 503.96313452556154 840.653953960188 810.0440273626574 0.07086751610040665
440.6797545227898 328.8051818801622 450.5437334279921 341.4373605786808 0.07075021415948868
634.9655064145848 326.50720371146645 643.7942754115857 338.5472385881163 0.070736363530159
495.45986538196274 399.92914211408674 506.0119246339165 414.51971172618084 0.07068728655576706
674.0310897560521 316.3099339522178 683.5748339279451 327.0670755154729 0.07065810263156891
547.8059303283094 285.850146686862 558.3277126242799 298.0822486466894 0.07065153121948242
1046.3157226838327 239.79170677268183 1087.2187535162032 301.9176736396571 0.07063552737236023
-8.102025842386876 235.64651169026024 16.256206389464005 276.6298235307731 0.0705830380320549
391.5082241444109 194.48179190257153 442.78718373543063 264.8167147433086 0.0705488994717598
614.276515722647 347.82740426683046 620.9753491732446 357.056952579972 0.07050690054893494
721.4280131476147 370.59071317530385 783.5588425705665 441.1639904358196 0.07048629969358444
571.2070900860053 296.1630670307748 607.2234258510452 340.78765956559374 0.07027365267276764
615.0070741512948 402.6246895469117 624.5765709000217 416.5886977079476 0.07014979422092438
795.5798676573529 400.519630157361 804.150338533765 411.27569180063193 0.07012727856636047
806.336836305466 312.8654420469807 814.5992419967486 324.9712733933812 0.07000333815813065
634.3522109204849 338.72380500385583 640.6340634938883 347.3624084088445 0.06996985524892807
572.3339274458953 412.04691126686964 583.4836326133199 426.4727054428376 0.0698343887925148
503.38022365580173 311.77220251823803 512.7642360020765 324.6423147009903 0.06983218342065811
779.2668501672945 399.95236143043047 787.0614935628155 409.9889106938161 0.06976092606782913
631.5844034584155 389.5802104444106 643.9974517765903 405.3485549218789 0.06971064954996109
559.715584100114 435.93153490331565 569.1582627754285 448.22707765510785 0.06969985365867615
644.6330073939904 322.9018685822704 653.2704842724424 335.25592634947344 0.06968606263399124
121.16391767261932 73.17832949694507 140.81677392028706 97.99061976324974 0.06968289613723755
482.5429734712758 292.5010956375806 509.22067391923713 321.38287038968963 0.06967100501060486
580.1033653181855 321.10458000131734 601.1723485748892 347.80772903891744 0.06950938701629639
537.51635272815 459.2514121694775 545.4329858345582 470.1507078778911 0.06944691389799118
200.11220781244666 66.45072951960994 227.22781640460926 100.51185826971609 0.06941325962543488
361.9777774749545 340.28253497735767 372.7045466960866 357.4494733264852 0.06940564513206482
426.0854418165931 377.60134119445354 450.91561935500863 410.2321574530481 0.06939169019460678
148.86081082010628 -12.967442662526803 198.09504687509005 41.65917435956704 0.06938439607620239
121.69879142009641 -8.118914745580032 151.66514939127634 22.223863466300198 0.0693562924861908
391.83996747553056 353.600786309748 399.42207560441534 363.5641575883703 0.06920649111270905
19.905037267411593 361.56074255888984 83.9321727930288 483.4221178939508 0.06903854757547379
588.2071285949169 330.17431085794874 595.3491040782166 339.48240000766833 0.06902121752500534
927.0297473567185 258.5947337344413 1135.8847491238175 530.4317138880773 0.06895319372415543
663.9149504634021 320.5633160727131 673.4168148109139 332.5784234586702 0.0687725618481636
372.6342282872021 177.42460858222555 386.9737134922209 197.9523222802696 0.06847763806581497
619.3759904022268 322.9925174978227 633.182001694393 340.29198479066145 0.0683879628777504
887.8140567075393 339.65347999132825 897.8884884034373 353.03326322045757 0.06832646578550339
538.0222650032345 279.0943472265839 564.6669567882492 315.8593328416573 0.06828600913286209
529.8367390659483 343.3146142010569 536.8120359742817 354.3412493332836 0.06826487928628922
556.041907493564 307.7086719504976 565.2652051619947 319.4296411492169 0.06822852045297623
731.0021545987241 394.67425900241267 746.3588873417881 413.4695293139567 0.06817885488271713
694.1835791135732 338.9879088784917 700.33438934242 346.73585088759773 0.06803254783153534
407.39518479831503 391.645638631457 415.90024778339256 402.4644877539051 0.06803089380264282
139.37945622988119 29.996570197624692 149.26183725482554 40.223636585309755 0.06803037971258163
565.2522067476837 431.32886867377016 588.8593306222787 459.2098155260438 0.06800422072410583
149.9111881763586 134.7927679045584 214.00498990072347 217.6420398537819 0.06797639280557632
698.9336344079959 313.94615905055724 714.300015723535 330.8920345417688 0.06794769316911697
-16.302517338991898 263.45159985138116 60.86966584953233 405.04558595081903 0.0678710788488388
406.06978570870257 346.97040965028526 414.21124123258505 357.4744803074142 0.06769093126058578
615.9154691856749 406.7926394275171 640.2003581241156 441.9299907358321 0.06767157465219498
555.6910359519006 419.3888679426448 564.533145283757 432.1657163066654 0.0676276907324791
661.8118941112782 385.4058272970332 677.9874407719049 407.143019211297 0.067604199051857
168.81593880958405 117.04815622993804 179.54712355456422 130.5066641986872 0.06735377758741379
578.8045531556543 -13.386797257620408 824.003786181042 223.33631693500826 0.06712741404771805
572.1413562385657 311.24244711887627 583.4447860787394 324.67942255777535 0.06712406128644943
892.6507783108472 324.506296642522 920.154326764621 361.2073763350493 0.0670301765203476
382.00243617522807 310.32401001960216 389.3817987374889 321.0338421117621 0.06699584424495697
462.34441913738715 397.6415081147388 477.0449457551699 416.8441871463815 0.06690389662981033
606.8739878089757 339.3193278113878 615.7660547663331 350.2916275847687 0.06679187715053558
1014.6277115231698 275.00883930835494 1058.4653444463495 339.2257415210281 0.0667290985584259
358.9807670659828 530.615550218227 464.2526241467418 651.4715409979443 0.0667070746421814
198.81362282113895 100.39147200478266 216.659950080885 122.94270086395368 0.06670285016298294
119.86429634240189 410.19849033836863 246.80606034506434 564.0434893353957 0.0666225403547287
690.597572482221 403.1758858004106 700.3557675605427 416.41468820321495 0.06660186499357224
742.9185401727799 391.77698362236515 754.81586663493 406.99687540477714 0.06644017994403839
672.3548932847958 402.87479091503064 681.5856589924421 414.9253270033953 0.06643488258123398
278.47339133429404 402.5148895214317 374.5927663148827 508.10138502642604 0.0663951188325882
475.24997292244905 301.68077159610715 483.9452699021382 312.33740134767277 0.06635404378175735
385.3211886705542 340.33209726106895 393.2073845935507 353.18369279234065 0.0662524402141571
1060.968321646872 374.92266993213855 1071.9844817722167 387.85739441428547 0.06624048948287964
67.305600540388 115.12583802048164 104.11925938783816 164.1686145684985 0.06622788310050964
193.2140843602147 99.75871150906858 219.49303588643545 135.63957793597464 0.06615433841943741
488.66928084668933 257.14087276062804 528.7149956220755 304.8385285213383 0.06608015298843384
780.2306101235279 317.85620830946397 788.7903957801987 329.2309809205693 0.06605364382266998
780.466429565445 290.8928649202425 821.764644047272 338.6842572392317 0.06590832769870758
541.0832324637378 278.8463568213497 551.5613005726283 290.5942515596982 0.065903440117836
177.2634617426086 25.64350953448298 200.49959218400423 55.68881741154306 0.06561343371868134
365.1244505541381 331.32605314645724 372.5531588252764 342.6685642892063 0.0654856264591217
890.2566231358069 344.0513043401846 923.0924237592241 385.6246896749159 0.0654786229133606
563.925506117388 325.628131065916 623.045245230896 404.4750011990957 0.06536602973937988
533.606357511819 426.816009018563 543.2983332142709 440.7995856805093 0.06519356369972229
662.1415355691288 316.23187148492053 718.1709350896299 389.8141301269978 0.06516359746456146
492.4568491646523 313.1708758880913 503.4586228145701 326.8103568311179 0.06510214507579803
-20.29436208016983 -33.8378874170749 76.0008494752242 78.90616291671344 0.06501881778240204
505.91097251072483 300.7434574952071 515.2261987467424 312.3555212660816 0.064901202917099
367.7012440869257 316.72669873447427 374.6086980228309 326.22601905089516 0.0648527517914772
165.96944432192942 91.15359826817085 187.82581889639832 120.48301764947172 0.06468231230974197
525.0737880325335 255.97885956674264 570.704515754221 305.01482079248865 0.06446490436792374
638.1635867979787 278.005831157959 670.06013879731 317.667581113414 0.06439601629972458
67.77105319292451 68.78826838163269 98.93097950153462 109.62250457479352 0.06438987702131271
250.41121583218603 175.0166617453269 268.17782376174443 199.64211364444282 0.06425553560256958
824.156800963117 310.8872834096591 833.1485588952975 322.8723885866066 0.06422685831785202
415.26017637847855 337.5084556031733 423.2975654707799 347.71382419417534 0.06391637772321701
588.6242959617239 418.48299753782766 598.3939674108432 432.78254523249814 0.06390096992254257
-3.8772607641413703 187.00779795051523 5.9011833948751 202.17661692198524 0.06384860724210739
666.0164676091571 408.21054933282113 674.8104964787627 420.08026141426456 0.06365524232387543
653.871891488947 434.78563650827 682.1219073843863 474.1148089071652 0.06336161494255066
433.40832496021335 323.895512104088 442.5915484286294 336.20713045153514 0.06307277828454971
534.8346540058509 439.80776505969516 543.9682161245881 453.18327710491593 0.06302699446678162
721.2542290876523 320.7362006552285 730.3728023177727 332.77415310486975 0.06298256665468216
568.9829185388454 299.33431981250715 581.0319220545507 313.3911645241936 0.06295094639062881
543.2207863155054 423.3305763356418 553.1229086619722 436.5901147958592 0.062779501080513
252.198662841884 162.43918716281985 286.13983733783544 203.65442838219997 0.0625581368803978
604.5817726032105 329.26683757600154 614.0430807760965 341.0087958870399 0.062303733080625534
384.81089918938005 351.76447542243284 392.18483497854504 362.2453494336895 0.062112342566251755
798.9485201166241 308.1822023495427 858.4849283551432 379.3824118469193 0.06197257339954376
399.8850441038165 404.50468072198413 408.06796682240787 415.0335110903854 0.06121546030044556
603.9036177164626 430.6626260107795 616.8431553972063 446.1322915331075 0.06104734167456627
735.5204091580581 322.1688344510866 745.2288440571219 335.4466804789678 0.06062255799770355
138.70049782632634 89.01468721732354 166.33408276336115 126.07411728263794 0.060177117586135864
840.2310093783707 293.90646714944404 918.282844540377 402.4805079120464 0.059994615614414215
246.00192409267703 535.4790900271086 420.6519461232525 730.0897474003717 0.059973180294036865
605.4019292040622 444.51809922617485 634.2670241771801 486.2669159567914 0.05972107872366905
893.0884108711796 349.4819022260572 951.968165514742 421.66602589769485 0.05939340963959694
702.9770705999046 289.68467039634515 728.0504723266328 319.65372382636434 0.05925813689827919
56.966328010797106 255.96451121231962 65.42333363403046 267.48643393907184 0.05920970067381859
526.2130009060852 431.34551889068257 534.2129477656719 442.7619528593941 0.05907774716615677
92.50091003613225 88.0528564292774 122.78116154723017 127.58043964823625 0.059058092534542084
693.9686768406151 275.49441345017533 746.6599700030206 338.59302596118084 0.058992039412260056
506.56942706636755 244.09243316693346 550.4362522827003 293.30188296370324 0.0586375892162323
739.7221883898333 278.95164657936135 768.0395907767129 317.7874987649281 0.056726716458797455
340.2297134580975 210.24767234941973 360.7149469573465 245.36310010529823 0.05655115097761154
-13.680406339752054 92.19789247334049 39.20895100744013 177.64316942881422 0.05450094863772392
895.5329825849881 249.93309887268512 956.4407536915265 334.64491083557914 0.05383481830358505
736.6025851453277 238.13704597887602 774.2160387305826 284.55316265089067 0.053041763603687286
362.0638933334474 329.53521968114444 388.30770713411925 367.73782375716763 0.05289715528488159
625.0451899940804 186.96781221986743 714.1113216705376 281.66122644502553 0.05255187675356865
213.23601964649114 172.6467079369131 283.1447628348549 268.79107170139326 0.05094447731971741
