861.2516105802987 384.5004253573727 936.6683885563663 488.0012662170626 0.9999949932098389
611.3509275720263 391.57365171251524 635.5424706710475 422.9798392660372 0.9995787739753723
430.092639938242 402.36791339697805 442.24860071982636 416.75497381357224 0.9981799125671387
446.37840249637213 402.85925982578334 455.36112610810227 415.21365037340735 0.9968205690383911
468.9006650858301 395.5795570674093 480.3538855220885 409.1615757792767 0.9889668822288513
693.507974581333 395.7796206341578 710.2493387477083 427.81522721598776 0.9754687547683716
1001.8739039796327 388.836495254707 1057.324564620858 467.0232409121621 0.8907298445701599
388.76657973481446 410.32338719544236 395.0726985510689 418.499213095155 0.8758013248443604
372.03233931787474 415.7208765093972 377.4822479307496 422.81473659777487 0.5186806917190552
946.8216265814264 398.965106449581 1004.7529757225681 477.9158312590275 0.33157458901405334
647.6985940505365 412.7420826297018 664.7008194714327 434.0318694684511 0.3047725558280945
349.3839340219466 521.4806644112277 359.5894812150363 536.396610477688 0.21151243150234222
650.5294316649578 187.31659324584248 655.6752819259192 194.0535846664178 0.17627809941768646
642.6690767641613 194.5428454876775 647.3695639136693 200.54331466921778 0.17590965330600739
658.2438971683833 181.83763496482723 662.6498395114845 187.65007402816738 0.17149698734283447
463.5648619882834 410.95920076860534 472.3546245897697 422.3808643055588 0.1693342924118042
628.493150947304 206.17861922290746 632.7561055607606 211.70191882697128 0.166619673371315
622.2629537800993 211.1218004813649 626.4602448344692 216.43795372670237 0.15194301307201385
887.0531807714756 296.896391599793 945.9496582400812 367.8637038884877 0.14101578295230865
632.8038632630569 209.67887767879907 637.08156425037 215.2619571200233 0.1362442672252655
384.65045122739167 397.0207530458287 390.2936011071537 404.942810899336 0.13041840493679047
669.226307365981 172.90746499602614 678.8848955048303 184.19243265216562 0.12926626205444336
653.345648459693 191.48286431493113 660.5164940331924 200.7531593938017 0.12914712727069855
676.8133567322382 163.7509466668301 685.6292070379607 174.23274082214203 0.12892542779445648
616.1014626248206 216.17375998911425 620.1375038472693 221.3458302519515 0.12688860297203064
639.9287145104812 204.10003539505206 644.793852738717 210.12342520230015 0.12509405612945557
635.7624088597669 200.20420317286627 640.0812635746605 205.5499627608861 0.124639131128788
645.7930579886026 196.40029217399442 652.9310398913093 205.39588373193445 0.12363686412572861
625.9384987720287 215.59215655747403 630.1223418639859 221.1916209833777 0.12246301025152206
658.7658561907674 186.31449452833516 667.962811757907 197.4379240326535 0.12158220261335373
495.9326359718107 348.35210660570453 530.2759534544386 393.1075565487378 0.12140382081270218
640.2807462669555 216.6720219455098 643.7001680045171 220.9194811578155 0.12074953317642212
613.4188049818654 223.56444709706105 617.1977077971743 228.3649353416486 0.12002827972173691
625.9082912624583 227.33126879569838 629.5277164499498 231.93738978915283 0.1190633624792099
639.4331204354415 208.436115548191 644.2454379276202 214.43567926593394 0.11631108820438385
660.1528489955413 203.1610102326897 664.0896874301899 208.15398373310867 0.1161234974861145
593.831761755147 234.5943856248958 600.3277631763049 243.14494660405967 0.1159306988120079
647.1823468685683 211.39421895523952 651.9575015139991 217.64909585385197 0.11514905840158463
629.4770661439787 215.70941528590046 635.0056772749381 222.95024249008048 0.11414307355880737
668.007606556645 191.12580604205982 676.7610933444945 202.17951972730125 0.11394163966178894
614.6740654313182 227.91239963676367 618.4532556549213 232.68633329628798 0.11380138248205185
393.37106176376346 409.01186382973754 399.52768071552316 417.0862857112432 0.1131410002708435
619.0033656875519 219.84727648967453 622.7252537381074 224.82333017613107 0.11302831023931503
652.7560540162217 200.36022055979262 661.4110898683394 211.39384511562153 0.11293236166238785
609.7371392171921 220.21427087022914 613.4921540976429 225.09655627895856 0.11289947479963303
625.9864136963021 209.07770006720708 630.135182703827 214.3789981715822 0.11255145817995071
680.1732635333838 171.11576836070302 690.0961388053018 183.52939195784379 0.11239901185035706
401.3761206761752 409.0268120918998 408.14058887394475 418.6442144044812 0.11196881532669067
643.964802902845 188.02446325274175 649.1957617633645 194.64382000433943 0.11188707500696182
613.4548106426635 219.2236065704281 617.3783883863648 224.2906207919002 0.11187684535980225
643.351509809276 178.92938446330385 649.5356240197497 186.51932429397698 0.11164996773004532
603.2042237848385 224.76805730659706 606.8135012023926 229.46764754002803 0.11113280057907104
620.3423217003128 225.58116327401623 625.8083015351024 232.7419864690666 0.11094008386135101
651.377283557185 180.19472524049044 656.9969417752528 187.05768404097506 0.11077581346035004
634.3434850654972 204.056624998419 638.7428344937846 209.59117281842055 0.11072909086942673
606.841694427943 222.9517624876932 610.2325712231218 227.44348253272545 0.11016722023487091
632.6759978030799 222.0993850085049 636.1068351092925 226.6214062648772 0.10991746932268143
650.0545844940468 203.59919113797648 654.0983235494048 208.76958909689088 0.10990402847528458
635.4317925827138 216.83359706435996 644.2535981873108 228.43271937537017 0.10986403375864029
617.4245687381937 194.8704376655776 625.5257329394523 204.76323931247575 0.10972487926483154
686.9969409137392 156.27318296031862 696.225190245492 167.08507850535588 0.10970637947320938
677.883118113113 187.1480772195051 686.5696358048726 197.65557068158105 0.1093929335474968
602.4481001062851 214.58483582782762 610.8019370400813 225.1107976864947 0.10936146974563599
664.6946579049046 199.02650159264843 673.2965375972952 210.00377302012015 0.10919961333274841
646.8953333818331 206.36096147168666 651.0391774982329 211.68699656560435 0.1086871400475502
630.3878801235612 183.94385647437713 639.4503324531721 194.93891804180504 0.10857366770505905
628.1491391690913 198.9355724973069 633.286964977479 205.39110967335915 0.10838548839092255
657.8588329153762 165.73646337480025 667.0923104380454 176.9878122640032 0.1083412766456604
614.4857036036577 206.05383822888678 620.0701953750482 213.0859873683733 0.10826420038938522
614.6507900241502 211.8067586361507 618.3506944800174 216.7404671060199 0.10796096920967102
605.289550552622 207.14629701113333 613.8010130931798 217.78989934195096 0.10762655735015869
643.0908239977648 215.675780606585 650.5440441456673 224.97519173183142 0.10759656131267548
639.7719607166899 212.94969877387473 643.7602840619151 218.01247345920578 0.1075928583741188
667.5549636114404 181.7074899723895 672.3705150004467 187.78990151953516 0.10746937245130539
620.6685738897481 206.36721104091637 624.5717563519403 211.47377256053167 0.10717160254716873
517.5361810639304 415.00444205303285 525.6364475843754 428.3963571972793 0.10648192465305328
336.363505092322 519.5048113166455 346.7321293361254 533.2807469847604 0.10636649280786514
600.7359409411523 232.6274049301654 604.9635285101534 238.1726125438341 0.10615023225545883
632.5081292013775 198.5494965847627 636.42202550236 203.66578575669115 0.10613472014665604
649.3196915661294 168.46244280842038 657.9569747412783 179.1431465470355 0.10600525140762329
405.5385423554105 379.15197233938164 410.57438186942 386.0365434598546 0.1059868261218071
656.0869831502546 187.14645033513432 660.7176744993145 192.97806850942507 0.10565219819545746
726.5894606600228 394.6234688965208 743.0202455142856 420.90244925538695 0.10548760741949081
477.66603303697815 408.061570337751 487.81931550511905 422.0578005356057 0.1052006185054779
618.1046255292566 211.0559707345226 621.9326725655669 216.15620346963664 0.10502903908491135
594.705838260355 218.80825586659353 603.4889165092042 229.94533640783024 0.10494333505630493
624.3264405152823 205.30634363206005 627.9169525602646 209.99975543268627 0.10468915849924088
627.1253720264599 220.95775944728 631.4325441882909 226.4457537207168 0.10468560457229614
670.7395361024533 164.45421144891827 676.8138559499494 171.6457159878901 0.10423143953084946
643.4445923986402 211.74261586366373 647.4271090514941 216.80150063309463 0.1041705310344696
624.0835592169036 189.00410644653644 631.6191272608665 198.44913004836235 0.10395931452512741
684.7064019373165 177.79109630995535 693.7757664654521 188.9070073363873 0.1038421094417572
595.5676627789682 207.74121078403977 604.2356967730977 219.01360418082513 0.10366299003362656
636.5555718666573 193.96882483769227 640.543449266312 199.18112430620508 0.10362926125526428
611.2472759729102 216.2668910763358 614.7698290742928 220.9938257469532 0.10351930558681488
610.6659766650581 197.1594902122487 619.5653702759695 208.58143400715417 0.10338864475488663
623.2456525144602 219.95925025602662 627.0775951941974 225.09531789996265 0.10337827354669571
648.2947803766212 193.4700647759776 652.8668400343415 199.34483448190494 0.10322008281946182
632.9710577394022 226.13033413214146 639.0130461942407 233.7056683511663 0.10260356217622757
1020.054297185389 454.5580229924049 1060.4795295845668 503.9772652783733 0.10243488848209381
635.9508024327083 177.17186207054664 645.2237964561475 188.48723237564505 0.10234850645065308
611.3575400910051 232.3149523379047 615.254284867582 237.43027345753745 0.10209642350673676
616.5724896821552 233.68320523708252 624.9086877490017 244.50634556518673 0.10185984522104263
1021.5139436777818 503.0517536416755 1032.859368107963 516.87973825035 0.10160046070814133
653.4233590274558 211.04388341007962 657.0078661297039 216.00153518524084 0.10154588520526886
619.297546067278 184.27797889327627 627.2862223485436 194.4007826197811 0.10133274644613266
402.102660702606 400.71115519648055 409.01889450374784 410.77591932251653 0.10128775238990784
700.14796017402 394.9598611173573 706.8105368491644 407.4381240483488 0.1011979728937149
297.39214243212376 114.85555784828358 384.80211514531675 215.84492570829312 0.10118022561073303
634.7938108562553 214.34424046035747 638.7037941703842 219.27864912820075 0.10109695792198181
618.6218927833461 202.6956923530687 622.5077646380373 207.8237979979958 0.10092058777809143
644.9060442951775 169.08618506947502 653.7406716813491 180.09378628995324 0.10034532845020294
649.1742348851936 215.27588788894707 657.4290232906164 225.94977567012722 0.09951235353946686
604.192440903791 238.7367588765743 612.2368231536369 249.36255651068214 0.09919173270463943
372.33730398575324 406.4968980673702 379.1637592595026 415.18402695265706 0.09912732243537903
630.4007915377415 192.7163053815792 634.3498023933045 197.9755423508378 0.09904410690069199
397.85268567270765 411.08807603178394 403.2262133237968 418.85664896097603 0.09875107556581497
344.97032377696485 514.7945673319465 354.46406925360003 527.9512940629284 0.09872238337993622
1058.724307407726 507.6670546790918 1069.9421772245091 520.0843500377845 0.09864991158246994
1060.1277667288093 290.1540122435604 1075.8190452581287 310.5715836706732 0.09839426726102829
318.6953478172972 553.6688176462677 344.0627405040566 581.9376306245358 0.09831114113330841
638.5758528294912 186.61859808102898 642.6182438659962 191.91065438695986 0.09818701446056366
342.9746320782069 533.3716617787949 352.1774518935093 544.2057157380747 0.09784237295389175
395.1877230184049 400.9872266421692 402.0790779284224 410.46488935417693 0.09742030501365662
700.7348442674028 419.2528646145984 715.8828172725886 443.71504152153267 0.09649883955717087
990.1624163283284 495.06828095880155 1008.0685220669693 513.2266086970806 0.09618353098630905
490.46485134219375 390.3901205584339 501.0886046486315 405.1605252626336 0.09607937932014465
1019.5643051561017 518.9973063719121 1031.2748816803758 532.6880791770395 0.09607291221618652
1044.2130345960854 511.38557127422894 1057.4017321655097 526.4292147094986 0.09523558616638184
323.0142656708813 534.5523356885939 334.71104144878416 546.7115428092685 0.09489918500185013
220.84649832553058 532.5218443834206 254.44727347476925 588.9209053180117 0.09471706300973892
374.0092289470235 397.20812964643335 382.7566512001885 408.96307160964875 0.09439443051815033
623.8729213039423 195.93282007875683 627.6303137472977 200.92944423336988 0.09430253505706787
333.6885921541541 573.2316877430941 352.1092386331324 592.4024569639861 0.09405137598514557
286.3598221018423 547.9846687162678 308.9931117110557 575.4390566414695 0.09400594234466553
393.7544398639841 415.8947953956631 401.29287008129864 425.887443103769 0.09384586662054062
1050.2039827321732 292.88859863725764 1059.4903523370053 305.88593415637604 0.09369468688964844
1040.2953503297458 515.8343351016142 1053.70560508432 532.34005757395 0.09367217868566513
658.7646071064793 215.748068791697 667.047025843392 226.80826565922564 0.09359834343194962
337.95156017648384 508.35853756481777 346.8415961528244 520.3423187172201 0.09346791356801987
1067.154298044212 518.1028990000742 1078.8579503915523 533.9277588550764 0.0930657759308815
461.2289533820098 375.62863965456586 468.63788201585606 384.3439334904234 0.09295936673879623
256.55268325561866 518.4979872513945 275.71827660933616 541.9058569359945 0.09295383095741272
295.7406371215646 521.1933679028299 313.28721688746185 544.2491596080852 0.09261343628168106
377.54571656597295 412.05610728611464 384.31532238533714 420.33350278540354 0.09251908957958221
388.1945994558728 398.1242953176837 397.3430291849238 409.41085217798684 0.0924721285700798
328.65158806685946 520.1531965479473 336.3966558220761 530.1369825944777 0.09236229211091995
382.4090499582538 404.96882164405463 389.6146481041176 414.44868522205195 0.09202980250120163
625.1175384228417 200.64317171481045 628.9137609542676 205.70403353046206 0.09196490794420242
310.76707033763324 532.4065944553284 322.28271866150226 546.9685638588497 0.09188847988843918
1032.797894295481 495.9190985084749 1043.486637577782 508.2833885176806 0.09147224575281143
654.3593419152976 159.65345304331976 662.4579634456206 170.02734952392552 0.09127047657966614
647.9585544239543 182.14388715058777 652.2320645643955 187.67402487276786 0.09086114168167114
389.02994029636073 390.9189405757736 396.8572296552709 400.87218901037966 0.090840183198452
348.3287568246852 538.7522348679247 356.29084581392044 547.8623214972124 0.09080325067043304
438.0892218726268 393.42797680555907 446.47342287777417 404.023605419252 0.09067973494529724
623.1041442553123 237.80849552375 631.9497276240356 250.1900943757399 0.0905361920595169
368.0153799712899 403.0018082846057 373.9749431887125 411.34681770816104 0.09044431149959564
419.3234049296887 390.6639435177238 427.6397297436928 400.43894873920146 0.0902172178030014
1025.8618655151126 484.249774846266 1038.2433132908543 500.12531944076073 0.09017787128686905
602.6124354716088 420.110201363542 625.991317181317 448.6768948992357 0.09016764163970947
510.9387458546862 405.9162439150992 519.7641373810792 418.9568432973274 0.0901574194431305
384.33212057052816 416.10965711076835 392.103115770012 426.5356752867875 0.09015577286481857
519.5238664071907 383.0920216504433 528.9837887691696 399.7850817675674 0.09006903320550919
1050.6160824699368 505.25762188827485 1058.342103628192 514.5798758628247 0.090044304728508
660.9055813085912 420.6913546306849 678.9708946860761 445.18950139432263 0.08993425220251083
406.12486323799635 -0.8191436754713476 495.32576841718645 92.73145612340849 0.08989684283733368
342.8335464021063 548.867522363784 354.50685257045274 562.2581058419034 0.08970395475625992
457.52268794300403 406.32908732704607 466.8431844007089 418.6837206006945 0.08966561406850815
1002.4146199369595 267.7209724193306 1063.9782738261542 344.6298214677747 0.08957084268331528
1031.304342255206 474.30513641165714 1075.951572083937 542.6095302935208 0.08921752870082855
1021.5004212001965 530.8508793752638 1033.095691768647 544.0871165513474 0.08911773562431335
309.91464332814286 580.0725368173071 329.0934405608695 598.4519013347174 0.08911535143852234
458.34068596361465 395.34681432717446 467.9330427033762 407.9317008211535 0.08907652646303177
500.8949981081298 388.8536740580673 508.77324163728855 401.8139753062518 0.08906225860118866
525.2277651292295 415.8266475481988 534.8414432797615 429.60329087295116 0.08903186023235321
330.15926145199825 558.7891744775533 348.1841774009361 577.1001897606408 0.08896218985319138
603.0091755756397 222.7475096302047 615.4151027891393 238.82847642266486 0.08892294019460678
398.756080637905 388.74968587877726 405.65252034020637 398.43524394148864 0.08889526128768921
637.4859106757629 234.6473263891436 645.9152784986906 245.512066190876 0.08889077603816986
408.1278517617352 403.8200574403701 418.8180991579997 417.30502905505443 0.08865977078676224
534.702783620542 418.36596830584784 542.9470444043444 430.2059793740527 0.08856499940156937
1045.5247680412697 346.8861383697511 1087.423658749597 408.7321628584547 0.08836250007152557
480.69365460867385 394.14515064800725 490.89396642513606 407.64013695319886 0.08813714981079102
347.83942910736 541.7929217571063 377.03388021544293 575.0971907074356 0.08807983249425888
343.08548179151336 508.0965939962971 354.4069375079667 523.0479747382991 0.08793676644563675
421.0413348985312 378.3672650033696 429.4405646067552 388.66487605925204 0.08793656527996063
650.570831883241 227.90000022313347 658.9186712859236 238.12192458727316 0.0877690464258194
299.1882362257817 26.467309534066306 395.7089621252271 141.4289012421472 0.08763221651315689
274.12061937305873 544.7045379471283 295.9547561590682 570.5655285371629 0.08754448592662811
273.7070309694679 568.2625172278896 288.4813211440701 584.971417639265 0.08746695518493652
473.78585639176634 419.31172427620885 484.8683236007748 433.27614857218185 0.0874139666557312
836.5463399189641 16.259551608582147 912.7276826825772 100.06331176094766 0.08738269656896591
332.846545372642 537.5412633431997 342.29778558048133 548.1392784913689 0.08726072311401367
387.6417523432565 382.7254488883919 394.6267716396963 391.53481575939367 0.08717068284749985
1072.4235250097418 269.36087145782295 1084.4258903329792 285.1446324491911 0.08713045716285706
427.71464898254106 386.9785525017725 435.9196853185667 396.3133948952517 0.08706560730934143
533.0099028244617 404.9352342205189 544.5163532021003 419.0593568906699 0.08697368949651718
625.2991416301431 223.04584631283277 635.2940403746753 236.28701234893765 0.08691065013408661
418.2710389941344 362.61298719880017 424.66511076250947 371.40966995215695 0.08690237253904343
290.6061268246583 558.0157394656949 302.77704328973397 573.0262489018825 0.08672137558460236
322.14337320163276 597.7817313719532 342.65971016209335 617.5910532322971 0.08651851117610931
401.3930287184011 416.858930624991 408.1610820621049 425.98657098382756 0.08645176887512207
309.109109421669 502.1512221922519 340.8530179475743 542.4230221109793 0.08632343262434006
620.468897371518 215.53541087482333 624.6239838810873 221.29426029420952 0.08622882515192032
314.2175262404029 372.947720601904 329.2127365512826 391.3882283287656 0.08571252971887589
297.7785429932171 585.069507326535 311.01968719419006 599.2924893795033 0.08549525588750839
498.32047312321566 389.11065360323914 520.8248825427789 420.10406059258816 0.08544804900884628
500.6237785084219 408.7493094547205 510.0619725533912 423.69146383820294 0.08544322848320007
717.115450265743 391.15032463272036 729.1571921207777 412.13346880770786 0.08541683852672577
523.8469228038402 385.82390611274394 541.3313545509874 412.6911980994783 0.08538182824850082
693.2308398325346 564.7872323133588 700.2595512887547 572.9021881712277 0.08531416952610016
302.8875329351679 557.7868812365248 316.37057145057685 573.8306992080719 0.08524148911237717
336.2965255306263 540.5285182142076 346.9008901574028 552.1373663289172 0.08507367223501205
372.325322583886 422.68666703267604 379.42113311433155 432.20142534030015 0.08504404127597809
351.08603499703315 514.4416382095708 356.44030359501687 521.4270279882808 0.08487014472484589
358.4679280508476 411.5882740216302 363.584194112501 418.2302594618124 0.08482586592435837
418.90508507438295 398.64492808318533 429.10234040444334 411.6721403910699 0.08477070927619934
378.68713643869387 419.3454826667414 385.218931412842 427.3669003914595 0.08470452576875687
451.6702581668757 392.3928674478919 460.6691654589481 404.48669917545857 0.08463948965072632
362.4484360515277 560.166640688609 464.41138122194076 647.3161815875324 0.08458925783634186
393.1404027301099 387.99212774825406 399.7091136555973 396.45619489578627 0.08457847684621811
474.7405889062446 382.1590510409768 484.3450035678299 393.9769080898177 0.08447439223527908
744.7552394870295 538.2317778445373 844.7259578397294 659.9272282440921 0.08447077125310898
404.2417024464273 389.02712752931666 411.7550570958451 399.95535524532494 0.0843014121055603
359.9064199550849 398.08090038230904 367.48242488136214 408.4124137850649 0.08414079993963242
377.6795168528787 380.78318596419854 389.6864982324319 395.1374016168609 0.08409830927848816
395.6849914149237 351.21750015141413 404.88773878152955 363.1770536327062 0.08404949307441711
282.7614685459819 596.1318724210348 323.2491300452788 639.0280783329372 0.0839737206697464
315.3281796785391 545.1961044836069 331.5869797842173 563.3407968104885 0.08383708447217941
871.5415612110195 284.13628029990593 877.3206162026039 290.96622910945007 0.08365339040756226
376.9451041102614 388.54082864767463 384.86478962531004 399.29030516974143 0.08364050090312958
360.0526980848979 521.6199399287779 369.7703595520776 535.2023162569152 0.08358222991228104
321.22542994000946 521.839605917127 330.1205325803707 532.6492021145073 0.08345314115285873
378.48720844491453 398.41097450877817 386.24628453690053 408.7920311271944 0.08298612385988235
312.4739739927103 526.4209965774838 319.53727268923217 535.6185833245873 0.08296235650777817
433.470527194055 389.7900478589396 441.38797145629036 399.54893823364233 0.08278405666351318
258.90909578817644 560.3650231770563 315.1323260000822 624.8703757973199 0.08273826539516449
435.73505005121905 382.59796056778345 443.8827130988204 392.8466003739028 0.08272974193096161
540.6184101864102 411.41392852469346 554.1427660009579 429.3348686496661 0.08265651762485504
322.680138505363 413.9665003297741 330.9851327567239 423.7636270695149 0.08254673331975937
1071.258205820525 286.9349429540481 1083.1825184069014 303.5517694200239 0.08250445872545242
344.1095440242233 498.4636786657172 391.4476897044924 554.7849161540383 0.082456074655056
397.17765530215496 377.1108068788419 406.85484372156463 389.24041804982426 0.08244875073432922
367.1865889873056 411.3219797585644 373.6097585800857 419.67844770435175 0.08235152810811996
363.8911495212791 414.2004860201456 369.84878382564006 422.49604537308954 0.08235140889883041
461.0349658492101 386.6928596768355 470.22700005745907 398.31769400809407 0.08216741681098938
402.32361629696607 394.39291440329924 410.8357144895611 406.08531922921134 0.0821666494011879
337.83915518755504 579.8010393807394 362.408736803037 603.5083059726645 0.08208014816045761
26.14585276381223 531.0300880286819 105.06411178906593 645.69421136844 0.08186552673578262
291.8876698070657 544.372042448821 302.17133876119453 556.7887272550379 0.08180361986160278
710.8808566828493 405.1967532687442 727.179119870901 433.74293120989915 0.08174178004264832
330.0127394274639 528.2378628439344 339.0104772259709 538.2496485574795 0.08173946291208267
301.9256927939152 544.3699794805669 313.1099148005242 558.6110310233174 0.08170599490404129
623.8843066670173 224.27424555439498 627.6498300809064 229.33556599262116 0.08166701346635818
492.28489301679895 370.617865316103 513.0185284791797 396.58352245495814 0.08160869777202606
496.48289749362783 403.01383924850836 505.0045114227282 415.73357942679155 0.08159700036048889
337.3900160934026 533.1680013841236 345.2751806152252 541.9703085537984 0.08144357800483704
367.17393083383604 425.2346048836338 374.37836570417096 435.3542410418906 0.08133258670568466
397.93268976024837 373.85525024781913 428.9120889195845 411.8305457342244 0.08123572915792465
1061.4817770816378 275.4439242918833 1071.928083986879 287.8775970311435 0.08119277656078339
407.9008284270865 417.6023800502941 418.168242936709 430.67164762371675 0.0811835378408432
239.79991702389702 388.0105655859264 290.057894163812 467.4410906267612 0.08115580677986145
490.1391845529765 364.3491904340054 504.54161173736884 381.61985275600546 0.08103806525468826
358.2883648110882 531.0158827978408 369.76040871853365 545.6170178408165 0.08102964609861374
277.32682351786326 614.4559255340735 292.9568205799416 631.1194630892786 0.08095868676900864
280.4115254902587 594.9413498267767 369.120289127085 679.9256694791836 0.08093734830617905
360.84060981016523 404.73565126766164 365.86708457583404 411.4606450046067 0.08073815703392029
483.3819036978325 408.811555008339 508.5371956438289 442.03495791714425 0.08071736246347427
377.26908375119575 430.6373091903061 383.7281676705948 439.0082382811352 0.08070794492959976
269.72286470898774 535.4225358680814 288.77252600433843 558.6045653986853 0.08065015077590942
426.29948440340354 416.5706328445669 439.3168148799432 433.09223204171235 0.08048442006111145
305.67534005753885 551.3679495995515 381.9891456265669 628.7033182253838 0.08040766417980194
533.2330597873262 447.3828869208282 541.4253509277895 457.98990887307076 0.08010462671518326
301.7540662223183 416.4650727859456 316.44839107979476 437.1341104758709 0.08003221452236176
488.0110218994912 326.42868381652005 499.55204203638505 344.2215865389458 0.07992284744977951
448.5185834320659 379.9979801362193 456.87154493863324 390.2851197720679 0.07966753095388412
446.81786746237776 391.7943751148731 454.57450777851403 402.13452863784624 0.07960627228021622
273.01231657261127 509.38990922606365 298.19099571490426 539.405462279568 0.07950866222381592
354.40224360461673 512.6132817717516 360.4682683629646 521.1618580495224 0.07950551807880402
389.99317252508484 358.6564753921246 407.44189932965804 381.3605228541417 0.0794779360294342
408.98297927490415 391.1176261883536 418.2132396201358 402.84332514014505 0.0793742910027504
472.664674074634 326.30252923816727 478.18409443439987 334.1328235068868 0.07937055826187134
355.1857235732484 540.2930627188372 362.6758665291115 548.8733131914955 0.07930584251880646
414.8616518253714 375.052825947852 422.88511886620324 386.16971824090837 0.07927073538303375
422.18112202696506 365.52727819249407 451.57379551214245 404.4851205443786 0.07899434119462967
476.4950997453822 389.74657810427493 484.9639275927954 400.9339185003736 0.0789564922451973
330.1337830834742 506.5879700628836 339.47316547000673 518.4015157443816 0.07892676442861557
527.3065438803308 398.2604582265406 534.6105221752609 409.4868471889877 0.07887355238199234
357.290588802079 550.6480937229715 373.3458154497088 568.8465758425955 0.07885616272687912
884.5902397844592 280.24300253185294 890.7400586478177 287.6834698207292 0.07860218733549118
372.2982290044306 504.60122456539443 436.87911665145884 574.1821747890407 0.07859306037425995
416.36978411976014 409.6919959311122 426.7612081502271 422.436133409052 0.07852833718061447
1072.6845650222554 299.19023594886056 1083.3337369228798 314.4537149576521 0.078294537961483
91.52927077767039 414.3560076480597 96.1542082510288 420.22846982213 0.07819971442222595
332.8403958356977 512.4007531217333 339.9503032034347 521.7539656452943 0.07811950892210007
462.1676704067977 420.4203901420915 472.20267480170577 433.0952724276294 0.07808371633291245
510.3934094867334 417.37843075965776 518.4358065940805 429.88148000953043 0.07793034613132477
446.4400553202138 418.2788418766121 457.8419269235629 433.2616505008378 0.07786683738231659
355.9944282767008 504.37222260854907 371.2552097374718 524.5423520871752 0.07786001265048981
254.16535922607713 543.6847699691933 276.88042015401606 573.8261094487359 0.077702097594738
467.5403271533724 381.86266537494265 478.588240535331 395.59989923106775 0.07758811116218567
538.9525030580055 428.68443246518467 549.2795642553261 441.8056282078067 0.0775454118847847
59.114132688164865 18.858344031133594 308.46228758288174 267.92814328876375 0.07752632349729538
933.364441089913 375.6029376046405 969.701724481236 435.09099882835187 0.0774865448474884
659.2428741694275 173.57230685716246 670.8349183297769 187.59744875233974 0.07746059447526932
324.4783002613669 542.4970923917207 337.30725883336095 556.1398788046645 0.07741492986679077
469.73987966390587 364.97980167495064 485.6238703539603 384.8349668441018 0.07735206186771393
363.067824238602 386.41630143949783 375.2656574448894 401.889023521817 0.07732868939638138
507.9731119474319 376.8794791050428 522.1818165079059 396.6113501532551 0.07723874598741531
286.1959692805037 569.7447719239693 299.6878276565188 585.3100803528991 0.07720207422971725
1060.886956381816 307.10640763686416 1071.0549311013724 318.484393712387 0.07712917029857635
435.4036855389597 420.51363264393 446.69841412703806 435.5084439744714 0.07711184769868851
430.97351814129973 373.63913056050467 438.39477013063345 383.0967275833874 0.077077716588974
330.7313075078251 612.7577366316442 359.7483065831187 644.9362294899186 0.0770738422870636
433.4229444484716 354.76341215573274 440.5599354746934 364.04875787663264 0.07705369591712952
625.945877090889 419.3534075391838 644.4933352079368 445.19685578936316 0.0770365446805954
486.34398275982375 418.06909014806763 497.1919704510528 433.228813141437 0.07703162729740143
352.26380166672965 414.06550380569274 363.78403341011034 429.01334398687885 0.07693543285131454
477.10454448982756 349.33780810631623 485.85771738314673 360.29286193141587 0.07671765238046646
409.4777231332766 373.916551333045 417.77282291416645 384.84758028420606 0.07667512446641922
486.9372569111086 404.9913726773287 496.9447969564222 418.81981710909065 0.07666152715682983
307.3125963892062 415.11491789781434 315.73073108309677 425.80707738020834 0.07664721459150314
313.57962975432633 521.490930664584 320.6580975781909 530.7929149049337 0.07659609615802765
356.28861228933056 406.0537569232757 361.51339204250274 412.8593503548632 0.07657530903816223
280.7058909846388 583.8508738058644 296.19883857529294 602.0896130072351 0.07656268775463104
283.06184712119244 527.7948855739195 297.9610434449593 545.8114649092123 0.07655182480812073
393.7089410573393 423.5165254983082 402.9306845328142 436.2352454689628 0.07652339339256287
717.4149845692299 445.1815127491022 754.1401068605834 505.3260934184416 0.07642440497875214
523.9951417453332 408.1884807368423 531.8688878497259 419.8426426898851 0.07632862776517868
421.016387425769 366.1715847353683 430.69463712445923 378.5894587748754 0.07618323713541031
278.3364971587098 489.8041656049434 306.69872419064643 525.4171386210784 0.07617360353469849
390.6700273324716 431.15021792995014 398.37334911830044 441.60286927221665 0.07611621171236038
303.3418554548936 595.7384300783899 314.91711567848284 607.678122745131 0.07606750726699829
420.13820994858304 403.4932342318947 429.5260740377058 415.998822514317 0.07604340463876724
395.7066901277447 440.3739218187187 402.52273964976257 449.52702268082055 0.07600928097963333
302.85278669124375 538.4962691907124 310.4654957723169 548.4662823445733 0.07599560171365738
423.2373436165045 444.76518534970506 486.069282070582 514.843601681319 0.07593248784542084
487.75697674409577 352.802084687477 496.7375017059107 362.20469948738133 0.07591669261455536
726.4128090820745 370.24348233640586 742.2548410861201 394.87628838719195 0.0758596807718277
524.043420594254 370.93329559916816 532.9234809202713 384.6101261208487 0.0757972002029419
351.79568934770793 508.4593466692638 358.24299322556675 516.6119819599248 0.07571882009506226
380.27347330431496 437.4784134658214 387.9194900468662 447.6163713193146 0.07569974660873413
381.6197307033014 426.87442689031474 391.92002173107926 440.4385259365502 0.07567636668682098
305.05158555183147 451.20354504530724 345.63116852971945 507.14679048118 0.07561911642551422
424.62919470397736 356.5041997460409 431.0901874912985 364.7459535740118 0.07556064426898956
399.14874812604285 432.5069519852409 406.99959713905383 443.4583989748949 0.07554753124713898
683.0484337842818 417.7175490644785 699.4525666336077 442.22758321114196 0.07553476840257645
1053.9471835628112 281.5411719108328 1063.5417032360317 294.02882870146755 0.0754910558462143
417.2674159754937 357.119221360647 422.84769093312536 364.6237725632489 0.07545630633831024
366.17949402737315 540.8948683913545 376.11788342583645 552.0313678817856 0.0753750205039978
370.79218349760174 382.93158732367453 376.5444196252141 391.1470552023791 0.07518961280584335
438.63183409086776 370.4684213342096 447.9154799500626 382.4156269675681 0.07518237084150314
370.88437543686615 399.8728637578147 375.5620603547935 406.2615616550403 0.07517775893211365
516.8336886166336 424.08490878283243 537.0467668641311 451.18213646345794 0.07505343854427338
462.1532392004998 340.6662187650003 470.3563254661122 352.8138612948174 0.07495622336864471
710.5289288418868 391.68391286735226 722.5967730929267 413.4493175498057 0.07488900423049927
359.6931396538708 422.11964428796233 367.86366860920583 433.453017418126 0.07488548010587692
373.3109350638988 432.9119002220684 378.36101314404993 439.96925343910954 0.07484385371208191
393.8960557903859 378.64714319090075 402.0306529528788 389.2248574576256 0.07484155893325806
1054.834912242421 398.6571512249932 1086.7507503892816 452.1892415415002 0.07482586055994034
636.8795427921679 409.596141901631 650.2505416759831 429.75232986925676 0.07481805235147476
624.6426056870805 433.2360877395428 636.31037657315 450.60749457545836 0.07473768293857574
428.5278817584096 380.4872164756754 434.4149807254319 387.43958352614135 0.07460985332727432
506.07516391596226 390.4157813211423 515.0355897520955 404.115683256009 0.07456684857606888
526.6486173517926 384.5308503629603 560.8182426566135 431.03736809930444 0.0745595246553421
401.3729402946702 356.6270149595305 410.6355179292642 368.9116742302893 0.07455745339393616
285.3968979507616 617.2927931024091 314.05910760414486 648.1173002852632 0.07448422163724899
632.6831373822357 361.0945827480247 675.4145908658734 423.5140309528002 0.07447364926338196
454.50609527288793 368.28485861286055 462.4803767173811 378.04277221592133 0.07441508769989014
251.7958887833428 482.3058717934152 277.78604680654087 518.0851480589838 0.07441294193267822
705.9521979784499 395.57434528128465 712.8667969616569 408.7656899860799 0.0743844136595726
331.7475802594605 435.26004994032155 382.7575169889588 497.24340249538085 0.07435452193021774
661.9926984013881 391.160747243066 679.5180993484217 415.9920393152686 0.07430548965930939
318.3496683444052 512.6535484911625 359.16897203474315 559.0216012085443 0.07400158047676086
954.8270779975505 551.3660743859097 1144.1201737818162 794.5825086368066 0.07398910820484161
307.60868565329935 379.6649015262853 329.5863996786909 408.40129994147566 0.07391132414340973
707.2733095238257 404.8567307849809 743.7305117544846 454.5024922983154 0.07382360845804214
315.98680877434435 566.3746832245781 335.3553076651065 583.8959091512298 0.0736248567700386
268.5476076721422 576.8944434878404 284.9964726449272 596.3772315044171 0.07358282059431076
271.89679130615957 558.9756630397939 281.5070980881542 570.084260653274 0.07357753068208694
592.5104996364804 416.6850175583443 604.5470795041817 432.20715736198946 0.07348746061325073
436.0713883208947 363.77508231199175 442.151294347007 371.08099793874095 0.07348470389842987
311.0951004885451 397.41126892128506 340.25947443000535 434.20894400410333 0.07346197962760925
344.3237435282437 495.64532234767603 354.1651244573735 509.30656673012317 0.073427714407444
568.2236320784966 407.3338576831271 575.259828104649 416.3074457638614 0.07335833460092545
754.3491064971165 435.1780291601023 779.6730583589069 475.831128624671 0.0731160119175911
903.8488395066255 284.4669835902451 911.4510065320776 294.39876945849966 0.07311306893825531
235.8645718970868 509.4287934979853 258.72174418986697 539.8956513571763 0.07299759238958359
624.1314953839586 322.4926734349245 652.0015375507282 363.42444397123074 0.07299143075942993
370.3828225852013 435.94137293271746 374.55841487811944 441.88356750870963 0.07297391444444656
1053.354978293341 307.7186202475272 1061.8159523989646 317.61697904568655 0.07295791059732437
341.73166394157386 473.7715608383193 370.6613106528831 511.7093474483268 0.07291147112846375
452.6532165885329 332.2656384836333 496.198216290121 387.492074290555 0.07283374667167664
298.3104325840491 482.2836657140682 319.19720289214354 514.3678001566374 0.07271945476531982
361.0849128151685 367.86411350369207 397.8126346868427 411.7548052081906 0.07271743565797806
654.2245371076034 495.8882534431651 696.4298773613054 571.8887770637501 0.07268108427524567
358.53342197887156 414.5374735965365 364.10475978407504 422.6206694478366 0.07266717404127121
461.33300243702377 358.50089522556976 478.63090313219686 380.0955281524364 0.07264033704996109
15.58258058480377 212.38091742615512 255.28864638545454 490.24611982842555 0.07258279621601105
503.4164095798566 420.6362380322607 511.41495830534865 433.3447971784114 0.0725269690155983
518.4174362679383 378.5692415312903 525.2648559621477 389.0952874985919 0.07246523350477219
467.5468827329223 356.4003887771639 475.3869311896985 365.78566130879545 0.07242512702941895
351.32399996297704 481.7447385457503 366.62361881973965 503.0321022086931 0.07237391918897629
395.82356416934783 439.6783437831756 444.03687847985515 500.5863156604899 0.07237248122692108
726.223235435211 419.1243112231876 753.5898757495022 462.4700555895818 0.07236671447753906
257.0197308042592 570.711190273742 269.80555014667306 586.8483488817225 0.07234032452106476
411.2562401601516 361.9884205480421 418.40156330318837 371.5960765068339 0.07227788865566254
410.2840398524339 421.65901965134134 422.95177323008494 437.6015074636818 0.07225463539361954
294.5316560817517 601.6491329153521 309.2984672708073 616.5758424198436 0.07215969264507294
332.1414229649766 409.81751898494036 341.4336708252456 421.2158273671693 0.07201287895441055
602.0432716453478 351.03582175434985 639.6218159798998 406.23086602261554 0.07199067622423172
62.67692715847054 406.4816220384836 275.2851642023824 629.3094166200683 0.07195685058832169
281.81415250355013 598.6686357513389 297.7023242022011 617.613484930619 0.07184617966413498
255.47663477707292 578.8390021022796 274.116098152299 603.3807369326519 0.0718134418129921
419.4662254960302 440.3565392600951 428.7887920265385 452.59898885507835 0.0717894434928894
326.17326418435357 361.7283146911628 361.14565303506055 402.01631175722457 0.0717887431383133
446.10348912208894 368.02823516340607 454.35632868840355 377.96812034569746 0.07174445688724518
471.9964116108629 348.5129838360734 477.5146317676819 356.2650159326658 0.071738101541996
430.62344597502914 361.16547338498407 436.58854863657155 368.58329684053626 0.07171469181776047
301.2168430579703 568.0019936632607 315.7350055870528 584.5053863139746 0.07167507708072662
341.2989227353683 395.20536544650656 361.5015654964247 418.57001983441916 0.07163916528224945
283.1096518149177 565.4611989618621 290.775281273593 573.8952020056821 0.07159119844436646
404.29479239675476 427.0558598047777 412.28391323058395 437.7650106349254 0.07153420150279999
355.55224267140966 429.00677600312395 366.38995553236487 443.6720303236348 0.07150370627641678
512.289391695674 352.7111876250671 524.6092264795544 368.0455731412653 0.07150302827358246
633.7147229729217 420.99217440364754 678.0324651195268 492.4231085079922 0.0714806318283081
364.5868168451922 408.35967263454415 369.9965567537311 415.46426656621327 0.07147110998630524
544.1021825266065 437.0310297186759 554.1487214920131 448.6814213891529 0.07140646129846573
310.58211857612315 606.7679214071691 324.6402847600925 622.041125380021 0.07136305421590805
255.26260718186327 557.2035715441115 268.97329434921005 575.402317516499 0.07133696228265762
551.2302188511646 428.058338467734 571.2081100898689 453.5299334842282 0.07124894112348557
442.14799863863743 412.88796000956313 452.8710419603405 427.2427031374647 0.07123617827892303
457.98474088695986 358.91986431752895 465.6187142526864 368.5036173922398 0.0712297260761261
1041.390484664333 444.3525112482601 1087.746546489081 517.1053019618653 0.07121951133012772
331.66913574145127 419.2325257542955 342.2441485427904 433.0205269407107 0.07110912352800369
314.3137463718276 560.8088807176092 327.9272221931262 574.4881976228961 0.07110685855150223
405.4271192590397 439.51043088329885 412.47925440516286 449.0927822590044 0.07108274102210999
233.1520257260305 560.68442113575 287.740242661452 630.3758809716544 0.07106973230838776
402.48533300203087 349.2974095370772 409.76153115845983 358.8465117741774 0.07105901092290878
486.21945860735644 384.07819241864536 494.35688819512205 394.82811874104516 0.07102478295564651
366.12346614373814 524.0074660525496 378.46588968087366 539.1195714482977 0.07100629806518555
532.6627081896924 427.07329940164686 540.1258308631062 438.1294322661007 0.07091057300567627
307.57418220090904 518.5085658862673 314.5221294277185 528.1419293192065 0.07089436054229736
218.528359886213 437.67520881461985 259.62723686743476 500.042099219071 0.070890411734581
408.6320212024859 383.8424825912299 417.1026885461815 394.3673291449267 0.07086924463510513
354.56053452870066 506.6228794973033 360.1391867087088 513.9482651088599 0.07082995027303696
372.8780045281948 374.3993712613913 380.61411241007374 384.80401820735466 0.07077974826097488
274.9331550349491 565.2316178299155 283.0957788250275 574.0255777427768 0.0707722008228302
315.7609667817389 410.52551817487205 324.4423546514849 420.845158682419 0.07067111879587173
515.5034827102255 391.2511475257814 524.3424840528374 404.87441763271545 0.07064276188611984
386.28524105078225 375.1771857536768 394.8184405563634 385.94097636126986 0.0704721212387085
471.64761063476664 431.2063120345933 485.9528474951294 450.06794985305226 0.07039852440357208
451.8319729301268 378.90549558509315 458.7355767165025 386.36196139213746 0.07037048786878586
950.0519632250837 239.4433833544315 1019.4069232409769 329.9147688046081 0.0703660175204277
415.0264116545655 369.4667067124044 420.9713563951402 377.89522268677507 0.07032880932092667
492.3503095325092 344.8904127984232 517.7476317686405 374.4033102392271 0.07007735222578049
54.32821871999732 414.09531843094754 84.42269825546381 452.46579404263525 0.06994877010583878
1061.137172622344 318.48889889618613 1070.8016816519525 330.28976300994367 0.06988076120615005
494.59106416247545 349.4559374842907 504.3535092830981 361.4243183528232 0.06970535218715668
516.2930240671786 391.1319492337061 587.6141401075745 486.99189043845524 0.06968604028224945
540.6534800422525 333.43690641543634 587.523565801661 393.6068241316972 0.06967255473136902
1061.719471537003 304.4294192128423 1067.7208480584313 310.83734955041405 0.06955328583717346
675.3421478234197 404.7945934276306 687.167199478659 424.28749056326905 0.06952495872974396
543.8349569977705 385.16962183677896 559.0015719625302 405.8070718069257 0.06952471286058426
1057.7558942693145 295.4101745973456 1064.8223906733142 305.25988228865054 0.0695231556892395
-76.30990558489704 530.0884394504288 163.3726154449644 810.398637197931 0.06944341212511063
358.7040561958657 617.2408115636314 378.3751342999378 640.8456344566797 0.0693788081407547
402.8624926979042 370.41537379904275 410.05142044397707 380.2141981853691 0.06925003975629807
716.3918981364376 425.94790878881474 730.816395317035 450.02504906814204 0.06918422877788544
534.5909730493161 438.06699006907576 542.2295690951552 447.57534094886256 0.06903214007616043
305.11817053074003 413.6244357007241 312.2428004422394 422.7114893581919 0.06901843845844269
270.4575316588133 520.2597623105283 280.88014797432527 534.2495824098273 0.06899727135896683
306.9543729590418 617.4324799311752 320.51184850869873 631.9119766188729 0.06896383315324783
1034.4901457858252 543.0137829583161 1047.5718642431302 558.18517441593 0.06892486661672592
1061.2164101139094 288.60464151658425 1069.4005262129313 299.2528156923726 0.06891152262687683
745.0063188166636 406.84629186876157 769.89629342273 444.32082668590596 0.06883807480335236
738.2107795730319 383.9195133207182 755.4614184580794 410.1575495730666 0.06879089027643204
495.5939492620876 432.80270891456706 510.1922239207551 453.44554200912773 0.06874508410692215
323.0735991577283 483.1391921807504 340.396240645081 508.61148336403636 0.06870345026254654
771.8045567242477 450.38316281474755 810.1081844263971 501.1038839035467 0.0685821995139122
367.2760074893759 436.3580139633762 380.8665214105176 454.7461460058919 0.06857217848300934
361.95771356063835 447.1893238135894 369.2379457875127 457.67792163526843 0.0685715600848198
702.9678564536929 434.0926301413104 722.333310576735 464.66335083180263 0.06855658441781998
310.82203336179526 544.6468818325515 320.4302843413956 556.1054653189417 0.06855263561010361
481.2361594756777 375.2586697029428 494.4603945706629 391.12782646352554 0.06853901594877243
311.37441559867017 399.50511054265667 321.89190471130644 411.7690323545012 0.0684145912528038
453.77534297482356 380.6992444860832 497.1803922269091 438.9725726048695 0.06840869784355164
627.4693564587631 448.70842539576074 649.8550644164811 483.47037384054573 0.06839263439178467
985.4787320266063 295.83172204794744 1012.6430635587325 323.5006682879939 0.06837083399295807
975.6095565323178 349.85370844012624 1027.2298461000512 415.2864021526265 0.06835377961397171
436.81968636078545 368.55906101632877 443.67834540907216 377.42715662814857 0.0683429017663002
1051.4078028404308 417.63696879572933 1094.1965589256267 487.09085707079066 0.06824323534965515
278.51555667891586 391.8964545287897 307.09427239204217 434.88370792570316 0.0682419091463089
316.04823084823266 636.3660643322341 441.95102783323387 756.0207482946084 0.06822866946458817
290.8309704141098 592.9314216606879 297.4257988047673 600.7442835403093 0.06821376085281372
408.3287732844288 353.65723409517676 415.5746503629959 363.0618187612795 0.06821134686470032
380.25670354474755 375.92816260779415 386.36645263903137 384.04885097169705 0.06819584965705872
708.789858097881 370.6575837956691 724.6144737730361 395.704244415614 0.06819584965705872
524.7116677597473 374.78686278795453 534.4500442191285 389.8945443250214 0.06818312406539917
353.3119556667855 396.377022211999 360.9469349404738 406.40574645901484 0.06817212700843811
372.73177582722445 532.7843720729835 386.4523074598843 548.4588129205143 0.06810049712657928
501.5927280824893 360.3204033467604 510.08083362852733 371.06177494884207 0.06809332221746445
439.7819069240726 351.96487866720406 448.0316017534446 362.1275270329598 0.06807702034711838
337.87924450868286 501.2132578640321 345.30284989773077 510.90212310822176 0.06805354356765747
433.33820172322686 345.6995953344733 441.86205821364854 357.16748141211474 0.06805209070444107
629.6154143583057 627.4952063087836 739.9913514063255 761.5182909537283 0.06791161745786667
691.9390856107167 437.8317302827612 711.2301792614675 467.6350229412172 0.0679047629237175
683.8719359300538 374.1465306277263 702.5589679852303 400.48997486305694 0.06789379566907883
475.85385146440456 342.35334424945574 482.14403630555387 351.0437321434523 0.0678863599896431
462.9110626285626 429.540588362995 474.7246279658634 445.15334323102184 0.06778531521558762
422.969293807591 427.0886376287179 435.31274222693975 443.2112555353492 0.06776662170886993
530.0414892276294 372.3244111646922 546.0253723299286 395.60517003574387 0.0676252692937851
465.1760868296045 520.6525725782858 536.2873153223265 601.5378093190707 0.0676225945353508
466.95946537006597 331.0145516568868 472.63064320191074 339.0006639964001 0.06754165142774582
315.5092458121999 426.0978661292516 335.27063843335617 453.87110838851953 0.06750920414924622
635.0693361423482 429.8885203856333 651.6530199217237 455.3995219125178 0.06750833243131638
706.6511291599542 379.55033347609503 717.7958930229449 400.4017173681156 0.06745503097772598
1044.184642830745 284.1298101648876 1052.8127630010572 293.90496268668437 0.0673871636390686
397.27339420453757 381.25818157534474 444.25962875472015 439.6456984084848 0.06734785437583923
341.415500534429 423.23306219403304 352.0550546233156 436.8210608768932 0.06731926649808884
356.7161685582728 366.42721671589237 371.0254931963978 385.9411572310374 0.06723656505346298
369.5200383227812 548.3432373232376 381.55945991827355 562.3686124279641 0.06719235330820084
684.3024872746442 395.65667660181083 696.1197695981359 415.3837128500682 0.06715834140777588
479.8931649818554 317.3600579383738 490.23838819426675 333.31626213381526 0.06713756918907166
688.2422226506765 347.0255525276127 713.9009979229894 384.8682576107297 0.06707362830638885
981.5478251658863 229.57165653792435 991.6610521754728 241.0097537527015 0.06702645123004913
440.1594000928207 360.3040966687809 448.67534217593425 370.4044224333073 0.06702137738466263
1057.7564880258733 324.648066460809 1071.825562193965 342.17123730376295 0.0669928640127182
674.1315953156118 419.1657514913135 728.9923369128517 510.2369999346636 0.06694050878286362
359.2909470609242 543.7232487191079 366.7881806580426 552.2267148845931 0.06690153479576111
299.0018246476956 423.2157539466423 307.0865636281109 434.89980342751477 0.06689447164535522
561.4474212178615 412.129949210854 571.4913454767384 425.47520354319823 0.06684169173240662
386.2642581795447 442.12314873928193 394.2548606109213 452.67035019831945 0.06677312403917313
449.2767872389564 359.8774949966659 457.6245728575252 369.6951422810382 0.06676352769136429
492.79550306513454 380.882499693008 500.89004140258766 392.47636961155894 0.06671902537345886
348.0826670427611 414.2625351042112 357.71806428777404 426.6333994612517 0.06669917702674866
500.36609375288174 371.91194401579037 506.6416608074062 380.695050895874 0.0666845440864563
510.90390393268996 368.3181090747348 557.1799329970971 433.3451400706104 0.06663242727518082
515.5918149839597 461.2333531203183 588.5056403904574 558.394640450865 0.06657543778419495
355.1786268470563 569.1151462950193 377.443987929859 593.3536861072492 0.06655218452215195
537.5046870426436 345.7429768813748 563.3992069018166 380.0107550684583 0.06653842329978943
382.7945648937557 350.01472860059465 397.6461202988276 368.60657273202935 0.0665270984172821
1043.0220973288986 214.82344156483916 1090.8974685358253 282.6568046918246 0.06651996076107025
721.7150502261259 381.56095452286866 732.0133532485297 397.129714229125 0.06637883931398392
480.2423411789589 338.4784905209766 485.36554239509564 345.6213020660974 0.06634332239627838
364.00534389360365 472.5008043538234 404.7279419628918 523.1330119980781 0.06632231920957565
454.78597531774835 404.19085826792207 461.6163153146968 414.2875460722377 0.06632218509912491
555.2285443725362 410.60452590866174 570.4844912421228 431.1008246081485 0.06632100045681
366.7104578742811 346.9149626416621 382.7784121406923 367.9512913194765 0.06629730761051178
705.6414954217969 546.5993315176468 715.5760176174227 560.1486624300669 0.06626154482364655
468.18933369550274 341.2774714180112 477.0858500630252 353.29003842964613 0.06620236486196518
310.28549620307217 510.655684182961 318.04717110331734 521.7414864438673 0.06619136780500412
633.1024895070598 402.7564258713503 647.508360475052 425.46977455746634 0.06617255508899689
338.4073764411942 399.81355337447053 349.4331717713424 413.24904377906273 0.06614736467599869
482.61640953912337 334.2046922258449 488.97408745074085 343.8582581626681 0.06613210588693619
501.76152132097695 312.7896859768402 534.1275350338316 351.2402376698581 0.06600719690322876
479.0283411720918 357.52981995899904 491.57229066234777 371.74998866308397 0.0659702867269516
447.97611656516113 349.35685156464154 455.9407117906796 359.29691640720085 0.06585687398910522
412.5678426440182 350.8921028435356 418.6774252479456 358.6887416387511 0.06571470201015472
1052.0033411244115 314.40519526607267 1061.880655332897 327.00873842559383 0.06563521176576614
375.6797723152823 440.32628717083173 382.8077576667465 449.70535207693274 0.06556112319231033
400.42860209817655 332.8235145246799 417.24833720780197 353.9922687155363 0.06549819558858871
568.8376295186689 381.97938090831127 609.5106594883373 438.74530163098 0.06545337289571762
307.486401098531 383.52436945313536 318.2263253852019 396.07020078102715 0.06543710827827454
536.9731007573488 439.60444366798225 559.4646131707638 467.6525122887325 0.06543401628732681
294.217721734084 431.95257534658157 300.7772601825949 441.57637875832717 0.06534576416015625
294.98803045886626 520.2013704466956 304.01824297275283 533.1371783234549 0.06534016877412796
364.00391512759705 437.40086428159094 371.9339430994941 448.2549699066229 0.06526382267475128
1011.5640628716809 353.4834690602497 1046.7561208394204 391.2179804609046 0.06522311270236969
584.3006971267229 418.7912976531639 594.2710156309039 431.35049340002837 0.06521013379096985
568.2578427283039 414.10293220477416 582.0375668174931 432.3179113417028 0.06503647565841675
657.0980638337799 401.54950971366515 667.8189807778264 417.3106449136679 0.0650002658367157
337.5249855642935 413.5117830867614 350.855400273528 430.17259009193043 0.06496841460466385
347.5850861471584 351.16243366700814 366.0598836569089 374.3227156289013 0.06492617726325989
478.52185900567207 442.6452043365397 520.4986718234109 502.399040857296 0.06487981975078583
301.8640258313857 404.5176059262443 310.9159786140279 416.62762725899324 0.06486061215400696
320.6343242651058 391.72722266162117 330.53109502990014 405.42871555500966 0.064794160425663
805.7121030494214 430.1659214802933 860.8699588164022 511.2845327908507 0.06478721648454666
529.3506078447106 324.2957449910601 558.6270451026357 361.2543803876884 0.06477060168981552
493.3802261825985 416.9164848883375 503.92645067749186 431.5365681938607 0.0647599995136261
483.99177587108016 564.705791768777 591.6698656006132 677.5219041778446 0.06475912034511566
435.94097461798384 296.47720171392547 483.2381656619138 352.2573281065436 0.06471345573663712
378.3719968150924 450.0197498609196 385.09278821703447 459.5829562738372 0.0646265521645546
312.2235154734243 437.51523769456645 320.881754062355 449.3042898985495 0.06448584049940109
317.29413106947345 517.851231557849 325.37118485089945 527.7717694400517 0.06446289271116257
978.616624363596 244.08020236483418 996.7656411916957 270.8626977936827 0.06445454806089401
263.16914016823154 598.6982639902341 277.76581421213916 616.7189600146769 0.06442240625619888
505.6766831592309 423.5177296639304 517.3282607762585 441.6616416220062 0.06438733637332916
436.73070571952235 346.7039387679916 473.427503229615 390.50518682466276 0.06438331305980682
634.9756052451914 383.52892723680424 647.391416766848 402.4077195074384 0.06429090350866318
525.9429594202143 453.5364610798889 541.3946863204014 474.7431524639921 0.06422402709722519
396.5889231188671 450.0863882613539 403.2380506876612 458.9043583619217 0.06420587003231049
562.6156848397836 432.1598426770825 582.2262811472343 458.6306862923158 0.06419186294078827
443.0105796419632 420.9510383372828 465.03004709797654 451.98572378121486 0.06417553871870041
579.8331847620045 444.6577519430803 662.6886305698181 567.3911321762224 0.0641598105430603
320.12031868156936 435.15592986659135 347.19828511989806 470.85366195122157 0.06414978951215744
489.86806094151314 308.8594887723865 496.43675835361876 318.16105522547724 0.06412763893604279
-26.795167908775095 637.9316103254143 56.01013942534465 746.4501885517616 0.06411408632993698
1047.4307564985368 304.6314671001554 1053.645937601343 312.5814889125061 0.06406938284635544
296.13312613364445 413.2125274599041 304.095202879526 424.03546392941524 0.06399929523468018
319.21520439813753 300.1200647555875 367.114504313902 355.94392235948277 0.06385383754968643
727.1103529346018 370.37986156829646 734.2200425662895 379.3671741989978 0.0637948140501976
466.71508154142333 431.1995503505436 489.7517420592274 462.44138713629565 0.06360894441604614
484.186316943229 341.19429582212484 493.57200751368975 354.8344568936567 0.06351355463266373
303.5226429599284 511.96377754299226 311.4542657813972 523.4698254337293 0.06345834583044052
306.91666424847256 443.60259736857074 314.36962798366795 454.1833510626589 0.06345246732234955
404.53116926741814 445.9081071567287 411.7336507459834 455.3832986073758 0.06339357793331146
322.3173678602894 511.66206737636827 330.2615830455214 521.2851341954764 0.06331610679626465
453.27387184137643 345.9519824746251 462.4294965880524 358.2686854414387 0.06325802206993103
1050.8838895581507 302.22221145411345 1088.303166472588 356.3350761055859 0.06311344355344772
500.5742708812897 436.2395139875949 512.3446159480937 452.95070123376274 0.0631023570895195
1054.5642947118042 302.65351350704685 1061.402585315425 311.33355769420035 0.06304915249347687
504.2113904605849 428.95440412192903 530.8724310234163 463.98566077276024 0.06299388408660889
271.06485385432194 457.7306105733585 304.042884387208 507.10306560455984 0.06285832822322845
941.4446540513793 -75.88425872734602 1154.732452700019 169.33360208404872 0.06282027810811996
290.98792383566405 506.0215824848469 301.98076989731015 520.845991833951 0.06280621886253357
210.3709175116733 631.1543037791606 301.16225651433126 734.335751709397 0.06274539232254028
436.0001368105563 340.7556644890678 441.75697396028414 348.6768908804026 0.06256794929504395
350.2068424127752 299.40133898995964 398.8242043927886 357.7335410066406 0.06254855543375015
392.03351212424917 450.8925181473019 402.77299642183783 465.5088333040282 0.0625070333480835
644.8065798965869 427.4145963688379 660.7208275452545 452.03610609196494 0.062384020537137985
901.6209225007692 474.37757322051164 955.6062029712282 543.0161858571727 0.06219518929719925
515.1309473648403 428.6796801619698 522.8494362237631 440.73081613722496 0.06218569353222847
629.3213680647718 470.4454926630076 638.6708806298038 484.77959231953946 0.06212559714913368
934.3696579800101 316.25204386274436 974.595843533636 373.018947402907 0.06184732913970947
771.3811662692218 415.30827493366036 797.8750846482103 455.15208393500876 0.061374370008707047
592.7268392532874 548.5638576592337 682.3358443039511 679.4183457291016 0.06124638393521309
845.2342205998785 625.7123575268852 958.1953995298819 759.627103287811 0.06117616593837738
358.189479494358 484.4486497395001 365.4647849018315 494.22293927243607 0.061120279133319855
660.5973266503188 314.2363035409602 700.3594492219796 367.88411242177983 0.061097413301467896
363.53870511515504 376.99400947196455 371.3974472098192 387.96835199545524 0.06080366671085358
554.398523395809 445.6066402243606 563.1424568956445 455.99056982285487 0.060738950967788696
721.9180304048629 330.9609112724307 758.8786462480281 382.636626525733 0.06056608632206917
367.3682186902839 434.651878959307 415.7448424344194 496.3300248677985 0.060564443469047546
450.38507946647945 637.9718880821939 570.3748033088552 759.7805930320842 0.06051106005907059
291.66982737187107 423.62873942456395 300.12595852754185 435.4681860148564 0.06045360118150711
298.6754494923093 388.6461143436156 310.0378350131865 404.7908946883001 0.060335155576467514
412.341535314332 437.60354885856685 421.02624753421367 448.82333431248895 0.060004543513059616
670.7572914555759 236.89817407392022 747.5444237791385 338.5720807294625 0.059802550822496414
341.10697931281743 448.80317930267455 351.9170235084641 462.58554251648064 0.05965518206357956
581.525130431768 407.1386521645237 590.8429107497257 418.9982078042854 0.05961763858795166
329.61675912901933 379.4567779499081 340.9680429988005 393.6116584885072 0.05948520824313164
411.8018174637992 451.2757413098043 419.50758025737156 461.4493716262773 0.059467196464538574
590.736128770719 307.6927925530919 628.539628252313 363.07488449397215 0.05940164253115654
280.3296593945482 522.9609813457726 291.6558915417765 537.5625224156121 0.05928903818130493
650.1233668879516 445.77560598077673 668.2432460884472 476.094499420194 0.05904485657811165
460.17866634066144 292.9777822910096 504.8445160748603 347.0816787603713 0.058905795216560364
425.14520771815376 373.5084203959701 505.0295399033719 466.1115315232075 0.05878705158829689
481.36163680821994 303.8124141941171 490.8167845696932 316.10554908120906 0.05877212435007095
277.4325882065034 225.04249531333528 463.98712082873067 425.32179045398544 0.05873402953147888
312.69453396308984 449.99544510934936 322.0810495645954 464.1113337531703 0.05868076905608177
574.9702029112649 403.3219052773283 583.8090185521714 415.48576588764666 0.058571707457304
769.9242468659961 513.7381456189489 819.5086899664694 592.3027046476786 0.05844619497656822
969.268834625214 224.095004723337 981.0717470090879 236.64276309099122 0.05778117477893829
489.64287326872864 258.3428480176275 546.5328357256036 321.662441675517 0.05767703428864479
776.2087558364111 366.73930668258095 827.7560741785326 438.8006438738635 0.05707801878452301
416.13621800623366 350.44818837040367 424.1352508510743 361.0174593804141 0.05698670074343681
348.54180540941815 485.4235326454335 356.9244782324354 496.60528744623895 0.05692815035581589
759.8670497991984 401.5167311909542 782.7400800449118 433.7308506194951 0.05677715688943863
560.8279240546647 389.3421655996158 571.036928318357 403.44917226109726 0.0564645491540432
-13.62708571418726 430.7596312376777 83.78972553241687 576.4518085539869 0.056432902812957764
568.5793209441813 444.4243286043403 603.629195412695 497.23309737796507 0.056028399616479874
545.5405168363092 274.1772333600175 595.9001676789045 339.52150345412645 0.0555240698158741
681.9360661956597 564.1434357556578 772.6877436181165 686.5431423481832 0.05538801848888397
336.6630037307886 392.10169475308305 383.7517684312952 447.57391619871026 0.05523838847875595
748.1692912975603 364.64581704455287 774.2152087566251 404.517229709653 0.05486050620675087
374.04986714041013 337.5761819524872 436.2281695339954 402.51703837709545 0.05451464280486107
599.9421154229543 375.69948795847756 613.9042663310921 392.97328686026987 0.05438318848609924
230.41482924011464 376.94075471459047 425.55554968429703 602.2853049949157 0.05388772860169411
599.5386789398783 390.69004088386953 614.4711369834753 411.930599774052 0.053464390337467194
993.5436780940591 245.91134814223392 1008.38377926484 265.29471958224354 0.05344109982252121
-25.80719023045375 -41.3200782478428 89.40545022511368 99.72711736059168 0.05318952724337578
133.41565799899962 574.792045254826 317.38708282178027 790.7360252230704 0.052969738841056824
667.3327193172456 454.86313241379685 684.5394618965341 484.05059800905605 0.05290784686803818
-94.72258210277172 -38.040947431351185 312.4196188740495 451.90597712479064 0.0527137853205204
556.4487402634081 454.2296077439743 568.2309628345812 470.20925337963314 0.05233971029520035
261.5302134039691 359.2196187304774 310.17818388086897 421.1922910932767 0.05166535824537277
409.1866331686003 468.38893844553894 418.02599162346945 481.88353306786524 0.050421811640262604
