1047.0677755730758 357.43614221396683 1074.7283799665472 384.4797048135198 0.9991113543510437
410.36329941301136 397.4987312537793 420.5622868702057 411.86713897148127 0.9955887794494629
440.1554928553428 383.9079459460076 451.1714900215301 398.74250225814365 0.9929592609405518
380.08920575189825 399.98917621277036 387.51015757763264 410.4742916107353 0.9618247151374817
356.029025057092 401.54999144756044 361.80425638399436 409.33935437320065 0.9550274610519409
334.02742258479753 399.24094278170435 340.83009928694383 407.58420150604576 0.7365630269050598
368.0066784913997 403.36523019905695 373.494775056305 411.8899623285122 0.716157853603363
486.0428233541263 391.46560238181587 496.1433605805067 406.8569732782664 0.6380681395530701
584.2973092286821 395.5502311397042 592.0324321016232 405.31299281109705 0.5489904880523682
325.6937461442395 406.4810420353256 330.3528997331736 412.59411141877086 0.5489550232887268
273.0007436986649 396.6512377038541 279.5158587037043 404.5755495679082 0.5209752917289734
549.8902193238658 372.81115408791334 562.3211747872429 394.3658568955822 0.5083773732185364
529.404488200432 398.95215180036087 534.9909445947139 406.4493105067964 0.49558940529823303
304.53110782463915 402.94669745490955 309.29112584253966 409.2276701831513 0.4547353684902191
413.7426654483874 388.88548186023894 421.20455304818717 398.1969322592839 0.3980289399623871
392.6633530299312 391.8382578356542 400.2561551113954 403.1475245778959 0.3800283670425415
626.2116846718486 514.909884870487 632.0748848736141 521.7142083856535 0.33410385251045227
4.277170974313056 1.9638292869727032 22.61680819076166 26.284823344007886 0.29766401648521423
131.10091874999486 474.1274854048172 142.03661883783084 489.4583401073398 0.26119375228881836
347.117020680853 407.81814119021243 352.6633608266178 415.013338142665 0.21006299555301666
491.97739471384745 401.88210055833474 504.2668811255165 422.0545304794268 0.2097213715314865
365.39061196952883 398.19826653807564 370.20097743588786 404.71139006668164 0.2095252126455307
346.3978095903627 400.31653377655016 352.03258048879525 408.14980848539517 0.20612595975399017
389.29006842908854 413.2285386969882 396.3331211685795 422.8189721627541 0.1938769668340683
325.51252806258066 398.4407392517597 330.4528978186758 404.89662226537365 0.192755326628685
289.76865344717277 403.17178436119076 294.9586923340056 409.725857385051 0.18173061311244965
464.5344020887114 392.92437459611295 472.9111377539369 406.71543173603874 0.17693650722503662
321.04448491065375 412.03082429604825 326.27371813053855 418.8211254516587 0.17369283735752106
599.6406000233972 40.515689702034805 669.0645033614538 128.30986689047717 0.16977766156196594
477.08868397327075 412.9065645801141 488.53667954889625 430.8539299826996 0.16485877335071564
150.3082445217885 449.73006824233636 161.53267675945727 466.07049441968854 0.15988689661026
310.88216271980076 402.44832036919837 315.80726236074634 409.12775976556105 0.15429621934890747
476.4983388133974 379.15182164921544 483.92999198731076 389.3631078933613 0.15212514996528625
487.6140082929771 376.84498477287383 496.88714525125414 388.93801240856965 0.14999999105930328
143.75664111700112 209.86311529528845 215.46810402989533 285.2005725730849 0.1471397429704666
427.75646294849093 381.47773924383927 436.315976294178 393.5981660779419 0.14502842724323273
453.95997727530425 19.712069807747643 527.9757126480768 104.6029458084842 0.1384676694869995
435.9003473037452 407.40635275552654 444.70268436819896 419.3266784595725 0.13592733442783356
399.9283610339978 394.8256380374277 408.57129638707124 407.07035298209234 0.13555167615413666
535.2420342765369 392.22055836012 545.3454914013992 405.4287881602533 0.1333518773317337
282.9365694835547 403.05851709470033 288.59271814404957 410.5312399214874 0.13317690789699554
321.9185056005946 401.99853311215315 326.2425701502914 407.5547834424815 0.13258960843086243
467.82552970797025 415.138871719302 476.76580877453114 429.8301599291167 0.12952344119548798
319.9592877732761 406.98362472844804 324.0532770071263 412.08017097699235 0.1283557415008545
475.40820846880723 389.4717050116067 483.6098191369405 403.3797078308146 0.12835556268692017
480.50976065147273 401.1984832462123 489.6885540675889 415.76680727406597 0.12741786241531372
372.67555651082625 408.13954997126876 379.14436106538386 417.12968589579646 0.12338335812091827
15.43984173273496 462.5666857507975 54.094427770398845 510.4172591145264 0.12302563339471817
526.4841520138621 399.2997980745993 537.4305966747705 415.00902899055023 0.12139492481946945
496.40759490161776 376.94521379687404 509.37630205087015 394.56492930711886 0.11800743639469147
463.029320909515 376.6639453048464 471.13414557297926 389.264781975761 0.11748277395963669
286.02147158418927 399.884814537955 292.7661934880311 408.42965830289995 0.1164185032248497
400.2594548799058 407.82431829781666 408.8142374157857 418.95365729739416 0.11613436788320541
620.2596347796515 410.0895511970102 625.8837889524059 418.1341156889363 0.11481130868196487
580.2681522888578 373.7279419938767 594.4445952350306 394.0750377779837 0.11443234980106354
372.90585454441543 400.7889064891564 379.79885624150944 410.22890255544655 0.11432326585054398
329.94127839574696 400.01317022703745 334.86105981269577 406.351184672576 0.11403196305036545
456.9714362321108 401.26447512621195 466.8142614710036 415.8954488576473 0.11330568790435791
576.601063694112 356.25627083770297 603.4163191617536 394.9221969609637 0.11311595141887665
293.97582073827846 400.34560880908896 300.4606952105053 408.825500147388 0.11306840926408768
541.9902992113753 387.18308311922766 553.9525037429704 405.6872524941952 0.11249189078807831
369.5077443492184 393.6166206201213 375.3233533068121 402.15909629020393 0.11243491619825363
269.69178621737115 405.5537873972833 276.67703982548437 414.4239120622994 0.11221669614315033
300.8849094608141 407.7502288163364 307.0088186473385 415.5648914117621 0.1120317280292511
286.07839992016716 395.0749274606102 291.89699598312137 402.6202873236913 0.11140412092208862
596.0020835684537 369.1346291777248 616.2554224130869 397.8164772579064 0.11129814386367798
376.34174853147374 390.3367006452347 384.41913533417187 400.60212080117685 0.11121603846549988
341.789189224931 398.0247085345012 347.5094525071587 405.86775026496247 0.11116353422403336
362.4138676497722 400.023844273659 369.2410608676599 409.63767093315795 0.11092014610767365
609.1383828220908 396.72750057847844 613.6575379422849 402.9867881117513 0.11082936823368073
306.8251096710054 410.6146951935409 311.55574407196593 416.86753393287273 0.11075019091367722
297.20201487447326 411.150928010764 302.8648184238142 418.1821641369448 0.10957101732492447
55.6864022132558 65.68514117722293 273.86541314122053 303.61736021195304 0.10947887599468231
97.8211507513143 456.1690916386271 109.43754468164683 470.62556216030936 0.1093059778213501
387.261215517394 402.65103946111213 394.53734074052363 413.29781683641716 0.10917078703641891
511.38260476476313 399.22492738299275 525.6744206907869 420.4916550456667 0.10883915424346924
331.3660025197593 404.859347333485 337.1289107782322 412.53501749607346 0.10837547481060028
267.69886856833597 397.08354555123645 273.2229268894172 404.7353449672143 0.10762213915586472
520.3694651875838 368.3282210116857 541.3815349128985 400.47050172586097 0.10759244859218597
497.6098282767235 389.2899687977521 510.1889362100853 407.7171544362496 0.10712161660194397
369.83973503206363 385.96877429234524 377.6519808169312 396.16862131291634 0.10706286877393723
451.92582419456096 404.9058829585104 461.6147108128829 418.89342773202816 0.1069546788930893
342.75618100759505 388.56453795980997 348.4281986187327 396.1276488396201 0.10691992193460464
268.2940708094728 414.6049993196664 275.8776760824865 423.9716009755641 0.10689903050661087
376.1617934098594 409.6505676595267 383.7926925426086 419.4881347477553 0.10651833564043045
285.9462718384769 408.29207593438986 292.801565764172 417.0362686111803 0.10641667991876602
559.3814584860031 359.57896247789427 581.5846934308709 390.64064101659415 0.10635429620742798
279.79284676578385 394.1336715857824 286.50266912462405 402.7851897051138 0.10608195513486862
469.97760008513495 387.1777813142771 478.5485352586647 401.20174261192756 0.10606500506401062
682.5915629306567 389.63012132224543 687.0127014667182 396.00881563659516 0.10603869706392288
125.80559619974292 461.6768483707037 134.83631920140644 471.8826307220173 0.10586325824260712
314.1722416572569 404.99643054194553 319.5157313600971 411.7641003289496 0.1055024042725563
100.71831111863025 477.3879581588124 110.22831031226669 488.174990527699 0.1052345559000969
469.8837823948416 379.0212522706417 477.0624510564353 390.1266698354113 0.1052335649728775
284.4761344267748 142.21074790902853 585.8296275852583 474.87687327759676 0.10520456731319427
317.05245504469514 399.51640574496577 322.5027330306888 406.4620939008626 0.1050647497177124
417.380087350862 421.01059931459 426.1828556973155 433.4700273494878 0.10493697971105576
571.9572052808777 372.22915168629373 582.9720698148781 388.9861402749619 0.10487309843301773
338.9585988626315 405.7819616379385 345.14851169329495 413.9274838334013 0.10484059154987335
471.33666592875994 402.7758973288242 479.652605528567 416.8247170346294 0.10462334007024765
393.75241300802566 401.9496415762746 402.23540354722144 413.9026856827693 0.1043708324432373
277.62122221444076 401.28313346453047 283.3686297083377 408.78879078042155 0.10426120460033417
110.23084603551408 481.1871486326801 120.67862982664356 492.8558445286235 0.10420120507478714
298.136317653146 400.072060716713 303.7543212873581 407.3325427045032 0.1041112095117569
427.57918553113154 393.20364908062334 435.8275940422892 405.7071407549003 0.10388917475938797
661.3583299744347 432.5197455130407 672.3776469043539 444.55951080052887 0.10384616255760193
444.10268140093643 404.0727820409553 454.3279375911767 419.0064889995096 0.10383294522762299
309.54385719310466 417.0371422219684 313.91662605283227 423.2506009838486 0.10381750762462616
290.77352328584595 413.1081537245961 297.2974023584465 421.38867035043404 0.1032511368393898
457.22504535173965 388.52589013211707 464.4001778557778 399.13422976720017 0.10293459892272949
278.68564214398947 409.5605310895977 284.8678263500371 417.493196452174 0.10286672413349152
433.68240027826886 394.12839704598366 443.2012943382162 407.95866665332153 0.10282541066408157
384.86442534797305 391.70377364755905 392.46545113178706 402.59648684339976 0.10267463326454163
335.2062987063842 389.82025457282356 343.5645309240269 400.18620055046813 0.10258595645427704
349.93982360661573 395.51488986841173 356.3975022304736 404.5082745520704 0.10237132757902145
523.8007045363927 110.55625036026996 608.5023824032027 207.42224770849472 0.10236874967813492
593.493375470804 404.57788759583605 601.6654841897818 415.72438504466754 0.10234566777944565
619.1794223916005 382.769038296187 627.5824013617803 395.4897183139363 0.10179173201322556
619.6230184025125 400.591065776352 625.0501754192127 408.5443594705709 0.10174426436424255
381.712127255717 375.8226977251099 390.66980588714773 387.44670963592375 0.10115514695644379
203.30820115593696 324.1426508771725 256.3105467724134 385.30317083845904 0.10114262998104095
389.6577402148348 182.15346761397421 475.6698397167977 278.61331699661747 0.10110107064247131
552.1865343592405 389.6294893240184 573.2651496365563 418.3942001039368 0.10068222135305405
267.08510096828314 400.68163323138566 273.62523335739405 409.68207575125615 0.10043544322252274
591.2095661223952 380.8491457698035 599.7367092099014 392.4692653501811 0.10013622790575027
269.50503023166084 378.82299588430004 283.1401989423356 396.73233271519393 0.10006741434335709
509.44823559305814 367.3749774154469 523.2693923991354 388.4184602093361 0.0999525636434555
120.84825506898343 447.095709347881 133.523489051766 461.49092195714496 0.0998673066496849
343.60889191587984 404.5024694506802 349.1998608263887 411.99907041769285 0.09971948713064194
291.82171038732537 393.4342132157016 298.40300842117193 401.76512415675955 0.09955084323883057
293.44256658730194 408.2055291544166 298.8953911010415 415.0680153486524 0.09937005490064621
649.4605335652334 387.2627349542912 681.7158910927178 426.4558644769324 0.09908615797758102
548.6844083163554 396.8782235461677 557.4777087612347 410.65023187691855 0.09900346398353577
604.8575784094623 351.8338912789764 633.3505096053576 393.5943678402237 0.0989837646484375
347.57274546882957 385.7621016872727 351.8172249844943 391.54890748108727 0.09879118204116821
634.9282394526316 370.5606679126735 654.2305712350543 399.12720838535364 0.09868330508470535
627.0888890975855 349.95242107981534 646.5912985496648 378.8867528995823 0.09862039238214493
275.5691207226559 421.46595030242656 285.1252720893591 432.32540265455384 0.09846792370080948
421.37997505684893 385.5535267931362 429.04096955929236 396.7246056736634 0.09842333942651749
406.4108862294083 389.5633118316657 413.68411028386834 399.27871263188354 0.09834861010313034
613.1831469058216 395.43885718127234 618.4647928361908 402.79289115928816 0.09818591922521591
364.1633052689353 384.8759913818051 368.84407205858736 390.9446427678605 0.09815611690282822
371.12721035266395 363.7837822574008 378.1333608483133 373.1603144993197 0.09809096902608871
261.54767087679454 412.5414915531632 269.8166751741566 423.09749345633986 0.09806272387504578
620.196028283055 358.5759110671096 627.5187002074324 370.2516415447553 0.09804216027259827
444.8973251397974 415.6712310328831 455.26718010832184 429.7576921557298 0.09803582727909088
606.6359940318883 403.3800760702101 612.7846119798562 412.60836734098314 0.09792239218950272
568.275069393074 393.56863019687734 577.3005858364287 406.30182606257387 0.09763038158416748
670.2677499408882 360.56673489998616 693.939852430051 393.21401050679685 0.09759840369224548
620.4997130563279 393.9630666024737 624.370507598842 399.4704941005395 0.09754390269517899
296.76943801009384 415.88847890968276 304.1591309614864 425.409579387397 0.09751500934362411
448.08182264031296 393.69999493961444 457.10359111140565 407.13176446427696 0.09746906906366348
351.5257440927217 409.8953355281886 357.96617409931406 418.56829563179554 0.09740029275417328
378.532428141383 414.468727790854 386.8517608053947 425.93186280867326 0.0973886027932167
112.55216239640158 461.44877646597837 125.19745845164987 474.7296350224425 0.09729922562837601
542.0097396617545 396.6861948788711 547.9306118174305 405.0541226539376 0.09716147929430008
653.981280317613 358.3929910383864 670.85875678468 382.2856084749747 0.09715496003627777
574.1593929994625 392.09642242579406 585.7264592500306 408.40221963873574 0.09707377851009369
391.9818389269548 382.8163963305762 399.68795650026095 393.41149796548365 0.09706323593854904
365.4688534895533 413.0055694778595 372.03685016338886 422.63622005585233 0.09698396176099777
284.42526534544123 413.2788187023907 290.1346896821397 420.90694398633497 0.09693358093500137
313.3792699645906 398.52096911784565 317.96308361882814 404.68369805093704 0.09685622900724411
130.3961080629195 454.55676714346345 139.8118128619916 464.84989790449555 0.09679507464170456
609.6295145120918 382.1634797274118 616.2196087048687 392.8529221848284 0.0967278704047203
347.66890403302546 386.63166333510424 354.4650652321761 395.665146089458 0.09666518867015839
381.56992760371054 384.3199989153733 389.73870551571736 395.3353983468206 0.09666036814451218
363.4901352211524 392.16259495362647 369.57378624446477 400.59285318180906 0.09664683043956757
392.3892411425869 418.0844098586532 402.10649451256086 432.18158747139137 0.09663442522287369
611.3152692365389 390.7396735094582 633.6617127242012 421.06275460398723 0.096295565366745
403.8546711181213 414.6205118373329 413.9171529384894 428.3067841830817 0.09625425189733505
421.6068760285743 408.47417309201336 431.2078921058895 421.5505736142096 0.09618319571018219
612.7558661551516 407.6812678332819 619.7363948238569 417.7230980579046 0.09615692496299744
327.8320211671081 410.0048602872477 334.3807531854807 418.8748851060398 0.09602958709001541
350.1594384907243 404.5705302164858 354.905744253414 410.86352625575677 0.09595927596092224
454.00946627049785 416.58384161322783 466.97824872229444 434.86854509784416 0.09583000838756561
251.67575262568295 384.2875309140141 267.6122021327649 405.18215121496934 0.09575764089822769
303.2784895542688 396.1981225820731 308.55423457675914 403.0813905832096 0.09574363380670547
390.6871913890312 426.0457604324837 398.54206718495277 438.5575660894673 0.09558328241109848
684.6290606855299 407.65871432412064 691.2066202276751 415.5712164876467 0.09540743380784988
315.4247897628441 410.74094802829364 320.8193882722952 417.7617817971813 0.0953676849603653
105.7189935835285 471.13380017881184 111.5211698062915 477.5042534583535 0.09533257782459259
604.0121985295928 400.5740228255588 613.7771394792329 414.48801572475315 0.09511430561542511
633.0937366336019 399.2228184009456 652.3941001181956 422.3931997184091 0.09497929364442825
329.24987726095134 391.9825789032943 336.289839019617 401.0068499563917 0.09488461911678314
53.73358167947266 202.64145347962665 110.46221974014503 266.8362070508747 0.09483277797698975
620.9047036910512 420.6885436689809 628.0724011390558 431.59645760281506 0.09480194747447968
626.4665580795183 385.1235672500634 632.2660810367541 394.3343885612946 0.09457216411828995
320.5857422217349 395.205373414401 325.82351708226014 401.78525631922884 0.09447640180587769
585.9591820493476 403.6072014470334 595.2516440508748 416.58008323352516 0.09440674632787704
616.7207955567287 397.4869158127412 621.4558414842955 404.30321277087427 0.09439767897129059
354.84532178310724 385.40734233358154 360.8082957838458 393.4349590418014 0.09434188902378082
621.981738204456 376.45929151646027 627.4498012082994 384.9453953621135 0.09429740160703659
668.6468351277449 386.5291296401833 687.420563498894 409.8152509247114 0.09426512569189072
690.2287719933626 374.18535818001186 714.5188107076306 406.1366621975785 0.09422598034143448
310.6419872600244 410.6766083636828 316.1306175629383 418.1109122356922 0.09421811997890472
381.9559714598388 422.5529864126588 389.6495034995401 433.7938665950791 0.0941384956240654
612.6947523117527 370.9997853569348 620.0170836531825 381.44894184697574 0.09388726204633713
403.20245549124184 380.9951412657776 411.3713621224727 392.22952121940676 0.09386692941188812
308.8072302017457 395.9938481586895 314.7057612650615 403.73964238417307 0.09385519474744797
607.7039912766386 389.0685039196493 613.0320175048573 397.3154947050803 0.09385134279727936
960.7100009869016 217.33318988577668 977.438886341649 236.4272287173381 0.09383771568536758
510.35232700073504 383.4808379226333 520.9249775889765 398.80925774495876 0.09382316470146179
274.7223887509645 414.0559915708967 280.8733706185117 421.7869077356146 0.09377411752939224
687.5281199002649 411.1575211831771 694.9492219103479 420.5131743808684 0.09373874962329865
679.0718937316999 410.7368535752697 707.9347162031008 442.59184147909707 0.09366995096206665
640.6910450393221 390.57309388120007 646.8182877278967 400.10146293394524 0.09364884346723557
601.1747316723129 400.29715365206164 607.202497877523 409.42575614465744 0.09360708296298981
300.21299446905164 388.8621330320458 311.343538901432 402.59378582451995 0.0935969352722168
428.64711703238373 414.47670766884903 438.0140937054199 427.0182276962307 0.09347277134656906
627.6194779047977 396.50907640378597 638.9992654752203 410.36473353436696 0.09345880150794983
556.5348680061668 329.4893311151327 584.4003469537179 368.61511018364314 0.09338187426328659
422.1848045374372 397.2681417405036 429.2994792456551 408.01750571312385 0.09310654550790787
559.4178452858451 415.7047749418824 578.8080947921648 441.11884191802795 0.09294816106557846
372.55738590424795 378.0121632119481 381.1890387951133 389.0677639632969 0.0929279550909996
623.2221604759872 372.45098310798255 629.446289279865 382.2648712989107 0.09292395412921906
598.2132963934453 405.5622810656664 604.7997306545581 414.6876151822337 0.09291219711303711
359.6084174133584 382.91992696223815 366.1455564397165 391.5997108383812 0.09282927215099335
385.30127158243727 419.026322894581 392.32350360225274 428.6003578711859 0.09279335290193558
598.4755315429984 415.3855621065698 613.0326766788679 436.118649732477 0.09279164671897888
297.10989573288754 404.85379090787774 302.8436978430091 411.9175667280443 0.09265893697738647
536.7479640875516 345.317712873173 557.7414731471736 380.4081305992827 0.09254684299230576
651.1934469414681 388.94098001644534 655.9865525122195 397.04048323453657 0.09248922020196915
411.2893268838835 380.359493546252 419.96274773333937 391.68697258576566 0.09234103560447693
636.6098828069229 373.1689082665055 641.2592366056169 380.1680462300319 0.09233392030000687
311.60283478585455 384.705485519065 322.54744919513973 397.67693152180874 0.09231230616569519
463.10704391129076 405.9249790147452 471.920434984787 419.19863698948603 0.09215031564235687
670.5006406960715 419.05874204800807 677.0123441197547 427.3200230133166 0.09210022538900375
295.8386107226409 388.17086838809837 304.61804793154545 398.6190633337161 0.09201031178236008
683.6533712050643 384.76029590150034 688.1905821618273 390.76457153851754 0.09198449552059174
612.2541506184219 400.6283570198127 617.8437432318115 408.50943336299355 0.09196183830499649
470.7808266414317 426.7652660424454 481.38632023200205 444.30065876149047 0.09191036969423294
356.5591104094989 394.20422243473774 362.52162059939985 402.32782259606756 0.09186090528964996
604.668788587005 394.7542998896609 609.4653621703507 401.76488538393284 0.09186090528964996
365.91305252147856 384.25366779566775 373.4035870654486 393.75535434033844 0.09184034913778305
519.2073078977162 385.74029308106543 528.4457861025007 399.9422152554519 0.0917583778500557
284.2848474097103 418.41352469553794 292.48099696854104 428.8857035964746 0.09169655293226242
68.33247742490896 435.59223860049326 87.60200225380329 453.97164381788843 0.09168840944766998
538.4396987285842 403.2188975940789 548.4292245715718 416.2910745766029 0.09152758866548538
626.8340111047037 391.79081696316905 632.8348598618314 400.58963277190946 0.09146135300397873
625.6015508102241 401.53403915793535 631.0489745350982 409.22493127734623 0.09141039103269577
632.6895308763476 393.35095238175444 637.7622164087468 400.65580706873124 0.09138845652341843
507.22454643079993 376.2116924279401 511.5071017466729 382.85519524892453 0.09135247021913528
262.67841767144193 404.4324928321553 267.89700797271024 411.68892835414044 0.09130149334669113
321.5296753487009 406.4005301525885 328.40656476222324 415.46034145357686 0.09129921346902847
373.62440715269395 444.9363332862192 378.107407511962 451.1746177666422 0.0912739709019661
284.99756895311657 382.6163530805118 294.5634685489741 394.4833630834036 0.09125896543264389
594.2662347653516 394.39558434444217 601.2320052362675 404.2484369504272 0.09119927138090134
627.317839926981 409.6103867702245 634.3304836910047 419.0831774969464 0.09119156748056412
453.235130370549 373.89020262714405 462.8672165386263 387.16403285833337 0.09118058532476425
504.4504276993201 374.1991279526783 512.8044522110752 386.41410690025714 0.09109293669462204
569.7779844795712 403.27932973326523 583.365230704531 422.08600840342496 0.09106036275625229
499.1955390515394 410.3828023966767 513.5348128768387 430.5396394573888 0.09099962562322617
343.2515114573512 412.94028860407184 349.7125765898661 422.1302432387308 0.09097732603549957
492.9190360166608 420.9472928017539 510.4314782438759 445.6579621736013 0.09097312390804291
69.54340516340942 449.9049060277009 93.96063240772476 471.8106405583943 0.09088964760303497
459.01369125230826 429.73851626059593 469.7399732305298 445.55954421616997 0.09083506464958191
918.9662947358286 225.22272247770732 932.6781725572524 244.17571760380596 0.09076342731714249
547.1344626658056 404.07235892769205 564.1553913801396 427.7215537889701 0.09068160504102707
445.8919959727562 425.3484958645821 462.5081583820042 449.37296875051885 0.09065679460763931
645.9969217236342 389.7895600913315 651.1010647885819 398.2771001367867 0.09064649790525436
670.8754062302647 63.42134687737401 695.0423650207946 91.1862568262035 0.09061866998672485
482.3249593833795 386.7075532312463 489.56804585789524 397.775021809654 0.09060865640640259
535.9789642757562 397.5687205947422 541.9369476483114 406.1517376353016 0.09057042747735977
257.09459416357635 408.8408603820117 264.3432152557969 418.42806869611275 0.09055668860673904
290.3683175917055 421.41529379636455 298.4178743173202 431.8341779869052 0.09055417776107788
713.418911973057 370.790211991635 737.9643811142341 403.24750321961136 0.09054140746593475
660.8260491940066 35.36015973481931 684.8795588224924 67.41691175783686 0.09040902554988861
945.6871829272845 35.878092967495064 967.22453714384 72.95702512723867 0.09037690609693527
357.0855083567758 413.21460070303027 364.06127605534147 423.434171032995 0.09032092243432999
671.4603951767133 399.28677536197245 677.5459372826475 407.0664411663882 0.09031352400779724
581.5394426404839 397.30324768829456 608.7110782256051 435.0427932816845 0.09028924256563187
252.83905256693177 408.883853780707 257.8740338176632 415.75462061500446 0.09023723006248474
331.25686420400757 384.9079079661568 338.93124378597577 394.3559848141943 0.09022301435470581
318.6740551131395 391.9860555067389 326.3860372534038 401.34946112171025 0.09018567949533463
541.059748694737 412.2580205131744 553.7154709005313 430.31182448586793 0.09017486870288849
649.9185286714321 371.8882562394116 662.0261309496689 389.6602051768511 0.09014757722616196
620.4922092768153 406.79429376705525 651.7797065955332 445.2181042055186 0.09014230221509933
643.3752715462487 397.94258197883954 648.8344262275186 405.70603817650033 0.09008659422397614
293.8817900963755 362.4794888484937 307.14444076711465 379.4577047063509 0.09005063027143478
258.3632041534572 402.9606743022562 263.7146722571451 410.49804226497804 0.0900144949555397
277.7772220491265 391.75684909200334 283.4497777571867 399.0502233016761 0.08998777717351913
388.38976464274253 382.7901509615464 396.20768649171214 393.35239104414666 0.08997483551502228
630.2369751489771 6.798746814626863 662.3282164685882 46.66562503083649 0.08996064215898514
426.62685725216056 406.6057100803333 436.0850473686696 419.3374020396612 0.08993063122034073
510.502893682092 393.8562821784367 519.0755505605263 408.16508689943987 0.08990198373794556
603.3800377423482 420.05168291524626 611.2353587126263 432.12077638157865 0.0898154228925705
474.71580191341815 362.1639480420652 488.3169406436161 380.1049331998306 0.08974562585353851
468.98284318162945 439.7024193983451 482.13307394049957 460.1352007924383 0.08973990380764008
264.7828013893394 398.9358147668052 270.4038886540918 406.693457303452 0.08973288536071777
493.0064464912727 356.17967407916586 509.40392543119754 379.60806289145955 0.08968190103769302
934.4862144855864 217.06023735035322 946.1370042592742 232.46265718858766 0.08967701345682144
346.50130497247085 391.8640551947413 352.4532236719107 400.13915293622495 0.08963533490896225
657.8736366136188 419.87774735628153 668.5290879182559 431.7993976014014 0.08949741721153259
525.5775375862803 415.65226021215676 542.4618965716218 439.27920095936435 0.08949729055166245
656.3309598348109 432.29114850770065 674.8488410654534 454.8737070573652 0.08945518732070923
351.76831785619834 370.47933786770824 362.94199400265603 384.42576921926127 0.08917809277772903
635.4219091818359 395.5377575430226 641.9439221916916 404.5359393535059 0.0891617015004158
534.420831143598 406.1220245553356 541.761279099834 416.2722695795795 0.08914637565612793
368.17004532629153 417.30417199624685 376.24243620247876 428.9661487280168 0.08914345502853394
281.33286621156464 421.8091800967672 286.4780682210008 427.8139857999501 0.08914180845022202
641.3233000594015 378.3775108796195 648.695392779501 391.46108606609124 0.08911647647619247
624.1543389198081 346.1946345641366 630.4742070339393 354.7069064025268 0.08902418613433838
316.17829320769664 416.04029043936424 322.7843066558913 425.23457447446987 0.08894377201795578
264.28302279283974 378.15252510067296 272.5099568713134 389.6119764963561 0.08894088864326477
90.82599652914755 477.87321431551766 100.57755775673928 489.1619792152588 0.0887753814458847
323.9425719571417 417.39396950537656 330.62908264314177 426.77816111349614 0.08858881145715714
325.6070554492177 384.49354741033517 333.74635030051894 394.56253169812356 0.08857215940952301
622.9525646147875 394.20022067433416 628.928450277494 402.93702740607193 0.08834691345691681
375.75163288199167 426.8031906975875 384.46700838300325 439.36424857439954 0.0883462131023407
624.2355640784987 409.66441003651573 629.5870770737794 416.9031844699535 0.08825229853391647
404.0201337336017 401.8923740405571 411.9747075380021 412.64180897724566 0.08824418485164642
364.29093698262295 376.99368425621054 369.37118875962614 383.81420196979457 0.08822759240865707
274.8063046619803 404.77727861955503 281.62157935359085 413.84437949696445 0.08818743377923965
395.6890059255135 414.40788984655546 402.22289462995866 422.52788069736033 0.08815217018127441
906.8033926555188 230.93252146985208 922.7740785338173 253.61757301561605 0.08782986551523209
488.0740505928696 414.6965788183221 499.26308090812677 432.80945955220545 0.0877404734492302
108.20282962846349 450.29770959435854 120.27210901614521 463.4448564590389 0.08772119879722595
358.4832514534872 380.8680633803906 362.8515850117277 386.99217419195674 0.08770433068275452
424.2996174175512 360.8679394266562 472.58964423429046 435.0162079128994 0.0876227617263794
437.1806073171968 419.39714743218497 448.59547274166016 435.5741616832086 0.08752583712339401
627.1678784162252 374.1890177917166 633.0836679822211 382.8051518045001 0.08743781596422195
649.4640459328293 328.6567131153446 674.4140094021604 364.5772138316275 0.08739757537841797
658.3828261263947 412.83635347420505 665.4158816907253 420.9644892934483 0.08736971765756607
603.4687380912413 407.12964554187386 609.598053600981 416.12099630964906 0.08732474595308304
647.7647840604812 392.0713251570855 653.1396862860811 400.4855712307463 0.08732222765684128
634.0886049387552 382.4762571468277 640.7253269495197 393.14639380798167 0.08723247796297073
275.436724086836 367.85017062467585 289.51256616240556 386.5621909843884 0.08722095936536789
394.09401360500596 373.27887073765424 402.8107102230406 385.3184229995311 0.08715876191854477
334.23147688499637 409.77870876853893 340.6028515046222 418.5764566832141 0.08715029805898666
475.21389902593256 427.13489304175397 490.4829571837466 450.5753355513001 0.08714741468429565
591.4943133073507 395.0407362642528 597.3164681951207 403.1988574114804 0.08708368986845016
348.114399415042 369.3334697529317 354.7378482150585 378.0967499404977 0.08704236149787903
632.6402327987456 405.1035601716237 638.6247817212474 413.2992567757877 0.08699410408735275
138.84516935592785 454.29274148140576 150.14189885641764 467.5531029880819 0.08696664124727249
618.9244432309441 349.8650097705421 625.8330154901606 359.2637998828969 0.08685736358165741
339.9037088351628 417.85455999853656 349.5962321450473 431.87364256067303 0.0868278443813324
470.30562499078985 368.36187686195734 480.19554157324575 382.59626918871754 0.08679049462080002
302.18469199569324 416.1496475014545 307.4580436185573 423.6097968518397 0.08676516264677048
91.5429373826055 435.69421880773916 115.28711427919178 458.73735178274234 0.0866912305355072
76.63632997317588 317.32742048382346 144.83037410594983 404.55595817953747 0.0866227075457573
639.694734590655 398.36504295198176 645.767363348797 407.0482590138383 0.08659093081951141
695.4141361855995 343.24677790286927 720.6264176454204 376.1740560952027 0.08647116273641586
690.5388145641473 376.9300677219033 695.971846809776 384.51047582069185 0.08644174039363861
601.0118710279495 394.888242459573 607.44623712498 404.1981395236405 0.08637134730815887
670.7217507614504 384.83531263774694 675.5008814163173 391.49684694020016 0.08633565902709961
603.8748730656016 376.3648502342986 610.3682119757127 387.0190551164316 0.08626797795295715
459.9548757691859 362.7850636334829 471.0923066635388 377.793241027699 0.08618135005235672
636.0645220159306 348.9131088220579 643.3802070883538 360.95806315691374 0.08612387627363205
359.60703093746935 418.117533962853 368.97397924907847 431.22719048194654 0.08604308217763901
614.006592153097 378.15710577776895 621.6544076566703 390.14839767294455 0.0860120952129364
381.55015103761883 432.7795235938333 388.52720429020405 442.557568033692 0.08599825203418732
641.9661010773134 365.0149734717015 647.1771464126989 373.7395708268135 0.08594105392694473
702.0686737055868 356.5446702420724 707.7672346745144 363.9431296369411 0.08584696799516678
111.49330400304416 262.8810510802962 173.4206215739747 334.58712246870334 0.08584580570459366
312.95577419533714 392.62359338786814 320.10711985250686 401.2285901484665 0.08572407811880112
508.7476242546201 420.13662708280685 530.5546682367909 448.3600949737467 0.08570577204227448
107.96703333064261 264.18659512179806 129.86658074461823 292.7346768317608 0.0856349915266037
305.6810523899664 419.1063494719922 315.4699909531311 432.4319275965593 0.08556319028139114
361.02146835766746 403.90838958317516 366.67137777102727 411.6451825946033 0.08552058041095734
368.13207189379716 436.4090020693045 372.98980487678 443.4264087149186 0.08550003916025162
483.09691829114615 348.52217106138954 500.6119504721101 372.40644031291936 0.08533851057291031
657.9952042361923 381.36442261828216 664.1977822173102 390.1337869218893 0.0853375792503357
349.0087456364158 414.86532690920205 357.4224543869356 426.98053274582946 0.08532989770174026
210.9278780743908 250.04055473284086 287.4583943488596 335.4308205908852 0.08521903306245804
448.08162941753886 379.11871048126756 456.90237331723677 391.6117018908322 0.0852029025554657
421.2419719302602 432.47011485156315 429.58193405508894 444.73455993780453 0.08515393733978271
914.7044122720805 253.61955056087808 928.3717358193751 268.866426248076 0.08514481037855148
399.1685412818409 430.8000921752223 408.6658903954019 443.5566210010637 0.0850374698638916
324.4327150367608 377.6280764945562 333.43141249710766 388.8169906943042 0.08503498882055283
951.0144972269418 216.17473292392106 958.963258495527 227.33069675427748 0.08503162860870361
653.3737779996392 383.9193986256369 657.3820340463403 390.8363978320961 0.0850275307893753
348.833033261398 420.3175472603622 360.2116564340526 437.12650071062717 0.08488204330205917
484.7438514979942 428.5689803127234 496.3531327883334 446.39461701394197 0.08483914285898209
540.334534608912 374.2077680786555 550.5461998210081 391.769186626292 0.08476389944553375
401.0329217395847 387.52650690053537 407.0035239552603 396.33850343901577 0.08474794030189514
646.7215960649705 392.7022220355239 659.1250481919944 409.25267892283256 0.08471040427684784
311.57676928764795 417.99491719995905 324.87388373646075 436.71590624122143 0.08468763530254364
610.3749794306816 417.82591137677827 622.9149400083928 436.1066380160559 0.08465328812599182
619.1373076830574 371.7224070197697 623.8685128091051 378.6742400805673 0.08464210480451584
645.9699899049549 370.9003244755258 651.0956972787711 379.4353038553469 0.08456864953041077
334.9262206254966 372.74949607466436 346.1910326263746 386.5531424597048 0.08456356078386307
591.3496615261224 523.9370670072649 598.7711172113227 533.6817618280464 0.08453832566738129
330.8614225782273 415.96956744422744 342.75204922195394 432.8850209788691 0.08452824503183365
463.09131834079597 363.81901442228 507.8497901867641 444.43915542100433 0.08449230343103409
639.9959106480087 370.72814646944295 643.9847480572736 376.5943527662298 0.08448124676942825
926.8439979557655 240.57912285147682 935.4819934481256 253.0649176376654 0.08446533232927322
399.2196810776123 418.2837307397907 410.41835644921173 434.7763353565597 0.08442918211221695
347.96819420472826 379.52136438811243 353.4757028095434 387.07070442862107 0.0844147652387619
570.9466014347823 418.08307354419355 590.206050947746 444.1197004082784 0.08439985662698746
269.1449466276657 390.61608198996373 274.00760406681457 397.170674579139 0.08439454436302185
641.6078628695498 375.3388274152395 646.869302947618 383.72598017388214 0.08433178812265396
648.3766923744686 384.571073060839 653.6014197609506 393.81329131569277 0.08431388437747955
407.23170441028657 431.84048864347506 416.95649607574427 446.01398185826014 0.08424690365791321
632.0416288540588 372.72781337203145 637.9308663308899 381.329784390247 0.08423890918493271
537.7249954231751 423.5158777176142 550.5124759793339 440.7536323419757 0.0842042788863182
366.97735034410255 370.6800000590398 372.30197121435754 378.14636458696395 0.08418281376361847
85.33380964347167 461.51939041278433 131.62564848093203 517.5934310943306 0.08416344225406647
434.6511876319388 375.70063108715493 443.815207758118 389.0592778459759 0.08414098620414734
628.6751464533002 423.70833540011347 649.7782240642724 449.64404613480866 0.084121473133564
370.58049437621736 369.80818323265186 378.5275871343497 380.441746121587 0.08405885845422745
668.8323977965318 409.91969978023087 687.4950680283534 430.56290045997355 0.08401605486869812
599.7112488423257 395.20634837035925 604.8188178722647 402.60068330496114 0.08401066064834595
928.0733177753127 248.85488568830166 947.4940839013874 274.86365296963714 0.08392497152090073
109.41936513187083 476.22860408079833 119.35103493137105 487.5634946151279 0.08392497152090073
686.4170027911287 420.006639102036 694.086763401546 429.637814100885 0.08382415771484375
508.858525010736 424.2478401892527 519.8411663953697 438.6643058052441 0.08381356298923492
647.7865200021511 400.15546646395273 653.7981053868696 408.6046795022888 0.08379430323839188
136.91374987174044 483.33990897965236 151.82991344747708 501.6251302384103 0.08370719105005264
279.53928645353733 414.9370349974092 285.7575422146337 422.82677018230686 0.08367680758237839
565.9761549623529 351.72353045254454 580.1426662802672 369.5053316524201 0.08353791385889053
707.7222444855101 -6.912483824741178 800.8132703816386 89.60571178748732 0.08346948027610779
687.016580701195 385.3800924924465 692.4011532762739 392.8529566538902 0.08345215022563934
260.82949296564703 408.307123963862 265.14403916539266 414.5029062168375 0.08340619504451752
388.7360675896781 431.29464436597027 395.2689317041027 441.72787753247815 0.08340155333280563
629.0374234193671 402.26017884609666 635.5744664622663 411.35361139138377 0.08333056420087814
384.2939972232943 410.31578887198566 391.09117764021283 419.66549487637656 0.08329829573631287
627.9661549097183 361.0309370340651 636.689900949703 374.27589461680543 0.08323933184146881
710.6593568275886 396.661288253989 737.2461600596711 428.03773093316164 0.08317460119724274
375.13701002119194 368.6619214310182 386.00817869905796 382.5245180401611 0.08317189663648605
644.7869112659847 356.11768489192224 650.5503685301338 365.4506278289652 0.08316291868686676
672.1574648026707 387.44689642842104 677.5075104124952 394.8522356841602 0.08312959969043732
314.59592964437337 367.8299157380617 365.35236957010625 432.6120218657434 0.08309484273195267
556.0178312079902 320.762481798024 820.5867080401127 601.8597634441627 0.08305751532316208
253.11188086665558 414.4791454683073 261.80453279897364 425.98160224534683 0.0830310583114624
589.5401873844997 413.5903291523438 599.665528647049 427.3335349422996 0.08301334828138351
518.1175606165816 445.5793949645884 547.7057678243742 484.43642349583035 0.08299064636230469
373.63062799586453 435.8456778509713 380.5997540588058 446.25243693123457 0.0829835906624794
418.0772159627044 376.16303882839105 425.8596495519663 387.06164954869536 0.08294647932052612
580.6017654505187 379.4661255996064 587.7049336589755 390.5447461985355 0.08288692682981491
615.5344389721043 389.528909833423 620.4535817177089 396.9749976641604 0.08288237452507019
598.9525884379398 387.04814989327065 605.7540634579126 397.6777263214791 0.08282529562711716
688.6284400828874 398.2576518903445 694.876739141047 406.51299153928943 0.08279940485954285
462.2983105903682 442.96274920961224 471.99999719819874 457.92407649624863 0.08265741914510727
694.7467409047539 374.36378006042224 700.507208973785 382.67685772237195 0.08264583349227905
694.4674134554357 405.3212958331027 701.9950607856069 415.1250955460182 0.08261042833328247
387.527530318453 362.7582699395969 396.39703839624326 375.4649572525612 0.08255383372306824
642.9334867788084 404.41374895023523 649.5245012121158 413.67044419509864 0.08254045993089676
367.33264905687736 429.61953839164147 372.36524862945095 437.42254765315 0.0824090763926506
577.6494392849463 400.3602813527493 587.9269767180649 414.82790185025794 0.08240015804767609
360.220258742733 374.0877649771272 366.72582392669386 382.9918957372354 0.08230099081993103
410.0794815710415 354.52107574577144 444.09940778512345 412.91946480865886 0.08208848536014557
513.6925946359826 432.4616687009006 538.0034979514644 463.2247552265138 0.0820702388882637
546.8144888296383 361.7797682377587 556.6723357371279 377.6300702634359 0.0820363461971283
393.9690649253165 436.32298883658257 405.6622136679174 453.4317269302506 0.08203599601984024
354.2204885524182 374.47207444898316 378.7967763600675 408.23162020099534 0.08203507214784622
516.0701692564032 331.00739811806545 549.1371220882974 377.84616010165206 0.08189689368009567
272.8349245718262 388.68857547833625 278.8049609745192 396.80664496214894 0.08184681832790375
465.97116962466737 431.78966923360605 476.93073522333594 449.36343088018197 0.08169286698102951
427.38979929392127 430.2634678081265 440.14060382935986 448.5776172535629 0.08168843388557434
559.9072279337545 374.23881625426213 570.875733377978 390.8949791083561 0.08166962116956711
300.4978106158606 422.80122288909115 309.47981125222594 435.8119649093679 0.08164720237255096
278.39766239127874 385.8301156527625 286.67865501181325 395.880570013194 0.08162621408700943
985.3176240823666 227.52613232495554 997.1324421228293 240.94441792941907 0.08156728744506836
946.7755932090793 234.79854296087538 964.5265681448709 259.4846377717661 0.0813562348484993
363.22687361339524 422.73921983804274 372.0107945718272 436.22032052896856 0.08134730160236359
362.4080582869577 429.05322325296726 367.7199506316846 436.83356423933355 0.08118915557861328
634.206774090235 415.5471480880089 641.4063771245318 425.032990967831 0.0811341255903244
687.417614452276 438.17231569251925 719.2913024693286 472.22993189169966 0.0810193419456482
1066.4130392004142 344.7819166278321 1086.6907265415991 371.2511501947628 0.08092518150806427
638.8066074567947 401.650047483034 645.2484409922303 410.79769212443966 0.08085417002439499
154.99860381793505 330.5600164237883 201.56583513766034 397.79157389208433 0.08076275885105133
354.6596883721191 368.3915237121888 359.78864620797094 375.304303827267 0.08061940222978592
550.1358483873581 417.1171611455914 561.5344572501328 432.63292778103494 0.08049044758081436
264.48041828460356 421.81203475238317 273.446831245066 433.3866515137174 0.08043760061264038
541.4220427064417 431.2823022465417 564.985957011506 462.8815641792877 0.08042068779468536
601.2406337865071 380.3180678404107 608.1039219977507 391.0034463603585 0.08040473610162735
272.00187812616605 421.39356262222987 277.9435675175203 428.8955098458234 0.08035357296466827
529.6245938202466 404.6865873066443 546.0038790671484 428.1057583253885 0.08035324513912201
672.3377629740469 372.00131744960197 677.0625136227492 378.94710712975643 0.08028562366962433
407.4116403540463 374.00633245897825 415.47942120332846 384.9581295288621 0.08027253299951553
647.9761366808568 363.61541397470967 653.6708855885149 372.6439750855628 0.08025326579809189
161.2976356506829 390.6878467650724 188.66901840987728 437.5159558771548 0.08022680133581161
602.5358173887402 386.1715021569181 610.3810409961224 397.8973797237756 0.08017538487911224
583.7004682213047 419.3897976928138 594.9084360977038 435.5261566367681 0.08015397936105728
395.27876447720513 354.61119328657026 402.65431134691175 366.72346063826876 0.07984796911478043
1048.9331017480497 306.3402820178618 1090.2700856173838 362.7680779744064 0.07973500341176987
491.2681455025646 436.50989100532536 514.0576426771639 467.8230186430702 0.07961133867502213
646.1355306816799 361.8934578292074 656.9299200594762 377.80495737090996 0.07944295555353165
693.595760983782 399.7690466241598 698.9430480967097 407.0955428816144 0.0792478546500206
533.7841663925166 361.91988020183356 542.8886979237925 376.03149721495487 0.0791783332824707
74.42116876986117 286.5967579054302 97.24301577344367 313.4633504250132 0.07912515848875046
400.95377177307756 434.45707660680927 453.79892694426184 500.20135817852804 0.07906472682952881
624.7425823600114 470.39296112227026 687.8441871992284 535.1534314921813 0.0789092630147934
463.28321130373115 452.30775195121754 503.20326704599125 511.85145497561615 0.07885003834962845
304.7313604107034 414.6682646820116 312.553251544293 425.6011113374809 0.078730009496212
370.331291662414 342.5287367211536 415.88672123077276 410.1064086378007 0.07866767048835754
654.3013000144615 443.24434977718386 678.975461295607 473.5705512368572 0.0785457044839859
304.66040785006396 375.16878378214227 314.9987404532933 388.02997143017564 0.07854297757148743
490.05323469681355 473.130608777686 534.6896276856878 531.1131770596912 0.07851598411798477
697.3504761138356 389.2801268931144 704.7141113354141 399.13575299643543 0.07850488275289536
570.2499065525668 309.2407054256445 604.6778498729757 353.3132623243052 0.07844219356775284
553.0834549541404 434.24888170453653 582.2568146916296 470.4394433376164 0.07837622612714767
98.02338247504349 340.5330136787657 121.02557432232442 373.8568761596323 0.07826509326696396
586.5142480189937 429.6433764700323 604.30933539123 454.49003271592255 0.07815971225500107
379.9728757866377 366.0456441067178 387.63058222620975 377.0505376704748 0.07813746482133865
469.4751420612839 356.82051380399713 479.5861973109204 371.1506326543746 0.07810363173484802
615.5134752278433 435.1673993796994 647.8866511240069 477.4657969983698 0.07798955589532852
343.2266184173078 375.4448954314071 351.65290208710974 386.1971177426812 0.07796075195074081
320.9232257905541 385.41581802340204 328.1092882987964 394.6902725974004 0.07792164385318756
424.8537194901813 450.68666385709895 432.48809959516495 462.4908426127724 0.0778387188911438
453.44099709553933 450.42668674458423 464.266245461692 467.28037193833546 0.07775398343801498
481.06522456918265 340.008306940534 535.7789592284654 420.0840786864759 0.0776803120970726
520.4310139930225 364.1198358992689 530.6978486012492 380.3148650456586 0.07756400853395462
135.3848554099292 287.6885472212746 153.872251374478 310.3596556846441 0.0775427520275116
672.7220550154256 434.6672811105199 681.1983616911383 445.901940050222 0.07753704488277435
561.6479610191625 453.0202682148159 616.1660549063441 521.3711721504263 0.07738060504198074
289.7290580694294 373.81441698827865 301.06804620787995 388.07535862481217 0.07735886424779892
506.7599603794108 478.6290867835989 561.2038490310499 543.1614177054149 0.07732825726270676
431.45924416401084 369.2647817131094 439.9362054875638 380.95192538834283 0.07731117308139801
68.53415490260365 301.56272148716647 96.79696721910503 335.78420672954775 0.07721125334501266
442.79231761674004 369.8428948681102 452.37344903626087 383.1244278498078 0.07706605643033981
690.1698803635544 389.65897018228287 696.4234764692916 398.54675845903705 0.077053964138031
428.1143407323218 434.7490738465234 444.5689702562583 459.8722552317909 0.0770350769162178
376.61343392682966 364.0006723908718 385.2674284562736 375.6302658849049 0.07702619582414627
147.1935590281729 299.3372651167582 161.5572325996773 317.7216534916568 0.0770195871591568
397.4615329564246 366.8257563751847 403.14501183896004 376.24380281947975 0.07699286937713623
-42.23367247755505 254.41006682712117 134.77661220347306 483.55978839695274 0.07681689411401749
359.9753380987049 367.63409975363385 366.129285821385 375.9224495832426 0.07675287127494812
647.6085583472465 297.373904870224 677.6104692384318 336.3496022205531 0.07669638097286224
615.2533580473912 320.3220229133842 640.1059371744376 358.3812752206365 0.07668427377939224
589.7664367855775 324.13327800780564 614.0572495477683 358.81701917679123 0.07651947438716888
627.5820419153547 415.2147210582232 634.9360373676026 425.4610652668936 0.07646696269512177
905.6621275717571 505.10696185008834 1191.0654842897634 835.2103334893146 0.07645052671432495
678.3152692301712 385.0725517020283 683.7899861340186 392.8912324876553 0.07638026028871536
656.0084991208784 388.33397399750703 663.0287079276666 398.2658356762309 0.07636933028697968
361.320986649548 436.22917851928605 367.98243664517173 445.6801364236954 0.07629627734422684
300.88094850985067 379.9267332755133 309.9084969036924 391.4561036055702 0.07616199553012848
678.2873873123407 389.3137949310305 686.0995863366805 400.5610433377469 0.076141856610775
588.1362465568407 367.6392261781504 598.3246107267249 380.87099115993715 0.07564341276884079
339.51194207916785 381.60024427302545 345.4178656843478 388.8707816609003 0.07557593286037445
605.9795662508952 366.5632451612605 614.2283968631941 378.18837215502504 0.0754215270280838
685.3315766881706 378.85709206260935 691.4109569669702 387.0139078507075 0.07541420310735703
596.1930871071793 351.4710341464895 608.7298247726878 368.78909775216783 0.07537128776311874
657.2680598578455 405.09259217209234 665.1801371058932 414.32798479023575 0.07514802366495132
663.5411458387956 413.44856436004767 671.6232532135784 423.59095471160697 0.07501669973134995
541.7831753490683 438.03445663854484 553.5080140049541 455.1840723558663 0.07497528195381165
629.4952318367476 345.04381854729587 638.075223540301 358.3141179962574 0.0749434232711792
1062.5062845525347 374.07702400651385 1087.2832590462667 406.6636321787418 0.07490979880094528
526.9103709334728 389.04353263505146 532.6142319377832 398.1077317200234 0.07469578832387924
392.8027675779109 496.2379063420317 447.1837370979354 559.2855865904451 0.07466845959424973
406.9200814943765 353.3549881811316 426.38788023083015 379.76663715547306 0.07464168965816498
350.7226399408731 356.26824595273536 359.9363642593239 368.27201924929426 0.07459355145692825
558.9293430042145 455.7836705663547 939.3279777155374 863.6742863132217 0.07457496225833893
369.6958387299523 442.60423894838465 375.8018322523447 451.2905064950443 0.07457312196493149
611.6321116447024 361.4666190133439 621.941557790826 376.06373544663734 0.074220210313797
531.6952902753326 435.52751497620494 545.2143604695763 454.1013630354933 0.07417371869087219
672.5189311028269 378.47329122847697 677.8579126885799 386.95621355667964 0.07416442036628723
389.17323961682905 440.2937637035767 395.9004762278408 450.7249664238572 0.07415207475423813
678.412263769905 398.06173211143044 685.9004574028736 408.2756972161989 0.07412179559469223
352.2555239059625 434.97394661257937 359.33128064164646 445.0227297700003 0.07404562085866928
563.7162667790624 363.1684052557672 574.8603223073853 377.94919662588245 0.07399262487888336
489.3801485715781 366.26221460067944 497.73093223672674 377.3099775969313 0.0737033262848854
88.23989586290972 268.62819656793374 110.34736403529185 295.74417492150263 0.07367289811372757
643.5253261223763 408.9521349462693 650.5460158748903 419.36612907128386 0.07361327111721039
478.0651367752722 280.2999412393687 536.3111838902516 343.2434204993551 0.07356292754411697
583.309744737096 438.8809549443235 623.2622048584562 487.79466757250935 0.07350768893957138
347.53337533473683 519.5836794164306 596.0090861074026 784.6788874782709 0.07335695624351501
515.8116993612434 360.4520646795912 524.348824979234 372.8447665623659 0.07334764301776886
616.838236158405 338.01416598711296 625.2087529776338 348.28510620204423 0.07322854548692703
416.1432296691662 443.3440729836252 424.1587648280857 454.80255872305327 0.07307545095682144
606.3569586240747 36.455912894961926 892.4381803643503 343.2725706139682 0.07293225079774857
669.1532276417487 412.71078642700127 675.6566825680435 420.98956456387174 0.07290584594011307
678.5943087570743 413.9869748837314 687.1202459158263 425.1008765343356 0.07270002365112305
542.1033894286569 466.62641877052823 552.3595273103555 480.57629581880644 0.07264086604118347
175.90489194104225 317.64463350499386 229.1059968841998 387.09911503839567 0.072547048330307
273.2856648727903 380.84818811982035 321.58345338123945 437.8481173062723 0.0722016915678978
-102.89019644011822 483.5877709872922 250.33573611256875 891.863603571245 0.07214666903018951
-68.2119617906007 538.7639074811741 147.1374171739764 776.4190381050242 0.0718529149889946
666.7146150023424 426.0304973553914 675.5464671660444 436.23806091990537 0.0718323215842247
599.3765796107441 364.7666631808679 608.9777830467946 379.3766253032013 0.07181823253631592
343.33496058999424 430.4195648593229 350.23162746952346 440.93420904938534 0.07164528965950012
442.82178455879534 353.96715774535477 455.9164361425368 371.6538710632788 0.07155103981494904
457.55456761432254 457.9871127360867 469.75706249137716 475.6807271516893 0.07154542207717896
648.7235084900869 354.2466383743814 655.2232918564966 363.48512542451516 0.07149548083543777
425.9052465246062 369.5204575277873 433.9061404572296 380.8500094416984 0.07137933373451233
647.3669440919281 423.8630241325513 658.3449393889608 438.31568792004884 0.0713430866599083
577.5512644565542 431.63083442456104 592.6390322838566 452.0930117942516 0.0712551549077034
669.8806664887778 360.02934828450884 677.3111158980678 370.8118377054461 0.07122010737657547
412.73674911095424 443.1266967833394 428.9749140736491 467.74802145919153 0.07113971561193466
363.6684498742925 359.58615617060144 371.165059897208 369.72573272688425 0.07109449058771133
312.2409531210572 441.48859978236544 320.01725687265895 452.0348615967408 0.0710788369178772
649.7669207977576 415.7436218489983 657.9076789567931 426.6496503791928 0.07107777893543243
565.0563457419175 305.04038393648415 622.6782637526284 372.7259302156589 0.07104574888944626
538.0611431204693 468.2977900006213 586.0477846314903 524.2045746383247 0.07087486982345581
377.06931029439966 441.8221311232985 383.41804017742106 451.09984343747647 0.07084207981824875
373.5566824393552 405.17915189671834 408.18151140132096 462.83305919723364 0.07074325531721115
395.6345902562558 355.35238345967815 408.33756010052736 373.81183361654695 0.0705089420080185
266.0172469201502 386.87202787743155 271.6826680044204 394.7129409527227 0.07048889249563217
321.5857178328607 370.83198423434396 331.30353361515773 384.13888364419233 0.0703873261809349
330.26683426026295 371.2473742397216 339.1448222538966 382.8132052113488 0.07031774520874023
404.6588370740717 302.94016614692583 448.6619848721862 358.95312600328396 0.07021437585353851
592.5560300026623 352.9946475522071 600.1773467834984 363.3395928173372 0.07014050334692001
436.0621821359582 444.841211920773 452.9703509794988 467.81028816699364 0.07012221217155457
377.8641890647655 446.23142113892834 385.8981731738692 457.7003332239361 0.06999322026968002
458.33832125386493 467.94975785652775 483.3753154754912 502.32996924143777 0.06997890770435333
641.3421553265758 342.7998661084775 648.7239599973493 353.0899769052942 0.06983920931816101
126.22936003075476 236.47318224988257 155.7017419211914 272.76184904101115 0.06974686682224274
321.68766116555645 360.6383966964741 334.88426543142225 377.7484661882204 0.0697135478258133
321.9173395165656 427.1260137369248 340.63746164219253 453.7067285153843 0.06960341334342957
1047.7659328216996 387.62394811268547 1092.2099900354485 443.8980168892538 0.0692252367734909
406.7832009205609 443.4167758537677 415.618367134624 455.5946714585994 0.06886497139930725
536.3977666198896 355.6778517117092 545.196784711098 367.8240225572355 0.06872798502445221
381.3576627505566 454.5482829905646 389.5127781967922 466.45852592653813 0.06862933188676834
437.26228264700484 302.65331941820796 495.12662379683513 363.49694781793517 0.06847399473190308
212.59001749802252 344.2204396536652 263.4954393090159 408.788315280725 0.0684119239449501
125.03268753351024 276.74610091428417 139.78618895386145 293.41555632161624 0.0683508813381195
546.9667401127786 353.61585065051855 555.617881332322 365.590429099287 0.06813552975654602
85.03967356824451 241.412749988926 109.76850933291202 272.051839386149 0.0680999681353569
357.5871417830563 441.6218346781166 364.3695228812222 451.3889059613896 0.06806479394435883
106.07341580301802 288.20464680725263 130.98205652846957 318.3520697626303 0.06777285039424896
591.8234398723479 502.23352230972995 634.5481715706871 549.4080778953236 0.0676870048046112
542.0945526611985 482.4479436702382 551.5852470300099 498.0513408399839 0.06761889159679413
466.59764038924294 461.12524832279666 474.8620386384159 472.81032979947935 0.06739644706249237
448.6963747915742 312.0037007375886 608.0105359713244 493.47028596148806 0.06718657165765762
641.504121942306 414.8274389503535 649.3478402812462 426.02179639145646 0.06718509644269943
310.17841704820916 363.54843101850383 325.5242467083601 382.6902013909294 0.0668729692697525
159.5436162744747 274.3806997949913 183.75159570284674 303.5831785368798 0.06682294607162476
66.17455014821505 215.0953696587494 94.27682452529417 251.9874732988736 0.0666423887014389
339.6725045180437 440.5899615290661 346.9077934692651 451.29184339527046 0.06651726365089417
447.3168707919913 496.61435672415706 488.7101339208861 544.6291483018721 0.06647741794586182
-24.771134724138186 -27.092345098740516 63.45638105129681 96.54081751294903 0.06632030755281448
599.569669967725 484.22927713588535 607.3060962084392 494.6881523278066 0.06629829108715057
608.1529551100291 348.8377465968126 619.6618526216639 365.0315227854125 0.06618498265743256
456.03504475553177 348.02990133353876 469.93976981840564 366.973392309274 0.06614060699939728
507.88955816661144 340.0630996799406 527.8629389701586 368.31071370121333 0.06612391024827957
557.5846159798069 351.8206043357763 566.4506971944431 363.5992527488001 0.06608030200004578
533.9550226146056 459.5982597628072 544.7842356602673 474.02499595731865 0.06603306531906128
157.32625818721715 292.18087782888364 196.109237542361 344.1529399480165 0.06592955440282822
650.7394234442347 406.40398666623275 658.6532169592507 417.21217166254075 0.06583525985479355
582.2467928304981 364.98449708431616 592.7925863045404 379.4775924358176 0.06573177129030228
117.6979503607491 458.33384031247425 125.63448365004089 468.2087315670756 0.06569036096334457
369.6351999882508 351.05511613786115 378.2050253710644 363.1647232028668 0.06548436731100082
523.4239196609014 270.82544593175055 573.6821208591376 329.17429658658716 0.06533188372850418
543.3003076991633 452.4953898402659 555.7598576422992 469.5852066453139 0.06489649415016174
419.23419003421577 349.4561443060315 432.9021310257592 368.69504070028626 0.06474637240171432
281.3138995251916 430.7536087924295 291.83705295741976 445.9768204346715 0.06462191790342331
243.42323203409978 374.5616807180778 250.62967016055785 384.7863926813117 0.06461439281702042
374.1827240200772 457.83161840208237 409.327195496707 509.1265839426959 0.06457719951868057
903.8371773687537 104.51417955084723 1120.2417681150605 374.98644384461187 0.06441646069288254
127.14181858538437 312.53591310166127 150.33013887294922 342.8611148622222 0.06421812623739243
471.6594600337661 457.55236480211374 487.5387893644954 480.933091024465 0.0641397088766098
625.7298372991357 442.24821857096083 633.5160500596907 453.2796591977333 0.06364232301712036
377.5976211844989 352.2899163658633 386.44103890252416 364.93312689620205 0.0635731965303421
1038.983353222626 381.1563833839264 1062.8783636053581 410.5038727460349 0.06356695294380188
418.905268654513 458.26170432053135 436.70078872402195 485.4822655214086 0.06339841336011887
612.8948772497829 319.5528343371952 673.3101256002416 395.9920730801214 0.06322917342185974
107.13326160942425 214.7546571662938 134.7962016314878 249.9064000578228 0.06297274678945541
525.8176451335142 355.2740914699205 535.2492297235577 368.0910832420915 0.06296596676111221
551.5804063020931 464.4501726438766 562.9680796417456 480.1548545896077 0.06242259219288826
425.9017019527322 448.35314023704495 462.5883720653803 500.3395494710922 0.062220849096775055
640.3212706672633 426.1659387801177 649.0776775690179 438.4599088533097 0.061967432498931885
332.07684487958505 441.15150663146267 340.607802965554 452.64029383151563 0.061919040977954865
157.60162889696235 231.01496735931582 189.09535758187096 273.47319710938 0.06133751943707466
628.3129217563013 383.8889744606376 638.1583180223175 398.7381112488192 0.06133212149143219
337.8525702638771 260.33131175016837 397.85070742408686 336.0460289585533 0.0610218308866024
250.7032937486459 422.5830706205908 257.8029749381115 432.4503865321064 0.06036292389035225
282.8096124294621 361.60715852657034 293.2090245449907 374.7913943949393 0.06017609313130379
305.18279977927773 364.8464158532452 315.0300529729967 377.4194120057524 0.059982653707265854
582.6595609933163 349.64118765219905 595.2723604282088 365.15775254080904 0.0599280446767807
200.71317576282334 209.8331020747798 244.35538377353254 272.7938616531396 0.05989021062850952
655.7955563327818 399.50660942445325 663.8363760117119 410.52723055526616 0.059629157185554504
548.8283089682044 507.2820014978964 597.5448276647867 563.9992859802574 0.05953742936253548
308.0689612874884 206.01612099774056 362.3425868565671 275.7518458222436 0.05931006744503975
784.8875707011671 370.74827941193246 1000.2050371897914 605.5686542194687 0.05930979922413826
282.4833597821315 -1.2632517787658124 395.5923903766879 124.63810380177422 0.059237949550151825
572.0045192520606 461.66150345141483 583.5626377940907 477.31234751467855 0.059168774634599686
386.9707484687668 346.2104865032515 396.8952741769434 361.3831388127654 0.05900407209992409
612.4581713006368 468.0334987290981 621.276552560819 479.8406974038944 0.05886602774262428
644.3959372025282 438.25640569461433 655.0197787006379 453.1806926527044 0.058850012719631195
622.4894773859394 428.07123035714386 631.8586333555913 442.1897690485138 0.0588449165225029
273.10590190355094 323.3359099742893 327.6306317070126 384.54321181463587 0.05881701037287712
263.2804500887769 357.70943811805444 274.31920769412125 371.1839288791027 0.05848728492856026
342.78740577592146 355.50872278852876 351.3941825041289 366.9913215178902 0.05837159976363182
947.7383632000987 -62.82522402823514 1132.730039233203 146.92824937267048 0.05821174755692482
322.97720941127744 442.50890972398304 331.15665833298914 453.1504481553333 0.058028049767017365
589.6174150828124 488.3235371973951 601.8444966445253 503.67798850181305 0.057933270931243896
550.8867547289683 484.96249127304037 562.4853127036504 501.2585736993899 0.05763988196849823
289.8980296244896 431.7520538003658 301.6308352669672 448.6283637130743 0.05750852823257446
396.2539831810113 239.91628162885584 474.9482984506435 328.2458901121693 0.05723504722118378
-20.330624266757805 105.38629570265823 80.79335069963821 260.9369080598735 0.05702370032668114
373.3433584917247 455.78027308325517 380.8818663091483 467.57526615672936 0.05673684552311897
351.9449930561371 449.59724740126995 359.61260018869393 460.5480434175791 0.05594634264707565
229.86861842447195 392.6004041580063 278.67985427650177 455.0047138922203 0.05585175007581711
266.03924587470806 266.0860941603246 321.5298670728828 334.11116189501615 0.05529586598277092
267.7490279099743 105.73317324605225 371.73064822343656 231.67221527673485 0.05520286411046982
548.3680702275213 342.474228264756 558.3907744789942 356.43216797527424 0.05508841946721077
233.11230635178492 174.1285991559805 290.8157409527662 248.84776261216797 0.055033255368471146
498.7124347503965 524.2630100042568 549.3942050277954 584.0767388381105 0.05498770624399185
553.5140163347597 464.9481968647629 572.5939601911289 490.51557132138737 0.05490562319755554
239.08234685118546 350.27432700974316 247.69760489427338 362.3912287977132 0.05484193190932274
466.6546790461748 343.0497448951664 477.3341021589768 356.5536062892269 0.054440733045339584
385.29180134890345 472.3477135517398 394.9926325516518 488.21579868425647 0.054408587515354156
563.211952240925 481.30061195202535 576.1643862518456 498.0457590910647 0.054028112441301346
333.2707570027572 356.23916537907127 342.7192777945445 369.33545339006645 0.05375661328434944
589.9600554978811 462.86271998040576 600.4966814602053 477.48287406972526 0.05326797068119049
185.63466214014184 262.51556806980926 228.5853789103402 320.23210977942415 0.052270881831645966
