398.5134432801736 438.9349810448219 403.9213297875694 445.86347832249504 0.974526584148407
305.21734250505585 426.4766539902555 319.20163588871594 445.893549421719 0.9701761603355408
704.0108808043344 418.4158028272656 712.0517485578896 431.4963948778951 0.9442651271820068
480.1119851410161 441.15826190750096 485.02137029335506 447.90284886839373 0.9418652653694153
369.82733037656556 439.85876827396976 376.68360518187967 447.940157642472 0.941423237323761
802.955117386698 430.56032189507243 813.4340370776015 442.77470997424587 0.9319788217544556
279.3835447544255 434.71972815605375 288.49910650930417 452.1251207754475 0.7847298383712769
464.4520670709658 441.39380658299046 468.56235852804457 447.22012191872113 0.7800269722938538
454.3662470532631 443.8390854525422 459.32089869434895 450.27418606036576 0.672950804233551
638.0883469584205 432.2018363709315 645.2241399485798 443.4749255773917 0.616244375705719
720.6655983520973 423.34592813280864 727.7772054711066 432.5260539959032 0.5413223505020142
846.7138026879516 425.0305500947451 856.0882059791696 435.3153888658032 0.5398621559143066
848.7529431310198 415.51957598954414 858.5537562192438 426.31403043475285 0.4894011318683624
750.4900348991695 436.15379336672754 761.4560741339677 448.85262774552916 0.45506739616394043
580.6216811065934 439.4105156033058 588.2389811517841 449.8604696391876 0.36395561695098877
433.0680114595057 443.956688943392 439.0282314289447 451.27977016698173 0.3182310461997986
441.7431362269749 448.95612254003714 447.0378191073837 455.07476105566235 0.31693997979164124
424.96918794677435 440.98884510878145 430.63399742598284 448.63105029777904 0.2689538300037384
414.9682715295166 432.9394142208361 420.30369694113233 440.23665946753835 0.2652125954627991
587.8678413010592 438.88311950778683 594.2331478412137 447.1572254628906 0.2514210343360901
517.0703328585591 435.7102550409689 521.6109381419898 441.4687428878127 0.243209570646286
746.0688158119893 429.4726629872638 753.0925265803821 438.91888625631174 0.23707067966461182
612.1240473753047 427.7287113265599 620.6895154932861 438.6201195984354 0.2087836116552353
753.792951503732 427.6738551947809 762.0942369243008 437.6186232567739 0.19279858469963074
392.7769695429359 439.59964245808976 397.58987968437805 445.91443590901304 0.1745941936969757
446.33321401387246 444.6078603970606 451.015909343919 450.3129488588064 0.16434235870838165
623.2010245766185 429.32813076617515 630.5457733881749 439.40277478713125 0.15634968876838684
625.5331363278301 439.2660763804989 636.4066157083045 453.19955902271914 0.1552324742078781
223.30151968471176 440.02480516208743 230.70122711573651 449.826676090907 0.1426856517791748
414.679071727892 445.27063164822334 420.41592865849975 452.8381077351306 0.1348831057548523
654.580018162062 430.7892138361972 663.6702591734522 442.8006845552592 0.12964415550231934
651.3062433422086 382.7284951402091 663.0666465801319 396.985799998973 0.1293458789587021
362.01028113040473 435.863642815168 368.1577008777197 443.8301895272482 0.12932799756526947
405.75425825044397 441.7104107958991 411.1376155102494 449.03903784790083 0.1287318915128708
643.754226647874 439.7446658300073 655.8538069891499 454.1344205273552 0.12717127799987793
573.2793588177045 289.82041041995853 614.6265237214693 342.5943444697528 0.1263429820537567
654.4833507902553 416.71208437607845 667.8355000756127 432.75372264471844 0.1229255422949791
670.3691474711203 414.9509094193599 678.5582110243276 426.148127780296 0.12250562012195587
409.5388695491895 443.9118454261592 414.94491005994934 450.8830696843554 0.12172286212444305
433.2390630676238 449.96705512469515 442.1471874022387 460.50561344222166 0.12161952257156372
423.37542908964116 449.16452049095096 429.4760806105783 456.88807113423394 0.12088941037654877
581.7290148034364 434.3147689783154 586.9628649065296 440.7807714419485 0.1207818016409874
424.8548931078425 432.58350317283015 429.5976531556923 438.91882646024294 0.12028681486845016
378.2979580443996 441.7647404527623 383.3844321632451 447.99860004626726 0.11965186148881912
450.79710579851906 441.99226323100874 454.96080463905133 447.5113270154581 0.11892087012529373
41.62130091646875 47.66993168630787 54.323550084494144 66.80016543451745 0.11868471652269363
434.62818672824113 438.82401533767273 439.3172031317823 444.6204524527509 0.1186658963561058
420.2993287350534 442.3424297582881 426.10397657130983 450.1145217061809 0.11839500069618225
420.6279391548431 457.6624690383337 426.30480126226485 465.12879716601265 0.11772352457046509
414.6016089265505 425.3442549173807 418.615966641243 430.7009500989004 0.11769530177116394
8.701840421897245 5.958354298450493 29.436993286461835 32.72343598218786 0.11734594404697418
467.2759101165638 444.77742746933546 471.8245403817152 451.3773008949951 0.11694739758968353
30.039994030800507 32.319842968458964 41.76232364872909 49.09565822894404 0.11665239930152893
634.0397811319623 410.151204710268 652.3367024683237 433.45480056791797 0.11646321415901184
647.9324669093676 431.93727453151786 657.7889956588218 444.0941228830729 0.11627192050218582
607.518130876596 434.76967365057106 615.4098287228517 445.6197964539907 0.11587207764387131
668.4555871304519 430.6675405684392 679.0227985011836 444.9498059547488 0.11558308452367783
429.4413173423318 425.80112897613196 435.4436532972096 434.01837252358337 0.11549079418182373
439.728402862031 434.3294281281931 445.8250587642789 441.7238371943596 0.11491237580776215
669.7319553107716 424.37921783892915 677.5211409323587 435.0690538382827 0.11460147798061371
42.38192671363215 19.317659160472605 58.8138474269828 42.774320706690375 0.11417566239833832
602.8652091710477 441.8645609679563 612.9458687474161 454.38334741656115 0.1136697307229042
414.4037296031559 458.83762995636636 421.4239414598093 467.6164173558532 0.11320298165082932
450.1315506996905 448.213297673057 456.46386017928677 456.41744671025253 0.11315841227769852
875.5610872565675 406.407619569432 885.1188961346855 420.4251382233061 0.11311440914869308
453.0820230746045 439.52075191059515 456.4898334655156 444.0845764807902 0.11307964473962784
410.25620676747747 455.5158624032376 415.84393271914786 463.3719100789784 0.11298529803752899
28.36105661783869 0.365535509874235 42.172921172527516 15.994459728972625 0.11269106715917587
414.1556850518488 437.19544170663227 420.74899047270463 445.80208008529934 0.11256584525108337
611.2269582660218 446.3667195055395 624.408753134302 462.9913721991687 0.11196886748075485
680.8211482668407 416.25292469447317 688.7338582923682 427.1011258778323 0.11194298416376114
614.7672671699547 436.88820966570097 624.4542014237564 449.0228347582694 0.11164369434118271
571.5786850952278 421.38186333959095 590.4264519572256 445.4197127537969 0.11095467954874039
375.0290119464605 440.27417463425485 380.5691446344698 447.06236353732 0.110908143222332
651.3330306618219 400.8363083006156 663.7084245976163 415.7435539378185 0.11069139093160629
423.25559760099736 452.4876430497396 428.52843780391584 458.90596458208796 0.11050029844045639
638.3657172036696 405.4863527146423 648.6664654565225 419.7387785030901 0.11040451377630234
729.3241147291395 421.0521698778511 735.7617153666831 429.9309941240648 0.11020149290561676
442.11966339264217 453.707113449253 451.4260110727616 465.0237503808627 0.11012175679206848
429.2071907196 455.6013342177956 437.54327161757254 465.780386746738 0.11007445305585861
630.5071439869499 428.56053616241826 638.9684136633897 439.7652190650622 0.10900269448757172
2.3235856622501423 28.340003175306965 19.48544016729903 53.19156087556241 0.1089179664850235
55.69736448542578 4.363838947717457 71.23825960764344 26.649645540384824 0.1087937206029892
459.6274134430768 457.7126305424641 465.0018610684492 465.04580517344726 0.10826939344406128
680.7913710696758 427.01301023184726 691.198062109697 440.6670412132252 0.1081622764468193
609.1848081330596 411.1709400678824 622.3293780960175 428.79615329540457 0.10810855031013489
617.3374229614076 404.4919399528533 638.0950930291632 432.3449081391767 0.10807165503501892
445.68195524081204 434.1208695442314 452.33364416478986 442.2922865036316 0.10797413438558578
417.59837627371604 438.9073363352667 423.48621220331614 446.9165501510197 0.10778159648180008
438.84918270296663 443.07243124631754 443.8709142771134 449.1456714886327 0.10761774331331253
429.0004982067647 446.1677926189766 434.9300467554193 453.6104533978369 0.10752072185277939
599.355096728069 419.0250183432748 613.1838439687575 437.4047239112098 0.10722992569208145
663.9329135798712 424.94310840837153 671.4338281833706 435.3526621756081 0.10715973377227783
625.101315770397 454.46781518140705 636.486247517823 469.1346391830872 0.10703873634338379
405.8289038073441 434.90526206289775 410.58277942321234 441.3898933353609 0.10687747597694397
-1.4052006289727696 51.562257916518554 21.81174527961142 86.67811047233741 0.10674788057804108
676.1072574579812 435.9808990827045 687.980308844908 451.59403874519455 0.10654750466346741
430.7088180801805 438.73825678862187 434.9900366175092 444.03604820006325 0.10648539662361145
673.6269445968703 401.50982028902166 683.5546774370534 413.33429265116365 0.10616888850927353
432.02147358456045 432.0927689743434 438.34340182897506 440.1933201758271 0.10608011484146118
420.1053421144196 434.3277885116161 424.91740239555105 440.69981452257343 0.1060611754655838
410.0113602596347 436.3446618788519 415.2493146067407 443.5150800574916 0.10556907206773758
665.0185557269294 404.6422630696912 679.3056061264764 421.99619199761287 0.10524847358465195
724.5855424933769 430.0502065283452 732.8994849180932 440.682816093116 0.10510990768671036
684.998787986932 417.89957907638 693.5543344575299 429.9515116189229 0.10504985600709915
663.4263034939252 432.88953354444413 671.1504900679976 443.77125095868047 0.10487222671508789
298.3410645586021 430.1876071016137 308.33523990787734 445.10783583932744 0.10479192435741425
441.5808864553171 443.28256755775936 447.0284941593654 449.7112280656417 0.10463959723711014
662.1676302007671 404.65514792795403 674.0098751189269 418.1750642986828 0.1045331060886383
463.4070105180139 448.40417165069806 469.1200273462075 456.3654497609225 0.10441888868808746
457.0754721844356 449.60028310849685 462.539123841418 456.9138323014379 0.10435188561677933
649.6436642749449 418.3373854259238 659.0494355059241 430.1357317950337 0.10431446135044098
680.6287356364238 395.3653568717333 702.5306414520896 423.103106308785 0.10414312779903412
590.3789080942244 449.29368806818604 599.63365402681 461.3999338811339 0.10387270152568817
657.6740696085818 397.8979011263339 667.4391904695677 407.56494762348746 0.10347537696361542
442.7348499370662 441.07372979374435 447.1129920671244 446.29955113579433 0.10337486863136292
409.20977349431706 432.918934660263 413.6206184974972 438.8961505525309 0.1033206358551979
472.69917873284487 445.94144694245813 477.6893202823583 453.0404536057763 0.10312388092279434
415.9573277749655 449.688641202359 422.75856581854976 458.2638597370189 0.10310790687799454
759.122384881219 436.2031558069515 768.2939581992605 447.44828741209545 0.10271747410297394
400.691401270945 457.4306121021651 408.1291426680678 467.2216096882414 0.10253646969795227
424.3604074291669 458.15461378878797 431.02217794882597 467.0341937013544 0.10247313976287842
738.5186597255721 427.69607345343724 745.8769347372488 437.5907140308088 0.10217229276895523
450.1893228098116 455.5951303394834 459.00578180123307 466.7062718305793 0.10217183083295822
586.3987105173204 410.57170996518346 605.0371245988046 435.6098856031578 0.10207603871822357
378.3333207913684 436.66239213788657 385.4857733842875 445.6059234655092 0.10192611068487167
457.9894496102692 441.4816430532517 463.1145429266712 448.4217772986573 0.10190654546022415
714.526785585128 431.28588996132254 724.0021475533288 443.73676512449117 0.1018582358956337
687.4934200742996 434.7053691403633 697.6331556224094 448.80347845723884 0.10167599469423294
832.9292425071708 425.82062124412874 841.3411590352007 437.5230775678033 0.1014527902007103
510.49533743571396 208.87678461072912 588.1306882603076 291.8759827362499 0.10120338946580887
428.0465474059418 435.7596624642199 432.69993024345587 441.9667098728226 0.10120324790477753
657.4710525798165 441.4261414727396 669.6308196615057 457.7432853657669 0.10108309239149094
730.7800028075419 432.8235833525133 738.5989689291245 442.63766227152087 0.10103626549243927
614.2671201700967 397.0604332299349 630.2638628972542 416.71873910235837 0.1009402871131897
53.86202424490289 36.894481265587615 64.63640678667171 54.35867427562351 0.10091188549995422
595.5474589765331 441.175203049789 602.8950107279517 450.5799867334503 0.10078973323106766
458.2475738947702 452.4074844041115 464.5114560092608 460.93296650824306 0.10075978934764862
436.4718760144449 432.0316664421442 441.18443335077507 438.238797806319 0.1004425510764122
21.543376790120792 62.277566867144124 38.89231034364203 90.3273129659948 0.10027071088552475
260.13763147293696 436.9625363682027 271.3463362575884 453.78346989105614 0.10000193864107132
453.5003201223591 434.3409783993678 457.5778144581418 439.83790468658253 0.0996929332613945
406.97253110645573 450.3987901280036 413.3468353387797 458.53577505971367 0.09961601346731186
735.9811150064579 420.30814019841625 743.0721818268219 429.7534871674556 0.09958149492740631
477.0996546628732 446.9923838590634 482.7489078529283 455.15739170536204 0.0995459258556366
450.8772571708128 436.7222411929081 454.53547859074996 441.4736023343008 0.09947536140680313
420.0884823027976 429.92861479388637 424.9730748990959 436.316913288397 0.09945889562368393
28.14349151601272 47.026721886781885 43.12111962418565 69.05449987285884 0.09930887073278427
696.1652411410174 416.76997717295666 705.3286228985139 429.78763680589407 0.09928871691226959
326.39394636645994 447.5833370851509 339.6396121900366 460.61629797901725 0.0990840271115303
387.7508249997697 436.096717880228 394.42680151976685 444.6363881766397 0.0990530401468277
469.2273672654887 441.1046934003427 474.48391544953677 448.3661461562621 0.0989551991224289
675.4844236583772 417.78502558801773 682.9186277247309 427.98771146351044 0.09877393394708633
666.2486620761204 386.8359901323608 679.0588058550709 401.6661993861975 0.0987454280257225
411.11814921806985 427.56262951366983 416.29183595943067 434.3605961151996 0.09867092967033386
508.137924880105 448.72197626555976 513.6323479115664 455.7189392465519 0.09855575859546661
626.2818305716132 417.11622113995764 632.440546097665 425.7146005600695 0.09852781891822815
649.0654751276355 429.78128211416396 656.9610272012816 439.8377236210372 0.09794522076845169
684.6824572934502 294.71271273235106 974.7601477418592 632.3875922309848 0.09792551398277283
585.9224310927009 432.94335939533516 591.0363028050822 439.74888613225545 0.09775801748037338
404.1430402762381 448.3819099805774 409.0055495715635 454.54187163919875 0.09751702100038528
393.39474570570536 444.03140026532 399.2764527649816 452.1269576409145 0.09749975055456161
586.2215010646215 444.7263950598337 593.6825850218146 454.4813567563165 0.0973346158862114
458.36922782867583 439.02751819568783 463.08529962607906 445.55913226316153 0.09722206741571426
647.6027443119746 401.14411219927524 655.1277742593578 410.36205887061385 0.09720589965581894
585.0069999792944 311.55807263343587 588.7812619840157 316.3717978816866 0.09703251719474792
605.682536518934 426.2757568281616 612.6154340449464 436.15424505200235 0.09696339815855026
469.1930797378468 447.7287071235022 474.7029411123704 455.55542142383047 0.09681343287229538
251.48826485905852 446.5176471629254 262.9293758625658 463.16900826475677 0.09678777307271957
597.5023190586879 433.24295145082135 603.4106839804103 441.1493972529678 0.09670823067426682
679.5510397986166 450.0207844377062 692.0335582895698 466.8133615090887 0.09661760181188583
399.9131401251192 442.8907362305223 407.1968450768806 452.6813537186316 0.09658221155405045
736.4519574753408 435.0042230928821 744.8569673858261 446.1670631580183 0.09652671962976456
684.6333044918288 386.8952418547495 698.1296923359281 402.6232627293183 0.09640496969223022
606.3482281277105 387.7331028939765 622.9102166650664 408.4871601140333 0.09633346647024155
439.3399688359605 425.8651018402025 446.0803875429011 434.32638363015263 0.09631188958883286
632.3942392599923 395.0264527637118 647.8883873179954 414.94068612395796 0.09625913202762604
640.1182870273296 385.0469228912001 651.5392459070034 399.43456998041574 0.0961502343416214
54.24991356979195 56.901411133126786 70.41090178378148 82.09381113287492 0.09611020982265472
608.5781595970892 423.70466828772214 615.2506450647429 433.42396944163767 0.09601030498743057
679.945570569032 49.39475985086507 921.1850590455297 309.8510087032506 0.09597115218639374
663.8345068847045 415.80203526960526 671.7996842718453 426.28656644269734 0.09594753384590149
581.1315842715987 407.41029518037493 594.2128924282498 422.37705787878525 0.09592396020889282
600.3597707176177 437.4059445536773 607.1778985477027 446.49384979204405 0.09588854759931564
19.820228258893152 -4.140930440692327 64.84228860412787 50.536439567977595 0.09574708342552185
642.5433605569439 414.6680067437082 650.5215523706336 425.3579223345439 0.09562370181083679
594.7426276869712 453.59081447566484 612.0966111196201 476.8616070899909 0.09557023644447327
647.5009804575245 368.66037982857944 660.456165486957 383.8242792848277 0.09546113014221191
400.1400012010324 432.5416945408811 406.6677300793635 441.2236599895013 0.09534729272127151
629.0027594420417 394.8159443469562 639.3722111633145 408.95253145713434 0.09534107148647308
812.0219701671989 427.70125423324737 819.1978705433547 437.97841066514565 0.0953395888209343
28.249856563598 10.590586858194259 81.20508983896649 91.14245851620421 0.09532585740089417
640.128456714107 450.6204341484482 658.177616234569 473.26812621100817 0.09532458335161209
752.3478132110863 448.7743516169836 764.3824800004935 461.818142779252 0.09499945491552353
591.6906975791741 435.2846539963524 600.0236595941227 445.8471176657897 0.09498665481805801
734.7393755765947 441.65996010696597 743.1258132604253 452.2202390242565 0.09480041265487671
720.1765576399995 414.75287046897586 727.9568646373399 425.0966781584681 0.09463929384946823
692.0218203813527 424.15362628190246 702.3971477522028 438.19528089940826 0.09457218647003174
431.97948349520243 463.93522772138294 440.8012280796435 474.85831747843275 0.09440145641565323
846.3710580937484 432.6681120377367 856.548602476053 445.840756916986 0.0943988785147667
315.7411807176463 439.8895036991064 330.1198145205216 457.663577845889 0.09432657808065414
408.87292144035 463.5238804585457 416.61768989581896 473.56667317978986 0.09432434290647507
879.6264375324007 425.4273515989442 886.6242598920007 435.1201324328652 0.09412962943315506
860.7216969190544 425.8147679613802 868.1387084967429 435.14168580070634 0.0941067710518837
619.5127265352486 421.9248138530245 626.4373336725286 431.3023610918471 0.09405335783958435
287.03307759246337 437.308382651051 298.60136520134034 454.88724999826246 0.09395520389080048
442.95962916486206 424.3901575658886 446.90825073382365 429.6357871514516 0.09389214962720871
559.0834371721013 421.39179042395625 568.4828415487013 435.6123730017788 0.09382572770118713
749.6787468313033 422.88551050536626 757.7845674505215 432.45634169755334 0.09380505979061127
584.8301983530355 453.07197570663317 591.2041077924422 461.48296981606126 0.0937604159116745
689.826253801145 441.05843519972984 705.2286022182624 461.52300713939735 0.09376025944948196
587.5031675051323 420.7551055020092 594.864017343433 430.59874793991077 0.09371303766965866
643.4371238617799 398.8856756891163 651.3707309420641 407.8929423770155 0.09370644390583038
322.26453671991936 461.19512589464597 341.89012698420413 484.57802828560784 0.09359650313854218
711.3176257485854 421.989079479565 719.4998742981888 433.19298527137096 0.09352857619524002
635.3520487619081 423.2914770602531 642.1257118678116 433.4706566890647 0.09350753575563431
381.2156146120304 439.2085217897163 388.62494475886376 448.73536036957836 0.09349866956472397
643.9574640361656 421.4150417220883 650.6391672925525 430.50116322497337 0.09342390298843384
397.637043286874 429.71083764017243 402.0024279869092 435.2893373777986 0.09341776371002197
355.3275809277879 433.36446850942264 363.27273537244577 443.35544571308685 0.09341102838516235
402.1694138200236 468.67877567319783 409.7332926939539 478.95189654607304 0.0933871939778328
727.6036159112988 439.2791296562286 737.5753055907376 452.15569960463745 0.0933544859290123
561.2474747804453 436.6770126933337 573.0875818360397 452.097641138082 0.09322149306535721
13.861423042241672 39.8295234787391 28.84685729346091 62.38062917963406 0.09321064502000809
744.4025622516734 445.46459706927044 754.5589120243809 458.15823532085477 0.09318457543849945
715.5303085205217 412.5050987728953 722.5366113880891 422.1576846806091 0.09313294291496277
581.2113935351326 385.76231085053615 602.4250149192507 412.4675580485116 0.09307654947042465
761.9070583555729 429.3721486165105 770.6944114357314 441.0598535749568 0.09293040633201599
598.5949859789101 447.1403439664232 608.1060998934655 459.7967470121155 0.09290185570716858
795.1119879262716 432.36319255865817 803.4131820352864 444.3304737114205 0.0927523747086525
677.892820321575 387.0731239407319 688.01553131949 398.692281625225 0.09274130314588547
364.0518732223928 436.2070938248045 370.562263038086 444.48581569200974 0.09265754371881485
593.7906361213267 426.30709266632596 598.8328561789891 434.0094702303847 0.09248194843530655
27.81731653845742 33.147893971077124 36.03103811045674 45.80965357036404 0.09245190024375916
668.395965195719 441.9999497017571 684.7271547786328 463.3943703715393 0.09241969138383865
574.762951542077 368.5085560161815 590.4763926067286 387.6752179281391 0.09212053567171097
409.0810712967099 425.0060831305456 413.47216402258977 430.9699047522036 0.09209681302309036
648.4350662220579 393.9418564097318 655.4327577949688 402.4612734589439 0.09209400415420532
589.6768333012716 431.6371985618891 595.0424890318811 438.58376782794073 0.09203007072210312
424.8604681896947 425.3092061900201 429.79405415738916 432.1378875929442 0.09183899313211441
660.1655467311091 454.7050993696215 675.4392823999458 475.7488563789198 0.09181907027959824
638.1956884583532 372.67449660982584 653.7840320394927 391.9754669480348 0.09177090972661972
582.7549682568525 318.8792566024733 594.14753596121 333.49290761837864 0.09176839143037796
633.3277695891653 369.96115489860864 644.3516719772372 384.4724510676129 0.09158764034509659
626.8941677553006 423.14584318390655 633.590369615383 432.252248989023 0.09153275191783905
466.9204990625526 452.8651868063597 472.39448790829863 460.48667671996003 0.09152505546808243
377.58524700983014 426.75412589874173 386.9368700340201 437.70754037741375 0.09146908670663834
394.1466796584516 434.3053342738004 400.0399722716679 441.97322919219937 0.09139992296695709
389.5574228257385 451.82558688725163 398.9408500945897 464.0718703677433 0.09138637781143188
418.46635478344393 424.55276585570834 424.144099674462 431.7856979875406 0.09121932834386826
714.122697668116 419.11519476838566 721.513674811355 429.9547063847778 0.09120018780231476
573.1776168075106 439.3509738760379 580.6834423176846 449.3162127015272 0.09119180589914322
654.114801194803 391.19147858145664 678.3392800984358 420.01948140779024 0.09119061380624771
578.6701878746212 424.02617029852837 585.914494035136 433.8665852285005 0.09101534634828568
457.2149979419328 435.52071110534695 461.24291594811547 440.9592752033164 0.0909913182258606
619.1569493454448 371.18962858252615 638.6379821806179 395.0524105849991 0.09097990393638611
823.0225126842198 429.3134524432806 832.904466795906 442.6658708860076 0.0909360870718956
595.4194278110837 396.3377907277634 607.3127677324755 412.69220843323785 0.09076697379350662
683.3261553848557 400.71982816164837 693.025686001399 411.47422897162477 0.09062118083238602
772.0099699791547 340.2351234557313 817.6547131198573 393.4972008885748 0.09059955924749374
742.3013787534953 436.6750854758042 750.443373429329 447.80781973970267 0.09056831151247025
420.0498450015608 465.66746235165203 428.7215482606326 477.36563707863115 0.09048057347536087
869.0788530747697 415.66966813358425 878.3296128704811 428.00161224247313 0.0904749184846878
44.3096468133671 21.20753451996073 51.41898170817141 31.957892441646724 0.09045801311731339
471.8509497063333 435.4943819376661 477.7788213344143 443.74439269436766 0.09045567363500595
631.8786638071857 416.28908779226686 639.4283643094672 426.82675993288336 0.09040027856826782
452.54922549790535 429.28286917072774 456.84102443995255 435.0466518147131 0.09028514474630356
590.8638334430121 429.3857085030405 595.2142872760605 434.72987251095844 0.09020822495222092
438.28271760255126 463.5991790515112 449.0366090878466 477.0748724857185 0.09016717225313187
541.8043671615453 374.1296009139923 570.2354416475421 405.78740444334807 0.09013650566339493
25.086716504313312 17.9621859059746 33.56957961921984 30.482078517278527 0.09010739624500275
389.34901504496514 445.5338060836875 394.9919002490437 453.0034934275971 0.09008904546499252
484.41167516727484 447.0287684706552 490.2853234205813 455.33612556298374 0.09004542976617813
396.8185830464431 421.589494259233 404.8453881220279 431.13750305500906 0.09003838896751404
689.9039365179228 413.7023519197686 698.8823443767358 425.87289345353133 0.09001269936561584
631.9632989366003 391.5082282900846 638.8277682275098 400.84607210237937 0.08994381874799728
446.3893514746914 427.9304549501321 450.2246962284815 432.9526634332764 0.08994344621896744
627.9300833258485 408.6429090173664 635.3920043423703 419.57379007929546 0.08991726487874985
666.9031167744743 367.5092081584207 683.1836517070608 385.1353759405462 0.08977625519037247
461.72953882676643 436.07830221044327 465.6639085957662 441.4858702157932 0.08972281217575073
726.5063087619885 452.7778863034146 742.4366702826195 474.0786362025323 0.08961914479732513
707.0313148001884 442.803379169745 719.7729860460967 459.60228641554596 0.0894581750035286
784.629001420646 432.4682931542692 793.1783146598651 444.96961054650166 0.08945250511169434
398.6293349964393 451.34917040192045 404.8604391753955 459.8065679180391 0.08944918215274811
719.7072143382833 402.2339326490193 757.2801846302004 447.72158051137 0.08939461410045624
7.2005319164979555 19.628666942541827 13.569466819664093 27.314536999312928 0.0891508162021637
599.6493940154014 383.3746436468086 610.6575454822877 397.5510128668279 0.08887924253940582
683.3461403778509 371.7149602131106 696.9347221438453 385.4587702855682 0.08883444964885712
587.7205589533646 359.63154599994465 606.6823197941656 383.13732316450313 0.08882512152194977
726.9912655129789 412.0972069259311 734.262185849371 421.7222763683443 0.08881639689207077
976.115506315757 250.62768687313556 1019.6209274827543 309.1700377098867 0.08876673132181168
334.0859013593382 463.226728647611 344.97545964812645 475.81432146041135 0.08873780071735382
781.617163394007 191.22150844103373 810.2952809648891 220.9680627451214 0.08871160447597504
475.1376833456925 434.1874082615931 480.53913784156555 441.49620072842345 0.08866298198699951
855.2965526463493 409.03542600456296 862.9840751060827 419.13701739885533 0.08859068155288696
617.7798492966001 461.1525691912735 628.8062292211791 475.42283437686194 0.08855268359184265
626.8666768538745 338.1662962724281 641.4641951813489 357.18754636437376 0.0884806215763092
649.5881925498794 408.25898148549123 658.0135079067254 419.3932680838993 0.08844732493162155
586.228823488761 384.49152871177085 601.0125283186889 400.143863486146 0.08843544125556946
697.8253319716201 389.27815137516905 721.537723954859 420.8492010415136 0.08840792626142502
646.8632892394373 385.582072437471 702.7692643936268 460.01333902689004 0.08820084482431412
897.4302925936478 374.0019622332172 938.5291504389614 425.0074309352078 0.0881139263510704
351.9452922880988 440.0460237245027 360.6302721931942 450.9236949080728 0.08804076910018921
807.6661842165013 439.38811703614834 818.674926102692 454.4872272758148 0.08797962963581085
567.5790709932437 407.3535594299249 577.7248566885947 419.8691294682717 0.0878983810544014
347.43425203945526 429.27550706285905 358.4529814496613 442.20861594148533 0.08789298683404922
771.9409775446738 432.82269162442634 780.5355892422795 444.72505144263454 0.0878177136182785
763.0774355144476 443.25370578999815 773.0644357666545 456.92543682577593 0.08780865371227264
310.3429189474692 444.5173212071063 319.0733594898183 456.40323450843385 0.08776066452264786
798.5502467522169 441.0249811839308 809.2373513279259 455.63965773802477 0.08768067508935928
854.9080619823239 428.902001443179 863.6183287263995 439.6173694267432 0.08764651417732239
297.58208717214603 405.5627559803639 314.86857769270944 428.3463460491285 0.08764027804136276
410.7443890831752 419.3999502095385 415.41040745528306 425.56093070881514 0.08762911707162857
581.3612464945454 457.653890251548 590.4461150583943 469.60280295409194 0.08757980167865753
268.4148880468418 434.98120005455075 280.3244256426075 451.2368667390334 0.08752050995826721
514.1071576121344 440.7143980673732 519.7917482311582 448.17458369877914 0.08738600462675095
381.428022818521 445.2603943546423 388.3528540172576 453.9699164678766 0.08733315765857697
590.7834757145401 339.8538401517788 605.038855100832 359.2153872156239 0.08727996796369553
741.2860858534376 422.87145915296855 747.7381337368411 431.19848787513837 0.08715111017227173
936.4473201768926 415.2411652872158 942.7532204564711 424.3833007251021 0.0870630145072937
627.30352325988 386.6312926136371 636.6273925045749 399.1275962555506 0.08699534088373184
494.46931114433227 442.31728193339444 500.6876281990659 451.19378606661576 0.08695448935031891
461.28259361782654 441.96693225816415 467.304173153791 450.23553116213986 0.08691681176424026
63.87319558377776 -7.003865684186816 86.95230994209174 19.352477229984075 0.08685734122991562
257.7186315644933 427.71985327151856 266.59259375086805 440.85622874376975 0.08682393282651901
697.5087658251545 428.8457549886498 707.964139961972 443.7456731818201 0.08680132031440735
390.55556317015737 430.13101813557745 396.1680864048217 436.99934140720865 0.08677457273006439
705.1881846180582 404.2674701018664 713.465851645177 415.3080471782662 0.08674146980047226
281.8486313890382 449.0968448217597 292.42939457359824 467.1052184661344 0.08668932318687439
668.7093857688044 449.62035919074566 682.0333158738617 470.2904848653298 0.08667479455471039
734.0786865540462 406.92802381473194 742.0916527520033 418.67917648002816 0.08662908524274826
652.934840488505 361.8074013747808 665.7660314111926 375.5754781343477 0.08659067004919052
860.0879227621075 417.17961549734736 867.7131336193783 427.2544439910941 0.08654619008302689
837.916867590173 377.7733943101091 866.3899894659339 415.72264155933226 0.08653134107589722
473.75713833015453 431.70206181064236 477.7320165626845 437.3987312691132 0.08648838102817535
717.4145299394487 442.36387280766536 728.6628715545904 457.5344946823324 0.08646748960018158
884.0148649247764 413.9544750463894 892.9045618961356 426.6090711223131 0.08635032922029495
494.31707625160976 459.90835442720964 499.7482538926282 467.3015888236208 0.08628546446561813
870.3345344665878 426.8245266388152 878.0454524964836 437.1551074301803 0.08617184311151505
956.4138312834533 396.5748322899202 960.9426822611495 402.2737422385716 0.08616722375154495
688.2969552429006 209.28881945293736 763.4510775356183 290.7865616222266 0.08615756779909134
365.7383959510798 446.5180986464289 373.3134758243655 457.07890252222313 0.08611235022544861
640.9784125676748 361.61194585127464 652.180207784721 375.002838667509 0.08603256940841675
403.7199009121052 427.6174172200419 408.1819279464029 433.4183459052766 0.08601587265729904
474.44931555934454 440.79298482928453 479.72069500262603 448.13962245978047 0.08597403764724731
587.4656791969676 333.0636613058385 626.0790240651742 380.0696215491963 0.08594674617052078
602.6415297716529 259.19213823492413 646.8478773457209 313.5508352177961 0.0859445109963417
401.26375644033584 464.43742682727606 407.77630384868525 473.92531220709907 0.08593690395355225
608.3400552171618 374.90220234716094 619.9202040743758 388.8409480105754 0.08592621982097626
944.0243107987976 416.082021531325 950.4477972561368 424.75698706661984 0.08592255413532257
647.5928510902557 450.1790386482849 659.7171723276239 464.6060128021422 0.08580401539802551
385.80020345764194 423.38336839460186 395.0498635401011 434.11717007338365 0.08572088181972504
694.2394718973459 460.80447609140833 704.2302909864111 475.17173873461707 0.08571977913379669
457.6976447943051 464.80852870262214 462.9660586472624 471.77685645384395 0.08562823385000229
316.22512093479787 408.43249384949786 330.2300699213263 426.95477975778704 0.08550749719142914
309.9429199007111 463.10802407191045 319.4771511821717 475.0909534811694 0.08546031266450882
453.4342968625594 468.45131957910337 464.2807092997248 482.8045470731981 0.08544723689556122
864.322244354547 397.4524736028425 891.2266364693368 430.4099102371606 0.08542994409799576
621.9880850622803 355.9838191616901 637.4801086232205 375.97517612379727 0.08540202677249908
594.9370728199743 404.3657180975695 603.4599315960396 414.6205696704595 0.0853668749332428
922.2418551374559 407.1572391085706 928.7246467028934 416.4925642309422 0.08531153202056885
494.7135697707454 435.3867950273031 499.6508724665912 442.57329710726475 0.08523768186569214
523.4216056861563 297.0357537568889 575.2545774600911 357.2755160081463 0.08522158861160278
435.1182151014802 458.9135211029099 442.0050865087892 466.91081160632035 0.0851449966430664
448.9447314287525 423.5492771431842 455.5881013693921 431.8231998407481 0.08501531183719635
468.736557741963 458.2908491315792 475.2772665067603 467.5517654590217 0.08495359122753143
565.2583359396166 398.63526859813857 586.7697041480327 426.3041912989247 0.08490064740180969
785.0070615365895 445.77396926974274 792.6670012420985 457.1155076457194 0.08488687127828598
624.1224494227549 471.04264224297003 639.063138145371 492.01007988980535 0.08487508445978165
383.1390173730973 452.7430981200497 390.4099453072252 461.95922238551657 0.08482176065444946
698.2280606240303 409.30472278786164 706.3217947811537 420.4568277373079 0.08475308120250702
593.1732817575515 412.4127572407675 601.542566155137 424.23137028980676 0.08470900356769562
490.44975452366015 448.2908471797123 496.1985080740653 456.32811907960485 0.0846703052520752
462.31352771794405 462.72367163120555 467.3807339034369 469.69337238813694 0.0846494808793068
328.44391234294875 424.2264047302711 339.0630626225554 438.95636062962325 0.08464432507753372
620.5261561120644 409.89856127320223 628.3877021224589 420.9878342026589 0.08463405817747116
12.52533427433137 0.5280624054529401 21.491145710761838 12.407760353336622 0.08462747186422348
579.3288667703765 430.0235017014817 584.898141403368 437.1854996758371 0.0845971554517746
815.1944924824405 435.41393991232815 824.368674288459 447.843860704801 0.08458321541547775
460.96504439983056 430.5982464500158 465.76400638284895 437.2984744520638 0.0845535546541214
715.4107946024843 403.569883472449 723.0936978791559 414.2190702133918 0.08454018086194992
270.29116096285316 425.3202132982528 281.7675209290893 441.40443728049866 0.084515780210495
839.15719786217 414.01838498263686 847.185135619102 424.25076541954166 0.08436930179595947
952.8783565345069 381.72712212671814 957.9761942115937 388.30635327165317 0.08432474732398987
347.03161744821796 441.1076809843068 358.20459337125976 453.22413076857424 0.0842965841293335
445.3584164099971 462.43942817328195 454.61977662051913 474.30745930418277 0.08428515493869781
915.6480387372686 401.9119952449468 926.971221953467 418.1757608449922 0.08427777886390686
38.37411068798927 34.88617140223091 45.64735523526555 46.56129197001412 0.0842687115073204
621.0186361916415 388.9377032010514 629.7420799197066 400.88242496519894 0.08422128856182098
367.2986023412477 464.9466968162396 374.9953588060943 474.94548503251605 0.08421619981527328
519.2788170035736 423.22719628149554 525.4779951625037 432.03518430280747 0.08421288430690765
672.640387036073 379.1372332610792 683.9332905621667 392.41355550657505 0.08419323712587357
318.6552828497021 425.4952240425635 332.74751032082503 443.3253974859328 0.08417687565088272
565.5721758738658 422.97241209462743 576.0158896198351 436.8771651243174 0.08415914326906204
436.12846994687845 425.1123090123048 441.3120053427571 431.842043183482 0.08415671437978745
886.8843968974597 403.31295318965965 896.7533512281469 417.37007759176066 0.08415234833955765
744.2299565321738 417.9276136635991 752.4083715956724 428.50167327319764 0.08406516909599304
584.5156027845854 449.8753056630641 635.1403888939058 511.4771948902978 0.08405841886997223
835.626856344117 434.866219815998 845.6027887244154 449.18572350399575 0.08405691385269165
254.09325969301509 407.1571251615012 279.99082632742324 446.5220324515445 0.08405564725399017
646.9188690357996 352.91318355112935 661.3253921024393 369.4072296878788 0.08405067026615143
290.708239702466 466.99432972502245 298.72838555749604 477.4389143892963 0.08403446525335312
740.3813032608666 411.6843415915128 747.9806968268173 422.26070253517366 0.08400771766901016
468.6045221093345 463.29199800212683 474.00415585293024 470.8027769440752 0.08395735919475555
466.4178276237578 432.53448949338144 472.408588603959 440.59779444414534 0.08394873887300491
859.1799568614683 435.40169707073017 867.2024338238276 445.267832862448 0.08391512930393219
35.27061612176997 65.80214973014975 50.211523399421196 89.07583240395063 0.08391109853982925
852.8327346063522 324.8046962059897 912.9502175752139 395.189376853974 0.08383498340845108
415.1628588437348 420.8840504897253 418.96533517553496 425.9375699561419 0.08382653445005417
421.3967100710638 420.7934869766097 427.584939553862 428.59867432346743 0.08381251245737076
523.1368059842404 426.27133829496876 543.8974032129964 448.7817148803121 0.08378247171640396
587.2177882560098 457.969534915618 597.2937314538405 471.49149234960925 0.08378078043460846
613.6118738401022 416.76931085671123 656.2042980327376 470.86299102253486 0.08359468728303909
546.616380683968 396.9982687177117 577.0435116398511 432.2101573140269 0.08354339748620987
576.7180666109012 448.1500706859274 585.5024549181828 460.0248777764489 0.08352509140968323
452.21507013036853 463.42205634916974 459.24863977430016 472.6063026373736 0.08346768468618393
682.5642099030696 409.55940672387163 689.3187113736246 417.506276062586 0.08346419036388397
281.72172650252406 413.50373537109124 296.97183394459597 434.8580316579663 0.08341039717197418
297.3622968403882 446.179784581598 310.23501502767465 464.1421297530175 0.0833703950047493
427.80909071019414 461.32348487252074 434.5562897502786 470.16564292180294 0.08336282521486282
563.1496151534845 447.4675827606901 576.6155188259838 464.03892728220706 0.0833287388086319
935.2652334853874 404.04907125437416 941.1137674796508 412.43665534399884 0.08319426327943802
534.7010110282032 430.51475340402476 559.7748501305704 458.1357746774928 0.08317812532186508
476.51821817879517 458.96718843971405 482.32697354579517 467.53247220795765 0.08317366987466812
772.7344272288005 468.85493212015103 781.0166922874539 481.536424911539 0.08316934108734131
492.0130781397611 441.5225039849102 496.9554639457775 448.34558679922526 0.08315905928611755
876.0778763733443 417.45697433591454 882.828809376917 427.31358992105027 0.08311270922422409
601.3835075678178 410.9175206213307 610.0908618029881 422.82094886350336 0.08301616460084915
534.571915482167 404.4704841546968 558.1918985909294 432.1411018505006 0.08297169953584671
426.7033929067847 469.6008255068003 437.13478433117837 482.71051307306885 0.0829438641667366
438.68603889919945 421.5348263302745 444.5581535580399 428.92404549369695 0.08290020376443863
333.8630333061226 428.0997287982287 347.1775429384455 443.92455067144255 0.08289916068315506
473.43760406115547 454.1768566210651 478.99028163915193 462.14030169650937 0.0828918069601059
589.537207423733 410.75383355836453 595.516995698701 419.20599338611123 0.08288481831550598
706.0594962285243 431.64020291002663 716.1153553704671 445.4186747759636 0.08288159966468811
636.8617182643717 445.32064171828995 646.3113221242219 458.85533850528867 0.08283739537000656
659.7957391766894 379.07805912995343 669.8012234871951 390.90723005529566 0.0827634185552597
567.0504704154644 415.852948373368 578.9506339933057 431.52016376213555 0.08274770528078079
481.010276363944 449.04343725349094 485.96134331428607 456.0905645890398 0.08274003863334656
465.545810705067 465.4361225148274 470.87959699386937 472.67570196639406 0.08271124958992004
799.8778829439246 339.92671789959235 835.5090636518743 383.7934067476068 0.0826951116323471
896.1661064940649 404.52531331515644 905.8402855113541 419.1655873380886 0.08268992602825165
633.7522479267084 458.62815189022064 649.423931094722 478.71619632245756 0.08265257626771927
841.2681729252583 421.6912799353072 848.4411821202448 431.42783986241244 0.08257494866847992
385.18952342819523 463.95770648886815 391.41899137694713 471.96493517125054 0.08256524801254272
707.8780781651625 410.52990999114314 716.0076891054645 421.6052615045004 0.08255934715270996
480.61124804364994 454.1363066323212 486.84628098363737 462.78899670416683 0.08253715187311172
452.61347866232745 419.66960300768477 462.0810768457107 431.0170721802994 0.08238633722066879
962.018011750845 409.5771360446236 970.508197555625 422.12749867340614 0.08236125856637955
803.541799594295 470.4233179631893 814.861694012445 482.5096788808255 0.08230753988027573
290.5420912477905 425.9544092783734 298.15788620627984 439.3238237751984 0.0822361633181572
956.360837365283 402.96105034949693 965.211668986709 415.1053649500222 0.08223173767328262
855.3425597932436 399.04693226710594 863.7543021981763 409.99015554272154 0.0821637436747551
932.9250834976251 409.9509500682506 940.9813006844855 421.28030773159605 0.08206591010093689
457.46369511022954 426.6225524877545 463.1159704020785 434.3989840475058 0.08206134289503098
50.04165212675424 50.65617230091557 57.68744311390543 62.64596906833321 0.08205223828554153
701.4222097935493 388.87900129959735 713.5974070908037 405.32170509601957 0.08199892193078995
486.29018556067535 436.20360868498506 492.429689419925 444.8557145526274 0.08197005093097687
427.0443165127301 414.8772946216449 437.9114853930651 427.4960387258433 0.08189571648836136
566.5707770575308 382.2768191906605 581.1637961059953 399.89999575963196 0.08182555437088013
924.0030145648356 418.56187143025073 930.8004531187245 428.5680183329283 0.08159150928258896
358.0697004127237 442.25720666506766 365.0590737808698 451.05256670225 0.08157845586538315
405.3343875801144 420.094833265803 410.8514588002995 427.10961112921484 0.08155475556850433
22.805400612653642 8.947500507426373 29.11135858968478 16.78220167096456 0.08148406445980072
816.624080184298 419.54444999563873 825.6075208251178 431.33083318324987 0.08140425384044647
488.40148105052754 453.5063150475822 494.2434216795294 461.5435825866103 0.08138545602560043
603.9134337335757 338.45834829080013 618.2726829718086 357.6391477605378 0.08138494938611984
362.4840975074279 424.6250516930424 372.7091744415191 436.9101482221786 0.08135734498500824
700.45135599942 457.79060070602253 711.9239317837641 473.6753298841743 0.0813274160027504
476.1587664704889 428.1119264578301 480.63580016606426 434.5246598852134 0.0813039243221283
596.380841563113 464.63194224878856 606.8621433399755 479.04076996802996 0.08129801601171494
321.8008264144791 401.0593954994612 330.2064156575655 413.05830436114974 0.08122433722019196
757.7913364963597 398.0293981482137 809.3110748708348 458.3375042290384 0.08112660050392151
337.66257418989534 419.9239599262807 350.5351267751392 436.52412510084855 0.08111757785081863
569.001187507543 350.6320067028453 587.8700014470987 376.94973450312165 0.0810590609908104
863.8323417210979 404.7631537810952 872.9970565778796 417.5638522258768 0.08105241507291794
589.5463237261612 468.63114314024295 612.503935569859 499.2401759566035 0.0810147076845169
643.3469117606711 428.74171439519944 650.6308076740017 438.7271906366555 0.08092313259840012
43.62489488679522 -3.8803600306952797 59.383887958864655 13.500489542271765 0.08089535683393478
375.79781443847816 463.91317668008367 382.8859438811488 473.0615316878207 0.08081825077533722
263.3254403951832 456.52980843664693 279.09115193407047 477.356688486387 0.08081784099340439
367.6429157272811 442.7528405087359 390.96297441622096 470.3289886065267 0.08072824776172638
664.9600036283747 465.795587715554 673.3011846510808 478.91781055938293 0.08070634305477142
875.5442039958266 435.10617868855843 883.1887479542644 445.9843932002797 0.08069693297147751
723.2686592280571 401.73683603599926 733.5867026760505 415.1167956825342 0.08060885965824127
16.102166407629966 16.50948676227212 23.37034947757694 26.673557121185734 0.08056548237800598
678.5083946714384 457.59296033292924 695.1297265054832 479.06943574229336 0.08054501563310623
290.3938519730996 460.46986327927 306.559461281295 481.3591069379841 0.08052204549312592
756.3448533379138 418.1053830363424 763.8624121531727 428.66917115112625 0.0805196762084961
282.95199702210044 386.3461357958879 304.18974967560587 417.81905601981305 0.08043517172336578
626.2365592951834 403.34562446257723 630.674905745822 410.68169226609257 0.08029765635728836
512.3860305406814 436.8816255164346 517.0002117422981 442.83420349894084 0.08028319478034973
631.6133466410683 381.40355735785016 638.1653805074042 391.0434397586601 0.08026152849197388
562.1734877438751 414.32011647611074 568.2251926909429 423.0851276183594 0.08025062084197998
368.8960723955638 424.9515672715102 380.00450481047426 438.1413908219852 0.08013395220041275
823.442610363539 444.74868978687863 833.3443878238202 457.361612131743 0.08008039742708206
931.5539306264026 425.7775967614002 939.3252892536169 436.313734638126 0.08002260327339172
951.623163422167 398.26160926491946 958.6119302069785 407.6263509766421 0.07988590747117996
272.1821674312432 449.11037044136197 285.1814952010679 466.7381066540724 0.07976346462965012
562.5758196279244 367.0265387481576 609.2219706999715 414.41660408346826 0.07974226772785187
342.66797092548035 411.4347954216389 361.22979490257313 433.02049264099196 0.07969553023576736
904.810278871721 404.0655978416214 915.625852093979 420.15110228675775 0.07966547459363937
353.66777067802315 452.52405313122756 367.4861565986119 468.88505639545014 0.07965656369924545
232.61590221762933 406.497643617695 263.34164245883846 450.5100149585847 0.07959781587123871
919.6095033124291 392.8552953658796 926.7123197775132 402.5376260727917 0.07958447188138962
338.010334998311 440.4043356964325 355.309579755352 460.88971170765814 0.07958244532346725
334.49661717927563 410.52408553247164 349.480966460779 429.0797805616575 0.07956261187791824
945.4656924238176 431.1531527219438 951.7281188532197 439.52850711391187 0.07938827574253082
853.4928447598428 332.8743799169535 891.5380826662415 379.31013142416367 0.07934226840734482
-0.061481729385729864 40.355455554327754 19.311144345801623 71.34004703720454 0.07931523770093918
767.0429195892193 455.25267516447997 775.3771370752272 467.8981830289833 0.07922268658876419
540.2905057269854 350.6756332583367 573.9870536134375 390.3810989419067 0.07920879870653152
789.442493940943 432.3671518252506 797.3487150324506 444.46430252220995 0.07919071614742279
715.0868450266355 452.5720681203412 725.4394282095077 466.12727209169003 0.07917433977127075
831.9242638181714 452.1790509219112 840.3544904101332 463.2202970477585 0.07915889471769333
883.4809082319357 433.4666234135475 891.6034980929207 444.70276944342635 0.0791587084531784
662.794935521919 351.61510518562284 675.7835733156746 366.707359440491 0.07907694578170776
580.7730170346014 470.1361685304943 588.4405018468857 480.31571208697136 0.07906875014305115
888.1027953562627 425.1992905168875 897.0668110022436 437.1942133244601 0.07903756201267242
30.740881165584526 17.15263196725794 41.974550436653765 32.778847986873174 0.07902813702821732
461.40227254540497 423.42581361704464 467.9014288353795 432.2866221361977 0.07902553677558899
940.2146780863427 406.33232171587576 947.2068137276943 416.0935399275787 0.07896429300308228
324.9484264496377 407.30753332989684 336.3141055263111 422.4146700195109 0.07894418388605118
948.3464026462813 416.68770990761374 955.2976998904454 426.01802352122286 0.07882987707853317
600.8058141503992 325.8818146516206 614.6143543503628 343.50391446973407 0.0787753313779831
936.1262541816494 392.4829089706629 941.9679869888249 399.6811288020875 0.07858827710151672
299.38041726112345 391.41345100710254 321.023424886562 422.0158867998085 0.07857448607683182
688.1059990713029 330.0353340500172 729.8611140133406 375.96303424376305 0.07845840603113174
469.26950325647266 418.1475987859321 474.4829457078679 425.3281106180006 0.07844802737236023
942.6878487136037 395.0622153681889 947.2402077198597 400.7626191596605 0.07844406366348267
945.8205724433375 408.5637337769861 952.7622064002102 418.13146905334145 0.0784105509519577
290.78633812919446 413.2547561727722 302.365910687463 429.82808296138666 0.0784057229757309
748.014017534407 413.12676633402134 758.1844468939634 425.68013922380214 0.07834842801094055
508.9311868851739 444.4583455790237 513.1986276328844 450.0754368841128 0.07830255478620529
864.3851377470448 438.24019845230015 872.6663759300594 449.3485986670645 0.07820736616849899
546.7371696615115 454.01714373119256 566.9557856495387 479.13478404894823 0.078196220099926
288.3862108686894 457.86632374983145 296.84303046849146 469.943241344645 0.07819434255361557
501.1216926518622 448.6838298688981 506.1123902721911 455.5300449174663 0.07812683284282684
950.5174879442562 407.80707200017395 955.7605777041549 414.69580255144547 0.07806121557950974
946.1347259596464 423.69002417414026 952.2394827699691 431.81255363171823 0.07804616540670395
569.4068113049594 415.45052835714296 626.6000605346372 478.5570021947201 0.07803335785865784
632.9591928609678 466.87683167697475 672.8880443713052 518.4415302388473 0.07802122086286545
710.7895290039924 460.36532903039773 730.2675860146378 485.38504831596254 0.07793848216533661
710.879620910537 364.44685898434653 739.3689262889034 399.18607468963404 0.0778602585196495
385.118844308943 420.4934716307658 418.17019310185066 453.09209065642153 0.07782045751810074
-2.1072494625789027 30.16375874178713 10.114416621563835 48.32740669636555 0.07777751237154007
331.17601292345375 400.28833234295837 349.18581182163393 423.3577549918976 0.07776406407356262
642.8228440519974 329.4678544442181 687.965475205668 376.3301241000232 0.07774204015731812
414.36324487012666 328.3828980100061 623.0649440530378 558.394230866043 0.07773903757333755
603.6865539861941 405.7757023317132 609.2395096455517 414.28212751800237 0.07768640667200089
372.9267299825844 451.2562206624541 381.66247509789815 462.72482304015693 0.07765354216098785
631.1936152815763 354.9774018839731 641.2389086727444 368.04293309131043 0.07763083279132843
-10.116575979324148 -12.144770885400973 27.937394085443437 31.34408557817541 0.07754585891962051
902.0663633874601 380.3598504458439 911.1743390556622 392.9993309223916 0.07738026976585388
432.7020775628012 419.89249264718956 438.54817297446306 427.4053173566659 0.07737985253334045
980.2567012543863 217.19093109029606 1006.1478869989033 240.68208758863108 0.07735592871904373
924.7976251168673 392.75324236920596 932.6851539107697 404.3532596744434 0.07735441625118256
917.3456662727289 367.27342960533286 941.8795910999179 399.78018074365315 0.07722869515419006
458.3302329490693 468.70744229891415 464.5458944294984 477.07955541757565 0.0771697387099266
828.246090697673 242.86763071977225 878.9767186254952 316.34604377881766 0.07712372392416
619.7842483491423 396.3868371237966 626.5804246316086 405.7845902977533 0.07712314277887344
244.6684407219824 446.00383043810103 253.66059695339095 460.08962989274335 0.0770605131983757
797.5433726615756 422.37214820644255 805.9643914465336 433.64962918151696 0.07700730115175247
500.872215573295 436.4038253195748 507.9253627741894 445.9176198839727 0.0769604817032814
870.8217607935788 443.29443523402665 878.3173123918864 453.68989841957875 0.07693067193031311
462.4110786580503 417.84509771850253 467.9828673380955 424.7862255410998 0.07691637426614761
936.259200999268 387.5647012714864 944.6712783363923 398.17380034862 0.07691444456577301
613.5443819235953 394.3404319170314 622.3937347646128 405.1614812373916 0.07688147574663162
689.6064828120354 381.73189838769673 699.7995418557222 392.65402016829984 0.07686062902212143
966.2811719190228 426.3099832055954 973.5339341633899 435.4360720269922 0.07685967534780502
568.678492335151 398.30616467783796 577.610556805112 409.09814567580906 0.0768459141254425
580.8101242829907 397.1849916046285 592.878078235893 409.22196310720506 0.07682842761278152
695.0303310846864 364.3301073234292 723.6104504463718 398.8199152541052 0.07678713649511337
372.9992949467749 445.89533522438137 380.1510558682691 454.8068994508929 0.07674945890903473
872.3509924180465 220.17889187676454 912.6739745459738 268.4197703864739 0.07668393850326538
826.4904956749958 419.6523993923761 834.8266903334651 430.6214812588717 0.07653146982192993
465.61121227402765 425.0565238891908 471.2691121507245 433.053740427225 0.07635261118412018
626.9122225685511 342.4841923553288 633.6938580610024 352.2833579395003 0.07626465708017349
940.7123668499673 431.74767793315493 946.1677036867763 439.33524125202916 0.07624944299459457
761.8656676405915 397.39094163563124 790.8702097094324 432.64718546628364 0.07621418684720993
504.61728474252664 451.99490217323034 509.95252648138836 459.04912316392944 0.07619193196296692
912.6904960510926 381.55638423690215 923.5284213292849 396.517896901405 0.07616814225912094
774.9594368402878 448.3473656587764 784.035056427805 460.95015552153944 0.07615237683057785
763.3251051526817 416.94379211685725 772.2129514284123 429.7559518268574 0.07586047798395157
889.1911943425474 252.86766385434274 944.649822614307 327.0833321078375 0.0757257267832756
622.5060385104451 377.23073260430175 630.2729153255032 388.4093207185282 0.07564086467027664
308.56270512145437 452.0148837069305 319.56795901423294 466.6451190592583 0.07563894987106323
827.9846429616227 434.9450045397268 836.3989615990563 445.8197138637424 0.07557416707277298
502.39593912178685 443.1069011712914 508.32533883428243 451.2459376102654 0.07556603848934174
940.3786734226983 423.3369307468702 946.9584271510917 432.3922720160944 0.07549045979976654
386.3179093148602 471.9094732191325 392.1416730656388 479.1716861675105 0.07538817077875137
931.0460870680544 400.3484313146714 938.1349753578532 410.33156608122835 0.07532399147748947
249.12390212988055 431.69177819163644 259.3765354505558 446.68974491928105 0.07528466731309891
779.4824437004744 464.4042042621253 791.4903989246742 480.4637295742956 0.07526981830596924
356.40884641593635 412.5894951687716 398.6334182695354 455.3916121592659 0.07524897158145905
500.71558528603373 458.552799897911 507.3958332756578 467.8782923506733 0.07519640028476715
299.22137528724596 469.3570112185586 307.6162255120953 479.9083419390199 0.075151227414608
508.8540698521325 453.47347651499985 517.6298162850469 465.14180154099597 0.07507973909378052
925.5755561217791 356.3667377674895 967.9777687549563 409.68473332044675 0.07504647970199585
912.0291997540016 421.1522704548841 923.8327845248873 437.4392504212499 0.07502003759145737
243.6745652805706 458.28810331512517 259.0240043039048 479.4277222498607 0.07501755654811859
228.14934667736668 428.7708931935562 247.64208439568267 455.5464531083937 0.07496268302202225
292.6678620941604 475.0780448477658 302.4092751821763 487.62626704606345 0.074811190366745
930.7308316611683 536.8517045601806 1147.1217096554672 776.0053810974297 0.07473823428153992
961.1710104809904 396.8589469587803 969.605899871544 407.34634018617453 0.07467591762542725
727.5849627812521 331.03431374057686 769.8300832004974 377.1260164060944 0.07457258552312851
320.27343697120455 97.41373236347955 703.0661105424423 503.93364470519185 0.0745636448264122
574.2161896572155 385.8988667243371 586.0900682514085 399.86574288062315 0.07449811697006226
831.0839889205579 329.5351409775662 859.8865866878473 365.90163532864926 0.07449227571487427
848.4325970935386 403.93762059386154 856.4425410350607 414.121334827354 0.07437999546527863
550.623044976965 407.78796870391244 560.7102087028924 420.78494043556907 0.07435832917690277
561.2581696252769 481.11085302042716 567.8379268184585 489.04331049489906 0.07431905716657639
548.802436073477 419.35722807984575 559.9231652375645 434.4306335717996 0.0742759183049202
942.6371771808414 394.26257006966466 950.2565521012751 404.3405793395222 0.07425092160701752
251.95822174487827 396.88311398093316 273.7843896264218 427.3339770110774 0.07413541525602341
791.1392771404816 451.632509696408 801.9824951959289 467.49912807994167 0.07411576807498932
865.5016301874291 390.36034047769914 874.7490621741246 403.83910757127217 0.0740964338183403
231.80525302237155 451.97688876089967 248.78609362759892 474.72863571146763 0.07408175617456436
512.7242620272114 417.3043281624711 560.370519290706 466.4921270275154 0.07408104091882706
871.1669589744831 451.4966610330075 879.1648483728823 463.3447173563114 0.07403343170881271
952.4850811593631 426.05677572592936 958.621721906278 434.28101305591554 0.07400545477867126
502.56392704512905 390.41276165816043 535.305387446822 426.3036629929789 0.07399392127990723
401.86795114144024 417.7192318055447 411.44751766509523 428.6162390191812 0.0739302933216095
501.0330736025145 417.49200122905233 527.0401243561219 446.8240559576383 0.07392740249633789
470.4596391596338 423.74848265350664 476.00961868417124 432.25258062573704 0.07388275116682053
-74.68650163897581 536.3891886528357 165.43200218482508 804.9949407525353 0.07369370013475418
560.8996642493571 402.8224069933099 569.4838869403115 412.9659206551875 0.07369356602430344
465.52022510853243 473.82350896527316 471.9016175556478 482.40944953157685 0.07364141941070557
521.0350010379057 415.5719417147532 533.1108910226078 431.49912011372265 0.07359837740659714
806.9448626338171 420.31518516875656 815.4558129147734 431.3811986767791 0.07354415208101273
743.7069515381895 370.681132272324 781.4703982035587 417.213022561911 0.07351464033126831
881.0187426063372 390.11726918370135 889.9161052855887 403.50666775043464 0.07342030853033066
790.4225332007585 468.209461042164 801.7696211479972 484.03665311243 0.07341337203979492
891.4120092537765 383.12755260836076 900.783044494407 396.8845138848962 0.07334308326244354
930.2220125883744 432.5815595057915 937.1436586247078 442.1642951107884 0.07330013066530228
592.2893586289223 467.6453164655635 599.5016217465495 478.3746575521538 0.07305905967950821
725.928541271807 288.2819903899072 770.4839410819948 339.7259489988537 0.07285419851541519
370.7663745374788 406.2678634871707 390.95594841821725 429.3695686729618 0.07280054688453674
46.8739504562949 75.61670029543653 68.85775402256961 116.16805376377845 0.07271800935268402
963.5360994540667 433.09339068041226 970.0671184643328 441.6746862186081 0.07260625064373016
208.30762291787505 446.51504303342364 214.54896013761228 454.36032065555094 0.07252398878335953
309.44289195896965 472.0877957170846 317.05226537667 481.73882144278815 0.07240994274616241
893.4417535483694 326.4016626957271 934.661994276082 377.1214954057582 0.07232072204351425
786.827042911456 368.51255139991275 828.6227902204218 423.07429469698445 0.07230567932128906
271.1989803186741 416.7404043330019 279.9177431509661 428.6001155977507 0.07223957031965256
752.8701752000314 460.94333998624467 775.6131847345625 490.1684720091529 0.07218911498785019
293.18278371548115 354.5804362098226 325.2706697980717 397.826341434642 0.07211415469646454
815.5100238268759 457.0856759068613 826.4583694413823 471.739777140756 0.072048120200634
497.90973791193124 449.37704658660164 504.65745894057955 459.05221899285425 0.07204679399728775
-121.36083730214997 351.00209757707984 297.6375238938148 858.3846436714664 0.07197121530771255
875.5000726904707 383.00285163397785 883.4077635602125 394.1196178135404 0.07195084542036057
810.7176809554722 287.186296040068 848.4644278144266 336.7475541987287 0.07193539291620255
700.1819223136573 473.19154602882327 709.058423523303 485.0700870900233 0.07185232639312744
507.146598484687 522.4887297621048 756.3425891127438 784.057577373459 0.07181883603334427
871.948769759629 293.31252253870593 913.1456933655356 344.5330824006379 0.07179392874240875
923.3564898392813 378.63075249934013 932.3193551218786 391.5453947829255 0.07176899164915085
263.4278834781623 474.61813495811737 276.40506155025906 492.2120050128934 0.07167574018239975
479.4249148436481 430.0703791281543 486.76848044242536 440.76169393823426 0.0710865929722786
882.6659828445456 -72.24364359932595 1220.358686898374 316.03026342483236 0.07108387351036072
878.4234906289097 449.3011066546803 886.4145635497068 460.7612548104573 0.07102711498737335
748.5585400216048 292.33090213742946 797.1847373322623 355.19007772650747 0.07097707688808441
782.2561003085818 423.2591891247613 790.5925470973307 435.428323540705 0.07086547464132309
896.7610765232984 428.4312598965771 906.7816516541859 442.0039346354378 0.0708337053656578
835.380992586339 384.74476408384027 845.6739925862927 398.3433335965419 0.07071967422962189
956.2511161360738 423.36595203054986 964.6474860891549 434.1527096865414 0.07053396105766296
750.3268004687675 402.56075414778076 759.4436345113998 416.70203218937587 0.0705050453543663
708.9922054246633 472.5818383930481 718.0211622832004 484.40232743306944 0.07041873782873154
393.6271430131681 410.4768134053582 402.10074614232235 420.32297634390795 0.07039258629083633
281.84022314815587 467.0735626503618 291.5583830219974 481.85951996390395 0.07026968151330948
948.488434155346 439.61681239408443 955.5226713422618 448.78415117472304 0.07007819414138794
474.55701625202056 367.0257979873897 520.0199934940858 415.5848500146412 0.07006065547466278
445.2701113604811 404.7579511809941 490.22311301807645 453.71310264185087 0.06982558220624924
822.2309116443047 408.0447417109579 830.3518371813461 418.26658704027443 0.06964245438575745
51.947322798246596 29.725184784234536 81.19904559503715 78.92534244243191 0.06960297375917435
807.7168618431622 224.87670138848296 833.6804990243534 260.0170418870127 0.06948010623455048
389.7250756148335 418.24793569510655 399.31980095453486 429.02935580266467 0.06935730576515198
275.71944398782773 332.4510691918314 289.2475190508991 352.7526063800571 0.06931319087743759
771.0392017034657 421.0283889477662 780.8394707500033 433.51683222283503 0.06915545463562012
303.5399874347897 480.66281278014674 317.3198860095327 498.1566131949165 0.06881338357925415
519.4284979324576 459.69596639849914 559.7295320856673 507.3571706119606 0.06877917796373367
553.6278522539899 398.72442137767274 563.3685801553987 409.1499300093886 0.0687725841999054
304.45125061188986 395.60947432378293 311.34256708535895 405.87117752844 0.068740114569664
851.1338886378137 393.5581416305813 907.1120218057154 461.26890664316267 0.06871689856052399
946.30459780723 388.6355098251858 954.2618266911884 399.02555218894554 0.06864118576049805
818.5014264369722 468.3595198145988 830.2751015518578 482.4567017733622 0.06849735230207443
885.9188775055908 441.2241247356172 895.4589654878706 454.83544037056754 0.06847011297941208
768.3356584458985 243.0633582633004 816.8734272732719 308.56891031262523 0.06846607476472855
783.7069126905883 385.3088753753677 792.0094842345787 395.5979187770647 0.06845293939113617
801.9390860863539 452.1274341540461 818.446808668435 472.6088278710102 0.06841141730546951
82.06638730920109 325.97136058649045 318.22183048441315 583.7308563743928 0.06830917298793793
824.6024478446395 365.95708004251185 838.1117172375202 381.5571670990085 0.068179190158844
853.5174275307451 384.90175279601755 864.8686244350719 399.95706539337806 0.06801697611808777
857.7162661918932 443.9066851031064 867.4986557169785 458.77159072134106 0.0678197368979454
504.97376201833106 367.02738534549 567.6588784081463 425.86507962668117 0.06774929910898209
886.9027214392542 394.47506577157117 896.4495911583077 408.6955737762741 0.06772483885288239
761.7536474182576 405.81624353437286 770.2435368114219 420.1152385998897 0.06771786510944366
738.9746791628932 468.8962262374621 748.8886379216415 482.6181129777327 0.06740390509366989
789.3290111083401 341.3723848819571 803.6863581441957 355.7171147730863 0.06728700548410416
812.8298240176551 411.42169162652 821.3155956084714 422.50889797769594 0.06704411655664444
935.0030786402551 442.008967547705 941.7473619791498 451.03364879895196 0.06697996705770493
841.2795223102785 448.3193585170617 853.4415477078693 463.98911393039356 0.06676848977804184
1014.5781755183963 214.58556333867134 1076.3579270383154 296.6906407874977 0.06673083454370499
77.98592694759043 35.68361266329009 308.49608620217117 289.4717149978071 0.06668849289417267
873.1768184096641 177.13014727485617 923.5958652145744 233.71916476079048 0.06640975177288055
831.7474982261007 463.7432968544209 844.0834486858479 481.3159443646038 0.06631743907928467
790.8650623760167 381.84988246943504 802.2427713421996 394.5908524485625 0.06609726697206497
280.23206507054897 403.06534308299086 291.2101875692311 421.08818501170066 0.0660654827952385
424.13804795241225 352.21958143838475 483.83706499992536 414.99400744467323 0.06606042385101318
773.3276326536178 387.6832825195671 784.5166086697569 401.10936469078746 0.06586388498544693
331.6666578777798 527.4579799705369 553.4549271456457 756.7340840901495 0.06563404202461243
692.6149701612682 481.9831938770992 711.9791839077537 506.2544666496631 0.06547651439905167
770.900647526403 377.6510160543717 782.2190210923104 390.43137552182435 0.06546931713819504
761.6966087807839 386.5588195673008 770.5404255781477 398.70242595628946 0.06534615159034729
609.4239893585857 304.9522282796917 660.6453229708374 359.14075902351215 0.06515513360500336
831.312498263043 407.05210801384436 840.3940886540788 418.69966654938304 0.06513609737157822
-64.18652265900799 -67.73996106153626 145.43913160324988 161.11375955725146 0.06494007259607315
770.9413986257962 480.7947368804645 780.3303168642915 494.23326067521845 0.06486278027296066
251.76621859069118 472.7964685830542 261.76163280485406 488.13493333218776 0.06473249942064285
-17.63903059704977 -20.22434658250903 49.60639832744206 58.70730543228148 0.06468813866376877
81.37910193487716 -19.27287377170859 131.48818627469183 39.67414385076617 0.0646190345287323
106.6800192989209 526.1353911183777 332.4792367508475 759.2991367854096 0.06457551568746567
1021.7616776656448 307.5247644866319 1067.5023812525762 368.54242544248194 0.06438425183296204
923.4755499768262 365.1377026462374 931.9553358001341 374.2832184930897 0.06430627405643463
832.5794875701083 344.60869664944977 845.1689359168117 358.5850031677627 0.06405401974916458
896.0059440382796 374.03787238646646 905.1748827939103 385.534166206739 0.06382045149803162
863.7192837697264 455.45104837066623 872.9044125196979 469.34597973711266 0.0638023167848587
675.445233954305 293.4956440318914 734.922695434241 357.5195015394875 0.06355761736631393
824.6422501570325 169.8407709232287 870.1102583799154 217.98345135301375 0.06342203915119171
589.6953428125935 478.5762457381248 598.3144804329571 489.54132717454553 0.06251738220453262
772.4847074554452 262.31495481543107 836.299697897959 341.7770738990666 0.0623793825507164
782.9635127375707 369.7205044269584 795.7746180510295 384.09395686071747 0.06232641264796257
257.6230925556107 485.8096389644359 266.56098295647297 498.21927812018225 0.06210588663816452
850.3222568297515 459.60973154509605 862.8332480395712 476.19743991837737 0.0619681254029274
805.3305368082848 378.2928656221336 818.157470869528 392.7873230524325 0.061955776065588
909.1267495707817 58.865284251135805 1006.2542584498333 174.28085094023078 0.06159127503633499
478.58461822224825 323.995976195762 513.9151130897977 367.074713867034 0.06148562207818031
863.5205359496699 376.62108970162126 873.1310307632416 389.9949387467053 0.06137701869010925
994.619158075172 -33.87728698814352 1100.09399783172 87.11811639145365 0.0611993670463562
432.9264292512038 411.2920942104045 443.58567994572724 423.43199810972834 0.06116194650530815
432.85856638918557 440.0619323331421 481.3474388313649 499.37613293919486 0.06101082265377045
915.619866316263 362.89145696024775 924.4724374335134 372.3948484397718 0.06074276939034462
307.8612840287421 387.42667460988883 316.5602107254358 399.7886789281788 0.06054135411977768
798.1011971353807 457.66344547886814 823.970137958548 494.7589165207576 0.059622474014759064
68.7282826139616 83.81672502983903 91.68707184894818 124.1508424085824 0.05960071459412575
748.4589152776005 215.3385854986809 773.99935228001 248.07452840841637 0.059028491377830505
-10.338597892987629 63.670886134093315 28.189523791062477 120.54474614799723 0.05895195156335831
726.0470537905511 473.36680564299434 741.6756836709052 496.6217352379847 0.058921653777360916
796.1349601695113 481.4808559500075 808.3939937826511 496.79442998517106 0.058858178555965424
-21.75358120011767 190.9824664118766 80.68910678565555 350.07574634799556 0.05257411673665047
