669.6960749410562 307.61877278477965 710.6152551267603 363.01641861176483 0.9999886751174927
741.7580596291002 327.8158444578265 777.5478770115543 368.7110755902415 0.9999799728393555
433.24854591703956 362.8468451652342 441.2238294630777 372.1224644797248 0.9661187529563904
448.2568259902741 360.97515218118536 454.5297272572377 369.45341447067165 0.9426730275154114
463.7974821197621 362.4629439292138 469.0682754294513 370.4093358651709 0.7703980207443237
406.3779688394005 365.16906652419414 411.6104037522985 371.336560469289 0.7119216322898865
475.1598846199006 368.5696965250317 480.1438596336638 375.5859631345999 0.5875287652015686
483.81459459209316 354.7959945910377 489.33970533419966 362.5756006446075 0.4927348494529724
511.2509554824778 363.71867079369986 517.5361329668897 372.3395080540536 0.4482515752315521
558.1605977514768 358.69741268989645 565.5768658011631 367.98738061994504 0.3212999701499939
856.5197983048242 318.7289298995137 890.8769101534115 364.1294440255874 0.2705570459365845
529.2007152363898 316.1784573340104 559.6187668231311 358.6499135926011 0.2334216833114624
94.2140790407071 16.16141309838416 173.4459818574974 101.5801575457059 0.20677846670150757
440.58257299820497 361.2980601439049 446.71659491249574 369.3420093346072 0.18313223123550415
1052.5373535200267 289.37229085952885 1066.8903495270115 306.5033683535489 0.18088693916797638
458.81716866162265 359.4717909597513 464.23207494746987 367.31652264963486 0.16611501574516296
413.8127735842658 362.8267568340859 419.04850620301494 369.541739181709 0.15526138246059418
489.0739720239166 355.3128375653133 494.9215222138513 362.80480440276204 0.1477704644203186
406.71697884750904 378.2008835355277 412.01980535334485 385.33519456092165 0.14481671154499054
532.3838533996089 358.144690965824 538.4133654501265 368.4167312735232 0.14162945747375488
615.8708972197783 362.27781220110893 626.792592756017 375.1473989919406 0.13912777602672577
590.9959314028273 359.7378850266818 600.3101345596606 372.9845097584175 0.13653479516506195
444.6662687377301 353.24912787865395 450.7018236583154 360.41547661289553 0.1351984590291977
462.92994617917174 356.4605187031054 468.0470812488855 363.71207927932016 0.12366440892219543
426.86729668488715 354.8465974590141 432.7705198031625 362.14046088829684 0.12222448736429214
485.64254051058197 362.9905163188223 491.3166501705231 370.3493027135136 0.12190070748329163
1071.2134535206537 283.67836255550696 1081.60658913187 299.6465329265816 0.12013452500104904
580.3335153488313 360.9903985399107 588.9429988812964 373.4998996059179 0.11650703102350235
608.006993111899 443.2512131522739 665.9890784529898 526.4588357441265 0.1160077452659607
262.27907332942794 203.9298506306939 271.3594262321035 214.97142951499208 0.11332614719867706
397.9680842742965 365.5090606367925 402.86791587555064 371.57265383993615 0.11320410668849945
92.54374175832017 223.20231405205038 100.09407405899752 231.91945545738326 0.11200807988643646
743.8812281258015 486.1969968786147 757.3651050010571 502.0202781822692 0.11184169352054596
493.8144399599429 355.2714455663438 499.28173138571765 363.2043107547175 0.11172151565551758
727.7325522438672 462.69817810087494 738.8517159966418 476.67466352125143 0.11167745292186737
490.0467982961488 347.2651559842916 496.35064688813304 355.58892285814767 0.11137188971042633
474.23107345804556 354.89759066655546 479.87647317536033 363.27995962497045 0.1112363263964653
499.49850039696605 358.00273339135396 505.2737280539247 365.90930897125594 0.10885698348283768
346.83646436178776 162.41921701760126 353.8050965592408 172.97485876894996 0.1079285517334938
496.4181483441293 364.1498838793897 502.41161845378764 372.4936326375392 0.10741861909627914
471.2963981293226 367.6827535725477 476.07317617312884 374.35137481952654 0.10643018782138824
466.33804687583563 353.80085771115466 472.09013270037826 362.1758732577124 0.10638239979743958
622.5878818531744 293.5795523059893 650.4083815456518 333.0832177231027 0.10576678067445755
425.90135156812374 363.10122728410414 432.28096841005777 370.9089827413459 0.10560163110494614
582.8230936037822 370.0705923596163 594.5797244507357 385.32862008883336 0.10547595471143723
473.88109213097556 351.74354885518676 488.87603639241667 371.04247531482633 0.10525523871183395
455.6483184164935 344.80394055785115 461.47596712785554 352.5468869806926 0.10509879142045975
468.59635959422855 365.44191646369717 474.11755956560455 373.36686089980145 0.10493500530719757
469.9593601903383 360.10672894684063 475.1941056234628 367.8608993297175 0.10490676760673523
481.50063546962946 348.283182673856 487.0196669196608 355.85310771343535 0.10488216578960419
187.6646518530081 105.13101820773434 235.273405209754 158.55392423494888 0.10475429147481918
507.75000085783404 354.9830104263989 514.0966826002106 363.3531834911951 0.1043434664607048
516.3615127261188 362.1112520906908 522.2865199058045 370.29357748510836 0.10415400564670563
505.16284688721214 365.8357537086495 512.2678648546062 375.48186933172497 0.10390705615282059
479.4329172427181 359.0221498657175 484.7470656475569 366.8671693489856 0.10361324995756149
423.9426232507438 393.2943399689963 429.3771022870183 399.6974664816263 0.10306841135025024
449.2731876143074 352.303192748056 456.1025968942142 361.17546706634323 0.10234018415212631
521.5118892550073 360.93160978476897 527.9167045050335 370.0207048005743 0.10151276737451553
514.382403502287 351.8764141573688 522.2123433455139 362.6239509910702 0.10092105716466904
486.2832691536787 361.1729179749638 495.00934177304487 372.750265238439 0.1005752831697464
1047.8014452654545 281.50074012203095 1057.2178849863951 292.99302347500554 0.09999491274356842
470.6739550491665 324.0273502944768 476.7194704561548 332.3227030084045 0.09992736577987671
840.6202031618291 388.37007595920545 872.8986981939818 428.4898136359336 0.09977217018604279
625.4365603307023 444.46523206207485 642.670571101334 466.4547835094326 0.0995737761259079
340.57126507020854 153.5645656419214 346.6806414308779 162.89462994478706 0.09949411451816559
193.12370880382193 281.37654584850645 235.4858478951162 345.22869036134716 0.09932935237884521
478.64510839580214 363.86866124926576 484.4206994671406 372.0879386010708 0.09926553070545197
502.06802637221364 349.0897072244964 509.9270548207126 359.3500256058042 0.09899500012397766
472.79306838572006 346.2524810254733 479.4757764654554 355.14307028496575 0.09896209836006165
711.716147094306 485.14550297158246 724.1715883741709 499.9246507040177 0.09896155446767807
667.1671898374121 492.58640869399693 692.8114033595019 519.4531642961251 0.09895538538694382
1055.917876135859 274.100150559243 1067.1274170207046 287.842131890945 0.09872404485940933
489.669455912318 365.71526509629524 497.381164318748 375.7759011586495 0.09867788106203079
415.9643820938609 382.4063951408755 421.0059667824558 389.20656432672286 0.0985657349228859
191.35243233877637 154.89552335491524 226.39201092225866 195.43708792449695 0.09854733943939209
476.89577905014704 334.14352093559717 496.19220863085616 362.8114334980059 0.09839129447937012
388.4904295291033 361.47240481369516 392.69660111364635 367.1998021127059 0.0978924036026001
478.4604926391632 315.02724623052165 485.8027418421519 323.8876730592546 0.0977981835603714
509.1631835461392 360.5037694821264 514.4461829140532 368.0288873486541 0.09758342802524567
486.7273504797734 348.96522699304103 492.4171797359186 356.7456169526893 0.0975082665681839
488.6832832310565 337.125665431747 498.1002848319488 348.8704754145336 0.09742835909128189
641.2879386823985 507.21951098191676 685.5992573552106 557.8806947278019 0.09712614119052887
495.6580862242965 346.45739696619665 502.0306067830275 355.35928873180296 0.09673970192670822
461.34566267990186 340.21255299678086 472.33208014674335 354.0068240398811 0.0967266634106636
458.77138185778443 351.9521912449128 463.5518096894178 358.66436209158803 0.09671464562416077
476.394624253171 325.34134650911216 487.3270493861634 339.8064362688519 0.09663677215576172
420.02443147119794 366.30565053346817 426.5393203276488 374.14089772688436 0.09659633785486221
463.194590523134 351.2934199065998 468.1914170433898 358.33532874237994 0.0965057909488678
693.6492760062376 462.0202933833911 706.9596229488398 480.56494129574406 0.096491239964962
448.05098593166696 343.6552743395498 469.51424589004756 372.2389139878584 0.09636028856039047
441.73689262951183 349.71781924414927 447.64721161760616 357.00037077758844 0.09634099900722504
473.64625372975013 362.5323671601949 478.23205949263115 369.23201100046236 0.09610440582036972
696.2366323026791 497.64363587771186 707.9271481951893 512.6001597251233 0.09608200937509537
404.2127320156716 369.86839571270116 409.9622914478679 377.2875859231424 0.09585867077112198
454.5059701275797 360.987636617018 460.32051390283556 368.9988574139271 0.09579481929540634
127.79784035306663 35.275874113515535 147.38439857795515 57.15377133643395 0.09575186669826508
452.90071148724724 354.26152385835405 458.5327363051784 361.8578103112304 0.09573296457529068
554.0611367083338 387.9758591843642 589.82259277112 437.4291224083339 0.09547886252403259
721.0526321422519 484.643892412785 757.933844677894 535.5662691093037 0.09546912461519241
509.75080037986635 378.30086851561435 514.9809943712312 385.5581258070343 0.0954585149884224
543.5059525089974 362.4129888744569 548.9737255125021 370.52591604798914 0.0952610895037651
416.5951436114975 394.4238266026037 421.8342973706244 401.1747513227906 0.09515423327684402
456.34750407176585 368.65654320135593 462.57177017199956 377.6696885897873 0.0951143279671669
599.9352719209255 419.3196096439938 639.277919018587 478.3685518669808 0.09502305835485458
567.4742550035901 370.84881168354343 576.0516422861017 382.0015809967448 0.09497570991516113
255.06263475345438 470.13615962438627 307.7801705063558 533.3033030852854 0.09495554119348526
497.2680981637085 372.60358939824306 506.8094261591303 385.3164484459323 0.0949045792222023
471.2402085001775 337.2382837562896 479.48313497488294 348.1935825055702 0.0948251485824585
551.367193311464 361.5251276694526 557.3168355004914 370.50467047876754 0.09466004371643066
504.99696180823656 360.2345017798211 509.75170093446945 366.5299432967798 0.09458978474140167
653.4419238426384 445.9283987549717 687.0564934003835 485.0152841311889 0.09440498799085617
485.0243978392322 345.9341497165588 490.03719058105344 352.1453295031813 0.09433701634407043
395.2278751848007 363.81130159970337 399.8666013390545 369.1854729970885 0.09412093460559845
549.9652717577727 316.287017841867 556.6426093122528 323.88520287873564 0.09393543750047684
566.6728429603072 360.23826603431627 577.3294098354785 373.74073145482674 0.09379036724567413
463.3323444608056 317.7147154751693 499.48521419584586 362.4422021562482 0.09378744661808014
605.1981821646309 362.763549996313 614.7423136826606 375.87853726212717 0.09375946968793869
513.8945845979008 369.25141433895453 520.7643764280555 378.94345126591145 0.09336463361978531
518.9777169663881 370.27908412044326 525.4383991307982 378.8773178023705 0.09327589720487595
121.328879370174 451.51197088159194 130.31005058858082 463.166305368611 0.09325506538152695
495.6922575773357 335.50092834561485 518.5710844258513 365.76223260430754 0.09325475245714188
610.8811368598233 355.60841396040956 619.4491965282648 366.14442702447 0.0930604636669159
433.60071188862196 351.12995766808666 439.597234680557 358.6369589549807 0.09302571415901184
470.4151612707196 373.31828561096023 477.0570736877164 382.856769888302 0.0929999127984047
421.2047000581175 358.1622782777254 426.8559078265412 365.5181167037456 0.09296417981386185
465.4509243013516 348.0450020827825 469.6378084810042 353.87313437719905 0.09291068464517593
401.62381746903685 364.3943230153426 406.9800923414593 371.00397066549067 0.09285103529691696
728.3926828437915 491.4228620082686 739.3372762187554 505.4920621683585 0.09280826896429062
480.1132886993889 347.314946026285 485.348268000453 354.54083559203485 0.09273715317249298
479.68238007789256 367.8524266115147 486.46931436097003 377.22945896844055 0.09272851794958115
414.7866957087332 369.54497839031626 420.89585185234023 377.1737290179761 0.0923081636428833
437.6730979935618 356.4474157864464 443.6192519971543 363.73130480291275 0.09228423982858658
428.633126126864 342.24287987876505 447.3400004482418 366.37634386248493 0.09220049530267715
345.8158138242675 168.83942695418463 358.08862542412845 188.4029811501656 0.09206418693065643
409.03711973579556 370.91464777082496 414.4796128719092 378.0027089950739 0.09198888391256332
558.6165642131466 301.06004075551317 588.5964675994195 341.48608192169013 0.09196658432483673
629.845368398404 417.1111173349026 660.3299994323357 457.508773695533 0.09194152057170868
609.0921879247254 404.1507104754567 630.3071578258619 436.34692179686226 0.09189606457948685
398.0046382154676 377.92416278846594 404.6261636212223 386.2742782393528 0.09168219566345215
1053.45866492898 277.1890304466162 1060.4686941903476 285.30121006845746 0.09167499095201492
616.7089440871654 372.0489829545824 625.9416015850998 383.135241732722 0.09158807247877121
452.39956579416395 376.1302876146097 458.64770723919975 385.7317280538998 0.09152979403734207
504.61597129884206 385.38021899770433 531.4676166906934 418.87944254650483 0.09131677448749542
445.8722020197362 368.3053844954604 453.1962279928507 378.30109917393304 0.09121990948915482
560.5213295649739 339.81803997837096 577.4908244369908 361.70251325599116 0.09120336174964905
455.45978416226734 333.11044936815927 464.89218192562345 345.48958529441694 0.09115619957447052
576.4353421261237 374.81795171971515 585.4197802426472 387.48385345020864 0.09100399166345596
471.81556473923916 315.4245873096423 478.46857338906364 323.96302036268304 0.09059993177652359
463.07746315606624 327.403170401968 471.53266942635827 338.6295282263877 0.09033975005149841
274.1649963858447 393.50320089732435 292.44179412246433 414.315197703013 0.09024738520383835
486.3346234339021 331.2037629799675 492.6388885936392 340.82162014967366 0.0900525450706482
474.6994515108497 372.1554252891533 486.23236623921844 388.54692758220915 0.08987099677324295
523.7595167090774 352.30421572875537 532.2975775370448 364.45429904181134 0.0897989347577095
489.1019953757543 371.5802233428278 497.5374981789211 383.037520780053 0.08972065150737762
1027.6308437765329 293.47042724690783 1037.1675211643449 305.6498503016972 0.08965779095888138
434.8500894462047 383.4480450113896 467.8339981890212 422.953220195715 0.08965665847063065
528.1317058680694 362.8166623419764 534.4201868564948 371.5756159161522 0.08964455872774124
419.5255629914524 371.4059421666528 426.05082845532473 379.399963730148 0.08964388817548752
483.4502351040125 321.0648122588384 489.518421241032 330.14112696870035 0.0896044597029686
522.9161868081028 367.54617739299226 530.829400768962 378.5958882250694 0.08946702629327774
528.9741883657198 342.37510564572966 543.3667107299639 362.4806279814692 0.08943432569503784
688.9259733659719 513.3142033152812 726.2754154063332 563.6880697944968 0.08939903229475021
519.0844970060427 348.12669895840946 529.1448069363141 361.33424756028126 0.08920788764953613
402.93464427768475 353.94499342280227 408.4853067422514 360.8393480517382 0.08916129916906357
105.62598981622175 11.874798639915618 143.75300373193753 51.42437877100348 0.08898266404867172
413.1692466510282 355.2830779625253 418.2672001049308 361.9254349363253 0.08891358971595764
392.18252648104067 362.5841159303849 397.3862696991453 369.17986740767776 0.08884900063276291
463.17375669514126 369.2352695857219 469.01941827303096 377.7482470633602 0.08875945210456848
446.6455326475838 345.6104417097221 451.61101888276676 351.8959974650146 0.08872586488723755
542.6773566097697 357.0621588742102 548.3649091871181 365.171048844326 0.0887204259634018
342.1472426466488 182.3589512541493 351.10943831149115 196.09134439897323 0.0886269137263298
501.13907424768274 330.62648195706424 515.2235733008916 348.34794492107875 0.0885639637708664
587.9607021589666 297.5056653959193 619.6477486686491 339.436170474324 0.08851310610771179
394.83875448295123 403.59697009898736 405.32863689872426 416.961729622836 0.08847478032112122
529.1065370210551 370.71353233312146 534.8215928054701 379.1235777362734 0.08840285986661911
66.15290842923643 222.3647259449672 72.38416051021981 230.49056736838563 0.08836734294891357
565.0415169067893 358.75958889209016 571.1289317727656 367.5422177578078 0.08836362510919571
75.22026692050355 267.5183596173048 117.05985545929458 330.00091829088694 0.08834762871265411
1065.6153892676803 305.42435913865955 1082.7375949917314 328.73321141170874 0.08822333067655563
63.29504979425858 312.40608544879024 71.02264808309958 322.08216228076185 0.08818881213665009
1056.4669309512644 366.90022350285346 1066.666628540857 378.69371099357625 0.08814933896064758
515.085708881359 335.9150088226969 527.1439404733957 351.61323720165433 0.08813627809286118
412.01995002854494 377.93978132568924 417.42451861233957 385.0571006288446 0.08804618567228317
120.4943168669718 96.99005030371299 155.71441861366225 139.82709595127727 0.0879293903708458
607.67963163411 383.3577242157603 622.4456302094108 404.48573664092095 0.08785572648048401
1035.3947961847755 322.96150084579295 1044.1565117388895 334.5933845277866 0.08780752122402191
508.7346709012431 347.12947044605403 515.5771497248671 355.90703144081505 0.08776001632213593
482.45542471115255 369.0123609212715 489.9651388456035 379.2872244917706 0.08762241899967194
454.9151269908077 340.4141200795348 460.4269598334282 347.31685023869153 0.08753985166549683
535.6683961671389 366.2722447713683 542.1863588355183 376.7655350980028 0.08753533661365509
825.2476742861908 344.650683166236 851.9608922206805 378.8032264386746 0.08745890110731125
428.36919192185104 369.86372880917 435.56284429164754 379.2908502289194 0.08741569519042969
145.16706009491799 235.91070803437324 191.40706437995513 304.770619832201 0.08731329441070557
103.6615369684642 448.9871800194745 147.2782249606223 508.66265441202404 0.08724606037139893
502.0934277343458 366.3871142087614 507.59833628164995 374.2239992555322 0.08713708072900772
1044.605106834338 289.56204490726776 1052.347922441006 299.1592130376534 0.08708534389734268
159.1522913829952 86.3777442103473 192.83440071190526 125.31090428265256 0.0870000422000885
463.3345916417305 347.3122536849747 468.5925286672099 354.4854381344623 0.08696764707565308
657.3527247219652 489.2761094123099 672.8283155640207 506.94424783627267 0.08685895055532455
648.0321996272095 413.3314217129472 675.509238086276 448.64273801421024 0.08678851276636124
1071.2598485374926 267.7734306840635 1083.5754752324872 286.9481649516016 0.08663395792245865
542.1614123240997 370.23574390479536 550.207179568505 381.7163331174527 0.08656960725784302
397.23368339561176 370.22094881630966 403.17017274423074 377.87609797804623 0.08654990792274475
491.1120230101131 337.9644506027716 495.9562141853838 344.0128792620723 0.08649218827486038
402.7398277533354 382.418981979309 408.3437555943835 389.5169661916915 0.08614704012870789
419.5898617117659 387.8323106644728 425.3488176822137 395.0583170559727 0.08611834049224854
399.6533998304381 342.4929601830742 419.5007335255185 366.22892357523597 0.08611506968736649
590.1513015202721 346.33082197565136 623.6065091869028 392.9249249277846 0.08607123047113419
469.1675458683167 350.03071173580895 474.54695128886203 357.85453806166527 0.08604451268911362
861.4524238029209 327.68954652907286 870.9627697480837 338.5490442022932 0.08602263778448105
513.7478160832511 357.4828458447304 536.8627688329176 386.9584461900287 0.08600231260061264
481.08363266348084 336.9235169947928 487.6727843014932 345.8697518820247 0.0859980583190918
342.77882489130326 175.25760944355838 349.075416171533 183.70404771193378 0.08598687499761581
477.6793135661541 305.1859525368572 500.67945877342123 329.88413944986235 0.08595191687345505
1038.5295191429316 334.2776842894504 1046.7078748448298 345.06439666362473 0.08593576401472092
419.97198453300655 352.3943379762859 426.013682863052 359.9972310537265 0.08580708503723145
1059.2057804272886 266.7357114384805 1069.9532609118678 281.0143330123724 0.08571165055036545
289.0291374168315 155.17488146297077 347.3804640080504 227.06143762526384 0.08567950129508972
417.513108725668 359.9410265915574 423.13796606627193 367.0947459609978 0.08567065000534058
579.6708938528428 350.34482065967757 588.026602854379 361.14187461626136 0.08565918356180191
431.87614181584377 357.1323187773753 438.483899191924 365.5660802820903 0.08561695367097855
453.70451936588125 350.0087847761332 458.7820474526352 356.65244957964836 0.08556746691465378
448.2599988244546 349.206315289493 453.47710462774097 355.72368168262904 0.08555149286985397
487.4437649405727 321.7656268421159 500.2810278027003 338.500130559004 0.08548785001039505
703.0864065097372 384.9058814439031 742.4304358743104 434.2082910374194 0.08542890846729279
1044.9791535357049 278.1583943060852 1051.3396413160972 285.273363305991 0.085384301841259
395.0718377455269 378.50762302591016 399.42530725128705 384.2318493285896 0.08536084741353989
1062.7940741546474 344.2520661623477 1073.4347818643082 360.28968028007415 0.0852971225976944
474.6698447795263 308.47876758037506 481.41383466320775 316.9834914496438 0.0852101519703865
479.9672528234846 298.2721361122062 522.8405654165495 351.78467337270814 0.08503562211990356
762.9927572792835 300.1425371202853 793.520173311657 341.9191594448781 0.08493483811616898
465.0376458856893 373.4684428311014 471.45917962678686 382.5571421364363 0.08485748618841171
405.5866990780112 347.0789491326395 431.6525338511519 381.42053540171224 0.08473976701498032
339.7474464196555 157.39411520789847 348.13906725537544 169.86927616956476 0.08467511832714081
554.0099278745696 355.9547071021843 559.8172527081936 364.3160283556713 0.084626704454422
402.3838013137304 359.6701480814023 407.8980343002797 366.47017274225476 0.0846099779009819
299.5660808259624 497.93361456147363 320.04569572710744 524.0668747625416 0.08460461348295212
513.7543670274952 377.742002798413 521.6209613675178 388.75383221781175 0.084524966776371
595.9838576621856 367.96183480482955 607.52940509408 384.15604173134653 0.08448957651853561
1033.8202811402264 281.81453998205507 1043.4398185794496 293.32950811989093 0.08446729183197021
456.19698472421294 315.1942809697443 467.4784626362686 328.6879708910436 0.08445785194635391
122.08274169879512 75.87270532767579 139.96545614497143 97.63508480211898 0.08442425727844238
294.86235323481736 460.14685357793263 334.4195689027933 502.0980553137229 0.08433230221271515
457.6207940951927 329.42214390860033 465.17464481665553 339.4178938650856 0.08430405706167221
61.71582190682954 241.66053146204865 73.03217486901038 256.1261929315425 0.08427442610263824
830.8798144463219 330.1934974243941 851.7786481634396 350.91637613643877 0.08425401151180267
556.1292596013358 365.83499489047176 564.1112933046027 376.87428892492073 0.08425283432006836
152.75302098345435 61.075427236523886 172.9564720268166 84.92887962376099 0.08421888202428818
67.43552134300113 221.81943073818513 89.85142295301742 251.3103826506368 0.08417358994483948
538.1146205563533 359.64371654610375 543.5469970965434 367.817392230986 0.08414943516254425
1029.5657212791539 337.121105353689 1037.6070830653018 349.5173373142062 0.08413106203079224
1045.4238283557977 301.6381378266033 1054.5850667389616 312.4290101208741 0.08401592820882797
519.6020808495185 315.6118696563337 540.4154093951374 341.48236567740156 0.08391539007425308
539.8449549409768 444.1231336807663 591.9820224976029 511.7965954076601 0.08390206098556519
449.9952536790251 343.33991554795693 455.88548356493334 351.0057580278764 0.08377386629581451
356.42622392498197 440.39398731654364 374.4188321267409 461.74572520113776 0.08369219303131104
601.0121091805929 353.22216442679144 610.8813564026634 365.24984724492714 0.08368096500635147
445.82483028975224 339.94039149348924 455.15219253568944 351.46271432967734 0.08362801373004913
388.9152303556691 371.5837654265653 393.84844010887207 378.2316260236773 0.08357379585504532
559.7328906568924 374.18018053826984 569.7904116703302 388.2381204171044 0.08346963673830032
1062.127748648175 300.34634984413213 1072.857082782589 315.1528723853229 0.08336219191551208
504.3929046131731 375.118189181485 513.1225874081896 386.88733904436253 0.08326869457960129
498.2075196999878 381.291454915445 504.37348394729855 389.38598646501265 0.08321282267570496
644.7994359269727 501.93456917721204 654.6952735482504 513.5685861247562 0.08317720144987106
345.9281222428434 151.27399487043832 352.6306733963533 161.03949086105985 0.08315970748662949
474.80815440276183 347.019388612503 505.7063263851997 386.3813086746283 0.08308956772089005
284.5145720296364 195.1108881913823 334.0924380871437 262.2913783825146 0.08299116790294647
531.7234501704338 344.0979417392202 537.8017401874436 353.62756828965183 0.08295401930809021
72.2598949713355 223.231255253218 78.5666172253047 231.1738275192793 0.08294130861759186
352.34443176136574 146.8384786561099 365.50197978169695 164.94777061983763 0.0829344168305397
574.6746761161364 363.3088278783621 581.9520073904413 373.53123840618616 0.08289916068315506
395.6994264022948 313.04609376241234 420.2734204886716 346.63351829730703 0.0827985554933548
440.6821467390965 334.1057082329231 451.1413242474905 347.41950702005806 0.08274152129888535
573.8793904697761 458.60942325944893 616.8561522615133 513.6416684291604 0.08269187808036804
404.0659777712883 376.6161593042788 436.2633687913608 416.1634425496919 0.08264187723398209
564.3756107626444 379.81438292213886 573.5741998729221 392.6049375624936 0.08247332274913788
461.61338286017127 375.7737065020929 471.05786622979775 388.6107503767232 0.08231401443481445
683.318234631398 481.27040284079175 698.1107617295813 498.79578718460454 0.08228897303342819
1038.8078020846665 288.5044758038356 1048.7261495681428 299.94860549196727 0.08227958530187607
614.1237051535236 347.05086370227536 625.935484515867 359.8760351055027 0.08219826221466064
60.58487309413744 301.82675752426184 67.24918447342469 310.4639696185215 0.08219031244516373
466.6352447562771 381.28018893426025 476.1621650342346 394.77094353038996 0.08214733749628067
584.9541911375248 256.82036624135725 617.0887709743599 295.34346163506143 0.08211095631122589
536.1688899571665 351.81794549830835 542.1171714175618 361.2745573039711 0.08198205381631851
225.2891096158176 115.57343744304518 254.9253515058581 157.75383576892634 0.08195927739143372
422.67688151097667 320.22473343891284 443.38395259015795 347.3391729590435 0.08189433813095093
440.3545389696176 344.6120300327702 446.2479161322335 351.9875484387518 0.08187995105981827
409.15425263218646 358.52516361584225 414.5751222938263 365.4117761880202 0.0818224549293518
320.62643695078793 163.1891417883231 341.6724605877536 191.7162793585281 0.0818091332912445
420.0210543771444 396.369631020549 424.91782182513043 402.43333649423164 0.08176612108945847
363.0012247569847 161.43847963688592 383.5353610789447 189.77153855275768 0.0816902220249176
540.4236796432251 348.67429114951653 547.8454554650349 359.6032983668503 0.08164612948894501
120.82039757118882 200.49949558605536 161.21132121580362 256.73850056264484 0.08157368004322052
1036.4016344079753 295.0599646805322 1049.4360473641707 310.26164837659314 0.08153443038463593
1044.4242191331898 329.26737717096887 1052.2168210864465 338.9406986955123 0.08150741457939148
509.4357312736891 341.7779805002891 548.434742356647 395.6911549915633 0.08139807730913162
501.8629009516807 380.52545958409337 511.8836976350621 394.202826484107 0.08130847662687302
403.5305588269783 385.7308007049922 411.802009535733 396.21179048857454 0.08127525448799133
177.1531992169406 174.74242179222392 219.17400696382413 229.55379353933972 0.08122370392084122
577.9065033280858 355.22489771062635 584.5737445270821 364.79586469988993 0.0812005028128624
481.0582031629263 309.97621795764445 487.1527059961852 317.0985631469091 0.08113104104995728
512.3528459057126 343.64354327066343 519.5820356925502 353.86009371841175 0.08111121505498886
416.619498578807 356.7556374746807 421.32664710153267 362.80392445594515 0.08110019564628601
1054.6841108237156 264.9618197611562 1062.8502113096683 274.9041190722005 0.08104545623064041
220.29493638726183 253.43269381847188 256.1185736392266 309.9978778978293 0.08102443069219589
485.15001952852714 380.3217630923713 496.61844423389437 395.0280365773296 0.08095835149288177
184.4566044278147 227.20223992912662 218.55999415930927 279.18485783937217 0.08095443248748779
587.253490365069 355.1510481526997 594.0040942737105 363.69578669936493 0.08088711649179459
638.6776398649824 488.93185244296507 650.4364391654346 503.9439334752901 0.08088213950395584
428.00375334644934 346.74000203997116 434.40418292087503 354.684227242341 0.08088014274835587
531.6012800498606 332.6578119389948 540.504637949426 344.6876120371671 0.08082059025764465
533.3595198845735 354.0042355031967 538.0136573671252 361.32813443597865 0.08078906685113907
75.77729631201737 224.71818452255502 82.00462456647037 232.66534589658897 0.08077746629714966
317.4652390227687 151.66745817558046 337.0847753871997 176.2508218631276 0.08077358454465866
424.7700482600136 375.9004364056944 434.48863497312294 388.10337252305374 0.08063995838165283
549.4124053764858 369.2780679118205 555.6725162738638 378.90102363382397 0.08063223212957382
420.0607741136833 381.1052119347537 426.9664354214514 389.4245946005847 0.08063022792339325
64.55390001183095 261.38632012198786 83.93287770330132 285.59864141157703 0.08058571815490723
382.31559490657435 354.19317030365204 398.8896983252935 373.7995839312072 0.08039718866348267
562.2973376800165 351.901001672338 569.1374583158864 361.4478395782103 0.0803527757525444
466.31879399058164 317.6056957010993 473.59589202085044 326.8208721218916 0.08022069185972214
72.88376124820238 242.40941444403708 83.376346269445 255.21326503539063 0.08019908517599106
465.4548767317904 339.17173297681893 471.5185531445146 347.4679972035671 0.08018329739570618
357.53669516175523 175.05858951683257 363.87516045763806 184.99366251078052 0.08015011250972748
547.2348262343047 359.0695442363327 551.9044675259086 366.3578827092432 0.08010898530483246
1049.582251576043 268.441495622957 1057.221056403728 277.7874653158872 0.08010454475879669
346.2779767774815 190.9747047059186 353.06844502570834 201.43215437857057 0.0799790471792221
413.6918115199413 389.28727152116045 418.724713914762 395.8506474675798 0.07997168600559235
333.7167827841861 147.5597138735659 343.704448190171 161.03124281072215 0.07994944602251053
552.4166074555218 314.1435644963799 557.6521614134944 319.3156732744981 0.07994207739830017
563.6382759958323 364.9379980652613 571.498736164893 374.9452852584518 0.07993645966053009
117.64894862888006 246.89866347252115 151.92696694726396 301.70849956047806 0.07984353601932526
476.1608742550596 379.276025261548 488.37085178528065 396.2667590252303 0.07983822375535965
440.7701652892705 300.8832149452475 464.0437982252959 331.58400097577737 0.07972243428230286
794.7117457364159 358.9754162505257 813.1374507630898 383.8984739154647 0.07972133159637451
550.0292804158502 330.72867070660436 567.1368199203215 355.9694293222581 0.07968664914369583
21.60286208267197 283.4354999690693 60.460961028666055 334.0296444519254 0.07964768260717392
541.0655874689255 341.61694969099244 548.623276331762 352.29336277956077 0.07964184880256653
496.59503699182284 338.7843964676747 503.4223605769979 347.4277230077609 0.07959858328104019
526.3605140675144 407.17366988289393 557.2632348566129 447.76789182842634 0.0795813649892807
542.1355147019146 367.61681415024515 547.3569305736675 375.3947327160119 0.07957661896944046
351.70654335042366 182.62782619754796 365.9094668638136 204.48132391287044 0.07957141846418381
349.328691637584 180.0308822808448 355.63147094504166 190.6817990710481 0.07953531295061111
602.2668309771336 385.2733512023212 633.399249888278 430.53040669338225 0.07949628680944443
790.9482919901303 291.2219198847982 821.2039375332529 332.1972571034664 0.07940042018890381
456.11040829720326 351.8937387387947 476.5675309441786 379.99734396403187 0.07938293367624283
410.1260194578588 384.4590401557767 415.9202525914467 391.72964389494643 0.0793503150343895
582.7843319699091 381.08537232720266 604.4202845126837 411.45145191779807 0.07925930619239807
406.61792567858737 356.16966881439816 411.77775233793676 362.1723963515527 0.07916955649852753
1039.33986605905 272.30019821946473 1048.8487829024764 283.79697490200135 0.0790669247508049
143.8645040243699 97.53083033755149 202.97774337682463 166.8933613825443 0.0790615826845169
575.4535483186378 333.9895860590356 600.4309349984748 366.10817918756146 0.07903021574020386
436.52591116125325 369.75181876004393 446.830758963353 382.9734240215191 0.07901626825332642
508.97420889984573 384.12113707320714 516.5672101913176 394.83924167090055 0.0790083184838295
520.4111646166365 377.56740403444707 527.5137094668297 387.6183328912049 0.07898663729429245
243.67376133742525 163.1628769530729 276.9740111341995 202.59113602338232 0.07896371185779572
261.15271899979825 209.56329051481865 307.1423732855026 268.3683477974877 0.07896006852388382
849.6732205658508 350.6144243016501 885.3251190280191 398.2187101351496 0.07887191325426102
1053.754976914905 322.2075065852764 1064.881822326025 335.96308278689986 0.07877454906702042
459.0730884733859 347.56535189927087 463.5012675234238 353.324396363726 0.07876744121313095
52.241239022643924 253.40057412662654 67.76140469708592 274.1515787251264 0.07864870876073837
666.2989742733071 408.37712801513027 702.3698907438388 454.2611835071904 0.07855523377656937
497.4849698009591 347.97757590220647 504.2252098458662 357.17188937028317 0.07827506959438324
556.7171360436209 345.8179967188572 565.076522508672 357.82479631283076 0.07824590057134628
425.4044105787477 335.73367960337583 435.4562992079585 348.55657796287363 0.07808979600667953
438.283826019583 369.4388706770656 445.06513059748033 377.8977269996761 0.07791067659854889
532.9815927092766 374.12285458576935 552.4573889966947 400.2617249286959 0.07784036546945572
1030.6373048004746 357.79680348693853 1037.8725942128146 367.95016064323534 0.07782412320375443
416.45205064778554 375.71722544071304 422.9503657362303 384.1526274070569 0.07780002057552338
533.7665571113041 388.35259533886665 540.180952401675 397.9009881249865 0.07770586758852005
494.08179918052826 445.56629816212785 545.5766456312058 506.81363098629987 0.07765524089336395
602.9602684825225 375.77785271918526 616.2383406692552 393.97551736151235 0.07765395939350128
531.8807749997983 373.94485672457694 538.7473582858299 385.37243484977034 0.07763080298900604
583.3915917316783 419.6722385855597 607.8582270780028 455.33921643917137 0.07760938256978989
884.0214007990382 315.9979777761263 917.3431550699486 358.75949744583824 0.07757656276226044
478.106730860611 300.2185780756046 486.77998305777174 311.0335894156708 0.07740725576877594
493.93207702948473 294.58782377559896 516.4537732945861 320.5807585630623 0.07738514244556427
435.0313897563241 323.6853987778884 446.46229229836734 338.50093190648863 0.07724147289991379
1054.289209274551 304.4875452859701 1065.9855735835545 319.4306884986932 0.07715333998203278
1037.659503344758 344.81669342640237 1047.4858217501894 359.26650291210683 0.07712069898843765
423.24377027705333 386.4371678762299 429.6695665310907 394.0139363903936 0.07711822539567947
778.5400023580889 335.2913286628386 809.0411026811925 377.97784823467606 0.07711779326200485
538.6431238805953 303.37558955371543 560.4327043176604 332.3257992499073 0.0771060660481453
462.3566727919395 355.47267000490604 498.982957044723 407.2748833643685 0.07705654948949814
205.8689067496216 472.5430956769513 256.9048842624423 536.2022428825674 0.07705579698085785
300.96056838679755 297.30376576999123 347.53710199869874 357.10266180578327 0.07703551650047302
548.2590138517935 346.70266489894044 577.5923095155341 389.2571085916019 0.07702508568763733
515.4964556482391 334.07745064714015 522.3945659188422 344.35688107036617 0.07685337215662003
1027.8171401918114 275.74729509505096 1037.008320401105 287.18570279841475 0.07681187242269516
444.5711600857004 382.65960467106294 453.67206468977173 394.8697779893511 0.07678376138210297
599.710509172643 361.790924714673 607.0206254340408 372.32663744782826 0.07664058357477188
368.0435123788539 178.92104983074884 379.83936399890763 196.71627436305363 0.07653039693832397
390.29772166147603 384.6946081577041 400.41110537697745 397.31233232467656 0.07652261108160019
478.0452580562713 342.09454841995165 484.948482214594 351.3261214711323 0.07649251818656921
424.44915495251513 345.9591528889203 430.4069905023095 353.51364040125975 0.07643742114305496
461.5781383596154 304.2645412733431 473.46122729381875 318.4579937960646 0.07642656564712524
402.62663617907697 397.6745937945456 406.9613310070991 403.2586064681813 0.07642650604248047
392.86616738541073 367.66528144209946 397.80087345568535 373.5746323633952 0.07631795853376389
1054.787803318923 333.31953765479136 1059.2966346877033 338.6047224415677 0.07615040987730026
733.9136527182869 373.52557519146217 776.428793956174 428.86654170970735 0.07600612938404083
1047.5646747535375 301.74322722565313 1060.8644708927839 318.52710526058445 0.07589967548847198
454.9671112541818 383.1193264438812 464.46143486619627 396.604694608194 0.07588121294975281
199.12102879479497 373.36353412280937 248.78819767240833 440.4307672304386 0.0757717490196228
245.27656741958168 304.35848618048306 304.8976403331426 388.2649545987335 0.07574618607759476
385.78121577091224 376.6975794029814 395.4797788898988 389.03658679152704 0.07574166357517242
1048.1596614761518 334.961794075101 1056.0074535757653 345.3438746737736 0.07565365731716156
515.0615787643127 280.09690598610314 549.9840998330883 321.74944921834174 0.07563527673482895
449.8201725970717 325.24666481289006 460.5722487846628 338.8833466489069 0.07563243061304092
568.2873716334027 349.1557772953599 576.1732557108446 359.9020080040139 0.07555634528398514
166.19985367502613 240.32116355632527 233.70045357533712 336.1354195578327 0.07550766319036484
326.59712321076057 187.5279937525006 363.75550089446796 253.56435282800274 0.07541526854038239
485.54170043569695 314.6723503275151 491.656897330899 322.0182313519722 0.0751749724149704
497.43628798469007 324.31143945277734 506.7844120824288 335.362491890809 0.07517008483409882
144.45068265626614 324.9218765037591 201.506219761089 401.20427583393445 0.07503540068864822
450.8838680454809 302.20146395814305 462.67815727979786 317.07749132099553 0.07492807507514954
407.33436728358396 350.5866408664467 413.34587962170093 357.8960872014333 0.07488484680652618
353.45701618118636 161.80858650115331 365.33086482900126 178.9061052638324 0.07485261559486389
397.19692873732697 166.85821384126663 427.9250135881571 208.045575570165 0.07480350136756897
444.8441115971955 324.5570344393019 454.6984957791215 336.7947598686581 0.0747467428445816
454.27835381468276 392.133938749907 459.4721345060597 399.46577772636215 0.0747343972325325
433.9948893953637 345.5772593212611 438.70769846953755 351.81294651675796 0.07456260919570923
-61.08835317566497 543.924999565506 136.25832670558862 779.7096080196668 0.07449713349342346
466.61428424126615 292.1997291829162 477.93343674298256 305.7456424534314 0.07440010458230972
41.15747114961266 430.62039988046126 100.28016875920807 515.6935088204971 0.07417546212673187
593.4477017042616 378.2415760709965 607.0793953244881 397.39795364873197 0.07414219528436661
166.44922663883227 55.283904448337466 172.69781163569985 63.08760740122253 0.07412925362586975
1018.0415929900081 286.988731727805 1029.4827027897024 303.26487418747075 0.07407001405954361
25.098254768242114 376.9960142760366 74.90323493981009 443.4846359962613 0.0738198459148407
31.933650772569763 208.86301044796468 59.32807655693766 247.51923370833885 0.07379776984453201
409.2878158202522 347.3070952844971 415.4583310830863 355.0112546378108 0.07374681532382965
388.58951266460673 365.9454876553185 393.72505156931635 372.86680198043433 0.07371947914361954
99.41311490846664 50.04268511405722 123.85835186519441 81.15722222245884 0.07349704205989838
440.0209720588134 389.17278296785184 447.2519530544698 397.9076756191211 0.07340965420007706
691.422648597792 409.44672869914285 741.6460812650151 472.6347495703767 0.07337389141321182
445.34001721136735 313.54422643979973 455.639362047413 326.7998888763536 0.0733274593949318
523.2135942827605 376.20625588353715 530.6368885841324 386.91444480804824 0.07332724332809448
1039.8303505083854 268.1807969029525 1047.8533037114873 277.2618004845014 0.07330645620822906
326.8527926765556 482.03114403940293 338.3680362793756 496.493889323973 0.07315754145383835
501.6343634471497 254.47669804760474 532.8280852422209 291.56118397340083 0.07308679819107056
623.7818841892879 373.5075510230229 635.6172505296881 388.6354225416458 0.07305198162794113
1073.2439507768177 301.2102061337944 1082.4184446649379 315.98672113975067 0.07285339385271072
140.2243796056144 403.72253660594725 195.54339955360447 474.1990586614348 0.07278485596179962
122.36994830828247 -3.6293630895945475 145.86800598511812 18.709842400698417 0.07273299247026443
429.46061610148416 391.16896969514715 435.5653285438149 398.6153330731354 0.07272358983755112
549.9638017340362 354.6077739207575 556.412987045928 364.1581108852433 0.07269435375928879
475.0649160329351 397.373677295142 501.29413338492833 431.81610882064825 0.07256734371185303
351.8595936210377 206.28205652770905 358.6662109621462 216.5066127697973 0.0725623220205307
516.1370418897807 324.1899792039834 524.6738903158072 334.86216776512924 0.07253337651491165
554.9302658478317 338.15360657593214 562.1353034465495 348.1186688368856 0.07251191884279251
164.66695186842284 68.791607051355 170.767095492551 75.22171889440916 0.07244597375392914
953.9868556501548 120.90941691646786 980.7092655170821 147.05948973909176 0.07241852581501007
355.3076556214748 175.45313242170272 365.1790804010486 190.08095525051786 0.07241343706846237
396.4888897206658 357.44933337765434 402.545903057722 364.839761453503 0.07240946590900421
813.7518572032993 337.0517690450414 830.4829485730407 358.810160293207 0.07238993048667908
1045.1490707398318 332.3622295345465 1048.943744469506 337.62929718804514 0.07229863107204437
98.16125609794982 116.2840617317522 140.56797834475512 168.56985551255133 0.07224958389997482
851.5247260845114 342.2262570086652 859.1581242923796 352.3295222939532 0.072215236723423
226.56472934001718 180.27671019046718 286.0013459909586 261.8449624341143 0.07218005508184433
649.3628084077272 434.45665331759665 713.2877932514969 514.2555562890046 0.07217457890510559
545.0597260441173 377.1818466601416 556.9651177950172 394.44341650438514 0.07205761224031448
484.8030143154858 291.3254292712673 500.8415985508263 309.1555874719133 0.07200463116168976
549.0239888025094 349.6108199843423 556.0082008464456 359.2042774582568 0.07199674099683762
1074.0125766504814 320.519122079478 1081.3742313076048 331.37284863005607 0.07196418941020966
1046.4163844430846 227.6072992364043 1088.2552618785076 288.552661082525 0.07193630933761597
476.07938192835826 386.92175780136836 482.0591480907138 396.33740692953234 0.07191960513591766
414.9118408655724 348.74193081427876 421.3255388945458 356.66538320787924 0.07190657407045364
388.96490632485546 356.64812950927086 393.9570883191447 363.0644054280998 0.07189305871725082
1022.0909080129247 321.4275960156573 1031.5769739463403 335.71045004639427 0.07185922563076019
555.9160905893184 332.0569493409603 562.4283306486537 339.68421350856244 0.0718110129237175
374.09194563228687 176.0068126314097 390.4518163317024 199.1750591507846 0.07169555872678757
84.71191444212097 361.7981214179583 150.21223100342314 453.9808468149007 0.07160963118076324
65.2205016593233 160.25232875915952 105.9275858597471 218.6964037476399 0.07153207808732986
179.26669167914477 34.43762290589985 199.78145709594537 60.96733552085013 0.07152948528528214
435.8734466851357 312.6788736003177 446.93223027828475 327.17844555282693 0.07151169329881668
211.09218614018633 315.84367867735597 255.46886113333355 380.6695816312913 0.071467325091362
154.59318975412725 310.2734407932745 245.77335416408405 440.3245557567558 0.07145647704601288
350.6803282919736 190.90173151555206 356.836393032577 201.44964998480935 0.07135992497205734
390.1338852834462 214.2699838998496 439.98404062647654 281.88883823484355 0.07134445011615753
754.0098928350701 236.11571970562758 796.9493132352487 290.1563927083099 0.07133161276578903
631.9659922615981 388.9738178277853 664.0702248076326 430.4836985517824 0.07127858698368073
1062.7053338903609 375.26211594122736 1073.219505835023 388.41237780768165 0.07126639038324356
590.5809432456527 344.59519469633165 599.5108631570646 355.90752080633786 0.07121653854846954
502.08516030725366 405.0569039579416 532.4134913565974 447.3726914694394 0.07118619233369827
808.0237856435156 348.2409109523387 819.8711109507337 363.49518568616696 0.07114351540803909
471.9038920368035 304.1563893294563 478.72471394814494 312.85521860718217 0.07109593600034714
99.79974762794771 155.95088896637964 154.2725157864084 221.93041735627753 0.07096784561872482
526.2550569039593 343.06322417069805 533.5530817308879 353.03849365233776 0.07089904695749283
378.2526383462245 280.9441782589247 408.1452478867867 321.64946333565564 0.07085321098566055
69.23271630996102 222.0492532909449 75.43560299806843 229.88552480059388 0.07080700993537903
390.68203563193697 397.1750369565952 398.9380026600855 407.25049617204166 0.07079727202653885
520.5199536737484 389.0028352779517 539.492943548869 413.7685547149936 0.07079310715198517
488.6019216181018 315.3959131289243 496.88702306621065 325.6995169373404 0.07079149782657623
423.58712706455407 397.2145907599232 431.16684285437475 406.58529588188844 0.07078427076339722
447.8310212759548 336.81822172808705 453.79392321761844 344.6219752393611 0.07077153027057648
114.79254440407091 -10.860705779831665 164.96036462286852 42.24205992026786 0.07076296955347061
452.97374630657356 319.7882504512711 459.4959374153699 327.8118635693766 0.07072407007217407
1030.9595668725976 324.43471535240775 1036.3842836721092 333.05498255432343 0.07071714103221893
1060.409576123947 332.2999811655485 1069.101326249283 343.66060791571886 0.07069866359233856
133.18681089563268 472.3342585549423 187.2956574609709 536.0591620414391 0.07060857862234116
539.6890600737706 332.22466178217985 549.7399140969808 345.5623567956379 0.07052017003297806
575.703876867757 382.50313783128735 605.9866966811489 426.96325216973304 0.07047417759895325
189.25796013699917 427.68859792832717 234.24948460322844 484.61893078120136 0.07037650048732758
628.7552024249231 493.06239687560526 657.7767992734015 527.2713695879793 0.07031456381082535
543.8392524366348 274.72504127179 571.7093135517318 310.66224756745396 0.07004855573177338
545.3948337712849 323.848198902999 554.6187500851573 335.31067122313584 0.06984710693359375
365.4463905175379 338.950151723029 390.48954289448307 372.20845048265187 0.0696980282664299
255.20891208922188 239.48147942580027 306.4010854795295 305.4129445161359 0.06959673017263412
518.3899772290301 318.14933187864204 527.4784961064771 329.2136074385709 0.0693017765879631
1052.1744982464384 340.32655360436877 1063.5955289995197 356.59992215780966 0.06919190287590027
416.36593827872866 278.39574460711884 445.3407013302995 314.88302901992506 0.06918241828680038
523.4593416244545 325.87554575065894 530.5831375425381 334.4025539983729 0.06917886435985565
36.78816839610023 287.7429810450243 89.1500967203268 360.6587040217225 0.06914432346820831
538.5118273054882 390.5070133890743 545.7442956585741 400.5198776001676 0.06909722089767456
269.4101119555666 490.42983049669414 286.6425039016092 509.9412355952583 0.06907054036855698
561.380790947027 345.3043716985979 567.731374719246 353.74486622373337 0.0690171867609024
432.723321973045 339.61677922923326 438.573225470485 347.68148454326666 0.06900863349437714
73.22937207898741 10.947033739477352 103.3976979020886 45.767019607824466 0.06883556395769119
436.3795584052763 338.9956033363295 442.8687167306583 347.48165584624235 0.06876804679632187
435.2853951836632 394.4866758871314 441.19535915825094 401.94162869791245 0.06875985860824585
1074.7939591100599 332.2078626058843 1081.5708262021076 342.37371563400507 0.06866876035928726
1034.2212727706603 305.39724754561706 1073.864260375454 364.62546726591154 0.06852614879608154
511.1676922106403 325.0765125511686 518.8176938621658 335.79941583954763 0.0685202032327652
145.47476936142127 52.17641393173413 168.0863050293286 80.56737348212975 0.0684032142162323
105.4585311017194 360.51577069250334 305.34854130344115 576.3657126314968 0.06813725084066391
463.01948937985 388.4776935130797 471.89072032729865 400.5385323320467 0.06809280812740326
1071.3566735377037 253.61622945352852 1080.9273801480024 267.4395855698837 0.06806933134794235
343.5944095810652 153.3687219393726 370.53721553173466 191.15394890467186 0.06793566048145294
1036.8072708990792 287.4684032466523 1086.6921792641226 357.5203606933616 0.06777175515890121
1052.4983475128272 263.24985528329256 1059.6607239327955 271.67784637106405 0.06773100048303604
98.05537943897599 260.8954467345415 168.0196715991661 363.7436692037955 0.06762789189815521
60.40743820713415 198.61671423705667 115.40623221556278 282.521616190695 0.06760132312774658
1024.7559879392034 242.20123392236684 1055.9364550954565 284.63471871578497 0.0675383135676384
775.7612524074103 337.4202366539262 792.4326636795197 360.60951161268895 0.06751297414302826
472.6574020534864 268.88095560064795 501.4643372830773 300.3897415243015 0.06747587025165558
27.271195158751574 431.6569112559609 59.27995469323306 464.78625423129785 0.06746874004602432
396.5021079935815 390.7393250889319 411.58948600060654 410.52450724476756 0.06711433827877045
169.53867167748865 -10.316505280032969 211.0274489745378 33.306960397595226 0.06699752062559128
394.439458066009 263.4294965578939 426.3753817211209 306.7182546734213 0.06678063422441483
58.39791560026105 8.552736987197177 72.87723447684988 25.573163296500965 0.06676378846168518
496.05709353530176 386.93238060983964 502.1402610608239 395.39953992430856 0.06663872301578522
1022.3988266415275 350.19591942963126 1032.0552123708583 364.2837369426246 0.066620372235775
470.46252745405775 299.4464826373082 477.2220082235485 307.93423972580655 0.06657789647579193
568.527631181322 212.10253338333646 609.6874729482178 263.20661522966805 0.06647580862045288
500.8392883692875 388.4559281171443 507.32389560606623 397.7904213055196 0.06637732684612274
1030.9342231545295 -27.278345027154643 1096.7255757000553 49.29158128590883 0.06623674929141998
85.77049369054382 41.12332574131081 104.53860747976518 64.47388936877576 0.06617733836174011
1036.4376284174539 307.9957209922955 1046.8828500229677 320.0682625932036 0.066128671169281
385.019913991524 358.3902857248288 408.65557189136484 387.92778361776834 0.0660601407289505
386.41721255922954 386.68387477961085 391.98423314820155 394.0296282333022 0.06595113128423691
876.8634576184442 477.87004097936114 1240.4624833968758 892.0612785026748 0.06593137979507446
-39.79862068066362 142.78007649596148 168.3907639640861 451.68779939485165 0.06590450555086136
1047.2282818917458 373.17353448399285 1057.9554160918385 385.98111698680657 0.0658981204032898
449.53982958197713 274.3935705426174 477.5558895323358 309.6778431157654 0.06584625691175461
85.98077846901849 -3.1790505318313578 123.12699791399805 35.032021000177046 0.0658121332526207
191.63980825497228 65.51560177686544 216.22789272733544 95.81745952568947 0.06563922762870789
1044.743148415269 314.1200162753798 1055.3463396752243 327.9660499178988 0.06547855585813522
513.4948131251863 387.8463408947325 523.1506707292294 401.0998916829639 0.0652683824300766
1017.2649899609455 270.7246386134477 1028.2185538410563 286.8055844955067 0.06524261087179184
109.20939687862177 153.64138075726905 173.08330109403758 244.66584509051373 0.0652199238538742
454.77191387143733 393.6231419232825 463.36288114187545 406.6752418208521 0.06513135135173798
112.62963310866827 67.60483380567278 131.79367847645082 90.44074531692644 0.06512325257062912
431.0272397906361 336.69254047227133 466.18396560262113 380.77980474224586 0.06509857624769211
20.484726773441704 361.2659278900874 112.35323121902785 499.2282293583544 0.06503378599882126
362.94552350489056 258.4609930917764 395.80945545915245 308.87179725834665 0.06479024887084961
1029.281758844953 311.47408875790666 1039.4087149277425 326.2847625255557 0.06478767842054367
157.76754649907548 10.173348755747995 205.07884836715843 66.40113093475752 0.06434953212738037
603.4852683663245 325.35106811956905 635.1135500312555 364.6997656703986 0.06426717340946198
390.3740094156111 350.7069086834209 396.49281466541765 358.5097316195084 0.06423194706439972
527.2046308459542 382.1860286753935 534.9126866031698 394.0560638537259 0.06407970190048218
889.3544597095766 270.4310935152825 935.903694002255 327.3629906691976 0.06407178193330765
72.62654548522576 63.8201908459463 96.15717182129164 94.81179522775759 0.06383676826953888
989.6422722613736 219.3648831434631 1037.7983140327437 292.46501188045113 0.06380564719438553
58.08811068312711 297.5908713923795 65.67668473569138 307.30130706019696 0.06359460204839706
586.6701873813142 345.3425678874264 593.4164690365128 353.85157694410583 0.06359405070543289
501.57752569195094 314.87866085079315 516.4065847455216 331.95493488975 0.06356140971183777
397.7040255334349 275.7168685098937 475.9725203134703 359.9370356512141 0.063524529337883
1007.1560702512079 293.1042603687555 1024.204153331066 318.0419335380671 0.06352399289608002
419.68545251288197 346.7632179361957 427.03775087081164 355.90898589491957 0.06338528543710709
854.7966424853706 332.0709685256525 863.2478296706743 341.94378082962913 0.06336747854948044
1063.7158760698867 358.6955191130872 1072.9480087060551 370.32526170137885 0.06331785768270493
460.99185388108526 231.89818961323635 503.91951199606495 287.18279757777395 0.0632782131433487
307.1370032436946 265.70131802672637 389.0177610845707 381.46087520079425 0.06315098702907562
140.352018007523 25.547233566777653 154.21265450353536 40.31852527723209 0.06309399753808975
45.80481359992764 39.608570851919474 56.34073074217502 52.941838054068626 0.06308265775442123
827.2156837920919 288.23190958273466 862.0263732131892 330.36398995278915 0.06290092319250107
1072.6364515531734 341.6874736622114 1083.0422301146086 357.51821980990604 0.06284545361995697
140.14137798776392 48.31412992402285 158.58113550077084 69.98912902719455 0.0628400668501854
361.208845271008 337.579912047272 375.0152709832953 357.7757195970857 0.06280674785375595
151.06989368569788 38.31822813710922 163.4734349637262 53.18121257244804 0.06265316903591156
402.57683032116194 344.7361160841179 408.6295526687871 351.90580413921754 0.06264732033014297
192.64358685998906 96.30960278702406 218.97199791955458 130.02300632793475 0.06258264183998108
556.9009914900378 265.31242781775 587.9423055438289 298.9711933444284 0.06233595684170723
-69.00218661397736 -69.08361210558115 143.1367531096861 169.34935647989798 0.062316056340932846
388.46738550601776 322.9751504034634 394.6523401145633 332.0014938392264 0.06215501204133034
348.7627890458408 245.61363986044861 376.479418673084 291.1779487225714 0.06210820749402046
171.53185477505824 81.84265283824725 183.28994362016246 94.78571003355043 0.06209429353475571
61.42307691194839 327.02652942053084 107.52244278017034 395.30652531864683 0.062061749398708344
413.96586041803266 330.1102386211152 424.2425174360413 344.0916170161501 0.062049221247434616
52.25590445717439 53.347772772617844 63.8050873237952 68.06896891822517 0.06202082708477974
488.6274734490131 392.0550312860635 500.5475712519354 406.760124513399 0.06193532794713974
579.4653438744788 341.2510574849525 587.450065986795 351.4146734771068 0.06180306524038315
170.95129608066227 93.70508542313473 187.21869978252366 114.04948840313635 0.0617896132171154
64.25717974197346 65.67379110468754 76.20291963129532 81.40845515448095 0.06173179671168327
305.8089229522035 473.29921474635216 370.3928011205965 544.8188659224235 0.061725445091724396
124.84834006474361 0.4547737598031612 133.915723801842 9.365180991680413 0.061724934726953506
561.8875392280097 334.0191132967156 569.9472562699546 346.24580897269067 0.06167701259255409
522.2372276577137 390.2365066340274 529.9785141173417 400.63444849880983 0.06163155660033226
341.73638775927805 475.61704596872244 354.30161328176973 492.76940945009756 0.061623040586709976
-16.341861275929674 345.7026439292799 51.92481329841201 451.21869290039945 0.06147359684109688
211.3905363776933 25.525264735219018 227.7782280995873 50.62665554689089 0.061416689306497574
542.742161470513 311.61324065653923 551.4188909618131 320.9034281735683 0.061350468546152115
228.17728547850712 382.48728889561147 307.4024002613986 486.8902962742201 0.061297543346881866
408.3644259614219 457.9142791395841 476.19109522716724 528.5680214886662 0.061296213418245316
424.7356213627996 229.33702811585457 461.0214592217308 279.16482031921134 0.061295848339796066
454.4376867233618 290.6205632892142 461.772713067039 300.31103344198186 0.06123967468738556
385.54419721012346 351.84828518152125 390.28874752447564 357.95350262456986 0.06123150885105133
588.1004869708305 350.38851434696716 596.8136070894985 361.6029579212333 0.06111134961247444
-2.4890486660383218 -3.0978799948092255 8.326614811272643 8.355139677879878 0.06075992062687874
859.0624511572922 283.95582175332254 891.4257986067541 324.1696018302621 0.060704305768013
543.5677667122447 392.57427636847314 552.1017783815088 403.6850261225342 0.06068790704011917
1043.9471641516038 343.3065321420613 1054.7768685909691 359.6089865881606 0.06064919754862785
554.519871491661 321.83064169459965 563.6591694285418 334.88630959898745 0.06064707413315773
1007.1409967373216 289.54176391786524 1018.8288276162034 306.60739477043137 0.06061059236526489
901.6202871193904 324.05074651655764 938.425847509109 367.8786748117187 0.06042086333036423
1053.7437802190277 354.6754950165968 1064.4312778649635 369.22478580433784 0.06036951765418053
824.9588231899588 419.0323538290782 866.7769488725459 474.84773213981725 0.06031809747219086
1054.645567721689 254.5477000356351 1064.6833453892136 267.62025477048354 0.06027182191610336
429.84855944037827 397.10281879128956 438.0095476158744 407.79408894691966 0.060162972658872604
49.764176119162 286.29673007353597 61.41451967828313 300.1520978752078 0.06004991754889488
477.82456585354026 394.7878808771261 483.80588591761165 403.3619701828929 0.06000341847538948
198.10203843965172 -13.990439614882547 246.0745877929206 40.26871431500379 0.0598238930106163
432.80535258157863 332.22223885918214 439.4417937668783 341.61534246921667 0.05975888669490814
170.53015758221747 118.3435809603496 179.50502042101726 129.9048380634784 0.05963444337248802
858.8454280540176 237.38148892190384 902.5383553806755 300.2202063719135 0.05951300263404846
121.78484577707201 98.41616714198115 299.26075530580334 313.76811038677374 0.05948752537369728
695.8227470013666 347.83936195844996 725.1580132276418 384.68780435598654 0.059451624751091
-23.174494956304276 -27.718841241228017 57.93925455413197 67.21082137898712 0.0594036802649498
431.76610922494837 384.5287562029618 439.5716094861715 394.6531705529409 0.058956246823072433
480.1774958482082 402.6287329703208 491.67136796100255 417.4296643406617 0.05863247811794281
10.326599455826855 458.0820026654832 94.60182356693716 571.5113258316577 0.058594223111867905
71.2012813595034 69.55190677430359 105.60948330776738 113.20508146717829 0.05858352780342102
438.38910757585717 332.4320051808675 444.5119091837182 340.71713504263704 0.05852784216403961
1072.1266107313081 371.44602200587065 1083.0765720526426 386.1950881196938 0.05842573568224907
167.39833782668848 47.74169999065154 181.3090832334886 65.38359927773892 0.05836625024676323
50.135812656407715 272.8400021073282 59.12169721622522 283.47514108960394 0.05821600928902626
-5.745495681062282 265.8081287452621 30.379168053314956 321.19276689324914 0.05817748233675957
28.70405052638494 337.01189028503273 36.37078308090913 347.124666833437 0.05816827714443207
444.23521345520055 395.0649704894867 453.2815588811084 407.8451765218534 0.0581526942551136
625.7869464292005 361.19160867594763 636.0299233049484 375.09780676685205 0.05815212056040764
-9.87131603292271 204.57288189995973 30.852906342571668 264.14370199271565 0.05804083123803139
978.7519840126434 296.451198901763 1006.5488659475079 333.6160465441085 0.058035362511873245
386.2611647873783 338.88318412001627 391.69968716828 346.7178525343819 0.05796574801206589
621.0057860438135 341.4329666208141 628.8102271529195 350.4165240593264 0.05782405287027359
448.44872754359284 292.38550773513936 456.9704772741544 303.9994564235651 0.057804934680461884
917.1799856673367 -12.070943893022323 1159.576133984671 270.17435156038925 0.05771827697753906
461.44910570129986 280.6795293277657 470.1938589863647 292.3538528734404 0.0577039010822773
93.03579696581468 84.76848439636026 116.19994514077327 115.25515234162718 0.057586848735809326
183.3807985880475 126.38090111197721 210.4309328876214 163.00880143510992 0.057515840977430344
532.0128900617818 315.67704399361384 539.6875543666903 324.6973782858287 0.0575089268386364
31.41098888670513 35.94318920868163 41.461505623938685 48.90210899395331 0.057424210011959076
556.5449067267427 310.43540688831837 564.4608141784429 320.20246731934895 0.05739988759160042
359.17582911190715 132.00499381359995 389.3201302987336 172.37617553953683 0.05737423896789551
627.5444318323479 347.96645392926393 635.4062388297259 357.80700845087875 0.05724819749593735
826.2577159681662 333.1415545251357 835.2238307223957 344.33902067070125 0.05710340663790703
371.08607883081817 149.35571842391994 383.0441471699595 168.0368665736905 0.05691087245941162
243.67829302420208 463.44826068789126 334.5457089432529 572.1069491527774 0.056727085262537
139.0733087405276 99.3174778808495 148.65864244953318 110.56178266285134 0.056266725063323975
180.3447857533823 74.82546467223705 193.52851180803506 89.75449603286823 0.056230220943689346
256.8151656033893 213.1590336474701 266.76459766674094 225.91651005359378 0.055545374751091
1044.8853124375908 381.6139317215767 1057.329487069055 396.94584163048455 0.055225592106580734
945.8649434788387 -76.20273747851361 1159.7260835605362 169.57543843905287 0.05506030470132828
926.347824603955 535.0395608262075 1142.9424290290046 772.8510545262677 0.055027276277542114
61.520715322660884 325.03369746486675 71.53186825597935 337.539073231929 0.05499676242470741
970.8192840612352 255.47576118830375 1003.0808841425421 301.71817388911205 0.054608386009931564
505.1983181959069 305.6090934913504 514.3239911998885 317.18435414896356 0.05459268391132355
159.82748357733817 531.2889173705321 284.88438873275464 671.120347438614 0.05429369956254959
-18.981403895567148 42.29786729226495 61.97693434131914 163.6672239460537 0.054255783557891846
239.62406501684166 200.80745926728142 250.3280011283681 214.7825843915584 0.054094426333904266
171.85750039436067 354.8137059911028 179.38967680529342 364.84735668406364 0.05404758080840111
460.16815001554477 396.29199598490146 474.9261548441379 415.02828548876045 0.0538816899061203
809.1556128778587 336.2982783435783 816.9958635774827 347.08108676398166 0.053788017481565475
1002.9075542292985 353.7008916280345 1013.1548754271413 369.09187585145656 0.053494714200496674
818.8000041019338 330.6303578766066 827.6896466393049 342.4158431949882 0.05314042046666145
128.58866134205317 343.5828964170508 164.23101846074303 397.2149177632248 0.053119588643312454
36.869896220124176 -9.520681964271061 69.39094194965229 25.264755942244776 0.05303512513637543
498.4532452310877 396.63726710212137 506.0510798031291 407.4545391535788 0.05291292443871498
629.5668349912353 710.088725092929 641.4642635033997 723.2122801059312 0.0528593435883522
145.12524522935766 107.86968400864987 157.39216940677193 122.51968844168253 0.05280951410531998
215.68340356114638 55.001592422477955 227.5754444452671 73.06519948788838 0.05265330150723457
318.8257802643811 473.62406336082665 415.503943675777 576.6940684300378 0.05246841534972191
367.80156478463556 316.94653983084766 374.7117251110995 326.7335158106249 0.051719389855861664
172.2742589945413 341.59177738866487 179.94234497041546 352.24867118640566 0.050754114985466
979.4551036747553 360.6048247736377 1027.7679774327387 423.3284275722635 0.05065915733575821
