557.4242274307629 395.9717366738303 587.0552513814927 431.5825557119534 0.9997677206993103
647.5503439930579 372.3562788683417 679.1218257802557 406.9060442198915 0.9995736479759216
988.73949993901 366.4727117014199 1000.2310622435668 379.08606124054114 0.8928278684616089
438.026974853962 419.62427141269666 443.99773974894 427.40015886870316 0.7612125277519226
834.7132121383927 372.9135662392087 849.1198382062822 401.4143318798057 0.5446884036064148
618.9010126839979 385.74859803658245 642.0160446849854 414.1117086126799 0.532920777797699
477.9995287923147 419.64007905096196 483.62362173890546 427.2638439100705 0.49839091300964355
818.5496870884003 285.1648066657026 884.1648882765505 369.7264559621447 0.24750567972660065
971.3105368254913 283.80443728877685 1045.6754043473638 372.167868626018 0.21084752678871155
744.0316581085314 383.19785839251347 764.6341447564488 417.3702000042654 0.17909854650497437
421.70639427279747 426.8043572138524 426.390180281597 433.67356044606186 0.17771059274673462
926.7536761179724 403.1008453712708 946.1509800746987 428.12913399192445 0.16701363027095795
680.6174737137837 399.35786539719203 702.5639462127375 424.1962137402306 0.15740467607975006
1020.9594800325501 363.107369304403 1030.955903247391 374.8926741310456 0.15262173116207123
677.3783223928978 360.17781181682335 697.8363045793745 389.87144757750826 0.14124532043933868
392.01364848408525 411.78189478505743 398.4529014859399 420.3966291027079 0.1377801150083542
226.0130662032857 533.2645331279052 284.2417826006145 598.7100605326209 0.13590356707572937
494.55381000339264 395.9656150492235 511.8986231662131 417.37975740772134 0.1352996826171875
1003.9642698206923 362.74135815418106 1013.8291419057141 374.7685727296895 0.1317400187253952
468.24794947085485 416.28247414854604 474.1752941954564 424.4560747852442 0.13076330721378326
869.6615817982076 361.0037765818089 886.8742845074878 386.16247385789114 0.13048793375492096
935.3687791531557 401.60335566633245 945.1657601484459 415.5618571113615 0.12773072719573975
458.1313750211294 420.46069104805446 465.45528512757426 430.18010309092057 0.1260049045085907
415.1046936711411 430.87134961512044 422.8947042963566 440.67287547453884 0.1237928494811058
477.5606002192226 408.0549921385156 487.74906466618944 419.98942216867323 0.12357258796691895
473.1508336934572 420.3393529428505 478.4406371789467 427.5455238138218 0.12029299885034561
435.6474693892391 409.7892334295208 445.7924573315284 423.6184156551021 0.12021293491125107
462.7283541165547 417.3723080656133 471.7273923931419 429.06431161957977 0.11767685413360596
452.3641917185449 415.9839046798384 458.3643315571481 424.4287736899179 0.11666053533554077
397.2273155842954 426.8363205832173 405.57989747669495 437.2215657745017 0.11591235548257828
510.39016898485255 413.6533349370204 519.2911288488724 425.44877004934597 0.11382192373275757
418.038767748475 403.7719968147907 434.1985019685254 423.99193092994244 0.11357370764017105
486.796332529311 411.751499956505 493.82389629762315 420.6996416099718 0.11355853080749512
472.85906849118555 413.3802945624677 477.6582119742359 419.74962693495957 0.11294058710336685
884.381757601599 381.7485606057966 906.8569737550944 409.36219440017993 0.11293824017047882
378.0472894827961 437.6871417502216 392.90680552537026 460.8884877443713 0.1119660884141922
469.2939464992432 412.15554760094017 483.9203068539049 429.8745494323072 0.11185382306575775
457.11900305554155 416.7003771469534 462.262894554727 423.6406578693897 0.11140459030866623
441.6080947015139 428.0582711053724 448.6779559536332 437.1814742506093 0.11136751621961594
1008.8872057855854 326.12703651549583 1013.8876926107882 332.8385247084478 0.11136237531900406
427.9446380450848 420.6664830358408 432.95787418287307 427.97293630245287 0.11112742871046066
806.1768576985125 365.86758505559163 829.676049233171 403.46310441871196 0.11092407256364822
384.3245587051733 428.4838981459521 394.4890870064868 442.14522102153876 0.11011389642953873
805.0844439389273 407.19213903021796 822.4092214581209 435.21275577561204 0.10978087037801743
483.09160978139687 420.0010616665537 492.72040846723786 431.4631442315708 0.10953282564878464
491.8520098335661 425.17420540791124 499.68483881349437 434.2812778057978 0.10925314575433731
403.18330648502035 418.4637479526456 411.7061423659821 428.8720264249067 0.10853894054889679
394.7520797279212 418.11430985762763 402.9252871608572 428.110921484312 0.10796904563903809
377.25341851248356 428.54304297336023 383.3394602192168 437.8127699501327 0.10752633213996887
399.36031228352584 411.3835644404943 406.5124352639556 420.1299030237497 0.10745808482170105
389.26940892520946 433.06095372818095 401.26425620957673 448.89277964268405 0.10740254819393158
409.63030442476975 414.1273537250909 417.0851014182537 423.4588812545543 0.10713931918144226
433.383111733297 395.3043907658832 450.2609311613402 418.840424658433 0.10675337165594101
823.7860308301179 364.6346804116664 838.0803524145891 389.6589478379797 0.10671362280845642
763.164874408877 380.34954756924037 786.037088371967 414.9991100712771 0.1064106673002243
450.0517045254243 399.5560796645976 465.6442660463601 418.85518244662103 0.10636214166879654
1030.286728691146 325.48138174736647 1046.3052882125967 342.74292043269577 0.10587644577026367
291.11271413769697 515.7891185913224 310.64871965776183 541.7155744969615 0.10373356938362122
404.41572018326576 428.0192414353021 412.77548181782066 438.46567651964784 0.10350450128316879
730.3502989152508 358.70435042454676 751.4318718156142 390.059156432759 0.1032591313123703
869.442570211493 333.34837088772986 889.962057404558 362.40674995507084 0.10255123674869537
1010.0203421745734 341.55406823461817 1019.848731270458 354.24984575659755 0.10234641283750534
1019.0804068802101 340.1963879540641 1030.6709858584181 353.7927261380155 0.10232238471508026
430.2257643861503 414.45424635941475 435.67717747814237 422.7276820071277 0.1019836813211441
433.13275756295224 420.3954874021286 438.04877503608964 427.08825634164964 0.10189445316791534
464.75067804836465 426.11880893259354 475.4302154106397 439.6802310700812 0.10125786811113358
451.02126370131873 431.463879257064 458.2767758018821 440.82941327451493 0.10113232582807541
407.3332293965508 400.32320715818736 417.28963461031253 412.809475566367 0.100770004093647
872.4944009753278 380.54364702816133 889.165058732086 403.41271583727104 0.1003984585404396
462.19425582876187 411.47311623528805 469.80651956248596 421.24990320399013 0.09996408224105835
1029.4685883710645 361.9099010108222 1038.670699802027 371.95241419969057 0.09976170212030411
997.5957733858369 327.4946953765487 1011.6058515218959 345.4483412597709 0.09964616596698761
412.2655082279473 426.82987837675705 418.8077056265771 434.9389575435857 0.09947879612445831
445.823192206339 415.21927737643307 453.17406434825676 425.4084269979325 0.0994027704000473
448.99336085743323 422.70817805395365 457.85224080339157 433.7251114518611 0.09939579665660858
373.5838649648045 404.13721859830196 389.49207503823794 425.89942559234817 0.09932627528905869
853.1038325124558 362.66981964461627 872.5210425211773 389.9082594152411 0.09928043931722641
382.17946790883 440.791566743384 387.0324019110384 447.1774930408542 0.0992395356297493
796.0252763674904 347.6312940189584 814.416325547786 376.36687783000053 0.09917759150266647
387.6966264755988 407.79387437156754 393.8877943032743 416.2661191079428 0.09910938143730164
920.0034608688673 373.10216728120747 947.5823010643448 407.55262124214886 0.0989602580666542
223.20504457479225 594.4667107536604 269.3662273446948 654.4096854165196 0.09893658012151718
443.92774153658746 373.5082928014692 462.09566781127234 395.40924421041166 0.09890665113925934
1029.1274385317745 352.0200977923075 1043.0286839079204 366.12742473347447 0.09858687222003937
428.5071743802708 430.46640720259484 438.83524634082795 443.78821245369176 0.09853987395763397
504.4503608161641 409.7589602037361 517.9181060892197 427.18054811757025 0.09841426461935043
422.29363832350475 422.2745329753856 426.7853426907545 428.32233168867697 0.09829797595739365
417.3722691793074 422.73684975440744 422.84123157754726 429.39235884734745 0.09817878156900406
798.6114962315138 324.51360424163954 817.3437132444002 352.18178993841843 0.0979970172047615
252.88208142689666 520.4624431773365 268.3087691321099 539.9272800091424 0.09788436442613602
407.75174277458916 434.3663439843768 417.4561833521824 447.4042353665117 0.09745868295431137
283.80597408557406 617.4654423178443 331.6266206558663 675.8315200408437 0.09735248982906342
471.6757548284496 400.54711897567665 482.0148860176842 413.25509733683117 0.09732993692159653
1013.0887933370249 362.48874242438933 1023.5331853445924 374.5530519431875 0.09727589786052704
423.9015973912948 431.38440434843625 429.86006780111586 439.5428206211902 0.09719883650541306
847.4279575942969 334.05771240979504 873.3919341138779 368.9012565813008 0.09655927121639252
1015.0275191292462 351.96303261146994 1026.3112646558466 364.2087694208624 0.09635669738054276
436.4865487093541 425.1189794969776 468.39934777262107 464.52416938546696 0.09630727022886276
751.5228921375436 364.6565336012967 776.9014371862054 398.3845115775776 0.09588182717561722
883.7033723165191 346.511881194218 907.696309181647 378.4579436832852 0.0958295613527298
785.8561588371006 377.4728069987551 806.0056947641044 409.8305811312227 0.09582450985908508
269.54650677975127 542.2858227880456 302.09997690461773 583.6914408520896 0.09580513089895248
982.1646733663258 341.78330864895213 994.4198720996333 358.55074781718037 0.095728300511837
381.0279688256635 418.4721188448824 389.5615958466478 429.9261185379605 0.09560437500476837
818.0681544138955 300.1923587539243 837.3131777271974 325.12338273776055 0.09542743861675262
813.5167693793632 311.818838067461 831.1818360527028 337.43835177655285 0.09535123407840729
494.37644234358584 430.7628891717127 505.3375031041679 443.9709658207607 0.09488734602928162
992.5166081064414 345.66558219445665 1004.3000953689791 360.207247694444 0.09485476464033127
436.75839898705215 426.72344306404636 443.02959432120366 435.0035661830406 0.09450151026248932
833.6232238450408 346.9131957862633 851.3307171374612 372.3636750212349 0.09440743923187256
399.0709175112479 453.14443003952186 414.816854813187 474.96679732364953 0.09421685338020325
778.0067849017119 357.4046229971304 799.1255530775575 389.7611933014311 0.09405622631311417
414.27372604275934 438.54141940873933 423.8438416905353 451.7655650297785 0.09394115954637527
459.9287455502784 376.1952510316944 481.57055948526113 402.0301517570797 0.09382373094558716
402.39068219407307 440.15728580169497 411.67872354572694 452.66985031675824 0.09375936537981033
1037.328260662012 346.48009139964984 1051.8976731934595 361.24367456318726 0.09367784112691879
1036.1106435058987 358.51428423996 1050.8481110031735 375.55458372956923 0.09337477385997772
390.85190105381315 408.8879273373465 419.7559523528846 442.8397822457702 0.09323567152023315
464.8070016350059 401.50927073138547 478.5786923388216 418.0929963202953 0.09323011338710785
393.55971090082835 395.76444326834843 408.86853112772087 415.2344883322352 0.09321378916501999
1009.8097952066976 379.13188886551285 1018.1210669114234 389.07158414971065 0.09316909313201904
1010.4321764061878 331.7485942889146 1016.4529464962584 340.07943315094576 0.09314572066068649
323.8869314055058 636.0781234450451 355.61036733846345 676.2573094067026 0.09309041500091553
1002.0420819784329 356.712884612771 1038.822408805405 399.4548226839559 0.09273279458284378
721.6459688305154 529.5561201267054 729.6144190942958 540.1355236694014 0.09255726635456085
485.053455907112 430.77134287895797 492.78941394648524 440.5324535222916 0.09222634136676788
457.8398247202195 428.73433725348804 465.5721438383394 439.46410658744895 0.09205649048089981
817.1318885196961 343.00645087277144 830.6746460748809 364.35671173859276 0.09202030301094055
440.77132350362416 439.7133277411991 448.7462780449008 450.5052193198743 0.09167075157165527
727.7790232414451 515.2043642132552 734.5440903322353 525.6854765410452 0.0916462317109108
494.8368595720076 421.0518661734834 509.8641116066731 437.2909764806733 0.09161851555109024
479.13457777274215 389.64259788062986 495.936059174411 409.15244008644993 0.09157107770442963
817.4030934572078 387.21582311451454 841.8133405397274 426.1614687351299 0.09147323668003082
1014.3938556407511 375.3173352721648 1021.62913899397 383.74714717418914 0.09141320735216141
691.5319871379197 362.6370901979569 718.0758383660343 395.59974593380633 0.09128162264823914
472.0280244190071 430.1563403215516 483.55648440288434 444.257252370865 0.09123478829860687
997.1379348825709 327.60748445520795 1000.6717451765552 331.77172923322445 0.09116165339946747
1002.0475924270021 343.8424114749128 1012.271270702849 356.20341447878246 0.0911036804318428
458.94249451232673 435.1228826020518 465.9552588823754 444.1595187459266 0.09091755747795105
516.3423707053471 402.73192624570135 536.2832190025065 426.20455876245273 0.09044069051742554
406.16044723536737 413.6016566797664 411.1268184370042 419.7584383642689 0.09013715386390686
965.6841794547531 361.0749460726875 983.2264626267018 383.66256973262887 0.08993137627840042
993.7769407564025 356.67935991456835 1003.4776991479059 367.3748877081833 0.08986543864011765
264.6439739599855 501.6742285687516 303.3495005204722 547.6447789744859 0.08980243653059006
389.963171122201 424.0126100922192 397.51590563282014 434.1788869745899 0.08969026803970337
423.9000929844388 418.49042404428076 428.84040910810705 425.36646630409865 0.08952753245830536
481.92974102047793 435.91748336457437 501.7464126746655 462.1548036456133 0.08946342021226883
903.5247248739895 390.45100758615786 925.3348786428912 415.44301946784043 0.0894545316696167
365.8371847902408 423.4227170508964 381.5697652069025 447.5062790364713 0.08940920978784561
302.2351465497383 592.1670875457709 321.35452186576083 612.7602686046038 0.08930203318595886
266.10565307245224 567.3920720495419 305.65366148887773 621.1747764364123 0.08922481536865234
828.5391519203449 379.04071516436267 837.926770649881 401.2653466698481 0.08914288133382797
426.0313375697031 377.6744909919237 442.2041944270129 399.2680157177028 0.08913664519786835
995.5491094372733 335.9851789448306 1000.7026504641019 343.0015610312926 0.08913571387529373
722.5594962303261 388.0764493837766 747.4438591475082 424.26557123542847 0.08908838033676147
881.1541810086424 406.46717368061286 916.0268441346991 450.6551462294578 0.08898752927780151
770.6167974692577 333.95296779401866 796.7067963862473 370.0571515544077 0.0889446884393692
506.412183192784 424.48458627993216 516.8281359534286 438.34166277301216 0.08890445530414581
473.76784190531794 402.01761384133596 503.892514566007 438.9606749798741 0.08883548527956009
756.5681937235441 289.3525016128752 814.8366844626332 362.1043749064965 0.08876882493495941
409.6779531408166 422.88625478410916 414.37318046933854 428.7334837946449 0.08834780007600784
849.6302508644607 387.9438997514257 884.2575376166355 431.80782662365294 0.08831918239593506
998.9797183477209 326.37138764970877 1003.7801165396685 332.1338134729055 0.08825868368148804
1019.5896789062923 327.41115376509686 1031.0884652748302 341.9212453855405 0.08819311112165451
1004.7828327011789 353.48681161480835 1013.673540090907 363.7800341051393 0.08789660036563873
899.0218568724456 339.70611164527895 930.1702332461642 381.1510802697101 0.08757615089416504
426.73599227374154 398.35045042038684 437.2079177153926 412.0920624166755 0.08753636479377747
409.3320436235932 365.83060938380055 429.4398557817533 390.78789432143867 0.0874626487493515
995.2425308712935 374.60828341336753 1008.5531762433201 389.6366135781885 0.08735433965921402
1020.7723965842399 352.60027477748434 1030.1307747053293 362.7664653662891 0.08734343200922012
442.09106306034187 421.72398232797514 448.0382005504043 429.47874993612123 0.08705530315637589
585.2686787656845 386.11975647068357 602.879174301287 409.8066027246547 0.08667571097612381
528.5153626901256 404.3680841590474 539.3789877669774 421.8344428690224 0.086507149040699
826.9334859269577 443.1598623376335 868.8529265961855 501.7872316678344 0.08636806905269623
458.8974060171888 349.9587907983155 484.0268588663061 380.5498701093584 0.08635055273771286
461.06131048482695 331.4165880022517 481.87463582295385 356.10993678999426 0.08615322411060333
852.5163038969868 308.70414681123805 873.1845848876109 336.04482357046055 0.08611557632684708
426.5965870689485 412.89330990881984 431.35749962063403 419.9445114141483 0.08610645681619644
819.2544667179735 417.3193731473492 840.886799471936 450.6890394142505 0.08607997000217438
896.413577698626 321.02769112104505 922.0288971658731 355.53308866499174 0.08592133224010468
224.04631474700528 409.10178406920744 262.3301605201642 472.1174506750092 0.08591475337743759
423.9175666719279 439.52874859798294 430.48259324884424 448.81931945800426 0.08583872765302658
232.75388582428354 475.9948045264088 266.993641227848 523.7004179731824 0.08582936972379684
763.684234049139 358.8720637941067 772.0449991736015 369.3921695126176 0.08580988645553589
711.3385972124292 523.7645835462134 747.2525586351087 573.1938069232174 0.08580223470926285
468.0137578203326 436.3918325776584 476.27568654852996 447.22987328738895 0.08578505367040634
914.8927983299554 401.66507084077796 931.7576112873254 421.52039282427694 0.08565787225961685
823.3190139789027 312.06253045665153 850.6620712014887 349.7573974527998 0.08546408265829086
275.15007959030396 630.1216879393567 298.6587173026254 659.5944771808395 0.08530261367559433
413.0619364118032 443.37577309732364 429.1910886046231 464.5523822528533 0.0852370634675026
1020.367298969336 378.83906740422856 1028.025982438743 387.91401594629684 0.08523645251989365
225.8596992836834 556.2401742098493 243.1746980321232 574.2483565362644 0.08499184995889664
257.7120985899623 531.1405358524619 272.6217388992162 549.1042302365142 0.08497431874275208
419.0478803182564 419.1269164937548 423.8057806953207 424.7059237742707 0.08496875315904617
429.5188403933842 410.0194403473858 434.24131375861754 417.14836076194155 0.08485773205757141
926.5380902859359 331.8442918349285 967.4182957857763 386.84737547708704 0.08460547775030136
317.19572306404564 204.97710347734935 772.8287922700279 680.1793229461067 0.08452363312244415
472.46123084298824 432.9996739697028 491.0430295848596 456.76351694195256 0.08438584953546524
944.758295728402 398.9117555567099 955.6134452179816 415.08033621095376 0.08424267917871475
1004.345900765008 325.87638342815006 1009.0783929319614 332.00207430961063 0.08420207351446152
1011.0557301509081 362.40493446054626 1018.4216677522163 371.83430380332857 0.08405452221632004
391.00971217660066 388.8947841616187 401.3088133924991 401.8959615714965 0.08397089689970016
711.2361333762705 370.7559936328939 744.9523724127027 412.0575035494952 0.08390941470861435
432.65534509638036 441.7262090878966 440.0652034868692 452.23266513673997 0.08378783613443375
635.2332925852979 592.9572972826309 640.740274645458 599.8163050180807 0.0837208703160286
636.5662881057725 399.64622297533805 666.5015788526512 434.14571878138867 0.08364991098642349
399.1879565645208 417.479632916608 404.88140712427906 424.1659080892693 0.08364111185073853
826.6032027798847 407.662078029419 871.3136670871303 467.5020506603662 0.08341853320598602
844.8996263405097 377.8838861135923 865.0853449768895 405.94362289871816 0.08333941549062729
744.5095587825537 338.4370017382941 764.8692811270389 365.915338964484 0.08326756954193115
1027.0083269699296 371.4059504283947 1042.1902060042592 389.1588872928835 0.083243727684021
429.08344993086496 392.4555680121269 438.8470844475566 405.9293516483868 0.0832209587097168
859.8519129136324 424.64865910101946 887.0380155751922 460.9096196558212 0.08311246335506439
947.3320067011693 401.0383043444403 976.1604675897272 437.67549588826415 0.08300384134054184
409.51193545171895 456.6749772012205 447.69037417521724 503.31228753438137 0.08292774856090546
908.3353366948703 327.7417916823808 942.4105133281696 372.5824491367326 0.08291707187891006
603.8204353743204 405.812705766055 624.1293269681087 432.01260231470064 0.08291231840848923
225.57276487548165 516.0624980273114 249.71502962404426 545.799238345471 0.08290135115385056
437.26076025182215 391.3575454803318 449.2101637362169 407.8156105606032 0.08287900686264038
1007.5720640825975 312.90298042543037 1019.0408862893923 328.37631286478296 0.0828571617603302
704.0585935380818 411.8748572587931 731.9811471913479 447.3989425833691 0.08278948068618774
386.76766104701466 413.0953261625508 391.9890289433781 420.127776967267 0.08265694975852966
182.69475493304938 601.4965555511817 256.563023229527 694.5164608846504 0.08260119706392288
291.37329382855387 680.2031788856759 333.831362873286 725.8913735601661 0.08259148895740509
159.85601909141843 421.77110838505587 231.56068579175982 535.2764862109261 0.08258173614740372
296.3005770810889 534.629059067514 329.7978396977575 580.92318537273 0.08257754892110825
897.0190302998071 387.1426339769346 936.8933997469367 437.2067188090955 0.08242850750684738
416.4737641820015 395.58312850224183 426.8899370450932 409.1468684014012 0.08236551284790039
263.92454120964567 578.8512304014301 352.5549477661095 688.9292214700488 0.08217223733663559
450.7309402688427 438.8612296683022 459.4110361050559 450.66278808020274 0.08206530660390854
470.11378730035847 318.5351817832523 479.60769745612413 330.87953208573555 0.08206085860729218
1006.5997364943605 371.4623327182474 1015.217109289661 381.6676941935475 0.08201334625482559
386.5167871967735 366.3342347538089 401.10376209909066 385.2542375222615 0.08193661272525787
445.45807619788445 441.4289592479889 452.700008675034 452.29231132155854 0.08181267976760864
812.3124895449038 324.11207370077466 818.0738660601677 332.90230962300814 0.08180609345436096
1000.0429079498269 382.97476482429454 1028.4052028361323 415.97023551964975 0.08179759234189987
785.6898369334918 325.68117462958213 794.6800105956211 337.1232670602246 0.08179404586553574
414.097623088418 421.83489023733176 426.45704512363574 435.8444177363062 0.08175130933523178
718.0972351065785 332.09344694625366 742.0435438717544 362.6387422569573 0.08154559880495071
581.3581819389966 421.70507504615 601.6586034647645 447.67470671843984 0.08148109912872314
1029.8181943363454 377.4468662799517 1083.7977053999068 446.3029579445135 0.0814044401049614
813.674267933429 331.2122371616074 818.5632458952269 339.31091269627007 0.08140109479427338
453.60207502529016 355.63979450742767 465.3847793311049 368.8627898809608 0.08133115619421005
1040.2392390661507 305.62750712396087 1068.2799523683118 342.6377490953992 0.08117172867059708
811.0419812607546 358.0511504443833 824.987686143195 383.7387397093079 0.08115440607070923
492.48488069895393 414.7268515953547 499.07397491248327 422.1623926320679 0.08114365488290787
766.9146174695667 332.95886459142633 783.6808401456312 353.51849684553787 0.08090394735336304
253.97537632391413 433.4264629333249 293.273574904065 492.9932122021003 0.0808747410774231
675.3712819645094 331.8579082760731 704.9571273682332 368.3538010318986 0.08075001835823059
479.73531599265544 400.5277715236036 496.84566783630936 420.0421717151146 0.08071728050708771
906.2509980835205 364.50856725578404 926.9551692502846 390.3090591882881 0.08067849278450012
1013.8517081230443 326.892940662624 1019.7913175751111 334.8024407172871 0.08064758777618408
376.6330114497895 420.8263770288128 382.177607656394 428.582120786431 0.08056660741567612
1023.216273899484 313.2076169382502 1035.5244822711913 328.5950537501902 0.08051600307226181
938.6624573276625 310.5628325251371 964.4776168306863 348.48101315906996 0.08047573268413544
742.4039546190818 164.2461247921791 1079.9088550486742 561.9274270161179 0.08045834302902222
782.4434747504756 408.86006241959836 805.30549662404 441.28350910018804 0.08040722459554672
944.4834319680501 361.84582324471097 969.6542162306051 392.96330620615964 0.08021986484527588
623.4232263237475 406.01845108443797 643.0962228787786 426.7565796566351 0.08021347969770432
924.2112896324535 418.4593540508563 957.218647746926 460.3141176621009 0.08012773841619492
988.1031863444373 329.63401841533374 999.9030835851886 346.7895376870073 0.07997188717126846
1029.6038623811 387.93808839871434 1061.541694332224 423.02733094216376 0.07992569357156754
687.3402386095755 292.3064703334121 699.6958096381428 306.85698947395264 0.07987692952156067
834.9963801146567 397.62011629372614 854.7017345262823 432.66235356515085 0.0798693597316742
470.0692384961066 393.7895872584422 482.5835070962556 408.32683619805454 0.07986165583133698
798.8224459937466 369.7274869122804 811.2768498475656 393.1870824608078 0.079694464802742
1044.6026611820892 334.06688804289604 1059.035575999024 352.30670754048396 0.07963994890451431
329.0731157987279 682.5949022551881 375.93113524319074 731.0977929562465 0.07957955449819565
790.090089684277 300.59313884473136 814.199697610089 330.3750551720305 0.07948776334524155
201.22768304389325 563.4200504409145 239.80251413252628 607.2647311587772 0.0792531669139862
629.8221386536599 322.3587430426539 669.4709871780345 368.8490010062632 0.07918385416269302
134.15285492338222 458.2800346426349 189.34961094708987 538.5030040543495 0.07909879088401794
945.5535394985137 438.8560323016042 969.746540384026 469.00710847541103 0.07904846221208572
808.7943530570642 347.3012692575137 822.0443559765367 370.6458637118337 0.07904161512851715
280.49788005160207 469.9717993472174 321.1404349994148 524.9959548366894 0.07885090261697769
960.7015461069268 380.8994555656242 988.3904702986978 414.99585754740485 0.07857074588537216
674.88423448504 418.3367735073446 704.9215902659397 455.89604731763023 0.07836181670427322
951.5982240514717 417.71097034514884 988.5679649920355 463.5505271774794 0.07786956429481506
438.95877107204205 436.12711550854186 444.0538695028015 443.1392494607176 0.0778399333357811
537.6964237177456 407.114814238884 557.5493516188437 434.1618569377617 0.07783433794975281
1059.7581686700169 350.983830208356 1084.122088199523 383.7286195790365 0.07781117409467697
178.56467974617036 23.03581426390409 273.02315545416207 131.6497029073061 0.0776878222823143
966.2182575982009 313.53673845530585 977.8970862250012 334.88449151574076 0.07763101905584335
306.85059540686416 519.452660512827 320.2472916491282 539.1237686340068 0.07759881764650345
770.0534625096456 437.7129438326947 811.4982111243397 495.16227559909066 0.07722397148609161
993.8853227211039 314.98213430952063 1006.4631909149649 330.9195283557507 0.07700908184051514
984.3545279213154 379.59364984824896 999.018268157208 398.0400159547104 0.07668447494506836
483.0994873940915 370.32110765198473 507.1062524977964 398.9607312330482 0.0764918103814125
200.29980183647876 499.5825545006722 242.48214278062454 553.4360318173202 0.07645226269960403
836.7444288619652 308.42252954611354 854.8341252887221 329.8449160822078 0.07620012015104294
516.6691955661719 421.65463818410905 527.3597481862116 436.23562513184066 0.07617157697677612
143.03698545799693 501.7513527582093 214.86069638709918 594.8916609685874 0.0759553462266922
750.6439402273269 411.6410424771377 785.1737675490336 459.94824339705656 0.07584284245967865
465.43065067852496 370.721815311572 479.9641873808215 387.8068089884888 0.0757264792919159
1028.5405188536472 340.9793760333011 1038.2713044952354 350.85329266863084 0.07566295564174652
841.8124307350957 340.3351795528726 850.9426471088757 353.10548982651005 0.07559595257043839
379.33015194896893 412.5903843488903 384.9922604572495 419.93487699575877 0.0754314437508583
906.0842356875308 376.9745350798309 923.9804404771807 398.53562323462074 0.07535044848918915
889.3965655227064 280.62944787606943 935.3377115858826 340.76137096953124 0.07526254653930664
980.8002135486653 355.08845296149065 993.5283500968179 371.8603570407355 0.07525955140590668
82.23767706384301 370.9882125897049 137.92991529595054 504.9602077567671 0.07525955140590668
196.8980199510452 602.1083561012506 225.05098734673913 643.4075980257504 0.07523129880428314
111.93153501247015 459.4083048506892 167.7937866211721 544.6409869794737 0.07520383596420288
977.719573811331 444.49092647948095 1043.6929743497165 524.7138164230405 0.0752028301358223
696.0200355203324 398.96630286842094 716.424801648996 424.22806663723793 0.07513732463121414
413.24733520061324 387.4119640904666 427.4115551217293 405.3887414080497 0.07498355209827423
826.7146170905839 339.8173252617446 838.3765670334136 356.9509503251505 0.07489708811044693
801.2307934813987 284.4400705375608 824.4810202912821 312.9292990025267 0.07482102513313293
674.3636630349167 290.8552787152424 715.1544252532307 336.72730182855895 0.07472484558820724
978.2480755663718 377.340255077521 1000.4548851504195 406.0362378536047 0.07462351024150848
621.9691011696013 422.47542897396806 647.3132234721896 454.0008248323508 0.07462063431739807
793.4174805141602 324.3855244644005 804.9318343134926 337.84998069485516 0.07449494302272797
135.3520874392217 567.984183899793 215.063930089877 668.4962746102963 0.07444578409194946
430.24912889920137 350.99940023660446 453.9089604613709 381.1518075690349 0.07439419627189636
531.3016387778259 445.519916872426 568.1587698532983 492.3990706038913 0.07433442771434784
699.4534681998462 341.5740835869217 728.4949216551787 379.9060096908499 0.07431795448064804
844.0514693300677 422.1790872229053 865.3003124415641 453.7354455010389 0.07417403906583786
1016.044008880325 299.29117001723085 1025.18661353241 311.03491946154236 0.07401552051305771
751.060703215953 278.6082089324694 786.697283512842 322.4516594764988 0.07397481799125671
448.0033818976048 386.50413334623295 462.1062955664742 404.8732931348283 0.07382038980722427
754.7147615795501 362.56391418994707 773.6693362692113 387.07641349814696 0.07381929457187653
185.59512786596753 -6.988251475497925 236.07549678541054 45.12033335873011 0.07375266402959824
170.6275390258702 625.1383168501419 220.10627904359703 688.9745804940648 0.07361085712909698
969.4422413203181 319.168259844251 990.3919393909453 349.7771004613699 0.07355745136737823
373.44081615999056 387.6082270624444 392.7589411785257 414.7705691822695 0.07352511584758759
898.0560338035555 370.41201114582606 917.1295201099308 394.947422465757 0.07347709685564041
871.6832408750594 444.63760284733905 912.7892484126036 502.2675626659142 0.07347337901592255
805.9963340315833 307.58133219714153 818.9867889250241 325.08982928301464 0.0734654888510704
511.0456835437584 388.0478452936905 528.5473131301732 410.0275566729899 0.07331714779138565
1069.5166742652737 310.96515794944526 1085.1801831838789 332.4454262342787 0.07326168566942215
798.7011387336944 394.9907129299608 812.2368315572735 417.3307157950265 0.07322804629802704
969.7433589532693 376.3365257351662 984.423931894915 395.7897151525623 0.07318957149982452
887.1745450941828 457.9542240584676 974.5020930161539 567.9972716915586 0.07318148016929626
312.48380035234464 393.2609957502157 363.1213935630743 463.1096755827376 0.07306547462940216
951.2421660367183 396.0178223218401 960.8917084992844 410.60464297112526 0.07303674519062042
592.1206067638703 373.5810880879815 606.2286014963854 389.7006455220974 0.07297351211309433
981.6006197348161 403.5114683773221 1015.4700376483756 444.7309095950999 0.07295016199350357
950.0728520582509 270.26645272995813 997.8587103117602 334.84749217570527 0.07285080850124359
746.7026405686662 333.5839456422709 763.5545224232955 352.4975039772532 0.07278089970350266
807.357773275382 436.99847547561 829.3796791103898 474.8065464753978 0.07254999876022339
235.48559421875916 662.254166455277 290.05300238211345 730.21854606941 0.07250400632619858
49.235376301854416 289.2268839756094 147.90195527968868 520.5912232747507 0.07236932963132858
792.036145366591 304.58235816303903 804.9428621476776 321.28308551771755 0.07223556190729141
806.1986541706943 320.23024660212747 815.1094057719049 332.1445448806692 0.07214219868183136
872.9544559011388 298.4200469679481 901.8294252848601 335.9339629654777 0.07211672514677048
733.4761478541121 423.60086165530146 758.3139421318522 460.4519770640412 0.07210156321525574
976.5746337900189 306.9029770549435 987.4506804079905 325.2317686477807 0.07168781757354736
476.7857701498657 400.75132195923703 482.75852061339543 407.74094827117153 0.07158172130584717
828.8248978293966 268.1563911233514 875.5002984628462 321.8039574120783 0.07146702706813812
316.97806804399943 496.61155210728623 364.3055425610878 555.1563535111709 0.07145339995622635
537.5229782456921 366.3204740768533 566.7517857190095 400.4851552425974 0.07130860537290573
922.83589986277 454.2649194283573 951.3322321317424 492.9240175278123 0.0710940733551979
627.2196820207961 386.4417907276619 717.6287357942205 505.4135079049806 0.07102183997631073
865.9046152416707 358.2397954212163 876.3077491929121 373.74689366063546 0.07094558328390121
948.4010096629344 352.5440728388493 1025.66619628202 451.37376400838195 0.07088707387447357
446.1288856375345 434.95768512574233 451.69174755472375 442.4716079872478 0.07085052132606506
529.9954877234114 489.72759546524793 563.6597951817774 531.341511178626 0.07073884457349777
425.10589166956566 330.6300678952052 448.6221352369493 358.40771388388407 0.07063878327608109
66.47607937052167 513.0504154972269 150.00759646044452 633.071071281428 0.07058116048574448
223.0879361541383 542.0587825210613 239.57491036636355 559.2892348427358 0.07050587236881256
381.90071350235183 368.504682001336 458.4243303368435 462.7959920954287 0.07049054652452469
259.0503691723043 496.64619896833653 281.71805270140175 527.9404860833613 0.07024984061717987
814.2080586234649 332.3925842456213 824.8140286432047 350.8585749426394 0.07023917138576508
944.9704610636696 416.39611049072124 958.3008163811662 436.0440639095477 0.0702286809682846
418.7604183363793 421.6572730852637 438.21667932331815 445.3598108856135 0.07022508233785629
895.0847577617335 447.24792034442817 936.3826289614321 503.97623883705893 0.07021971791982651
770.6982524484961 357.1593928295726 780.2618349182494 369.2976707627196 0.0701960101723671
777.3151013556637 312.0246591990561 793.2330739785984 332.11466319048907 0.07007011026144028
965.9359187385371 340.0868196230114 984.1441647615957 362.90916829363607 0.06990787386894226
208.48277573253463 536.7405684806996 234.91420556135506 566.3816288142128 0.06975208967924118
779.5981267688513 275.79522505863997 805.7264823636066 307.1678210883182 0.06957396119832993
812.4391327983744 391.10765059959317 822.646720331797 411.33554397014376 0.06951050460338593
1009.9254668765525 410.37369884357554 1037.367956387595 441.6160586154678 0.06940513104200363
977.9362841813897 543.3768481943628 1100.7927322023745 695.7827071629592 0.069337859749794
864.1229823905068 385.47236513763494 880.0809834872437 406.2623553045952 0.06915076822042465
789.0497767092168 460.3393085094342 833.4721859482186 522.2923033450634 0.0688876360654831
687.2728183882208 439.84933720542915 736.1880370483524 502.0004029386878 0.06868158280849457
1060.6816668353922 326.3138507992062 1086.2329649496826 361.2273726735528 0.06865771114826202
827.8303986966682 478.61549004335853 874.2736319875874 542.2659174185651 0.06860819458961487
999.4617177098418 399.19429797401415 1042.6903675908206 452.8405005110232 0.068597212433815
818.6943324379789 319.7845067300951 825.8632919192102 330.9366060621431 0.06849568337202072
753.1932903219528 317.9216048661708 766.0417823931353 332.7087830229222 0.06826426833868027
768.1153577977938 317.409173747114 780.4687580173863 331.83315726849077 0.06823810189962387
941.8062122238553 386.4290986950227 953.3874987694592 402.35421448893976 0.06820502877235413
683.7368150478985 433.01870828707393 713.5965126723337 470.4993895565184 0.06802267581224442
599.9851647066337 382.883106174826 621.5336994300948 410.6954361872034 0.06797797232866287
317.1273990161547 521.5171674912372 384.66088505934357 602.9453389660969 0.06795047968626022
807.1963161240644 255.2554151837359 844.3079621568169 301.9653980702349 0.06788615137338638
761.3366348604527 338.1844543720976 770.7740040538763 349.0259042037325 0.06778392940759659
986.2021059979697 394.9710581280043 1000.1341673760662 413.75694995123314 0.06761763989925385
770.6620768686357 338.0518061854467 779.2837647004898 347.4435502888575 0.06758763641119003
957.1134253353595 350.34794594039494 970.6933203405528 369.01064570849917 0.06742949783802032
726.9790759962559 314.7507098598742 759.1912457147137 352.85295067864587 0.06739571690559387
319.70549178670086 604.0869868144097 411.32062922397125 705.3583024202032 0.06729081273078918
1037.882292114615 428.8020850438305 1088.1557116037266 495.50226238512676 0.06719810515642166
1005.7323621962997 258.6235567973002 1065.0112360154535 341.10861135801713 0.06709364056587219
-21.33500042630271 359.7096355810298 49.383076343656306 474.5397306972393 0.06680488586425781
510.30167419244066 432.7857153908491 527.212559326554 454.5102865086026 0.06673337519168854
125.35447984634683 349.6857504270379 179.64484379596146 433.4277315483487 0.06673265993595123
477.4112310021975 339.8116182406582 497.84197557013033 365.34494310616304 0.066590316593647
1016.0006879401674 372.9249097853524 1026.990396587087 386.7359005854901 0.06647516787052155
220.11875785409592 360.0029141437068 306.987473960976 496.37189118843054 0.06640735268592834
741.6881475721503 453.5189607363246 785.4011629239692 513.0853294820229 0.06632515788078308
969.3005474344068 406.65024611768 986.5516609310873 428.0913046190431 0.06627604365348816
771.9011081265936 494.7656765493392 817.3045323476975 555.5694639068776 0.06607509404420853
595.2102747831883 410.7480283529871 610.6531109111513 428.71618266062563 0.06599105894565582
266.40143761635966 476.2927767751535 287.2963388226905 505.5269486811212 0.06578297168016434
142.49501163170967 313.7038218568372 222.5127647016688 450.7776611695544 0.06572238355875015
403.4512587712981 411.4346784539283 413.5084911078409 423.2918540554225 0.06570567935705185
2.455015391935045 246.04249301406557 79.06392840581779 373.3768892935251 0.06539387255907059
931.2973285306109 389.2217605382962 943.9841946505568 405.09085794929337 0.06528240442276001
355.26990001227557 555.2817322849967 476.3527394732487 689.2924922070187 0.0651988685131073
778.4678511002263 341.0798340166698 785.8191347358484 350.13344606914916 0.06498182564973831
945.5156644325216 460.7910133523084 989.4308100245332 519.0634244013074 0.06464438140392303
1024.4989438413525 392.7863431703839 1037.6183710510272 407.2668595865065 0.06460488587617874
1011.6454556452633 312.09840584360916 1029.7188930366167 336.8330106148895 0.06441214680671692
-20.869495502742215 615.092630706184 84.33246342708223 747.2108873966964 0.0641825795173645
525.6040661225467 420.5788029621791 538.4365190775685 439.2454528632404 0.06410252302885056
243.9043990366587 545.8983211512751 260.8546489098564 563.731738901996 0.06406175345182419
432.83292350557156 366.74220813510203 448.73337054101995 387.262653087734 0.06399916112422943
723.1880706004488 619.9044856516374 845.4524029975042 760.5335921003409 0.0637243464589119
741.2688967825402 323.95050519528667 753.2763110547511 335.0914631752312 0.0636436864733696
952.0954140961798 377.7507709264379 964.3119249045842 396.16015719451264 0.06356862932443619
422.27053240793043 358.07378299763553 463.2954539472466 404.3306792255405 0.06346505135297775
929.2567682890717 513.7114220358759 1004.5973068882435 602.9731958505757 0.06344245374202728
769.7402298279479 346.49745421679603 779.1456973348461 357.7822830823274 0.06344027817249298
593.9645602461046 426.5108594609492 621.5531606533917 461.99381444611566 0.06343615055084229
1006.764950522287 300.03731807611877 1017.3852943069738 315.54554426611537 0.06331395357847214
681.4914553001479 383.947831038557 698.2137960367747 405.9593675007481 0.06308719515800476
451.3814874613883 437.37570929030903 466.40304022277184 457.3492202207775 0.06305522471666336
172.68275082643103 571.0705864491839 209.63497340514274 619.2329268999342 0.0630069449543953
660.5875928164454 510.54710325531016 765.2872030656666 635.1531768355011 0.062740258872509
868.2540539770143 230.5827795791464 912.1215129372601 288.2417226510355 0.06272640824317932
-22.892259633723054 209.6301443218425 75.01110511995763 379.6567375026285 0.06258523464202881
988.7677436148742 308.17645003505 1000.440281029548 325.599183246918 0.06257294118404388
-21.022531064079594 447.7450153145368 54.751134854024336 566.039635469788 0.06256602704524994
669.3754179177553 300.3019279451585 696.2166340495103 332.32863767144073 0.06245154142379761
322.49146298262264 447.1010239627561 366.253052072959 505.36330709931104 0.06185406446456909
836.3669312647654 623.1351026357121 961.1313805149739 762.2515911400968 0.06174711883068085
920.3174769954124 375.36448736447085 934.2814345052503 393.47687886792374 0.061708226799964905
274.12774831754797 507.01801267453294 283.0723173570603 517.7972191729035 0.06147930771112442
56.16859694327515 55.85386551658336 245.98029354632698 278.3896433562354 0.061288025230169296
649.7506818681377 419.9957903866324 690.4948760534962 466.0017785779823 0.061259374022483826
-34.250440572594485 -44.8581722975559 90.10728370218042 105.11680244284676 0.06125294789671898
755.7386886543106 323.6449545145847 767.1734423080711 335.2810221835333 0.06120136380195618
365.38340429367054 453.02179979725787 401.7114429846168 498.9022570242193 0.0610082782804966
195.90454400907674 551.6622847102237 225.45656617543978 580.6541844887863 0.060995783656835556
809.0428664813313 524.1733220675638 857.4040397028112 584.481937928894 0.0604364238679409
764.3725398478658 422.9600204105776 787.0567540502958 453.32762238853167 0.06008753925561905
667.8759127313072 231.26019261624447 718.0220043600569 290.80730048212973 0.05981980264186859
126.48498833347664 648.6913707952947 204.08049659039543 738.7540579385249 0.05974756181240082
1002.2318391892276 -34.736543522568255 1096.1690449254843 76.76928332785441 0.05969574302434921
736.302775678615 250.11455635079164 773.5540911275486 291.72851657168957 0.05913270637392998
627.8595832627008 272.77644289725646 666.8432221196501 321.7063986321444 0.059104423969984055
955.5059836686754 310.4500524321788 973.3266964279627 340.1237662131781 0.058569129556417465
324.88991539878964 346.9281683632372 376.94211215016793 415.741577217601 0.05802306905388832
549.4393162538057 336.8381500973861 576.7697518380951 370.526088035038 0.05799359083175659
165.12372195364657 230.0784146287509 232.69440481533312 340.6408371198279 0.0579405277967453
223.407361583547 -22.296720750042716 310.759499867421 74.00653363216006 0.0573275201022625
944.5873873908592 -73.47687299233611 1150.392141488063 172.09528542315124 0.057293497025966644
1021.5672509410297 642.8274048163393 1104.0942318421874 747.1796502846338 0.05725833773612976
505.33134202695743 621.8778878279894 628.6098164091421 764.5496293211374 0.0572449155151844
453.67512692788654 290.67981670410524 493.0452724619007 339.197528515832 0.05679422989487648
239.35768298781673 59.25437703367838 401.27004512849925 262.54514153555357 0.05589275807142258
