500.66538201611564 304.7774441584714 513.9933303826633 318.2941316266185 0.9990967512130737
459.9485727535967 308.1379085952246 469.5958454167092 320.15985794791834 0.9988083839416504
914.6481497921111 292.27769643308454 936.1147064338764 331.49412990490674 0.9328456521034241
398.9003645555588 308.32759913155945 407.04404331279784 318.23464917873395 0.924299955368042
570.5503468640617 308.6997021762523 577.5223267160803 320.84639942892346 0.8260588645935059
686.04661562192 283.4267557211953 700.8454879269073 305.44293373918 0.7913320064544678
-0.5736897496020402 298.2414521460034 8.904882960025601 311.17888709374097 0.5285173654556274
548.7245084069938 309.4411781193584 561.8191494099462 332.082938209447 0.4447748064994812
559.7687915586345 310.7467152290366 567.7194364002152 324.2893812140652 0.34212371706962585
418.23753600428665 310.49909519225565 424.05870530730243 318.46785737406236 0.33600136637687683
124.33767057493696 302.4333846037973 132.14232235859856 313.22451983662626 0.28952401876449585
548.7914617446461 299.8969398136428 559.1440996478985 314.7696366243061 0.2765847146511078
748.6365404694393 270.3474258357857 763.5831518815734 299.89126813234316 0.19220757484436035
33.59403849505021 316.6975985051109 42.277636757712216 327.78028049218887 0.1618364304304123
388.118906798663 299.29560998006724 395.0986176257982 307.79129567859746 0.1485951989889145
493.5487356345167 24.475002872628696 570.7641567819661 111.94737062051604 0.13615992665290833
806.5784600108144 261.49980928336333 823.3670389649586 284.8682385424231 0.12832531332969666
466.13760131515767 319.8213061393401 477.0952691066497 334.38628230033066 0.12563122808933258
571.2397519819659 282.88006215916084 581.7764393828089 298.3561901778452 0.12416011095046997
530.4358159559551 314.50498350442786 544.0466927241379 331.7441503396641 0.1227634847164154
533.6402032234714 300.5616098713913 545.9358893301247 316.95994922242005 0.12172821909189224
43.223489508263896 305.6035564725019 52.323978636305554 317.2763058045403 0.1182420402765274
151.5747342643987 321.0528754917618 158.33923798327268 329.02693600175047 0.11152812093496323
19.020697294012944 295.1886404601312 30.034443727085353 308.24231886555066 0.1084633395075798
541.7131370562961 313.1480987022343 552.1689082810867 330.4158423400644 0.10757936537265778
211.83103338575032 335.5570690521546 215.42312483073422 339.9508036336706 0.10700006783008575
599.1185721772131 313.82133814694333 605.8887766670641 323.6782881760043 0.10662344098091125
165.5594455009208 280.471893499202 170.29408447265058 286.4226153820984 0.1060909628868103
574.6530071988085 293.81871412184006 582.0003409180747 304.9100956857915 0.10603134334087372
853.9918145934564 297.292432520515 867.2083530815861 317.4727766187536 0.10590700805187225
413.45114410521387 312.2348722692658 421.04279581426727 322.1551557459374 0.1057899221777916
591.3914366579822 310.85199319869184 598.0233718895369 321.2641371336598 0.10533513128757477
48.3760860049119 314.1086267438554 56.785413904923395 324.7976685776084 0.10431033372879028
579.8813787771354 308.21477085545484 588.0801896465794 321.29016491789247 0.10425601899623871
883.5804524397174 299.4267902815978 909.8601340845364 336.88079747694684 0.10377239435911179
522.5572387412867 320.6696093462361 535.3467107322476 335.2220837490626 0.10356604307889938
81.90121848565272 301.6815285249327 89.26563972473856 311.37808664614437 0.10240954905748367
496.7968426285633 319.4934644920631 507.38595044758966 332.44544212617734 0.10164734721183777
835.3762439998364 289.68836787234096 857.1001267282636 319.7085374608287 0.10130660980939865
347.84632084423424 346.5027663437743 354.5389488780049 355.48314007674117 0.10112201422452927
417.75635592646614 297.7826939928707 423.6322908156632 305.4612055223244 0.10110034048557281
862.4248186690061 287.91964908741227 889.100345439382 324.66821133987935 0.10104239732027054
582.2174588967404 298.0684384726067 589.3559821488795 309.2394299730035 0.10076313465833664
405.7245672941553 313.0377327313529 412.8329614629758 322.1765974618696 0.10071946680545807
385.98650527397535 308.343027242109 393.20609632326534 317.4673308112498 0.10028436034917831
822.6931208472691 253.14078491362218 851.0049775349878 291.7253475377534 0.09999049454927444
35.216945261329265 301.62800504615615 44.248747869564234 312.5244337610824 0.09994349628686905
670.8497902588393 283.59913422062294 686.1146701696407 303.55932878474306 0.09960321336984634
585.899949281694 316.4657909022438 597.1164839565527 334.8367414776059 0.09932000190019608
828.3037961966486 288.5513417418709 835.9149999747589 300.2686561362185 0.09909096360206604
620.3045531972018 286.69419635329007 633.6841876935748 308.1502170606095 0.09868978708982468
569.638438427675 322.363715844769 578.2676268754899 336.63195700107997 0.0983152762055397
145.14131905875306 264.70088413781224 156.71643323408736 276.6277489212921 0.09828390926122665
540.057228052111 293.28517460873314 552.8423014793374 309.62973670535126 0.09828197956085205
397.1476797829836 295.63883781230686 404.944460466307 305.3127813941862 0.09788399189710617
385.95281356012407 344.501125946808 394.41241605742874 354.27493486205043 0.09766478836536407
589.5782181951143 296.46113025655455 597.9669833162299 309.5743265705108 0.097440205514431
578.2402502907258 323.4092003238645 585.7729579743248 335.84548207143104 0.09714438021183014
565.500555487424 303.3019522885161 572.7814688072051 314.70749992277337 0.09698318690061569
783.3614302930158 246.3846838662352 798.692445862165 268.13570509745915 0.09694375097751617
597.3146498950239 297.48007179502554 604.0280525282583 307.9206139534266 0.09680432826280594
558.6323190913579 300.4656901423088 566.0815518372829 312.20498657971865 0.09669069200754166
421.7693963269832 301.7489269374345 427.45759333194826 309.513666294895 0.09656260162591934
396.21717515084333 316.48833791731545 420.34394932998634 346.5954094098176 0.09652715921401978
391.8690958647877 310.5821729825821 398.3393150458703 318.9908149410958 0.09629175812005997
551.8605659811913 322.590276538104 561.5972625738198 340.5060951221734 0.0959196612238884
27.07129762210207 306.33249497312465 37.60776298810776 319.5906160604219 0.095888651907444
576.2721507208025 284.93090334868884 598.1300629052242 317.55888077107466 0.095548115670681
598.9817859999541 323.67924865872754 606.3815052824235 334.77237563433886 0.09533325582742691
56.9213037075746 298.78465455045796 70.36933053311927 314.48818133975783 0.09528306126594543
4.793136599833263 318.5478035481153 17.18455608425992 334.09734278304853 0.0952552780508995
408.5713296896958 297.91171088845897 414.8503425206123 305.8419550067613 0.0951935276389122
790.4091950610114 288.69085396951476 823.1069967127478 334.73904211543186 0.09509249031543732
626.1726130664355 276.3659315363566 633.5946491761106 288.4249184713426 0.09485138952732086
389.82742961437293 317.1365564490619 397.46880811677454 326.9974809477462 0.09468139708042145
560.11187078059 292.70773786352413 567.9685404226678 304.60716038242873 0.09449466317892075
417.97718118414895 318.11729953260874 425.5358946346661 328.7941806546062 0.09445392340421677
150.74937502784746 312.4877024426406 156.13012298051564 318.70058903551154 0.0941631868481636
392.531862724997 304.684824242007 399.58971643103916 313.75725453699977 0.09408300369977951
158.83696448394576 312.11363918316925 165.2172698352873 320.20933096579506 0.09387592226266861
844.0480216097017 359.15436476735056 874.5662732038184 400.48605696838115 0.09359484165906906
377.19816889605926 313.8827798840913 383.54829764922533 322.0945641836808 0.09337946772575378
224.67516319968146 439.48281851137057 268.45792942006 506.81645126457937 0.09329289197921753
479.49664788309565 317.30445414315494 487.547393100967 328.4939690230887 0.09329045563936234
372.2240674613875 340.1768334186036 379.72014299003894 348.89732925916815 0.0932004451751709
237.29165743814568 424.5305035992788 248.4687847098389 440.30462764008007 0.0930471271276474
603.1576932356724 297.76221961173553 610.6153119463916 308.9086993738804 0.09303553402423859
433.1703607713554 347.1534470576406 439.5300317160074 354.8447933325831 0.09301076084375381
413.2549358305055 306.6154973607554 420.0627107606566 315.60998122130354 0.09294216334819794
422.21323865350723 308.141584477317 427.6542767366294 316.03386696301703 0.09292319416999817
670.5258998766498 227.8216367935761 717.3810567787666 295.42587660929075 0.09258946776390076
428.8214414803531 307.7662037825535 436.1138223672641 318.0968831890187 0.09244099259376526
588.8709085086996 279.0104479334097 595.0473809783525 287.522469700193 0.09236111491918564
652.8442331071151 290.32218527694624 663.8258018460349 306.930030907985 0.09202565252780914
794.9854716093652 215.07258045493708 836.0211670064213 272.1438731645831 0.0920042097568512
134.79563712338995 291.13814487821884 151.75659976110882 312.6635793959169 0.09199489653110504
24.55804975933041 316.8389252571928 32.91348211482524 327.4452441821042 0.09191939979791641
41.549684169481175 316.994803794739 51.52105535091194 328.97105391574814 0.09191065281629562
380.2785880708267 309.86919098262837 386.3575626828994 317.5604223398857 0.09177442640066147
366.64012515448786 337.379506492328 371.8186063271141 344.0441941641364 0.0917482003569603
418.5640370262654 346.16076829962424 425.96075544403817 354.88999357039916 0.09168261289596558
481.10041836167545 306.29932441288236 489.72481457788444 318.0253398308562 0.09154944121837616
9.497789262349652 300.92011707217756 22.624613346470966 315.7220716079602 0.09153114259243011
436.1197233495429 303.2468674202114 444.3957632985915 315.1278360761291 0.09140162914991379
626.2076916222973 315.46929585498515 632.8557622764391 324.9063163461885 0.09117671102285385
607.9181264936836 310.5119410120073 615.8721771692984 322.4292341036443 0.0911378413438797
575.2763485940002 303.74251042225666 581.587569258706 312.95520372537067 0.0910859927535057
584.0230096043332 333.4996463982899 591.1765678724731 344.2666494922339 0.0910731628537178
142.68291943262807 315.4336495365849 156.7931864069826 333.1851274064699 0.09105251729488373
584.9029158757739 314.64238615058053 591.8096543991026 325.4270888962582 0.09104140102863312
44.618060746827275 293.0368427452038 55.47159823469831 306.5990459412641 0.09102828800678253
580.8375592371211 254.7832672444363 620.8373761954516 311.80508253277617 0.09101582318544388
638.2652730102719 254.34382693056918 669.9878631995123 302.2952763697337 0.09096629917621613
592.7743826153428 320.2341477952241 600.0856173016734 331.29933838886694 0.0907173603773117
424.05334655767865 301.8314570944327 427.309614497815 306.3291378189626 0.09067906439304352
582.2470972469182 285.53363552213744 590.1800333224357 297.8828604732953 0.09037785232067108
435.598083087628 293.4202911255086 440.64414996723445 300.1482763165398 0.0903414785861969
359.43108176563055 336.3476826603684 366.1612946083759 344.84373306957434 0.09028421342372894
606.4440184589365 317.6910808762067 613.5127153805473 328.06919596891373 0.0902610644698143
38.314167599162005 293.8005710678134 45.48589680134339 302.39904369543916 0.09025834500789642
19.537893375348773 307.07458560847846 28.493821103382928 317.8991554274768 0.09022694826126099
411.9607723718426 332.34112741100216 418.81945205264475 341.414119290312 0.09013813734054565
591.0605805014743 330.3754856395578 597.068812786513 339.34933397152986 0.09006903320550919
591.3227348185799 286.147822679619 598.3467576180511 297.1587426167739 0.09002254158258438
60.61053980534419 314.9376254466079 69.87038191378427 325.8638060468971 0.08999235183000565
413.0295477255194 290.84841055180004 419.264268014798 298.7677826110305 0.08965291827917099
380.2078596384998 298.6159122458623 387.9457709542142 308.4934323027705 0.08960317820310593
540.5900992024489 339.5635643493023 553.2537408228494 358.05240376758167 0.0895499438047409
408.11323155078946 22.363917766622514 491.50509021683695 114.95875876598363 0.08953094482421875
819.7726491902539 261.5226651804086 829.6598112391312 276.9466309255751 0.08951257914304733
716.4923557750369 255.1948813491472 756.1849599132471 312.0541948483059 0.08937741816043854
349.66057309677154 334.5642036897924 354.64740043779614 341.0510111593135 0.08936595171689987
774.8129838451255 266.98422533609477 788.6391628996884 287.7739695712964 0.08928966522216797
72.66395661624662 311.91883355342776 81.45427518619886 322.140968289385 0.08928193897008896
470.9434349961005 179.4886882064216 480.643578422558 194.75408574327327 0.08923419564962387
116.67472795746912 277.07466567436524 134.53340067005516 300.971794941988 0.08921551704406738
360.10837770420596 351.68887983621966 365.11981237839876 358.305906082497 0.08917616307735443
604.5722318110275 279.28978339896304 611.1714170714301 288.16495697074635 0.08911076933145523
604.3005223952613 332.0265506572147 611.0505914419671 341.6931399744356 0.08900782465934753
619.7168385053251 311.72864584060204 627.0293157472266 322.3200218122699 0.08900206536054611
149.25449113512812 300.89303878388307 156.7709784277759 310.21530231597154 0.08889040350914001
380.04011752065645 319.19865052330783 389.63044781273453 331.2230223172067 0.08884759247303009
413.71265546108515 296.24308826603436 418.5535128848658 302.56467110728045 0.08882720023393631
146.722462276784 283.48099083613454 155.4679184033438 293.65319539099613 0.08878009021282196
768.506769985505 284.7641079901826 782.8560043134237 309.2517882712065 0.08876180648803711
647.5024963849671 227.136264900502 680.3692521845003 274.05606531290005 0.08876147866249084
401.6707165126419 300.0548939080124 409.1428719501506 309.358333885934 0.08864453434944153
821.4277651268436 297.7781115277332 852.7440880085264 341.59362605886037 0.08852524310350418
825.8840149532161 300.4159771310848 837.9235332451357 320.89374801515606 0.08852358907461166
608.6020628872744 296.9354914010102 616.481495752056 308.8316723776946 0.08852078765630722
768.0554894809177 267.2033432277541 776.4666790088222 281.8995660082803 0.08847308903932571
959.7892012204071 296.7952868011596 966.7859249370687 308.7270786911357 0.08845420181751251
634.8013898361345 289.0746391205008 651.2293939320475 312.42143802438954 0.08845365047454834
596.6718960952594 278.90052487371327 603.3572312151987 287.89782019742233 0.08840835094451904
558.8945887672232 324.09100205405673 568.7842262787043 341.0249084958896 0.08828694373369217
119.4489103028628 308.48489752913474 126.81148369060777 319.49676942113246 0.08828640729188919
174.8310057025139 301.31016414632427 180.39082263695946 309.359687210859 0.088248111307621
521.7818780449738 300.55068575584005 532.9223513624557 314.6924106895894 0.0881853848695755
613.2160573236511 318.92603896123507 621.1290385230423 329.9979192468752 0.08807221055030823
577.044873611914 310.7568153520886 583.3054049764528 320.2696471780923 0.08801129460334778
577.1015647382303 316.24686443405363 583.6257827117734 326.9280068654653 0.08797010779380798
105.54172807818478 287.1320995723004 126.60764035029331 314.4318932967055 0.08792392164468765
410.0012931834373 316.59787307097434 414.7875629578084 322.57679217753764 0.0879051610827446
55.57014041158008 314.00558663791384 62.07632409081254 322.43342616254307 0.08790009468793869
425.3711172925786 294.6888025286214 431.7909639980929 303.0661735610384 0.08789864927530289
-8.389452977676866 268.66189221424446 14.443072487315403 298.86546145114886 0.0878506451845169
353.73006984949694 348.4530710173776 360.71350811172607 358.09057203802644 0.08778026700019836
486.044315898487 322.9184617828786 493.0266100265151 332.6011981731095 0.08775978535413742
46.8802708748071 323.110906112992 63.51275262597027 344.0141651215763 0.08760812878608704
490.83712383666165 304.589672301737 500.405569345458 317.2873927878755 0.08758830279111862
152.29169384362842 327.61915182971 198.99726394945102 389.59486178252257 0.08745292574167252
473.3408893704328 310.376813592945 480.77477591563195 320.61719607227104 0.08743778616189957
405.31113011488196 305.9754965345613 411.086426584616 314.12674070569 0.08739963173866272
595.4555495757231 279.48286977273847 600.0678812733411 285.3049567227961 0.08737757056951523
124.48907731248758 308.36026195954094 143.82847242171607 333.6157008276861 0.0872868075966835
99.98349078841089 307.482511240335 116.73316650280596 328.67758601288534 0.08728441596031189
620.9884098323325 335.2221088747001 633.1261998591447 350.9785769418109 0.08724454045295715
511.5790182201979 310.0979171739498 522.9178148527362 324.89600973600386 0.08719788491725922
847.2667563821377 306.0802702904264 892.1832578966329 366.52905708926664 0.08703219890594482
13.33277650437453 314.7891152518907 22.00981383108728 325.02586803509297 0.08699341863393784
367.1884574861265 356.2269312569702 375.4747124157695 365.0512838076024 0.08683256804943085
424.03356646246795 318.87727887656985 430.0904177416399 327.4757690385936 0.08676175773143768
169.5077875536008 297.2106851657584 183.67855348688693 314.31380422058714 0.08663828670978546
618.5512621679449 251.04462348348238 647.309714640522 293.93413511090995 0.08661380410194397
1043.9147377443255 281.2889003323225 1082.3447905633693 337.79155309886863 0.08659569174051285
37.9114990066344 338.1327175613299 48.89899543545124 356.1040836708609 0.08654563128948212
603.1148320845787 285.7679798615991 616.0398673518456 304.78748582448867 0.08650100231170654
573.2929395056825 335.3450219312487 581.1198337392451 347.633291590442 0.0864831730723381
439.8661571129822 318.0618946372797 449.1603581795449 331.0297157587586 0.08642910420894623
404.0162566359082 322.6597981854041 412.5295394985133 333.837291018476 0.08634626865386963
386.8824423699434 325.5001783738053 399.7056908223737 342.1129533891293 0.08629974722862244
373.51464244604676 320.45290535517785 381.2837026535261 331.233020983542 0.08629529923200607
31.21497276806535 311.1831312920806 37.86527590394612 319.634814940126 0.08625226467847824
632.8711033393404 316.44437989957123 641.7029358826751 328.7673995506944 0.08623193949460983
139.77996503316442 263.4295163680099 147.08192602499423 272.33953340701487 0.08614244312047958
74.30416880921882 304.11360182329565 81.57065462781593 312.74145863472694 0.08608169853687286
538.9058279960046 329.7899960233327 550.762643834268 346.31917882953275 0.08607678860425949
79.01805533836655 279.373271902873 97.05884308146157 302.63637701727225 0.08603392541408539
367.82884580555515 362.80200322480556 372.79748171816937 368.014307772698 0.08603309094905853
422.84803926154166 337.7592630292168 430.9402074950093 348.22203273357735 0.08601321280002594
792.8194063780328 254.6309146914378 804.6850071233262 271.8621650038943 0.08598978817462921
361.23980655886334 363.3852451323856 368.72000591961205 371.9406246737306 0.0859663337469101
658.8417633479555 288.188127293955 672.6535534578408 309.56334401719107 0.08559723943471909
817.3438126685547 182.08229092161017 868.7584658159918 256.2519758833006 0.08556138724088669
613.8600231383696 304.1261838296928 621.5562462118353 315.85806641721496 0.08544564992189407
388.4566475654517 362.1955026156651 393.78924004204094 368.8702796004824 0.08537395298480988
589.1032071701171 301.89813736691565 611.6803625096651 334.3996546445052 0.08535096794366837
424.88099638754767 317.1190504398067 432.70694171813034 328.28633119603694 0.08529791235923767
671.2026283243072 292.40354550655155 711.8670546966348 351.4617222088245 0.08527535200119019
161.36340846041085 269.9518882097793 171.2205779749596 280.0306362884615 0.08524644374847412
362.814414045481 348.08951823951713 370.04959195540664 357.03463314419565 0.08521221578121185
597.2100485065648 334.56582421781735 603.436337869318 343.616093335474 0.08519888669252396
443.6731302313407 292.1490023134235 451.947951935814 303.17199410058356 0.08519160747528076
32.8312873974649 326.9041821065918 43.978465599265 343.4441502116769 0.08513680845499039
549.4892490397191 275.52857445989747 561.0645189555146 293.0346998596001 0.08512306958436966
566.6403592631101 285.2911250374655 575.8179155364321 298.8494617034619 0.0851195678114891
628.7263315877179 318.8422534558522 649.7519058324142 346.5422864961094 0.0849829837679863
426.4882377459228 308.4605541074297 432.34388746016305 316.90390551981886 0.084897480905056
19.288682234672052 319.237542361095 26.696107147630418 328.92513249181474 0.08489745110273361
532.801927660912 261.7500828899844 572.5987112194329 317.17078041484564 0.08488482981920242
446.2762434170667 301.7990716504648 455.71599029499214 314.60195813276357 0.0848420038819313
80.59736641235133 311.38065388153916 88.47462988836679 320.86159023859324 0.08481386303901672
614.9489677461322 196.57336236951554 659.5175014099538 258.06259096538906 0.08481087535619736
62.711505081856394 278.79326240126625 86.24872336661214 307.2111774370069 0.08479677140712738
772.317210944923 291.6835062659918 794.0845936774109 326.39707682832403 0.08476080745458603
427.14584452650956 299.774298672617 433.5110862661861 308.10545071272514 0.08475229144096375
409.8493101159662 339.747433606179 416.9062032164647 348.3317973677235 0.0847388356924057
126.43731502806105 261.6588898648685 139.50404149273473 276.3165977580704 0.08468400686979294
604.6333520791143 322.31324533388823 612.0485585591202 332.8997100632865 0.08461301773786545
686.6450375892659 93.34575235384307 763.3045167073799 181.78459081034197 0.08444041013717651
370.5813237693379 313.9075797514516 376.9874483251682 322.2862417065639 0.08425658196210861
140.87299099446278 310.87810043264784 148.16692498584283 319.8745493485341 0.08420509099960327
789.686454199175 266.18817950046633 807.21050439779 290.44164391784 0.08420255780220032
389.5201806647652 286.67633069782715 398.43725609159657 297.8915660598462 0.08412495255470276
611.1140526006382 278.45688625622614 617.923501305777 287.98655971973585 0.08409056812524796
21.899401920796915 277.98980540491584 36.68547340592875 296.240079826653 0.08406394720077515
170.8932672258638 318.625214499626 177.10827130617824 326.24240630289944 0.08405467867851257
616.0242143364704 291.51620854066806 625.0436228233763 305.4495041816273 0.08395887166261673
625.8876745618139 328.1531420799964 633.9940134440795 339.02120102966967 0.0839514285326004
65.28461430794282 385.72645928997 117.74529713095167 452.1382513761957 0.08380227535963058
744.5316987190893 208.37176585389895 784.8213026729338 270.6915211717335 0.08378801494836807
89.28467299593612 302.3315705615732 94.9143277239155 310.68290392331596 0.08375471085309982
375.9312272942525 326.7619878084268 385.44544198310086 338.86581350037443 0.08372840285301208
375.9328118004573 311.09534031257965 380.7715382622648 317.38129342959076 0.08372768014669418
580.1776713146927 337.1282084570029 597.8742089531114 364.2059984429356 0.08368709683418274
852.1373656637028 227.38144888064522 885.4068002976511 274.8500578219323 0.0836685448884964
415.2921042884748 337.0126145287086 424.44526547606694 348.3609488070331 0.08357264846563339
367.9741302122737 331.4480460897087 374.9372753922036 340.3620512677258 0.08342809975147247
518.6950530241801 285.7778753971485 531.0041334793432 301.26668279845927 0.08339345455169678
522.6437533861531 330.8018759388587 534.7055139028837 346.79794098320576 0.0832790955901146
590.4542134952582 338.5958633350171 597.1467863741398 347.96925207043057 0.08326668292284012
808.6993538039468 242.757913109371 821.5210200761197 260.53554563987325 0.08323435485363007
801.4117571485631 366.98381668578475 842.7849773380808 419.057112607475 0.08319702744483948
69.64627029086975 326.30042923902204 81.50978025765617 340.05909346526823 0.08314349502325058
574.8947691729385 277.067216468897 582.4481544095149 287.0315076564285 0.08309318125247955
-3.168590926062888 311.52218021402786 9.2629113163324 328.2854924685171 0.08300772309303284
433.9895666872461 303.25517198694484 439.9116657662329 311.729835278134 0.08300016820430756
763.7715933089305 278.6738725105461 773.5975407961374 296.4841096573884 0.0829789787530899
833.5161728136518 233.94023989037495 860.2647814834116 270.6460232663274 0.08293472975492477
564.7098154406126 333.59956565070314 573.5629580928857 347.7489698402162 0.08292968571186066
697.497065306847 279.11297720992314 706.5265295568014 297.01904245226905 0.08278004080057144
622.8375619782228 302.5381346856358 631.5020529838795 316.5146088462967 0.08277503401041031
342.3877031170058 349.4736096710269 351.69763085008 361.31419744252884 0.08275642991065979
30.455531289524725 286.9430197441533 41.76100329567318 300.7719165606848 0.08270902931690216
779.748799996919 313.38289040989815 824.2300705899937 375.34079816423883 0.08267658203840256
94.07110802730578 289.08953508079406 106.41999511896579 304.5718739466515 0.08265441656112671
120.02714865581477 374.9931736777965 162.87749889724145 433.34113459242343 0.08263316005468369
169.68469266008103 325.81175691353064 176.22783774586546 334.9493797664409 0.08259283751249313
399.94521496372477 343.9344777826776 409.1196811725226 354.51425646430283 0.08247488737106323
512.1871263433242 295.19360480400127 522.3295104183896 308.34051278140964 0.08241254091262817
587.6769514349414 309.8825787808483 591.9381404316102 316.77851775867185 0.0823923796415329
751.7862949121538 245.06243610661085 760.6501723580253 259.1461047276558 0.0823875218629837
374.98813292580905 303.20948419165995 381.0913393825909 311.37322159348554 0.0823592096567154
381.4679833211897 333.52807366422076 390.45345147454896 344.41101280765974 0.08231320232152939
368.7541031283524 301.4130001722104 376.7849495704918 311.7318974204876 0.08229279518127441
350.95932068992335 341.1288491562479 356.17878010909334 347.86148471164694 0.08228562772274017
362.14223789346363 345.6074263194881 367.0891922188275 351.7245039437892 0.08224646002054214
132.08791441543116 302.0002795346764 140.39650327755763 312.5483859509384 0.08219949901103973
115.86859091847316 300.9622956676486 123.77587975920335 312.2160685682395 0.08216148614883423
646.2152451195537 269.67286974006345 660.8192290387833 289.1225950685377 0.08212869614362717
396.0175414867155 318.94837173388663 404.1638914067105 329.50599903143143 0.08211471885442734
693.4528273703703 237.15243643962432 705.0941844539627 255.85605632691244 0.08210515230894089
892.900793352611 241.24328596708682 916.5456733632383 272.5832198659894 0.08209435641765594
354.1858272434714 334.8402040824447 359.43656934413957 341.5948592617419 0.08203070610761642
428.3587290184152 325.99314089240414 438.380727195875 339.3026744035658 0.08201467990875244
90.5623425474039 90.74225760557768 447.25537905278014 493.1426158972799 0.08191424608230591
403.39166134371374 287.3514871020236 413.84433882340846 299.99931891534425 0.08190406113862991
728.2157273210242 213.47249326674816 761.2724733768212 265.4610255899168 0.0818902775645256
160.68472312230955 301.7030618878462 173.18911569950225 316.95507421205235 0.08187950402498245
1034.0481899085073 201.65545234627598 1081.6716865033657 273.9658181612923 0.0817948579788208
455.34365505957817 318.89138043473184 466.0576189904546 333.1548559520741 0.08175624161958694
134.460506240602 277.3278915331532 144.43648991778156 288.80850952773636 0.08168893307447433
438.7138609642905 328.8725844908884 447.615412611106 340.974369401738 0.08167935162782669
161.93288352363152 317.6885334881191 167.03506624425796 324.14918490183504 0.08166080713272095
377.7572128812789 345.3807674944162 385.0612445006608 354.29505310189757 0.08162504434585571
616.1291699085348 329.16917329270916 629.3254103429305 346.29224139808343 0.08162417262792587
396.6670854546319 287.9301271822269 403.09381402766974 295.98409433753665 0.08161938935518265
59.22654662303119 325.8287536202713 72.75987772735607 342.71314045078236 0.08150993287563324
155.2548814562073 272.6200279080899 162.07644099834266 279.79365619917286 0.08148691058158875
582.3699019254618 277.4092595632986 589.5786163588015 287.623743871844 0.08143629878759384
768.2105839608681 253.8081038052434 812.6780506167868 316.0226856909844 0.08143502473831177
646.9293416042931 298.08799075025047 655.2880693919358 311.7747749400167 0.08135006576776505
529.5553863178498 292.0253112676434 540.4948659817717 304.14292445043634 0.08123185485601425
739.382063086126 253.90154563601854 752.6010075383981 277.0276781676765 0.08122608065605164
773.3842415684552 211.31950691601588 784.7884852851374 226.9631366949313 0.08117549866437912
950.668176579065 259.59750613581184 988.0647009616288 317.38331755587456 0.08114612102508545
610.6151997026096 309.49038786103887 630.1540414161242 337.2556657297201 0.08113022148609161
540.0744805563642 285.7064363609656 552.3625915981324 300.7019797870952 0.08109983056783676
365.76886163191466 343.44289864352294 370.95924077017503 349.8130944607772 0.08107016235589981
484.1394977744752 257.9665306579365 527.778991301045 320.07870276099095 0.08097594976425171
114.49189384165439 269.42826479723175 140.885331560886 301.74600115815423 0.08097218722105026
417.28141627558307 286.7353772903461 424.6801679732565 296.2147888638169 0.08090720325708389
88.62731051295533 299.0037440974162 108.56127130540169 323.6304781265065 0.08090301603078842
364.12083064136846 325.0390341051001 371.95155849218946 335.1209385885689 0.08089412748813629
377.8892253225912 286.6536645587592 388.67691445786227 300.40513078759443 0.08083018660545349
155.05848871015488 315.0434117843311 160.57708444623395 322.12208636854524 0.0807526707649231
546.8840474762166 355.2594057096665 561.2513103300382 376.8225163188719 0.08071880042552948
1066.8040874994585 335.13879620136163 1077.352352331969 351.4011628593135 0.08062552660703659
772.7961165131131 318.0529924887171 782.6080431053058 335.9363255668052 0.08061446994543076
66.19423731859426 312.8351244207614 75.410972468068 323.2945989636203 0.08060934394598007
877.722329421141 209.2267357166586 924.3324930790259 275.2333021395876 0.08052756637334824
419.69765225038105 301.0218003685527 422.73128515481636 305.0622358976618 0.08046261221170425
770.6254014317165 256.15030061935676 780.2434269380223 272.14116758784996 0.0804210975766182
126.53396544029353 289.6798759312883 139.04776308504725 305.8967504568924 0.08037079125642776
735.5770078178587 273.30368760865275 751.046049991036 298.52374411739055 0.08028604835271835
107.58965056742237 300.57909199490865 115.77711342328256 312.06661101063366 0.0802507996559143
368.1183347714814 349.20877828752987 375.58446811369237 358.0722665858789 0.08020871877670288
478.95963071725777 326.09465869883445 487.92729454283904 338.68659586339305 0.08016777038574219
597.887349449559 290.970043473374 604.3561495174085 301.44454475969144 0.08013194799423218
639.6571190116288 316.9950416065866 650.6644606549022 331.86936479025957 0.08009222149848938
554.3439746681106 309.99324099337196 587.0619350648061 358.93256955875927 0.08006853610277176
353.92636633605684 313.93842194167934 366.5119555212422 329.95072157035503 0.07994762063026428
870.6229086104496 357.5766744261636 902.669257133938 397.29518744279966 0.07992545515298843
156.65898635607567 305.323564632186 161.53042690142854 311.6055584857419 0.0799061506986618
872.8121251521914 254.62342881450562 905.4104895059285 298.24474496143375 0.0798928514122963
51.63029151968884 307.2179037671481 57.17902814913883 315.1067639441165 0.07988590747117996
821.999154374188 333.20949663810904 851.9343793182239 374.456513894358 0.07985640317201614
152.69883560767406 278.5446177403568 175.9928336311844 304.74904768700407 0.07976832240819931
550.5226392062611 289.3483257630726 559.5029065302806 302.2768130382691 0.07973871380090714
347.9440339875989 354.20543703341133 360.56509345485864 370.27439164250285 0.07969199120998383
748.0443416859898 315.1644674889965 758.9167481269964 332.76284725830016 0.07963474839925766
507.0789640334072 336.1074828092436 528.0300118348912 364.6841777351557 0.07962709665298462
505.7843023772156 322.33090275241887 517.2997641645801 335.4689025166703 0.07958389818668365
732.201699470334 300.7517767230631 778.5702701182058 367.4744417856391 0.07950372993946075
42.21712713782326 299.8220740046592 49.31067039186753 308.7486540242626 0.07949458062648773
550.3324835722929 331.86316461702074 560.3686556919414 347.458448318696 0.07940331846475601
204.09595305190777 355.8093904339801 251.86499051177708 433.53478119969037 0.07927767932415009
391.4394493689905 347.9031239253016 399.79791379726976 357.83997024103763 0.07927075773477554
153.6123007002059 277.49943530048233 161.78580787970282 286.2654627026375 0.07925289869308472
362.6626011453589 308.78164793271725 372.5961345435002 321.4157684679531 0.07924829423427582
839.0979532348525 425.27278647395156 1217.169035577552 868.5747784255361 0.0791565403342247
155.86377854064716 309.12175581417966 160.36404168617307 315.07726181397277 0.07914305478334427
420.3172541750599 326.15546427822386 427.0744511460762 335.8032171841127 0.07912439852952957
817.8650050903652 272.4283179310077 838.2795352277632 301.3280575542889 0.07905296981334686
85.10080918017825 296.35143134818316 90.71359379259496 303.3165897462702 0.07902585715055466
400.2322774669401 283.0571766948159 408.42165051816556 292.93434312950745 0.079025499522686
596.2896583262561 305.9467183813528 602.1183837448236 314.5084149008529 0.0789937973022461
29.48334611392117 297.63903326401714 38.523331226760924 308.1718860708005 0.07890947163105011
685.9515783517273 180.49640002079235 728.4049662893374 243.9307554601472 0.0789048820734024
156.26948870233082 374.8839406382956 221.20418072172998 461.0341956282124 0.07887996733188629
359.38575816789086 356.30120482701165 366.05942244090653 364.2143053536913 0.0788334310054779
843.8868990765438 268.6260990453611 867.6240636869367 300.686076563295 0.07874421030282974
6.931392801532715 284.88304087114443 21.935629513685058 302.07766788658637 0.07871081680059433
357.06191174773494 342.6894532942309 361.99753845446526 349.1150125196294 0.07865697890520096
61.62955989321311 252.84196609006455 90.42339121246388 288.76938389640645 0.07861311733722687
531.704648623649 337.83940979288855 543.0267896958838 353.1703742302589 0.07846380770206451
393.3927206369119 336.6532607480168 404.16932811482354 349.7074870304264 0.07842917740345001
422.25273738447544 300.2766649444035 425.5546135590426 304.7286078805696 0.07842769473791122
156.94625191580604 321.14540812529526 163.0643079971338 328.89046980900406 0.07841420918703079
421.78338859344575 292.93700271960506 426.62677243730155 299.54335596383345 0.0783558338880539
678.9735367076361 298.31660079931214 698.6854828696077 325.87861197132514 0.07830313593149185
555.044557342131 281.31966892000275 566.8497275304977 297.46679997673533 0.07826811075210571
907.7580234714698 223.90272597674564 942.1655953032504 275.03599711474493 0.07812011241912842
105.03559647213787 269.90782827358714 124.16670372189621 294.3611114297281 0.07811469584703445
522.2689121684793 308.2280722575931 534.1801538028632 322.47907435854825 0.07811259478330612
946.5118741478933 311.0381562034219 953.4196495469511 325.0198895219775 0.07810397446155548
447.35201668656595 323.7031027667587 457.0051637481566 336.83611854170266 0.07808239012956619
551.5502355288221 349.8391360604166 560.1896193923768 362.3838751445863 0.07802079617977142
813.293343067776 258.4481715538956 821.3234146889703 267.59830102792677 0.07792184501886368
414.2919013129217 301.84755997774204 420.37211166225194 309.6271352209099 0.07789745926856995
181.78061965178733 291.83833381837746 202.59273258007076 315.2796548699557 0.07784765213727951
147.46931617127726 276.23738315634415 156.05665372668128 285.6516800060694 0.07778666913509369
602.538611871645 257.74085729451184 623.6425033383671 287.2727792543344 0.07776594907045364
359.6596005618145 331.4112329219344 364.57047203349885 337.80461289168494 0.07775820046663284
429.28744770137934 338.1668372468669 437.449800766128 348.1739399632536 0.07763257622718811
151.97450119353456 258.0506226217865 162.34635020964225 268.1569065709833 0.07761632651090622
650.8818723945025 304.2203369803683 671.612698358123 331.7213807752383 0.07755384594202042
426.75341621030896 284.06226618835956 434.8831676454362 294.54455020017406 0.07754061371088028
600.7084870118894 340.7189667747745 607.5068748289881 350.1720298973808 0.07749953866004944
813.1098035226432 282.53944313057434 825.1718020215735 301.26925422094735 0.07743892818689346
372.90701848611695 348.4602745763205 379.96194025093257 356.7836746565839 0.07741710543632507
632.9108700582386 274.4875961483933 643.8225528480148 291.1319174917499 0.07735719531774521
618.7586596705206 270.0547312417828 627.5104253809607 283.4661927511318 0.07727774232625961
148.3512677624146 308.8059799312261 153.98541235299297 315.2621126991446 0.07726626098155975
607.9660241530557 337.79897614746835 616.3110304738651 349.21771257592076 0.07726570218801498
940.4046706248367 299.40845595161886 976.1688621669605 357.0259597600959 0.07724641263484955
589.7851171390486 351.11684679806035 596.7041043770317 361.316952628389 0.07723905146121979
73.98360863723514 319.7085690394648 82.73694608134795 329.5390403990928 0.07722385227680206
188.3219372374078 351.50127668263025 221.0511393101559 397.3055403702396 0.07720398902893066
716.6880829009727 311.5280021687546 725.871904237476 326.1115023173573 0.07718762010335922
378.3754437881793 368.0089801727841 393.91157556524337 385.438381638865 0.07718361169099808
417.1186055644299 279.6954861311622 426.03647733633056 291.3832487611114 0.07717609405517578
366.8146802449085 367.87849939262037 374.3266222817947 375.7233174813332 0.07716640830039978
364.3172364258519 333.1029182406933 368.5134174654562 338.4112333009593 0.07714381814002991
425.9308138233903 331.53693356650945 432.28202713043487 340.0389988877193 0.07711713761091232
611.2162660006239 187.441830101902 641.7411162823706 231.7611131772299 0.07705394178628922
628.4693462516883 299.0066360920468 643.5830928139102 319.57188936834353 0.07696157693862915
422.2267792142849 352.3779085157842 432.30912281317967 364.5374622376068 0.07690666615962982
16.75691385644842 328.78434453963126 32.530436850783865 351.0796761244604 0.07687147706747055
102.70521159519892 313.1213383477329 127.52339246372011 347.8929741176586 0.07687138766050339
433.3257745246928 354.2194334042045 441.08787873357215 364.6940873165329 0.07683322578668594
466.6983204614815 300.05926512618544 475.13612747648295 311.6686857888045 0.07680163532495499
371.6866753150216 358.27473779893865 384.7089654976385 372.4327608291821 0.0767943412065506
706.304766833893 272.55326574212233 728.2979873316409 304.6068306965417 0.07675543427467346
697.5814827582312 342.56338952129187 778.260794014421 443.0015342249204 0.07668966054916382
363.2989600684576 339.02843384275144 367.97387634799105 345.2746930995133 0.07667454332113266
580.7979216122583 321.19419624234206 611.2604715812826 365.59422796632964 0.07655493170022964
215.06253163950214 325.8128684416268 271.626364728908 419.8778423221479 0.07646693289279938
366.76962484156024 375.17004797840514 376.6693065814182 385.2025236762807 0.07645691186189651
857.1692704666937 260.94627392960376 883.5073656561249 296.3873947747812 0.07644346356391907
850.056011003535 322.1370026171533 860.1919957912944 337.03965772533275 0.07627655565738678
853.4939792944899 331.632728745445 884.2259236007994 372.15717137253773 0.07623955607414246
381.5271004316587 305.18955273914884 384.8283658687828 309.69117322419834 0.07623950392007828
692.7386407361968 222.9150037248933 729.4310563853973 279.94334153288384 0.07612548768520355
482.3224786540939 346.85324012012603 489.8772989274515 357.4006708907327 0.07609368115663528
154.03372747152002 301.0003336844797 158.78616360938284 307.3335198833401 0.07608473300933838
394.48870414076754 357.738968123458 402.2916305867503 367.2843316734516 0.07606297731399536
163.0324815759536 262.71762643453644 170.55562340787137 269.2369650532428 0.07602541893720627
799.5660495709745 257.4696718380785 811.7869709878659 274.4732610978994 0.07602401822805405
348.43300625698504 324.93789364807276 357.4634550409275 336.8353033300768 0.07598648220300674
408.29575767826503 274.6667913262887 419.6913403730747 289.37441867056583 0.075934998691082
344.21554415429097 343.61544045772763 350.6448680969885 351.8597055785867 0.07588221877813339
853.9304966677311 359.0803655432407 865.0139637612855 371.9873099538385 0.07576117664575577
626.1101954527832 257.338928677579 635.5627545860704 273.6282103205312 0.0757608562707901
413.2495611343121 351.4127974360039 419.4966069911318 359.36894038046506 0.07574930787086487
404.7050117708877 353.4849225390735 413.8772975794495 364.6314428375581 0.07571082562208176
491.4694095429653 287.9825872893205 554.6084994810614 363.71382209267983 0.07568510621786118
38.12354185470418 278.1049538742259 51.20735173079383 295.61185451584964 0.07556000351905823
157.05040228356046 298.68513014383353 163.42896818914636 306.4971970343846 0.07553713768720627
587.5988589257527 302.6674978734339 592.1147980202381 309.61198630952754 0.07552679628133774
214.81484206884784 380.8386715760652 220.41546942825684 388.1179456715528 0.07550999522209167
764.83686240555 246.03860393764612 775.9438253653 263.39344809577545 0.07549325376749039
453.0106412915999 296.3125036320959 462.34189607891994 308.74249810691833 0.07548366487026215
108.33367701471381 291.1355064303576 117.42708979718542 303.3261799126653 0.07532000541687012
49.55274849018801 290.9837116763348 54.958340137963035 299.03373680621075 0.07531348615884781
898.5690859735978 269.6825427387126 924.163599502543 305.00835239878114 0.07528228312730789
443.4318388870723 338.2581458759309 451.8606462239845 348.73187895464304 0.07518084347248077
146.6042496890123 305.1794923716309 151.60392353458505 311.38661029598705 0.0751301646232605
810.3713524971379 310.60314920913765 821.4805427095293 328.84929439485603 0.07509353011846542
89.03742795876096 293.6649468002043 94.02042604581715 300.0157674004255 0.07507514208555222
823.5084278800905 229.71444295591257 845.3965565001971 260.6933935841691 0.07500859349966049
359.01449317635445 298.6497735897667 368.164621544314 310.5421699479093 0.07497749477624893
81.38016691668689 295.06375002458003 86.99484730172641 302.0793982999761 0.07492707669734955
571.8210775572587 344.12219908965517 581.5591980481144 359.86310506841545 0.0749269500374794
375.61996252441224 353.5343904161961 385.2203659117732 364.32076547475384 0.07488472014665604
566.0771968274641 297.8715882805213 571.8705703891426 306.2450409428974 0.07474929839372635
930.3774828562836 306.8637056871548 949.5339606446528 339.0314960405186 0.0747465267777443
438.61441663712367 343.7174093046279 452.16935402457506 360.8335032750526 0.07466474920511246
370.8398181612597 335.09751852809495 376.26687318641956 341.548616480812 0.07464094460010529
89.0171622768217 311.5535828452305 94.3230008523491 318.4123901803118 0.0746212750673294
719.4627506237393 282.99445446882186 728.7473750706484 301.18077983410245 0.07460704445838928
437.62040485122884 268.4375619601179 494.2623733127901 337.2935903233791 0.07458575814962387
153.54332235284593 286.1088131697571 161.43576753798945 295.40846961364343 0.07453516870737076
787.6177912578298 231.68164754436003 800.9017119056947 248.62137956049315 0.07451435923576355
587.3100979088427 292.46415167257106 592.8209854474932 301.5585423128897 0.07450251281261444
579.9875537235587 348.0564490094688 587.7669199538165 360.05802481044384 0.0744403600692749
908.4759673444644 143.52903487391708 965.787519979531 227.87699455256256 0.07437356561422348
370.3518257244121 291.6723911302986 384.60909125722856 309.61674765129175 0.07435356080532074
431.83569644405935 216.29289869478973 504.0181101590998 297.5930757578317 0.07432364672422409
386.49274564801283 354.3304381052865 394.3662487710766 363.6458225678265 0.07430446892976761
83.32389068966121 318.1796856129194 96.04151630219422 332.7675678761968 0.07427675276994705
139.5014999590464 305.3382301907274 146.368156798397 313.4817294262613 0.07426044344902039
971.3626904563037 387.3348273473926 981.7618907876878 400.5598095866302 0.0741562470793724
78.16060068011681 297.7392693053022 84.04247502550855 305.7300963148969 0.07414457947015762
411.13528395402915 319.54482029421837 416.80225838345154 327.12911315654463 0.0741172507405281
564.7603581545686 255.06367925934597 588.9081356761974 288.6036151130371 0.07410938292741776
760.1181583558603 267.28408418231896 771.1073766849354 284.42126480121715 0.07406000792980194
500.43638593283305 355.5158150641183 507.5258343896422 365.42015186771164 0.07401424646377563
952.3239687961084 300.1839165178366 960.0521562271499 315.3655476672162 0.07399318367242813
97.62281646731391 302.62050642014884 152.06419209456746 368.24719509651067 0.07397527247667313
93.45113727824659 268.1100192403064 109.57754956299878 287.3108797132804 0.073957659304142
341.53399315787306 357.26019852002514 354.17762953188577 373.69015028756877 0.07393868267536163
398.85687077830767 140.19445589997719 438.3927283149642 190.0208988929419 0.07385518401861191
875.832159759239 337.77432603272837 949.7125160735067 443.56709524691064 0.07385144382715225
589.9022164101287 277.5493864662861 593.7697511950828 282.57095996467075 0.07384214550256729
945.3257512888333 320.9017411858305 955.4262740207986 339.83356142894996 0.07383649051189423
779.0627365354752 242.50650683230617 786.4946077588783 252.1423127755568 0.07383068650960922
457.6490626433254 371.27333677886224 464.90015940553616 381.3584355122046 0.07382131367921829
437.6514171643509 277.24448298761354 447.79281111270865 290.2136219157345 0.07381944358348846
345.9059761107197 331.7931357104916 351.25264918414064 339.15115077167843 0.07377675920724869
65.44118853512678 343.00364605780584 96.97922742542484 383.1829481896321 0.07376877963542938
355.76730322779576 326.02160635148635 362.53554424857987 334.98845270330304 0.07376481592655182
784.7070496113705 280.4468722989127 797.1133585047786 297.9887264579426 0.07375135272741318
889.9834645036143 330.2541587881383 917.0228727633644 364.9388634493723 0.07373970746994019
404.07343031665613 318.15639949341204 410.60670294091386 326.7069203731651 0.07366780936717987
550.1106206990994 -6.866014033941203 595.2240928174048 43.1676401990366 0.07364388555288315
483.0738475443269 218.63522920444547 525.8348565983496 269.33238028281926 0.07351271063089371
430.1784596279739 277.2578043401714 437.5576903173658 287.2719088738739 0.07349573820829391
539.0775870167162 222.08622339896678 573.1162358879332 266.0252500843687 0.07346139848232269
592.5836878997904 268.1363413409744 600.4268979000137 278.46728250420495 0.07341025024652481
95.30263389500895 320.3909106729841 101.49140586232417 328.4849538784253 0.07340260595083237
764.2297974452576 296.91628584222684 773.1791452024632 313.23730137345444 0.07336084544658661
467.92489685447555 285.96392687795253 476.80148199338015 298.3988704627638 0.07334059476852417
69.919386321517 308.3748040863811 75.61867654268895 314.98223058739507 0.07331638783216476
102.06366903345962 317.63125870760183 108.67390135073786 325.8888387968499 0.07326595485210419
454.52680811549806 328.50825471444637 480.7857749693099 364.87120867718556 0.07323241233825684
719.4815346264958 270.26293029829486 732.0398339920818 289.3099658077772 0.07318899035453796
432.82176440643167 318.93672197228267 439.31388949810537 327.77908196358874 0.07308678328990936
153.30623985564395 305.9517653518821 158.3689232767003 312.34270861873216 0.07304273545742035
216.5723202071392 446.9962430866006 246.94583681043017 492.44752458411705 0.07302854210138321
656.2500987147654 274.6794960582572 667.6164296847841 291.7359458169716 0.07301598787307739
935.3381354317565 219.00027067638436 970.2682792941421 271.08754170183647 0.07300368696451187
772.8179557765274 208.6535701282095 794.0213901754098 238.88005696440936 0.0729401633143425
721.192994064117 289.5830986163896 752.3867669118329 335.6044591406501 0.07288825511932373
345.5712266587634 338.07071998213337 350.2409315175494 344.00810374939334 0.07287739217281342
91.86191622657397 299.6118776901014 100.43641823603797 311.7348093023803 0.07284554094076157
345.7593439177828 293.26313494735 354.4727224434476 304.51985867581624 0.07283535599708557
823.8182249418597 255.31625509234422 830.1305925165311 264.0445410303886 0.07278839498758316
681.4381518777146 259.6514619844453 698.8428860355489 282.6949431913875 0.07273206859827042
270.96481463922476 403.1192834300108 329.16665482012803 477.5371752955083 0.07272167503833771
704.443557571769 252.23742369045416 712.6035254159747 265.7424738449328 0.07270288467407227
576.9521326271307 217.20840995455387 584.1761825495582 225.87275787236874 0.07268977165222168
506.74131300260467 280.50049643395494 518.4140097365386 294.76699455438273 0.07267909497022629
169.55830116058812 265.178055735573 182.89840781321192 278.30943000347816 0.07260483503341675
390.1221001149656 278.8945350098189 399.04456732144 289.76342793562765 0.07258623093366623
352.73794947855976 308.0425924579765 360.7855667554779 318.59164614059335 0.07257815450429916
130.3537211511064 310.5684773013528 137.36662416875038 319.80058705429343 0.07254021614789963
114.10608333938198 257.1701121948733 126.46992635220809 271.4761063607742 0.07253552228212357
440.2382474072759 348.44842304800875 447.4638118372151 357.6618873718387 0.07252860069274902
-2.353180756873345 308.839078250671 5.100722756546912 319.1453132584337 0.07242932915687561
384.7139765187802 153.98053023337775 633.5629632250159 449.0639844019743 0.07240209728479385
457.61434039288406 358.91788194206464 466.00623581992494 369.45138173181874 0.07221966981887817
486.7492100737033 330.3808351583213 496.2644996579635 344.02682764131936 0.07221093028783798
249.20669643274778 372.07851198379603 298.8826707402904 436.299281149315 0.07218881696462631
127.13980841649872 283.6829782478497 132.99776596205513 291.2501248976105 0.07216455787420273
850.5281013653268 318.9891956105818 869.7772957828269 346.5945707426214 0.07212819159030914
431.06018110359923 268.81327106722676 438.3547809167934 278.28924227576965 0.07211130112409592
447.05731474094296 356.3266020996293 455.7355898883168 367.41414275546856 0.07202348113059998
164.84642873269158 319.1896321044545 170.19602772462662 326.0105073534942 0.07196223735809326
461.8462602679339 353.8135202752544 523.6761339243741 418.7931042840395 0.0719267949461937
956.1354605897382 322.75515276071326 964.0880981275545 337.2032928877206 0.0719018504023552
850.4840419118552 278.6123884738879 863.8360482716887 298.69604902549503 0.07185843586921692
338.8840763551314 332.58568277698737 346.2456592049259 342.6103599486749 0.07176472246646881
525.8570330075553 279.97805304814307 539.2741486217404 296.5523038226957 0.07173538953065872
79.9592741507763 323.45208749427957 89.74924680249399 335.32364657547583 0.07170204818248749
165.4187675590067 323.08762844869824 170.92309542816523 330.3442139634577 0.07169239223003387
974.5252646709012 219.07498403553097 998.2885759850654 261.6967266310985 0.07163812220096588
771.5742226075103 340.5682303587821 815.8563009081391 400.8750765520457 0.07154905796051025
92.89436466953322 313.3033451190088 97.23937056246622 319.0568829126949 0.0715460479259491
940.5611159906639 294.30001867617835 949.3591402069707 312.66180653666396 0.07149264216423035
391.2633815475547 363.2885558532673 398.3151745258018 371.77298827246364 0.07144805788993835
650.1254074987643 326.9511571076606 731.0002728566063 428.38939928411094 0.07140108197927475
424.35337894066237 114.88236949574988 460.95095480938346 160.0251105045108 0.07138963788747787
94.46841503219669 290.98949741356404 99.39673491077588 296.81013440439204 0.07130778580904007
150.81164533614765 314.17039247637206 174.8660647043551 345.72711936224766 0.07127557694911957
175.85886507015434 307.56049295050383 194.92167315645585 331.300882337079 0.07117322087287903
18.63294556825438 326.4683862236491 30.232481528306884 341.56744712208496 0.07115285098552704
469.8174747991332 356.5158499156364 478.75310999793555 368.5116847829364 0.07111266255378723
629.9172037636405 328.2246499910374 662.7378780001769 374.8511093689981 0.07108446955680847
538.3500286658771 178.58242300517057 592.418392664918 247.61429811188037 0.07105741649866104
745.4297248687653 103.2106479951314 794.895044417299 152.20674087517926 0.07105103880167007
159.9976472323318 306.0183941613141 166.05440736524645 313.9513400854007 0.07103414833545685
159.23053369588388 323.31890957676836 165.57586291803372 331.4581643002368 0.07099582254886627
89.25935634759153 317.66906339318535 94.00583639367777 323.6233141524238 0.07092227041721344
-2.140567583321531 290.8544766952125 4.533000894295428 300.2652591158483 0.07091918587684631
800.834016451129 144.2989779834699 986.8339702632925 378.8998257757066 0.07084973156452179
513.9881015907539 232.3372450502526 573.0994230480551 308.6734799037562 0.07083041220903397
147.0451602281455 298.31460362411667 152.37755221280676 305.0578362304524 0.07081786543130875
943.6509233900863 164.75130366631777 1023.9327280816342 278.4143767284404 0.07078708708286285
732.7106733614813 150.12814976737243 778.1234202765487 210.67525950476215 0.07075294107198715
1008.2790922673285 199.7206097664255 1046.2633814462222 257.5989969469071 0.07068619132041931
572.6215298391211 409.8976228800779 941.9135019401659 813.8174387877524 0.07064730674028397
374.3707986119129 308.5597901270562 378.94235723432536 314.4824792053621 0.0705738514661789
878.5495692511114 234.86532342338646 900.6236005767199 267.2747376372799 0.07057294994592667
494.37400558903266 293.48570759314515 504.74060932189315 307.12659310489994 0.07057078927755356
-58.43550920171101 469.11710242351927 152.77405754102676 707.5194926989327 0.07052965462207794
599.1229179269493 325.36135844779443 659.5813325592745 404.2771495662273 0.07040795683860779
352.3625899578688 260.32481525284203 409.61038498115835 332.42989037555213 0.07038096338510513
480.820581640087 292.8227671597512 490.595139277048 306.126501579703 0.07028878480195999
682.1997127802306 138.37505227893723 737.6785239232654 210.28469575999006 0.07022629678249359
399.6986330092737 276.6045261855467 409.13582279615247 287.89438546642594 0.07016727328300476
905.3631018210905 343.2140630019589 929.4833099497502 375.9928938430826 0.07010936737060547
751.8955424792217 299.96296840401664 762.41912936769 317.338735523933 0.07001875340938568
120.08366017717528 296.5635803746116 127.1782719483037 306.6611522024184 0.06999179720878601
464.3935498504932 345.552665155148 474.3209808879594 358.7350557230983 0.06996690481901169
117.23793161256735 284.8182573467243 124.80623585333838 295.18245184562494 0.06989001482725143
42.77534260881747 263.8402903691222 60.09246428396508 290.28862568741175 0.06987473368644714
922.7708973009276 328.0074428647999 937.0592439515794 350.4658560093803 0.06985392421483994
139.9950108164677 298.5801241505424 145.34954533523083 305.3155492941963 0.06985048204660416
439.63490666767166 358.475780336293 447.42598057663093 368.52136348900007 0.06984196603298187
560.5254701011269 343.32262745029016 570.3639191116865 358.30096760275393 0.06984010338783264
-3.3378280905460893 325.78216973395917 7.633068531041373 342.23113603124835 0.06980706006288528
985.7792802182361 237.1780958789696 1022.876845096915 297.5257609895421 0.06975530833005905
933.1649162678913 288.6703597989651 946.6597253260868 317.1526585176578 0.06974311918020248
798.1964008829508 279.82224940416006 813.58310665419 304.5242555425186 0.0696970596909523
1035.2169030694313 197.29203350454398 1063.6996852998898 235.2198047110493 0.06963381916284561
546.0693635059648 363.33277522406394 554.1396555091131 374.41093529809444 0.06963308900594711
408.5326798665862 268.24904555701755 415.5474281710428 277.23682995142156 0.06951268017292023
585.0848957388368 347.84185802603724 626.6285644487012 398.67978129699634 0.06948530673980713
608.6991766565897 347.5958753135752 617.92663081169 360.93557919338605 0.06946251541376114
965.3776556444428 291.6779174197921 974.0476362856534 305.49501763965486 0.06942577660083771
174.55629476665152 291.6320523614255 178.96674113803735 297.02204717676665 0.06940881162881851
425.45962545243225 263.48011298982317 433.0798143212837 274.00117247156953 0.06937285512685776
-105.94621160848371 407.2226064735729 261.96873628994217 854.4180507659983 0.06936473399400711
355.5732111579685 362.93130246442183 361.170109240385 370.24026839728725 0.0693233385682106
109.99141396713055 272.5862874426069 120.10606179825682 285.63876686414955 0.06930780410766602
599.6961998201399 349.0758844525882 607.4617820730539 360.23475092049864 0.06917891651391983
799.5283128072782 243.83429337420338 811.1393475495449 260.1640155302767 0.06899803131818771
962.9187369958898 308.5729666093728 971.3058695061269 324.1035022837737 0.0689852386713028
582.3710621798623 256.9905381980863 590.1945167757725 267.5260867058887 0.06896734237670898
375.7609006635446 277.10250003528097 385.62611339822496 289.5525274062288 0.06895241141319275
449.2311177350544 270.9820288781519 463.1366575287468 287.6330919407007 0.06894520670175552
1036.5704988607217 230.55867667623326 1042.1742124029406 239.224717417093 0.06885412335395813
442.3299468814467 194.3895368277119 496.77763661961427 257.8867580642733 0.068823903799057
345.5201926606635 305.1620331144407 352.9166839463215 315.1072529549404 0.06882080435752869
588.3431444553698 272.567144094833 594.9909481335027 281.75073277053684 0.06881927698850632
759.8906406667236 282.26980941038425 770.0731482814317 299.19280432845295 0.06877504289150238
567.7023259091942 357.9042724255174 586.2481677990885 383.74811984007937 0.0687725618481636
535.002313099016 225.2752553138589 544.2477749979975 235.76523921785866 0.06869617104530334
464.29781392425576 362.4892333060134 474.1020340825601 375.47747315627316 0.06859730929136276
489.4597381738576 342.57514401843054 498.47670224041644 355.11191868898925 0.06852017343044281
604.5552399069383 151.71095590321875 651.5148576857978 206.52785810166029 0.068423792719841
704.2103253707054 283.2904802006771 716.7429371921406 302.7887478871602 0.06840290129184723
606.2902631196824 359.1591200406895 613.1303637392249 368.7825234655674 0.0683450773358345
474.07712164734994 347.0959246411264 482.7934034022377 359.1962410672382 0.06833353638648987
865.0545661602147 167.63335329070708 904.999811510427 226.7913141680598 0.06830739974975586
576.0487382177157 268.2059108353414 583.5692434115996 277.62208130359033 0.06825917214155197
578.905683071233 4.918173323905132 591.267137248413 19.870147657262837 0.06820949167013168
554.0207173401009 261.4436811181793 565.2149960677028 276.2502794181426 0.0682058185338974
498.14844781655864 330.05510963166114 508.63746406039525 344.8065309317832 0.06812787801027298
459.1064766186507 287.04209871663653 468.2166117263638 298.8818154741285 0.06803988665342331
417.292966422918 255.08669596021284 430.005883964439 271.61252819800865 0.06803616881370544
525.7218246195529 269.1257176932473 540.1099769742028 288.05754399329487 0.06799021363258362
568.5637272740266 364.8269590528848 576.6877284344247 376.6571902739266 0.06798624992370605
474.4395780604237 300.4354483877886 482.9303978716234 312.158335200661 0.06798078864812851
26.092101676432573 291.8639279506641 203.3108809645131 518.5230181836116 0.06793346256017685
143.8516749411712 302.3795611173155 148.5862593787983 308.46647775528135 0.0678020715713501
112.57630902848311 306.4699712479113 119.57438609721969 316.59675048185693 0.06773026287555695
588.4825990454317 260.7306271228751 596.4901400445402 271.203597572369 0.06772241741418839
446.8407661101968 277.649091064193 454.2884914032724 286.90644223605074 0.06767532974481583
759.7721798039016 295.85108997412294 768.4067949304513 311.22095811132203 0.0676286518573761
734.7719720262605 309.858013915694 746.4495671728456 328.65687997752946 0.0675864964723587
559.3825818610775 232.67546362378238 566.5225034328835 242.09764166100078 0.0675743892788887
579.5221930331863 359.92559730741294 588.2323126819683 372.66072787611205 0.06757063418626785
365.5962815613538 286.5266443337956 375.0709858269046 299.11703456131477 0.06750582903623581
572.9485708300754 210.2048917988975 610.043968466372 259.65266900754887 0.06749514490365982
477.5747518156822 364.84194426688504 486.03377729648923 377.20522848813584 0.06737921386957169
648.7086417924627 310.8584421606458 659.1002187857283 326.221408866143 0.0673723965883255
565.5604092893072 224.24933943928164 573.471511326911 234.87464869150526 0.06736072152853012
110.54838914129841 275.5458838071084 116.390064817724 282.5185115738201 0.06726133823394775
149.18431771964453 313.55926795171075 159.11168748660802 326.0477561351948 0.06707865744829178
757.350846652572 234.50179529150952 766.1314194236091 246.97196992685977 0.06704287976026535
284.1395717192326 445.9932542225113 388.08409796909973 568.1979243688953 0.06699075549840927
355.39845719316287 287.1808665223452 364.0647315968088 298.9300201119312 0.06697437912225723
521.3841014106777 343.68174547296735 536.2572706430029 362.968216979938 0.0669720396399498
413.73408120974113 265.044358027876 422.1111619985956 275.89425109144594 0.06692372262477875
724.211768398545 314.696757984708 734.0393272705263 329.9650803277049 0.06686737388372421
489.8979350625266 355.40099426782825 499.34052997105937 368.55614925307214 0.06678204238414764
950.88712689324 324.3497468968313 984.3986704214242 369.97167180555647 0.06673771888017654
429.6936062063366 179.4394922964129 468.41000094242213 232.84786683941013 0.0667278841137886
180.22532636643103 299.2893170050761 186.43224032178696 307.7095522863642 0.06655098497867584
903.9447441417277 295.8953782610043 918.224297423334 322.3898613340822 0.06645286828279495
589.3831188496586 247.10039968698854 597.8444377076095 257.59700053111004 0.06635337322950363
498.1572575494781 179.05108006044364 546.1012193672876 233.72176848430877 0.06626724451780319
131.71081531126072 334.6898910456729 162.91493882678947 375.5086062165341 0.06626342982053757
601.256462532871 242.21075215711556 623.2514028183567 273.7492576960175 0.06626088172197342
787.5585008558845 221.01162602318948 799.1646432099864 234.5691422601495 0.06624504178762436
970.1700037404115 301.5789026709493 979.3132806352631 315.27889483563405 0.0661836564540863
86.80347195570025 246.086312598891 116.3316709115018 278.81270398564595 0.06608878821134567
701.2406924015326 313.3809712093226 711.5793494146902 329.1628207446339 0.06608656048774719
406.64177450303845 281.4224194068686 453.3021728554951 336.8808152554165 0.06606002151966095
124.53406327750544 318.7257873455894 131.10502091929462 327.68562001801666 0.06603365391492844
992.2509796015257 186.94453421771217 1020.4820740117774 229.85758903412722 0.06595662236213684
728.2835612040527 264.6186108406086 739.4277457383015 284.5828495590282 0.06595280766487122
470.90165969428745 281.8293588648197 475.71979145515195 287.59615586195906 0.06575881689786911
518.1985336283146 275.0184717417002 527.9834045096776 289.1222384426824 0.06573111563920975
616.8630679006441 211.54336241343165 623.9486127151931 221.73005864868466 0.06571898609399796
608.660270301012 288.65312680447056 615.4538520869953 299.49035884206324 0.06568995118141174
100.15179364325273 292.72715029224025 106.93555639055693 301.1637381301646 0.0656052902340889
921.8129383889969 263.13927064225584 947.754775618938 304.04536673212345 0.06546490639448166
524.6176676920378 239.38571399401803 552.142314060118 272.6836787069563 0.06546324491500854
712.1710176809056 302.9520320804009 731.6919364392081 331.21942204149894 0.0654425099492073
661.285075905377 222.14317460916283 671.7778434576232 234.77384879216737 0.06542502343654633
651.3958409532379 257.5229725759777 662.0919194758052 273.2802882378633 0.06521514803171158
1009.4158718629034 300.5935171534797 1044.235648501162 350.39744527089107 0.06512843072414398
401.89941111045863 364.99352564624553 410.9828742267841 376.5919549816087 0.06508437544107437
965.5908690373981 322.9503032087143 977.3025302218433 343.54702468880606 0.06501694768667221
1016.500953567556 132.57162827714149 1071.3353035490618 218.3447608574538 0.06486419588327408
497.9462119445925 345.1067062495585 506.6819955221587 357.0204018264045 0.06483054906129837
973.1334705601804 324.552652191447 1019.733534096682 388.2698190025413 0.06473972648382187
193.6791066959709 305.6159389571191 231.38426286169127 359.18729382244 0.06465746462345123
613.2411910712436 257.8164018800956 622.9089746865328 272.29975722500444 0.0645034983754158
608.3908923116524 335.3821314280472 614.3337982581735 343.56813361438236 0.06444760411977768
391.15536883231437 240.64857096481373 436.0483155872444 294.5358517989237 0.06442321091890335
792.6886563016088 123.23151311079188 844.9159115658265 194.1616180113277 0.0643373653292656
641.1914444410974 263.26401368959387 652.3976948425886 279.8724688456276 0.06432224065065384
947.0350525879816 146.49927729833368 988.6068884036773 204.5203319917487 0.06417831778526306
634.1438608720075 251.83707194924867 646.334611041385 269.84917453572933 0.06405504047870636
531.5285000728246 352.5117948891022 550.1666982030775 378.6157940543157 0.06403893232345581
490.7588309805762 264.9128226587391 498.35271517574853 273.86143026073336 0.06398877501487732
482.1925803932265 265.88714102645724 490.483625320219 275.4884297507042 0.06393709033727646
244.95456991152582 309.2062108229114 314.7284024807681 402.1049851693168 0.06373098492622375
370.5904871829012 276.6283484839889 381.2778758486819 290.6937110129227 0.06364201009273529
787.9389836413056 184.86099128915353 816.1360894537455 224.07184109403028 0.06364097446203232
337.59574112097704 341.3556526659123 344.69911952461416 351.0797909436945 0.06362088024616241
933.3235003970545 -80.48382469726978 1170.991694708414 189.59231933186487 0.06361690163612366
334.95717434829834 334.0841759969996 341.3435643109371 342.65543360522395 0.0635959729552269
979.0438864661397 364.679027835846 1093.3355585213978 513.0567427832228 0.06356033682823181
562.0424499765488 175.7079084702394 605.8919323630201 228.23201028389218 0.06354660540819168
371.7924509815481 368.06263693131 380.1304590059328 377.36011357407216 0.06280506402254105
458.62151439507267 269.2730343761964 467.7652486269994 279.93056311435157 0.06262566149234772
604.3580549610207 372.04476322595656 611.4067057053147 381.67326882521144 0.0625961497426033
205.3595170622701 261.2786065557524 268.44630509000183 351.4338604840152 0.06244537606835365
770.4239562627138 233.04105203275185 781.0171260799278 246.58876998773937 0.06219124794006348
436.978535286847 363.5760429058832 445.9379045807848 375.5308927355275 0.06209450960159302
502.28598708553864 259.2535045292546 512.3399260807249 270.0292022038246 0.062001653015613556
807.9504934055371 397.3648586576279 851.8275977560734 459.7676290178003 0.0614757165312767
941.0906390840807 259.3345263741786 963.8263502821109 294.08695926234805 0.061297498643398285
493.7539197834929 367.4662924293969 503.41147445449764 381.52024285798177 0.06112157553434372
132.74126317526827 546.3165101586176 386.3123417493243 805.4259542378036 0.059874020516872406
416.5942577198379 327.29407505798497 464.8591299791984 393.94233910025605 0.05964260175824165
97.86446976719354 261.69980538516353 142.00403825745425 321.7640013780952 0.05785398930311203
319.15118499622037 317.9536070005028 398.70919533833086 424.3686902389947 0.05703920125961304
352.2631785508181 524.6763895470364 568.9395461382284 765.7812909088375 0.054895564913749695
-59.31699817782148 -67.07311341138433 128.71695644925273 153.66990489717733 0.05403999611735344
508.43806959817744 373.2725057610309 534.0924944066176 408.549450807892 0.05072914808988571
