537.4578900243016 295.13346640740286 557.2003563977029 320.325439082565 0.9998412132263184
576.6754486837559 299.68252819827654 595.7132885354545 322.9579280515013 0.9997276663780212
639.8607493386708 287.17154576875004 666.3941957516097 318.854896395223 0.999639630317688
425.8965909221102 284.78403248927765 442.9448566717818 304.2975503725619 0.9995322227478027
498.8807599497001 299.28214000162814 522.3680879635405 329.1075556824318 0.9977466464042664
780.6562531022995 296.50913765137875 806.5945087697331 343.6935043770202 0.9891674518585205
711.7490552851358 293.21918192706926 731.0673304009474 320.69756267296594 0.9806577563285828
808.3400895894944 256.3289882031281 818.4849217543994 273.7310567893732 0.26333415508270264
22.8574698767222 304.4674759873803 31.119927557048015 315.85643708585866 0.2079504430294037
387.86244582527127 296.3497117828321 398.2909007260894 309.11759540937476 0.1941087692975998
593.5962935432798 268.8608774116327 617.1692625071801 301.16475798219597 0.1843719184398651
814.0836726348025 339.2510539979947 839.5694505650328 375.9370017617524 0.12397401034832001
568.4593588186873 360.8604863736844 587.9629303693005 394.7087222042048 0.12069742381572723
808.7698563834845 271.71419652501544 833.5577403661289 311.45522972595774 0.11985193192958832
782.1437807678603 244.35013834735938 795.8939729162871 263.2100596959676 0.11839117109775543
867.713842126136 396.01026194193963 891.8176181582263 433.45188234646645 0.1176561638712883
726.6712768288484 280.708648903559 741.7194449761105 303.2778332464514 0.11172910779714584
98.4747736911765 312.45853701186843 102.34641679395881 317.4028315527248 0.11169947683811188
699.6120262750912 316.7357842045036 721.9870104057582 345.77840541952895 0.11040093749761581
598.9277984292398 301.3322519957027 613.4815633309428 321.18725664689595 0.10924896597862244
4.8840579318170825 302.41018707818137 12.706768411974812 313.81062023377984 0.10913574695587158
497.00510654239645 25.645652637829187 571.275292345091 111.34864557918607 0.10907688736915588
238.61680529833717 428.3864869461133 247.67102212465403 440.965665743329 0.10570614784955978
817.0231574310677 300.7227956824136 839.8899742408013 335.2133439309173 0.10555218905210495
830.7973028702304 273.75975341400516 863.4471059650238 321.4516234747513 0.1047467365860939
66.12533198002488 320.1036354249374 71.5762268609492 327.09937001537537 0.10432755202054977
78.72959323151882 309.7231273723831 84.65661411737648 316.96090770605605 0.10426593571901321
727.2483231848497 303.1823147448612 746.6434210650851 333.3547139046115 0.10424359887838364
656.7908630933462 316.000273253767 676.2445420186688 342.9049999844124 0.10421432554721832
766.6946717398049 284.58954793050214 786.6855280003348 315.19015317200245 0.1034749448299408
738.0807600166601 280.44527432401856 760.3172097623038 312.9092188770581 0.10273309051990509
65.28027392973627 339.94548160271654 69.53704073038524 344.98562688871584 0.10233443230390549
100.33041225859907 307.02146061624796 103.47250173348618 311.16403727881743 0.10202544182538986
531.6895537762966 317.57904272918944 550.7570089714792 342.6624755505065 0.10193514823913574
28.014677481205833 297.50225886335477 37.23563262123544 309.84963328703407 0.09978047013282776
28.425248896269167 311.92462315742637 36.382834549894255 322.23015543123677 0.09916510432958603
735.0358340235033 301.63997100054377 760.4862887745123 339.9993267740197 0.09912630170583725
820.7198093787026 334.33402897497365 831.1452504641484 347.30526251301404 0.09865594655275345
866.9092440949996 293.4931700704631 891.0179581665267 327.3768783055993 0.09758193790912628
856.5681551905765 329.42441230725393 890.9776777302619 374.19430239502987 0.0970875471830368
95.34626033097683 307.6306370280862 99.32719720840366 313.054497823721 0.09605574607849121
86.91817443025857 312.00078150555055 90.76516501672722 316.83373792819054 0.09567693620920181
691.1144475664352 230.83510882344999 731.4733567217914 287.7341882063819 0.09546113014221191
79.51181803296632 316.5532004046299 85.92981053732495 323.9315079505846 0.09539825469255447
81.88011280430554 304.3771683292508 87.67761403556928 311.96970729327757 0.09498107433319092
83.81837765775612 314.74503403721474 88.58514913019792 320.44191834733016 0.09490370005369186
884.2025086796835 315.9332237087986 912.8804975933407 353.8536040001827 0.09485463052988052
166.25439083995727 331.8941721438617 215.1578563169359 398.01808979333094 0.09482905268669128
67.60937191951805 370.47346054484757 89.93660066746105 400.78419261556536 0.09456886351108551
754.1321415448466 318.0207728836799 779.1002918308014 354.4910323248619 0.09415175020694733
91.17095989682345 305.8113272431762 95.73813922393411 312.3087187173727 0.09384628385305405
30.347598534294224 305.5103984715804 36.57537671776844 314.0565109988673 0.09380931407213211
101.02216282710931 310.1284266934412 105.50300560947936 316.0479281113097 0.09375809133052826
84.92408046686892 319.19245800737434 92.16135441724245 328.19013686090875 0.09350759536027908
897.8886933447226 278.5085473103525 920.9109328838734 311.58049473222405 0.09320744127035141
73.0912213892186 320.0226878197039 79.46337252607647 327.95455063222556 0.09307193756103516
92.58282955568974 312.0472514439073 96.06813131102945 316.5136588244695 0.09301861375570297
61.27433405893112 312.0506980719183 70.38077768376219 323.1718396036195 0.09263549745082855
98.21892963511976 316.52797572724586 102.74539149044267 322.2025812177701 0.09254365414381027
802.1423555640707 306.8455274097332 822.0345963277584 340.28796302080093 0.09245793521404266
93.75661570614193 313.206628975243 98.04928726425653 318.67858231884543 0.09204059839248657
575.3003728799779 341.4112400689719 596.6295723512773 372.5593164239032 0.09154822677373886
443.3037631425603 330.2381660805359 484.4728691899076 384.3460096204302 0.09144075959920883
26.17596411058337 290.29487184123207 32.90267715482798 299.60205307631315 0.09143109619617462
879.6299109502528 295.6595930442434 910.1725998928817 335.34469030807793 0.09123183786869049
63.36912901384121 342.5309792291656 71.79025579242202 353.04302426569814 0.09114446491003036
673.5011769208288 235.46237369803393 699.0987151392 275.2480971070164 0.09101004153490067
76.98908564161154 329.4728680022454 98.40137751020902 356.1981759230948 0.09098076075315475
38.58217986416302 308.63237947360136 45.36209714698634 317.6948899425838 0.09070973843336105
22.989875719631392 314.02246169892936 30.40198722142284 323.4969339768854 0.09069165587425232
39.84268201473037 286.33884831866334 54.62880140507052 306.8010027000841 0.09047260880470276
95.88706406137668 320.80499725651794 101.14367634947747 327.2389637193482 0.09035299718379974
110.92091000919544 320.58924485479344 116.85707735058868 328.6264716373466 0.0900123342871666
61.76967103239702 300.8776976098492 73.54179834095156 315.25985299992726 0.08998610824346542
45.45871546698341 323.20071090997385 54.323998326731974 334.5522414048623 0.08990289270877838
407.5247054278097 23.191849715163304 489.35592165702354 114.34022703525635 0.08979249745607376
832.4101955406617 324.7701202200292 858.4503055979633 360.8235693791819 0.08952208608388901
14.434433849612649 301.3636711913032 21.99413881376495 312.0534632086919 0.08945231139659882
20.20336810423253 291.3861993902987 28.649893358076234 302.77437633215806 0.08919747173786163
823.5639794248273 241.51219585075089 851.3990334884782 282.6196783902825 0.08913814276456833
770.13835749283 194.3806062982583 822.5272026156664 270.31910906151825 0.08912843465805054
96.71575110383182 321.31972976384446 106.45920202268344 333.46165113287145 0.08912737667560577
873.2773672669742 257.6753619701619 909.3325817602129 307.35479932368446 0.08910492807626724
907.0252387918352 304.7057731056159 944.8202817743719 353.05611748415134 0.08885788172483444
890.5722494047026 238.27567037494816 916.1959291992571 272.7898984166439 0.08880244940519333
74.84398901146949 322.6873770752575 84.36933877896065 334.97289240201155 0.08874396234750748
162.65062538427495 325.849654718353 173.8134897057337 335.6621903103284 0.08852270245552063
33.28738867795192 304.52477673954814 39.147582126687794 312.6827166128948 0.0884922444820404
208.5075574525053 321.5905884821472 262.27727554567235 420.3782550929963 0.088352270424366
222.25142138041272 448.2629335273594 257.7708455931855 500.24066482131167 0.08826565742492676
793.3301571698856 249.50483092428163 806.0854771259037 267.7823229438349 0.08814959973096848
99.0284117584512 342.8078050921978 114.43505601272774 361.6509231907281 0.08806455135345459
70.66355872310614 311.6181460118484 77.36833903058816 319.8385533637101 0.08803287893533707
450.55819703744123 318.968809298027 464.92272309984213 340.84175371800376 0.08797604590654373
737.9616558844448 254.76050604543974 785.5504843915104 321.9544151118403 0.08771013468503952
78.15969341840312 341.8896125082 81.90469921908567 346.3157962534472 0.087522491812706
78.78563544068989 292.85018543702864 93.60243044781883 311.73817620087976 0.08727163821458817
853.1470234160075 307.4608893002228 872.9736711057907 336.3428752947898 0.08726419508457184
830.0529367587121 363.4927916341123 869.2678659334972 414.8319519183048 0.0872635468840599
89.71680136256447 314.5694942218503 93.72018516348865 319.5070955049892 0.08725158125162125
31.690918889051403 317.6436813475361 38.48530832307912 326.0697045105438 0.08721719682216644
102.30296779121979 321.144862926707 107.39016086369362 327.8833018882781 0.08668883144855499
82.04828108462063 341.0964203173023 85.57515188874383 345.38498787399215 0.08657237887382507
748.9283344918763 283.5633738602158 769.2041329237411 313.35663824997295 0.08637968450784683
858.9480520073955 214.70550522812331 920.7861727556743 302.0264825604391 0.08625860512256622
120.90891662574161 303.71112890712453 137.04960314416687 324.58323868122204 0.08590573072433472
745.7251902160671 243.0630431889397 763.404776419204 267.17759280304614 0.08579159528017044
41.610988354674234 317.6370884943382 46.74985006651544 324.7525262643802 0.0857868418097496
90.98234331231454 298.01026112866225 96.64918173655441 305.8960306535144 0.08574405312538147
640.0301453337917 350.23002658362077 678.4608978988493 404.12075240520994 0.08569582551717758
74.6159039906861 310.7127167477176 79.15370697208485 316.37013317159614 0.08554890006780624
0.5103292905548146 304.902845445993 6.360298214584409 314.1057343528387 0.08552058041095734
668.6061018295592 323.5942460238488 695.3315592499541 365.40906636231944 0.08550063520669937
763.6903453392549 248.18593662879775 783.5248020220506 274.29601377742205 0.0854058489203453
19.334510088286816 319.2679876135432 26.968026625387022 330.77481889372496 0.08534339815378189
43.75149046050618 304.82069120258484 50.70748393690126 314.55406951001083 0.08533836156129837
94.7957125768387 290.3225921445655 100.09404437536095 296.7771879024839 0.08519948273897171
34.76044863984459 298.06157557780756 51.22528391600261 318.6318239765754 0.08499884605407715
85.95176650634431 341.4691976695279 89.67287907843172 345.97120796715905 0.08494215458631516
107.36748099512722 328.8615688367427 121.36157055289364 347.16855487820413 0.0847877785563469
351.9940991160182 349.02561527402605 358.8090731680422 358.8401332795004 0.08478197455406189
229.5819724327804 445.7710002733 268.5006759653402 507.4065461305815 0.08468592166900635
41.79391287500545 331.94407572041223 55.39943478578509 350.8860057259491 0.08462461829185486
112.58967639411799 311.5546317706882 117.63462173452582 318.2760032183474 0.08452876657247543
695.6735287559628 301.49841473263604 711.4174466261884 323.7414649909999 0.08450643718242645
919.2114701623447 258.00528062745434 963.0382697869497 315.6115077334596 0.08447597175836563
797.892395014361 260.04449210690365 817.1947123900255 290.22883397741793 0.08435888588428497
50.71009587054053 312.31879361948285 62.56486028258057 326.30474417157626 0.08432835340499878
786.7885209199231 259.145138011807 798.1559970220718 275.07820916136507 0.08429662138223648
60.82412953341159 326.0256652283951 71.34425863814039 339.7157016077975 0.08418858051300049
728.5637218824595 335.51400775434615 763.0614389312882 383.15801807139746 0.0841183140873909
394.07613832661224 334.63476150940534 432.0331997512041 383.9174545083609 0.08410045504570007
103.81479606494456 311.8592319254613 109.69940360635327 319.57163179657476 0.08404795825481415
72.67569816992217 339.27804880959815 78.51170759905204 346.1572268483862 0.08402671664953232
629.4265159880155 200.64982525158976 670.9955066216913 257.7873134044225 0.08382667601108551
21.658491144889943 300.2964714590259 92.71701426720551 391.06964491902175 0.08376283943653107
73.191314982206 329.6160747134032 82.7573403674499 341.2161057540386 0.08372876793146133
11.160828920775751 311.2500967874764 18.24976424907124 321.23320782508705 0.08371315151453018
74.99577459445037 364.74185968963315 83.28267726234319 373.92865254211745 0.08364220708608627
68.74973159775794 317.5160438181023 74.194474842905 324.2009527731689 0.08358193933963776
791.4299130249373 336.5137155168916 815.1430790497366 373.84624533206687 0.08351554721593857
17.648645594257744 308.7443205059237 37.74953804897138 338.68828176375274 0.08350927382707596
65.90418859683312 342.78015507020893 85.19897895115199 367.4121279726806 0.0834038257598877
788.193514817869 98.51571649103147 796.1538708763819 106.39564180560562 0.083353690803051
87.83312435685066 297.4493159512102 92.75530269518909 304.09037320883306 0.08328016847372055
14.730679025480887 288.3189351712092 22.952740318533664 299.0641938383016 0.0830787792801857
76.98115932693591 314.52191454137704 81.19856730530972 319.36833349907704 0.08305669575929642
89.28938679470889 307.8172560258363 93.6240152278441 313.7314338629519 0.08298707008361816
37.06841833281305 322.5408354670169 44.88543860117829 333.6842920326677 0.08280007541179657
103.38234357034978 305.982302781322 107.83372510190009 311.9350859580134 0.08277352154254913
58.29078862674507 318.83212384601563 66.33436939995526 328.9931625487735 0.08274980634450912
97.35368817855937 375.2135182472518 144.16258089536626 437.3982932237395 0.08272281289100647
12.149325602963573 319.494046441758 20.2669448636759 331.0854506783141 0.0826694592833519
92.76401707639647 316.41064874507134 96.87599199649884 321.6132164030485 0.08262676745653152
862.7035437900126 258.15401577967987 887.8884235637086 295.7223031741255 0.08260156214237213
366.8724020722281 353.23498681749146 377.9193970019311 364.2943030574397 0.0825411006808281
91.01365108309987 358.0764095047888 116.36205697814194 391.81768464148035 0.08251670747995377
30.423747501081696 288.3924663630142 38.29607813589052 299.2830182806968 0.08250265568494797
124.0489152633342 322.3741371389939 175.33106319923894 385.69898877302836 0.082419753074646
108.63462957219272 310.24497394079924 113.07463386411115 316.3303142540346 0.08238016813993454
106.40036292439262 300.2238066678646 112.15510047069976 308.14521632368263 0.08213365077972412
624.7538112505398 282.5338547763847 638.717558028214 303.31088469253183 0.08207406848669052
548.5462390353773 349.4403123400263 572.7613517093379 384.7891866273387 0.08206230401992798
64.04224972702586 282.1472890454763 79.40572755846438 301.9606018589476 0.08203398436307907
438.2605801017885 231.54742113574338 476.3365100751281 280.76979113034685 0.08201801776885986
509.68400355204744 280.5664533128404 526.4754806988661 300.4993986683495 0.08199971169233322
69.02963969764689 308.39341002182766 73.78331076994273 314.23744832172224 0.08186153322458267
103.16872006273786 326.57714549553526 107.38959168506494 331.72739675146687 0.0818614736199379
826.7931610869138 288.80968495442494 835.7871983213779 302.258557531941 0.08174733072519302
28.3484914333761 353.92620913863834 40.2451223251249 367.9959915075963 0.08172958344221115
32.28606455209143 295.74106582610654 38.62465647736139 304.46657027037435 0.08171510696411133
52.90195603567079 324.24037018995404 61.664339631909826 335.5849107215593 0.08156990259885788
85.16947179896957 314.63738517416493 91.53179789822921 323.09504038035857 0.08146633207798004
785.7680685486612 269.7101082895998 799.5698470102818 289.75580551191075 0.08134441077709198
388.1276406671194 362.2242167721931 393.1464931385847 368.74710867745677 0.0812857449054718
122.17294473113881 363.1307887585538 155.3768398936709 407.65728494306546 0.08126653730869293
900.097797826773 231.44277371075086 936.3291917600039 283.4607347385131 0.08122672885656357
71.03316068345207 296.1360598740859 101.06396684759702 336.8480714172314 0.08106177300214767
98.08378162650763 302.26881962376495 102.55077713023955 308.4213501769253 0.08099879324436188
107.50225100746815 332.05713291289976 111.51099728734742 336.8182901162502 0.08088873326778412
971.0506589842294 387.9024054646195 981.6992659946166 401.0558557819175 0.08081358671188354
519.5684769469034 312.0907182546443 534.8113809290513 332.84301798926305 0.08075172454118729
118.64199048003314 320.7042742767028 132.07479986188625 336.63009371024367 0.08071725070476532
875.9800033162325 336.2066927039933 899.1763600549223 364.5649424240888 0.08071339130401611
361.42036234602193 363.2308568170183 368.7567787690436 371.45785157779926 0.08070618659257889
5.875282592688292 314.1213937665321 14.68942205570676 327.2297229243457 0.08066806942224503
87.10200840222596 360.63884416879756 93.54602609081799 368.5401306935986 0.08066457509994507
26.810285879326457 323.17897337415474 35.04816201223751 333.9941091444296 0.08052942156791687
92.14254186489494 294.94179871780136 96.6311062152866 300.89954046872805 0.08050177991390228
72.12832184484768 300.8533488835607 80.1831762545612 311.19260034162863 0.08021160960197449
61.66929576548626 337.350563783066 66.29710907925927 342.7768892940121 0.08017322421073914
815.8971088486336 243.21956144173322 836.639900215231 273.00508715646515 0.08012834936380386
504.86785222507103 250.41966705572653 545.6984048379201 310.0862085565134 0.08009116351604462
74.24779771283022 316.36472781741406 79.4257735141378 322.728027816952 0.080061174929142
86.13901469571688 279.72348890549307 112.73665669960994 312.24282356137627 0.0800211951136589
75.71667022867045 344.0184110692866 84.35059747471358 355.136648942853 0.0799013152718544
105.69628870308016 318.79810419633026 111.97891318207988 327.3414903446814 0.07986085116863251
54.980941760032984 334.51360896519174 63.72432300692783 346.09968757782 0.07982073724269867
90.2176286395164 319.4256818541806 96.27895698710887 327.0956985759419 0.07976679503917694
717.1472133504911 229.78714691311944 744.4172848723831 266.7669381057827 0.07974684983491898
373.3125337904675 290.5187579201812 386.0078577437531 307.3266284475814 0.07962709665298462
56.46075326907437 352.11946154996235 73.3575575856738 372.15816540128674 0.07962165027856827
691.8287271156306 82.52125975477249 764.4126955058416 160.4447614681471 0.07952477037906647
97.90192781826026 329.40866204482694 103.22583891065 336.18160545656565 0.0794760063290596
810.9838664193819 179.995597724721 861.0668572392648 251.60785176951342 0.07926177233457565
69.14728965657025 339.30364346409397 73.49647828342663 344.1593309106249 0.07918030023574829
103.95334565441449 301.6902180601477 131.8828925049049 339.71514355253265 0.0790894627571106
100.71252595960564 280.7682867444832 119.96795682304318 305.1962186852507 0.07900834828615189
773.0904045086156 267.6557003575133 792.3081863865598 294.8422691372974 0.07896300405263901
87.33759136895193 306.0890607697548 91.7737405988085 312.25579687506524 0.07884694635868073
53.72942742526871 303.8303664320529 60.50324188807697 313.49981824739956 0.07883676886558533
843.2750309099215 228.21294562367854 872.3924458181943 271.19491357427614 0.07879772037267685
81.11672893986476 297.6007671905176 87.18262048132962 305.8780455891367 0.07871250808238983
345.0525002522702 346.4107660972737 353.1139285348983 356.30597178372574 0.07869511842727661
74.94910430928076 269.72661915307634 95.08233296848002 295.55436970919004 0.07868161052465439
101.84318209260809 333.32012445413255 109.52271795271653 343.0950872611202 0.07843142747879028
362.53041131641396 350.7458550288868 369.9531064054383 359.7864954867845 0.07832815498113632
569.9888806307167 276.23101783469417 583.966074321565 293.83673597633106 0.07823546230792999
690.0792384565461 302.8344745200034 743.5179268680864 381.03979589677283 0.07817243039608002
96.26013019447792 357.0800161000381 109.15479407007105 372.5238816478361 0.0781676173210144
18.880803744538557 309.6973667556474 23.861296821484242 317.7038701762383 0.07803643494844437
111.67469455200708 338.6295326924079 136.5626704326175 369.91008474268426 0.0780317634344101
160.6554558445075 367.7040085011821 193.55861550031105 415.3411700391995 0.07791129499673843
46.97043270837624 308.5423032843683 54.70079159771974 318.82984705495176 0.07776844501495361
18.19421723070184 302.8515381981841 24.865958673121156 312.7864099566844 0.07775042206048965
72.99003692333554 335.8238260786186 77.03770139083628 340.5272897534806 0.07771412283182144
55.310091780485 378.2253797813066 105.36057522428194 451.7235147091693 0.07771186530590057
112.80152375357655 284.00705271201457 135.41145451296123 311.256527735164 0.07768508046865463
136.29656535158887 315.59515502183456 149.44272652330568 331.1648597464625 0.07763705402612686
437.1377424891372 201.88541104471986 456.12180857140913 230.41695294048787 0.07755342870950699
36.80170353485846 315.5222872696358 42.07574557432622 322.1554016637524 0.07744080573320389
133.2189846037756 290.5464734507527 152.33435281321738 314.1211452712467 0.07743058353662491
74.2517846215473 357.21686381687255 79.48539583318144 362.38328705489624 0.07740180194377899
92.16429908531 346.90031441700336 98.89389787496907 355.02365581611366 0.07727702707052231
387.93227470606854 227.74998235694105 436.70299538423114 291.30993068730254 0.07719916105270386
488.83813205099864 326.2673626503098 513.9128401170543 357.99325372700565 0.07714927941560745
861.4453619793378 366.4483954689496 889.1998833218452 403.5412333498915 0.07709083706140518
10.354556109671117 293.8428810762692 15.883152755288679 301.4848821677149 0.07702789455652237
42.47986176976385 312.37110391133166 47.38853808217918 319.1399592082567 0.07684026658535004
763.2438372064339 342.46181116671664 790.2905517950455 383.87098142895593 0.07674837857484818
144.6307365828415 319.4734186793281 169.98322584640607 347.1609177594042 0.0766226053237915
47.94983349495402 300.4827286840133 54.938807332570086 310.06907489977243 0.07654166966676712
771.4282108610352 214.83482712244776 788.3019735159112 237.75643686323895 0.07643203437328339
836.027948911221 414.2164644755469 1218.0583118605239 867.8656105309227 0.07642564177513123
889.9853482861254 359.5284390788264 914.8185482090142 390.7992435133375 0.07641855627298355
-3.446936936744064 284.64357272254284 8.551826882779652 301.8029085239762 0.07634822279214859
100.57416152862555 301.85625129227896 104.37841211625128 307.14417510507286 0.07631610333919525
357.1304572441993 349.57324963672517 364.5464166258442 358.7369782600943 0.07628108561038971
86.1992613057452 286.15691335373054 92.20142374194221 294.21455936976025 0.07624014467000961
930.3159925855412 330.67917822374784 966.9590077261274 378.29318719732913 0.07623448222875595
722.2867786052143 258.65267995536817 740.9249477388902 283.207117763808 0.07623318582773209
49.16239548165638 346.7646751044889 58.14290738415563 358.16191837333804 0.07612945884466171
804.4508742619701 234.97391963062776 820.6623673235175 258.31526997943513 0.07607206702232361
111.5838615318254 316.1676903547556 116.60273542943747 322.71884871188536 0.07602563500404358
48.82752266800505 271.31797084116187 63.81549363126986 293.7183486263303 0.07588934153318405
501.74656853967974 268.33025768967116 521.8207432457713 291.604359179519 0.0756797194480896
77.25346578965993 304.48624403572 82.42920650148362 311.66101415282156 0.0756465345621109
107.91555062628366 357.13167509336944 128.6992459828154 381.4727715242227 0.0755847841501236
744.0323211372047 212.99190468215184 771.9842999278544 252.74869788039032 0.07547998428344727
94.80841866884965 333.725114709919 101.6895126406016 342.52497779173854 0.07537676393985748
85.59290761861321 337.69804268880125 88.87611538632058 341.7473613163249 0.07531443238258362
808.5036067162292 280.8469742275597 819.2680425306593 298.41997906348655 0.07525279372930527
898.2644911411882 343.00773410989643 930.0430235741279 384.0131968843938 0.07520643621683121
61.21241069091936 350.2176452156322 88.69512333828274 384.40261252427683 0.07510621845722198
707.4198530022564 342.38366432839723 730.3285344778216 372.65987953423746 0.07508743554353714
93.12613125197056 325.77407901223955 98.38076043643188 332.1763316390386 0.07500477135181427
892.6196962204752 197.31794046382245 935.0895214144648 256.359320612097 0.07496859133243561
171.27970008458513 298.9900618191922 184.65962895415635 317.60363987079467 0.07492737472057343
-0.24697714862611486 340.0608524592279 5.345821229321836 348.55407532645927 0.07491198182106018
39.885933559944675 358.67673507657537 64.93090253426354 392.46281081966794 0.07489725202322006
-2.0234806860105334 311.2790800062071 5.430657740938601 323.3927841455554 0.07483796030282974
382.56024277585925 307.5163890147486 392.96764202185994 320.9333870472818 0.07470883429050446
89.65488995180209 291.8225469208646 94.24240116181804 297.8894199993136 0.07465200871229172
344.6396268441574 333.7238048772415 357.0085076392114 348.9611367810152 0.0746261328458786
523.583762957245 -6.63202091624442 566.0239725925532 41.268727399876006 0.07456288486719131
77.12911465453739 336.1698061218812 81.0149137524438 340.6836205528487 0.07451345026493073
113.97193140254922 324.6846898990043 211.1276146861558 466.6995896728377 0.07448606938123703
-4.58442922131476 256.60163702688163 14.7573465237344 284.0009131711491 0.07443852722644806
520.9580731742233 297.9615246869594 535.4405147395053 318.4161601056872 0.07434289157390594
51.96978426422403 322.2644354320139 57.19548771769118 329.498866786779 0.07434289157390594
455.27152490659097 280.8380781285717 479.11766261668106 309.54484486703683 0.07423970103263855
168.84419649733505 402.0253469854508 216.66948792927877 465.6008635937318 0.07421573996543884
20.95783625954904 386.7797576145506 66.03101422667525 447.9258657450256 0.07415439188480377
103.87849999113277 331.12414769475293 108.52020581017034 336.68430794199514 0.0740957111120224
57.2557997458307 343.9885346939588 63.9408125846288 351.8665552146391 0.07408908009529114
391.165525891565 308.09751990356244 400.444913889796 319.74552773362274 0.07407819479703903
37.70534587867998 303.52755424074394 43.69612461963447 311.3631157378477 0.07394976168870926
117.36820369443974 322.09497718045486 122.61645227345856 329.132403553573 0.07394465804100037
112.26359035209035 103.52690460220768 478.44345200650486 503.1138259541868 0.07394077628850937
82.23905764357417 349.5577908521057 91.77385206731971 361.30713813609805 0.07390279322862625
345.79468567553425 291.5663471888182 357.5738845313956 307.53087676741364 0.07388682663440704
811.8465040046145 361.36256471556675 828.4038567014069 387.32525474600544 0.07367592304944992
62.305353708745834 312.437976075073 66.75528887111406 317.92291574234577 0.07347393780946732
474.7734968411403 302.3498806039707 492.31972857644985 326.06656195159627 0.07344362139701843
395.7303107818714 146.28748706541873 447.00198616991264 211.6038891111711 0.07342302799224854
149.29355912073927 311.42428734328576 155.93871259411682 319.91568740372855 0.07339790463447571
376.01291914941805 340.78067419990674 388.37234680779835 355.1758020655358 0.07339424639940262
351.6592061420083 339.62437467890607 357.04731274710605 346.3685702353566 0.07339119166135788
82.40574031435503 336.2479491890547 87.41515286269035 342.1824687675086 0.07329437881708145
92.30956890597051 356.76407740415704 98.981778720469 364.98238643205207 0.07328131794929504
118.22513519394367 315.3309508740252 122.20015310554975 320.93030600628526 0.07326172292232513
955.3204530349461 292.5845851052687 992.6235870101892 340.10138836524817 0.07326007634401321
-9.92398229610429 310.13692459681783 27.37029868908782 368.73943727514313 0.07321686297655106
67.17241502977882 335.762853370851 72.46895095808418 342.1900475717567 0.07317988574504852
362.3126232764875 320.7663575889098 376.0535012197486 338.5632369120574 0.07317284494638443
-5.237121181872112 280.7689143522179 29.334814931704845 332.49492989657045 0.07314452528953552
461.86333528230006 260.7430635756647 506.85161504633453 322.01167205934246 0.0730772390961647
165.73671450883091 311.6961233923535 170.45202854145944 318.25977058302357 0.07301853597164154
91.8905389972862 263.18334016919505 116.73287811958366 292.0141170432246 0.0729990303516388
1035.5811536548963 202.43380374604263 1063.4406030857597 239.09055282661228 0.07290813326835632
459.97244819063206 314.19238808997926 472.34797688229645 331.6250479787418 0.07286352664232254
876.9366410872174 351.13797077599907 967.1724613640968 469.26702124529123 0.0727529302239418
744.342370021728 263.68683412476145 762.3746557637122 287.052000080726 0.07272260636091232
-9.371796137290916 294.3305296030418 19.230061556630467 338.21731932493975 0.0727057158946991
59.47292876615431 244.6743451735866 90.9271457715683 283.63051301161437 0.07267975807189941
823.492259649297 383.89903531651555 849.1066615439292 421.41414854265594 0.07257071137428284
782.2818131239703 370.9233645714706 820.3183860726772 426.1916178082955 0.07251164317131042
1022.0054135707992 194.89658988176149 1081.5978563427718 281.88588060832774 0.07248347997665405
545.5658588318761 315.5236790996117 657.8482810830969 466.7467836079202 0.07242565602064133
900.8421538018106 151.28574812148005 964.918819759486 244.72886741337945 0.07241980731487274
834.0973844115019 314.4635589896018 847.8942179441918 334.8265872284696 0.0724099650979042
108.55242074409853 305.6031906588971 113.21371003868103 312.2721607900345 0.07237174361944199
25.375920331964387 335.131512218255 37.65292175512413 351.61929924615237 0.07229052484035492
54.27580565978097 311.13346503359816 58.825053695224575 317.4899066012245 0.07227723300457001
6.964001335043442 272.61507050355254 18.940168447907226 289.0772028710052 0.0721895694732666
803.0553664819221 298.03442136748396 815.7414309147654 321.80104035482566 0.07216930389404297
1037.0442015439562 230.69123863822807 1042.0440338422761 238.27407249849514 0.07210483402013779
20.68101692472608 260.59656299561743 49.44096745436385 303.38505598258826 0.07210006564855576
368.4876593398503 363.22462259899766 373.07256528538556 367.7933939042508 0.07206601649522781
96.91827641319584 296.340689694257 102.23325405398191 303.55835603750023 0.07204615324735641
82.67830318515338 368.23083168417867 90.55783161922119 378.4431201712163 0.07199592888355255
960.3608282967032 234.37115286044636 999.3134450354239 291.52479213140316 0.07193271815776825
978.5192329054727 215.3934651281177 1002.9409631956694 256.7200510249303 0.07184960693120956
67.45709841121965 361.4874811110311 75.72740170373999 370.8744681455742 0.0717979297041893
81.82725928856054 291.6448696052033 86.85032429868576 297.9251943592042 0.07177747786045074
7.4507990928176095 309.86980289385315 12.559775332244113 317.7479822987753 0.07175538688898087
760.3154063180597 102.65595997105727 807.7981106310546 152.7009004379743 0.07166541367769241
1026.088587262997 653.0124052651748 1108.2344086368926 745.5912428081873 0.07165082544088364
961.6238373279373 297.5942200755982 968.825696151021 308.2950441877898 0.07157964259386063
83.99116612962712 309.5765636010473 115.72819906086083 353.63231114086153 0.07155703753232956
70.05268524930678 326.98277784859044 76.09707139422979 334.704124378438 0.07154501229524612
66.5172894602695 358.19040161273506 70.94137810801308 362.91151501120856 0.0715402215719223
51.561587684382644 317.9391993945446 55.835830174759366 324.04594241809843 0.07142931967973709
627.5177623977472 297.9488315192317 643.9687195807034 320.49731150528135 0.07140489667654037
677.3540673892926 295.0751733440877 694.1794842529117 317.91683820918394 0.07136905938386917
87.2017719291256 344.2729484999901 91.26311877078544 349.5627408368438 0.0713457465171814
469.24822660798907 190.12916441081077 508.3040698421233 241.8372398854875 0.07129482179880142
606.2011521428576 279.7590811110631 615.4014722850675 292.3775836070522 0.0712694451212883
943.4439475271123 293.0373350493129 1022.1130618261421 391.8517565144364 0.07122061401605606
7.639139626753403 297.38293477473576 12.983339711082584 305.1573285205855 0.07119549065828323
36.35647294228972 332.93965607722714 44.22732674199928 345.39236231062324 0.07119487226009369
254.89875736640226 275.688798902623 318.14583561198043 360.4600398365678 0.07112964987754822
817.0221474765607 399.300585850291 852.0852253009128 450.13374240605907 0.07105500251054764
221.67383435613428 398.4606246924361 245.3562673739267 438.7137011521777 0.07102495431900024
584.9817499570507 282.12572602419857 597.2929747181528 297.3898690054048 0.0709962546825409
338.5040949482107 353.1288334501194 347.7040730669457 364.3378462912952 0.07096309214830399
299.89359014114694 234.76961426412265 356.67070541747 315.8449937784871 0.07089615613222122
50.361215945505386 333.84868701606183 54.776850119530295 340.5678922669267 0.07087882608175278
62.04796500235952 307.2708527757167 67.40245023407232 313.9209669449793 0.07082068175077438
-2.259983969906855 329.2197525777653 7.0846680610381965 343.21727695906475 0.07079310715198517
98.16725361134044 338.09815368128903 103.41403598720667 345.3632743192638 0.07078181952238083
527.6906024167926 241.00554788460204 553.4788898743951 272.39890772119617 0.0706704705953598
464.8536088421898 406.9767064618668 500.5875548730807 457.1288607083692 0.07066627591848373
383.2347164546744 282.219320094598 395.33355651903696 297.79347529646486 0.07053761929273605
60.44786149646862 307.9499430831163 64.602474791463 313.0782737822577 0.07049636542797089
854.0737738949706 278.91094650930035 878.73326526423 315.2979277522682 0.07040181010961533
953.233782883002 327.3003998066701 962.9309095105349 341.54818880401785 0.07025718688964844
6.534738862019421 329.69904542972824 17.20464209729367 344.87821144665736 0.0702337771654129
350.99536927277063 312.0908921757138 361.51865803879315 327.78787031974775 0.07019854336977005
90.75594716246698 337.121464042118 96.52428091897568 344.0459255795234 0.07014896720647812
88.45141539448376 339.5608904462368 92.788897839427 344.6744121998053 0.07014383375644684
7.432294045064599 284.94224674578044 14.635278413263864 294.88013176698456 0.07011456042528152
397.7111195838522 294.79710365556076 407.90871731839206 307.76652529404754 0.07010263949632645
474.79285620046375 290.40141470069375 491.257251052678 311.273028011556 0.07006485760211945
19.496214080498152 329.2877562137618 27.12126078101076 340.0439684917107 0.07001999020576477
100.69486755571704 290.1664014451179 105.70435729323111 296.38886910854166 0.06999406218528748
86.47529634311665 294.2527909223459 91.49893157826934 300.84494489493875 0.06997258216142654
893.7276505911655 379.79723165369165 929.2672697311165 427.3312981977498 0.06991095840930939
36.151125241867845 341.3761354905748 42.64516502442371 349.7454392647909 0.06990199536085129
82.36094996061486 329.18040580198084 88.447008957304 337.1204750602938 0.06989988684654236
163.4866730026524 318.9791684533512 168.63050381629108 324.596661532615 0.06989830732345581
149.51993071147612 292.47965838029097 168.3372738489924 315.49963168775844 0.06986520439386368
374.21242720768436 264.72868521694073 382.17148465832537 276.3672835694164 0.06984134763479233
268.1230267157151 415.3789306865404 320.4773865152208 485.1477278945552 0.06968952715396881
55.10579175814782 264.68873687911685 75.7360976534093 292.38757737707823 0.06954789161682129
216.54386873026033 379.1410914824102 221.63511003595917 386.41167983089167 0.06951713562011719
364.48787433847747 340.763749203216 373.76556269912345 351.9643113535928 0.06947633624076843
328.91229892856535 20.35232780398276 407.51056294007674 108.9171435998278 0.06946326047182083
391.4479235872763 284.23902054765335 401.54912293932637 298.5513335688003 0.06940102577209473
558.259802405183 213.71714077995247 623.7479736614421 314.42255425224073 0.06931951642036438
47.46034087376241 319.2972252516763 52.24215243324967 325.5976843620118 0.06922503560781479
48.16106094240907 313.05846176087175 52.62672955490867 319.0787688369833 0.06915879249572754
189.01500611184497 289.94972969164957 214.3231579387015 324.0665978753533 0.06912468373775482
71.25614293508016 347.33684140879365 75.4205980587556 352.123245284006 0.06912130862474442
463.09446113665535 314.15594492436185 492.1953463082367 351.82903868679927 0.06910821050405502
494.4223181524489 340.80465050091493 520.511791706733 375.81690839375204 0.06907612085342407
794.1293402246572 236.0676218378067 806.4633440198978 253.89312845526706 0.06905978173017502
389.2841811721917 315.0131675309511 402.53336180095846 332.4927567420577 0.06900124996900558
159.04563708435623 533.5261033456459 166.8873550640836 542.3642481526583 0.06893841922283173
118.05607690508464 331.58593998919304 125.99515850002945 341.73254249516015 0.06892351806163788
462.9006235236781 156.75377888184343 491.90808344033854 195.7149941375016 0.06891292333602905
28.61616718514261 270.4827981181036 42.31517517160898 289.868620350386 0.06884367018938065
125.45710752172708 265.442051455095 152.56851341875128 294.28598752261155 0.06879889965057373
425.78182418750856 115.22321295538727 461.88478700122585 160.24692814120866 0.06872683763504028
373.38154986368784 258.00710320699096 410.99780603036083 303.70054876303203 0.06869357824325562
920.5462478004605 223.05273236975518 951.0136163920836 265.3422794912203 0.06864826381206512
362.4154389782192 94.34103437565575 426.60362973492505 169.30955798303447 0.0685773491859436
77.46996425757744 297.2985401584679 83.2290791632499 305.40577374384304 0.06852632761001587
40.096285875131976 353.3866254913004 49.10993473053869 363.9119366057536 0.0685260221362114
87.69844837655924 378.6076767297591 94.9999694891314 389.086401794495 0.06844007968902588
869.4605045554832 178.0082939899589 908.5197984975155 233.75439223360806 0.06839735060930252
493.5640255430819 52.424913138411455 515.9386036367894 79.04702922578802 0.06838826090097427
402.6345220195486 294.7712660806679 445.6606993041733 349.50417098190667 0.06832555681467056
357.82149445985937 333.77433361063476 366.2672865253801 344.05256863883204 0.06827013939619064
470.8637612129543 179.96383368135403 480.7084165828484 194.67242467735707 0.0682598426938057
102.20702526451883 298.48149704380546 107.53496649460543 305.93317273293735 0.06821662187576294
355.1741571970552 294.34510277418184 366.41487083739145 309.90676771302606 0.06816574186086655
818.9518349584915 258.8530682936485 826.980146037922 271.35694485607166 0.06816191226243973
133.47693578955247 329.1970951953188 142.4513340686283 339.71279011861304 0.06810282170772552
3.5515358266286707 289.09773922697593 8.668846912069409 296.77887661031156 0.06807335466146469
64.61743577271906 352.3089216379291 71.16428490519725 359.5885615237537 0.06802663952112198
408.5222039722436 295.9702298567721 415.83948207347817 304.6674387062572 0.06794708222150803
79.39028049209176 353.0809399518893 83.64501932723323 357.91871078900357 0.0679459348320961
144.2305562815166 264.4846296068145 156.01519464324662 276.4551805074205 0.06794548034667969
82.43079014893708 349.7610677836472 86.78413919522592 354.86184236070847 0.06791405379772186
422.493463811345 360.66589140496995 543.2907903461452 504.09770721879215 0.06788525730371475
914.1174078208716 349.5759353552611 957.789923414466 404.0659505133948 0.0678752213716507
677.1286216465621 129.8211630984997 755.6367239416245 241.36648075352085 0.06773581355810165
112.82752843305029 330.52292428606285 117.96869481470554 337.29818116189654 0.06771818548440933
93.72445952749628 360.85593758160456 100.68445470525607 369.77752397854596 0.06770451366901398
740.7195616369658 36.37933640600097 826.6679007273523 141.4915736131664 0.06766900420188904
132.37688162850804 313.95170993533554 136.36942215630322 319.3099571503857 0.0676247626543045
606.3527786696228 285.07875113751226 624.4867177940797 309.15150906954295 0.06758418679237366
364.280095663695 284.2332416393695 376.4729436502411 301.04813950062027 0.06757309287786484
206.7413874275188 303.4012789237635 244.71901259630135 357.7660841692974 0.0674576684832573
441.793365218283 291.4394793182833 453.61398485991583 307.5122097665428 0.06745095551013947
159.99719131992424 315.17731192956165 164.2518380670408 320.2678105729023 0.06741303950548172
948.6067038585383 307.2395895963564 956.6945121391974 318.6875959394743 0.06741143018007278
94.89710516880456 367.49660251290857 102.03375141282267 377.5027458507346 0.06736291199922562
550.3648785598956 206.34360839489452 582.8734977052977 248.63354164348056 0.06734990328550339
251.30901724101776 359.7792427224159 302.72553007446794 427.03111326337324 0.06732993572950363
120.3113145254392 309.0850466561136 125.12149853432396 316.56003401440114 0.06722555309534073
91.27457289832611 286.3055671236716 95.84155917138678 292.34836925118384 0.06721419095993042
901.5396293625628 353.3038974284482 917.5615233735814 372.1493265389394 0.06717381626367569
135.82317940953638 284.32840465481195 177.25231279146342 337.0520013189942 0.06708832830190659
774.9154870213076 349.9995929969678 798.2419809378426 388.80616726185775 0.06704524159431458
55.67905705297532 330.56303710497605 61.45672234093138 338.201529323395 0.06686411052942276
702.4440040091431 279.06178289169407 719.9172383148076 300.5215031629441 0.06681306660175323
6.513674252341171 324.8941110929824 12.204861222014573 332.81043468404374 0.06676144152879715
77.6544915439545 357.85535599188194 82.75741926710923 362.83060796685936 0.06675191223621368
786.7186323131618 223.7369378482136 800.6616726717933 241.83117965300158 0.06667071580886841
552.4772883478041 -2.306834805222086 565.2186113180663 11.073533694331667 0.06657162308692932
596.8561478133872 287.6907243386171 606.6178719510407 300.59622944278954 0.06647831201553345
361.6487730616966 220.487605337949 395.11599748720135 266.0489939080273 0.066470667719841
615.424935551957 299.39162056865956 626.4313010311424 315.702121877272 0.06645186245441437
684.7428506387671 368.7945883102694 726.3321451732052 431.8368760220338 0.06628014147281647
120.18035347582205 416.7616323829123 170.71557668650652 486.5627610888566 0.06624285876750946
92.37835525049766 330.7560360808089 98.25387322816435 338.18232026456434 0.06622984260320663
565.2722093107207 314.32650287968596 578.5184143344351 332.4457087980693 0.06616690009832382
831.1542315560279 332.37051690846585 845.1347329279262 349.7175627754238 0.06606759130954742
163.51684370462158 284.85608097352383 210.0225366135356 352.1516490320005 0.06601499021053314
1017.8015633027562 198.97781181374927 1044.0490001159087 239.78370891633938 0.06598088890314102
373.4337265499519 321.97633294921116 386.0262788593219 337.69141472325765 0.06587747484445572
29.87686610638038 283.30722468746006 36.813894653201544 292.22378170994466 0.06587186455726624
362.53329919048315 332.0269473559603 397.6076762705056 374.8139745650664 0.0657552108168602
999.1690862753316 254.5915262968986 1037.0589126623424 310.76703669347387 0.06571442633867264
83.56515767664447 356.9773400547657 88.39998074952645 362.51592441085137 0.06570997089147568
815.8078444426726 268.9934056316314 828.1890572932912 288.24764114701935 0.06561129540205002
351.75621743158655 285.0972251631505 396.23770916442953 343.4737752133704 0.06554071605205536
997.2494146977182 190.24225202336117 1020.5861573385608 225.28090124476088 0.06552470475435257
690.1971397048726 236.85974743262946 711.3861050324667 266.87003474894294 0.06550508737564087
741.5400937748432 317.6847253708137 762.1715325765286 350.1211136204985 0.06544303148984909
112.51896010893591 243.11912077354862 142.99197218066385 272.2463529652984 0.0654342845082283
-4.051677951971266 347.85146217072423 14.762068841547563 377.49787246072685 0.06543336063623428
52.70777272286039 291.0186555045828 61.19484460628676 304.41476298222915 0.06541452556848526
467.358021510395 313.4249530402175 481.48796231367396 331.83121034578267 0.0654091089963913
547.8188684303831 -12.574625223349136 600.5088812377326 44.24177251764703 0.06537363678216934
1038.8736623149352 217.28172993018393 1044.9545902112966 227.1114659202207 0.0653725117444992
470.7687866114852 291.281882638412 484.60143640816375 310.749143070102 0.06532472372055054
819.1428261120935 464.75719436400755 854.3346727263878 506.4622801998368 0.06529852747917175
371.9196105805728 274.4609983631358 382.98881539232667 289.174687031198 0.06528860330581665
100.1068997062538 349.0154575114235 105.59445342769922 355.86078901949026 0.06526276469230652
344.5380763072711 323.7267296312568 353.97035118452516 337.46363130160057 0.06520511955022812
966.193944466208 329.70062756466297 1016.9157098654487 389.74194758311626 0.0651790127158165
954.2455520509767 262.1842524490984 977.7445409766997 295.39200539956795 0.06497707217931747
142.3554445159701 277.53300726961663 167.971378301203 305.7808577306888 0.06485471874475479
730.4923216535824 365.24610916585993 774.7236267933779 435.4759512527749 0.06479238718748093
-92.21708823977326 452.1341871966041 205.17957955213112 816.8546271084772 0.06476612389087677
529.2546765483767 281.65096512701996 544.6020682750509 300.5085812360351 0.06469150632619858
680.5568253950198 308.78638688825686 696.5269651132077 330.83274065307484 0.06466618180274963
-0.9660282262607435 288.1368037008864 4.75748584270033 296.8610132704284 0.06462584435939789
988.1061709470317 241.95801696163093 1014.519415143163 281.83758858943054 0.06449967622756958
-14.127759121138858 384.2213378580996 38.74326564873583 464.3144987068303 0.06440730392932892
308.04641910689696 287.4811356634248 342.91900184787477 334.46032007937913 0.06436232477426529
-50.6596110047546 408.70118005180683 156.2905601162831 652.3999239421175 0.06418152898550034
810.4925129391545 240.68212165721283 821.1811399205798 256.2151149516524 0.06415952742099762
948.9690975785288 313.5990438223895 955.5564244255462 322.92516954792393 0.06408732384443283
553.4345136315292 311.23946282586917 565.737193367466 327.7432668444858 0.06404727697372437
610.5231968290219 311.59219450273844 616.2891027114699 319.8778836098442 0.06399267911911011
14.404069360426174 332.6891193149605 24.75209423374682 347.80475981768666 0.06396708637475967
112.45547068923881 299.8323076871138 117.78832982212532 308.0788857551643 0.06395124644041061
110.3896168422257 275.94079616846255 116.30674182682063 283.1535404740904 0.06393174082040787
-0.35687349016047615 323.668201222899 5.3726926072090775 332.56831605593044 0.0638657882809639
1060.8851300952078 195.38340165334984 1085.533060656503 229.3074711041779 0.06382718682289124
805.4464833943204 380.6668790334278 832.2773609744552 419.24454740020815 0.06382390856742859
974.3995016414683 285.8911756764254 1002.5328015476539 321.4220694249085 0.06382078677415848
23.780274277759446 281.2243852792382 30.4456537530229 289.58770340467106 0.06380684673786163
1031.9233944577759 157.37865845839988 1063.1974757143248 201.17413387515504 0.06379423290491104
-61.47177818229953 -35.23287636580962 146.22290770070308 212.97003627528497 0.06369804590940475
724.439479792418 339.79102588410365 746.0315325790209 372.0614630511754 0.06369451433420181
458.73495853791997 287.7497854090502 470.52597779521267 306.7797710975938 0.06366988271474838
171.7641779166922 270.52315021883976 198.3312207983513 304.0034637037985 0.0636674016714096
478.0867297353841 347.82011726121004 502.9202773254878 380.6491818880669 0.06364638358354568
545.5076865473867 60.47761161203089 560.6688187761864 75.5255126055087 0.06362956762313843
86.61298632465173 347.7721717490065 91.3709148469195 353.8311416528164 0.06360235810279846
847.8924132892549 421.7099127316267 894.188946076904 481.72835716963044 0.06358039379119873
157.39732836424548 309.32436833729355 161.55083298921534 314.891591220957 0.06356405466794968
354.772856085022 280.0366610391929 364.8814450699992 294.29281665342046 0.06352708488702774
1010.6298189854605 298.4326609348763 1094.5161147484198 412.276675351036 0.0634508728981018
507.54054233306596 357.3660518057873 528.5515375392528 387.3086457776743 0.06344260275363922
958.0875374317505 -63.07049644922691 1138.8923743049472 140.5866096093255 0.0633803978562355
349.437389428841 335.19788092633905 353.9339659228524 341.154420707086 0.06337060034275055
461.9866361060351 -11.183975746731555 511.77345389722694 41.86301201667174 0.06317205727100372
662.3115006855259 297.8677710922174 676.8632326451053 318.66669315867335 0.06316623836755753
368.29849739300715 306.6408445721689 381.549737956026 323.1820110276485 0.06314478069543839
524.1666425282917 326.25186578907335 550.0334631191851 361.7133517958677 0.06301555782556534
938.3667573425269 205.74093440561126 981.3566931575922 266.44211576764434 0.06292548775672913
100.95996459707104 342.4166341095858 106.92271485996447 349.9768719718721 0.06291335076093674
19.95363890094447 276.348567154299 30.21689267777879 289.88779794338143 0.06289201229810715
750.0069436766055 136.03081880175353 965.2451799497751 399.88839199482055 0.06289082765579224
471.16176780715153 283.8792705062399 481.3534813492686 298.297983055544 0.06287156045436859
589.3341093882334 319.514370130861 601.1891549243313 334.2993261475235 0.06281724572181702
429.4375716111772 218.72290776352477 455.0422605298177 252.786515042788 0.06280887871980667
14.832171993226885 281.75339074078113 22.28344291265672 291.1794259827486 0.06280273199081421
530.641563919797 288.6150325407168 615.4360816002974 411.16054074869 0.0627460777759552
878.9849021158157 373.42201664708887 901.5294881842921 405.7781463082543 0.06271795183420181
523.8541282025217 63.92384293131386 539.3365415817605 79.59982501025921 0.06270412355661392
60.45586235825833 293.87480703913945 68.50283380862592 305.3727420352138 0.06268664449453354
1058.8729936199259 167.3068540173865 1086.9656131379918 208.6664832814433 0.0626329779624939
951.6764778580938 294.1638818318832 960.4946808829358 307.26989991258205 0.06262466311454773
63.26495491417379 362.09945013132983 68.196575299993 367.8209956237055 0.06261835992336273
501.99343387110645 513.73996407694 620.7194910320823 658.0298017115485 0.06255732476711273
413.8426226029006 281.0284342797031 426.83115649721867 297.980972017424 0.06253275275230408
165.7723892846127 280.07171627157135 170.47837075544385 286.1083400122426 0.06252288073301315
1008.9638779008557 224.89430019041268 1033.594197142309 266.3123655424078 0.06250641494989395
360.9832507855835 251.18898171338157 396.9485902340815 295.3657818691212 0.062461476773023605
87.62075231211224 355.8841878588512 92.85290997580253 362.0776308592831 0.062409646809101105
29.44783446705542 223.20152996894413 58.331442500106306 266.6938075256129 0.06230864301323891
861.683138751766 212.53080296827088 887.3238256114878 249.24596419521234 0.062224775552749634
962.3402781161268 306.44460776000096 970.6279069795178 319.43076684813406 0.062154579907655716
496.7828863904496 262.04671917408734 516.7865343004048 287.3814469660477 0.06213993579149246
951.2719204539231 179.0028800181307 989.0348927025365 236.4925458737353 0.06210949271917343
78.03276084931443 290.31856307264974 84.75254802912151 298.46730902059386 0.06209632009267807
518.2750809143081 76.45437560733605 532.6414506651503 91.32768007769921 0.062066804617643356
232.42978407722285 357.3768580073564 259.5251631191007 399.5184191056584 0.062063440680503845
217.15381353650088 369.1161048936612 222.20486353047397 378.80764630150713 0.06206325441598892
37.82467634348494 294.0231752816255 44.25418653384228 302.789361998529 0.06203026697039604
1042.5219074314175 265.302218141321 1087.3669593459997 329.63407098412296 0.06197979673743248
864.5464266570418 167.5243018041431 898.847849274767 216.23217375461965 0.06192729249596596
100.64431602994875 374.89489721574444 108.78495448936181 384.58519572691694 0.061789751052856445
323.1415731459872 537.8577884686702 499.837143196946 731.567747835019 0.06171398609876633
306.2545902742797 320.0785603497616 354.577712487984 388.3515761275307 0.06171224266290665
1058.1485043683156 249.8565458579285 1084.5262705210694 286.8565135152546 0.061679258942604065
718.2219297836915 271.8843323938176 730.242591333512 287.42568455315126 0.06166302040219307
72.3425471322593 352.35444397070944 78.39869505322022 359.14564345597165 0.06164650619029999
618.3583118268326 271.2069103413187 631.0304825618381 289.32829029701503 0.06161924824118614
97.64199960926109 344.1332310987817 102.7549922762807 350.46510207292226 0.06159801036119461
946.3493555305298 315.1346074913227 972.1437812867144 349.12898458885127 0.061562418937683105
629.3569936733124 255.791966460113 640.1135597921406 273.2844560038496 0.06153734400868416
436.583237041052 327.8655546523769 452.94468154647416 350.6224956069538 0.06149131432175636
990.8184920746517 164.47933308914924 1014.1920727809008 196.02152807803446 0.06148383021354675
808.4046285983958 92.87650047373721 862.2948638088754 163.7111754224182 0.06146828830242157
961.3405977622992 112.8689929356581 1049.038940183926 235.07407844695012 0.06143108010292053
930.6200315976174 538.4192264306248 1146.810311604155 774.5568095520214 0.06141488999128342
588.692045258637 290.68412469190446 599.1871524500921 305.90446268891066 0.06136489659547806
381.24495499499756 265.4445543577002 392.64052519769064 279.9966042877151 0.06136239320039749
942.9158975213273 352.9143948794231 1009.703068976743 434.7533054314608 0.06128665432333946
271.2858216977666 327.9284054153266 360.36857416367155 442.8071814133521 0.0611710324883461
104.48345248321017 340.74481141271457 111.9543427507282 350.4699397901574 0.0610794797539711
533.8851392855684 40.63173550769299 550.5867514793076 58.80421059266988 0.0610642209649086
196.8828001688 271.6658114018849 239.61640907482288 332.8511946828258 0.061038583517074585
970.0799532817451 320.8931136996729 990.4938988367329 345.8563929716279 0.06075116991996765
400.10140505208426 301.7742705378593 412.0558305944257 315.45066831535996 0.06066243723034859
1026.1834849443796 249.42395399124504 1031.452055858779 257.35467064615216 0.06061233952641487
614.3513870564673 489.5348514645343 730.3358580479445 628.8919465701182 0.060606881976127625
556.5315055884198 285.9503396744836 569.9718352543001 303.4876626876681 0.0605744868516922
340.2880041454621 331.60894697856014 347.51716798170975 341.5002828516315 0.06050349771976471
912.5517014923896 333.02511324959283 935.3773399251597 360.5575292267547 0.06042518466711044
935.6754768217083 376.1666001618239 982.3399289172032 440.4078387666897 0.06042413413524628
400.6041461435853 237.75727702553556 420.24026518995885 262.4432928234898 0.060235489159822464
484.0513909417978 279.5118070967631 497.909734915514 297.2934535208638 0.060123689472675323
929.8891802693082 146.55665218186803 963.9652623356931 190.69492891292876 0.0600774846971035
459.9724377183402 185.73651379272422 481.60150076675234 216.56440561352375 0.06007369980216026
417.6899609979884 171.8821896713141 462.8093654197039 231.3851803640969 0.06001559644937515
1031.124048332933 122.05207415595474 1091.5733517990682 218.5380245689527 0.05999688431620598
163.92396620514782 540.6518592381804 335.67078331717494 736.6944041791912 0.05999679118394852
165.7159739581354 214.797324939939 214.33514656838193 282.48929257218 0.059984222054481506
963.8441457213547 329.04529565506266 973.6678536208282 343.0901426376503 0.059964071959257126
7.319898059501166 330.61945832772784 11.462058192577617 336.4323236486998 0.05990542843937874
83.07822085589716 225.5512483506131 126.94511155231649 280.8376529447293 0.05986537039279938
484.91117107575366 247.2746379627173 506.6844658663498 274.94357001018756 0.05976298823952675
57.954708601582645 299.3245636221493 64.30511243975884 309.397116299223 0.05969507247209549
1004.6177343347687 308.0307267551494 1043.333959548929 359.8083728672864 0.0595887191593647
34.42775507280925 283.53863393201925 43.47786883419768 296.300375677675 0.05957730486989021
642.0690891226596 253.27061749775953 660.2521535797764 274.6284746337159 0.059544309973716736
692.0412530621795 282.2323251891705 709.3720270787093 304.08468734632294 0.05944692716002464
12.595530849149347 367.7807481031389 38.44051702234773 405.28496787255153 0.05941985175013542
559.0903784271239 44.93885224563673 574.8411443434453 61.36232437500916 0.05937645584344864
558.5716011468492 305.42067418960886 565.6206020275353 315.4640795108141 0.059295788407325745
320.77188487352555 200.03654121381075 350.1503339733404 248.04329067196002 0.05927900969982147
552.8271976767754 237.21577152950744 573.9091571585212 265.759995107215 0.05925871804356575
983.5326940506578 261.0815735999798 1012.3561354874381 304.2412426501113 0.059207554906606674
508.376379066946 340.36859104446194 521.4100401539274 356.90173439039705 0.05918765068054199
212.9821842027204 214.68977700657695 275.11146726080216 297.5573213484666 0.05909468233585358
1029.0839443527013 -25.803748124677284 1096.2606070956635 50.89210178198986 0.058811914175748825
434.9907422748548 274.4902475106747 526.4458234778793 391.8962249343072 0.05872667580842972
345.5122269345421 214.0468311919699 369.1190296804307 250.70277574208524 0.05870698764920235
351.22522277042356 265.4531414222495 363.9884021522734 285.2966679579737 0.05841155722737312
380.5991836342501 321.03873149866604 395.24938030755186 339.80495781049285 0.058410611003637314
15.16942347248801 255.1277435022152 28.758935561829034 274.69859382289974 0.05840759351849556
498.0771348674501 -6.869447222011206 529.3357328633764 26.607569922223014 0.05829445645213127
592.4354691714685 266.57572332823594 602.4025483424737 279.4997863080153 0.05827443674206734
397.20542210514265 282.7365030978014 405.4599829593604 293.85528296947194 0.058266617357730865
345.1794862476242 276.3384332663641 354.9988982934753 291.7438917413344 0.05824825540184975
944.6941417299186 298.97683048688185 953.140985052598 311.0398776925084 0.05810613930225372
952.3122188852633 318.34278863212046 960.6434797875503 330.52144585259765 0.058105725795030594
412.5509350121703 231.33649800750635 433.9236056129872 259.05628602416056 0.057975903153419495
468.25173753481573 375.63788231196094 500.4864320397533 418.9092059395007 0.05774188041687012
1039.005145171624 243.94017807656596 1063.3765952440244 276.89059856023357 0.057555243372917175
145.4381477499178 241.47761534008623 185.23404072382115 292.08514711164406 0.057523954659700394
659.0624512856008 270.19206042237494 674.6017265443289 289.93077024090246 0.0574716255068779
583.8959253332148 258.17737130418107 598.3346975322435 277.2655858833297 0.057379357516765594
218.3300189535066 373.91051668106735 236.42679617701808 405.2595944357238 0.057242896407842636
461.07598927732045 327.2935319485012 477.8302533002331 350.38122228933616 0.05722087249159813
1027.525537414696 312.6347765499976 1033.8235075838304 320.73433623358983 0.05716649070382118
585.2129293941982 250.0444908797299 595.330634933646 262.6358898985142 0.05702763795852661
967.1690114793303 288.42468505452285 976.1484517527651 302.09034687214603 0.05695589259266853
102.7162922111895 353.77850972844703 110.80620109178686 363.7862985573511 0.05691390112042427
999.2930093220805 -38.247364610863805 1102.0039582987022 84.54837898767086 0.05689346045255661
970.5038875383526 305.2604855767049 979.2826721484424 317.05488063125574 0.056735847145318985
108.48676616259988 295.7881429090476 114.15371539325692 303.73834449845066 0.05650385841727257
480.0785370615697 267.9373479193212 490.5552468139579 280.90716397866896 0.05646660178899765
452.9294082920236 269.744132743638 470.6053767228516 291.45627743227453 0.05637211725115776
292.46986752284323 440.3002934894229 393.9305673267301 561.7563768970133 0.056361373513936996
593.3105202830773 277.20446679957695 603.5474181853584 289.96220997551796 0.05631689354777336
436.8315600863565 302.383781468754 447.8252823012581 315.38889044137244 0.05605771020054817
632.4554422194169 319.9114538237304 652.1522161946157 341.45137592450254 0.05542220547795296
773.6752710578887 236.6843985756029 785.3977043190653 251.7972216962211 0.05524240806698799
36.499438402498846 268.9630531188264 44.988147496001574 281.7578814771313 0.05521059036254883
29.07864843948154 275.3404547991938 36.022379277002884 284.69752430881823 0.05517546832561493
948.1251412466981 119.00484099669139 1004.3544002775105 192.2764212644481 0.05512448027729988
1026.542139914307 257.4866073477437 1035.0833121077935 271.21890672235764 0.055094461888074875
634.7535873143297 270.81058411657176 653.0864228995343 291.91763811290986 0.05500468984246254
848.4267891709802 186.6048548958687 872.3922840373045 223.374864040926 0.054950881749391556
596.8508118004894 237.22928510096094 619.0005797439418 267.86089417224696 0.054879315197467804
711.0139340567383 260.4967276163785 724.5758736611576 278.3404893574166 0.05480743572115898
983.9296754861766 313.5025647490139 992.3139535967665 324.38722344010296 0.05479222163558006
373.25422063549314 168.50080085479067 415.50444747873905 228.50613153035405 0.05458470433950424
435.74122568033505 349.2697607383701 447.5933931966611 364.8322667921205 0.05387973040342331
964.6254448144114 375.54916258518466 976.8249939870115 391.26292420157927 0.05343832075595856
754.5694551506014 174.11613203199 781.4418828768084 208.66269178083184 0.0525083988904953
