848.6528280811027 403.9289089472309 860.7123546560434 418.86758438661633 0.9981687068939209
243.12775256351122 388.82352760915825 256.6652744636002 411.2942473424236 0.995873749256134
400.0295415459323 418.2435384960511 412.71093922973864 444.3265665894237 0.9895248413085938
812.6550843546978 410.0292020775591 824.4717665254927 425.1549948748995 0.9884787201881409
445.2110334357022 413.34531725351565 455.8313878750945 426.61112098681946 0.9848143458366394
660.9736340390955 401.19352842196935 670.4217729867694 414.3772879164097 0.8688087463378906
534.5939130431617 418.9762489376641 542.3159844679507 430.10741607864765 0.5735830664634705
90.19319213684878 360.51553758371864 108.93572389625612 386.39725106065 0.44303223490715027
576.8107369073517 413.0904118316159 582.4534451602575 421.2334136553836 0.4418773055076599
690.2474167634048 398.30739044978037 699.9815905880644 410.5137669415323 0.43509554862976074
565.7177350479806 416.0777758969829 572.2344703010334 424.91324611981753 0.36464202404022217
499.8211773388412 422.9463668760411 510.43181750637854 436.5472101401391 0.3385004997253418
500.8910070163955 419.6018866987872 506.99160203418177 427.125984502056 0.308406263589859
476.36175852194253 408.6908812035011 488.7308638557987 424.38309644857134 0.23733581602573395
974.4160913174379 293.624873242656 1039.8926680840993 371.7117277324127 0.23537728190422058
380.5219969428366 438.12066148028447 391.102033858445 453.9021830133713 0.23443332314491272
487.3591060814818 414.21322177702916 494.67469146282264 423.67971616194575 0.22884099185466766
554.6718360751555 415.08933398566836 561.6816884005269 424.607330222329 0.22406430542469025
668.2405705417065 409.40801484117594 679.10060335257 422.76585218645937 0.21092841029167175
544.9714747339601 419.00200358766926 552.3379157333436 429.2427187607169 0.194548100233078
512.8022766569666 414.7322247576328 518.9500969139899 423.50923173423166 0.18863001465797424
528.1674353876144 407.22465461343523 537.7614817874206 421.1163067908498 0.18160757422447205
467.33625425406944 414.7688955959437 475.89141455351216 427.0397165981001 0.1720910519361496
498.03308114603965 405.29760458418775 508.4927630442977 418.6655667237686 0.1633550226688385
810.7971671768736 423.081857160005 823.4767790162024 440.36224925000977 0.16084878146648407
512.0223300616842 425.43895178007165 519.5984710145765 436.02997209498733 0.15418310463428497
228.10884770639737 392.2564452665766 238.48113071316897 412.0582853023474 0.14398357272148132
1003.0383512535317 362.92545428670957 1011.9738192681325 374.3093521766854 0.1388912945985794
748.8714717928276 412.55306766948553 760.1594015200444 430.64263515637435 0.13872382044792175
845.302894991863 424.23370108459767 857.228873564075 439.2887934312403 0.1383887529373169
513.9394878811305 441.00328141579206 523.9160187650338 454.9706505583378 0.13327941298484802
681.6294876559083 392.0616685666095 689.8045904081758 403.32593136533734 0.13112324476242065
1008.9284123037668 326.1792680355946 1013.8983859652351 332.7566036305361 0.1289476752281189
506.7006104071613 415.6440094126644 515.6162140054292 427.1312527359004 0.12612831592559814
470.8626558984053 429.72828949454794 479.8888980165436 442.3021826483906 0.1251976639032364
589.4904744293012 391.99358695828863 596.823934135408 402.5623112575084 0.12451644986867905
554.4984561803625 422.900028154063 561.5402992618274 432.4349572947563 0.12356875836849213
812.2700086474226 281.29422959388154 880.2053027078456 359.81170214085205 0.1233721673488617
670.4795980287079 368.13498012753075 689.230699724488 394.75038125247943 0.12298239767551422
1029.6328252284861 324.8358430543942 1045.9358378253041 342.61560704217203 0.11981615424156189
581.5771095191824 413.4183671404456 588.3184958334276 422.43086114445254 0.11871065944433212
686.9972488754926 409.3721905357971 698.3028761517721 423.4821689326929 0.11714930087327957
515.4677507604977 432.8262766581319 525.65013159788 446.1501301089295 0.11650890111923218
518.2844524551189 426.5285223239042 527.1310898955569 438.308901342428 0.11624590307474136
518.1386361641678 410.74750092013875 528.0725075098409 423.51615134016583 0.11616989970207214
486.15546902360137 420.6914205592227 498.9126836241423 436.5189629636782 0.11609203368425369
692.984866339871 412.68942635083056 705.0013116710686 427.28791917661624 0.11549203097820282
601.9602801712322 418.879110474895 609.3479060740162 429.19857192676136 0.11507423967123032
699.4076796733129 407.0561743288597 709.6921967351784 421.6286939270372 0.1143893152475357
493.08939463191984 421.25788854047744 501.8532593706847 432.90915980247314 0.11405308544635773
570.5607563271171 412.1619856490249 576.4122119978484 420.27725728591923 0.11404082179069519
563.6724613360076 408.1891008404558 569.9720026458649 416.334203971542 0.11403019726276398
494.2208691905656 432.27845971639334 503.26712393852137 444.5363594746934 0.11365751922130585
111.53391741156123 342.42332606359287 119.32756358084453 351.85081601575956 0.11344126611948013
536.6766976834163 407.7892224013684 546.7644284246838 421.1014878300533 0.11197062581777573
572.053895882823 419.5045230599735 579.089271464595 429.06843032621634 0.11165688931941986
517.3685125370891 418.2190376218054 525.7899970804611 429.62305508731697 0.1113852709531784
90.05193391067864 357.6948467751239 101.78152020121327 373.4717804671662 0.11120007187128067
1035.117588711324 360.3973163660297 1045.6785221128453 372.2603855474024 0.11029001325368881
456.9538363013457 418.3024760419333 465.4348598673578 429.217991419148 0.10980414599180222
478.53226953255955 429.20570561367197 489.4151380397321 443.1644533806767 0.10933536291122437
266.84445068987833 350.71055879273393 295.319638304719 397.80421258189546 0.10893063247203827
524.7086717935937 419.92589210162527 534.4136360039714 432.8763367968125 0.1087992787361145
590.0574370311681 416.63709189054896 597.8312623148923 427.65995423866 0.10875345766544342
526.0257787227973 432.44440562887604 534.5891452532125 443.6028782231604 0.10849045217037201
560.1589496961803 415.6282186293634 566.2721567675276 424.0079959044076 0.10669735074043274
560.2627328376584 429.404064882983 567.6566097173348 439.79006170212443 0.10594157874584198
824.6750156089574 411.42542117748354 835.5226141812757 426.8060940506752 0.10572568327188492
542.535283107402 427.07588901448435 555.2302467955363 443.13898016148306 0.10555443912744522
501.39714187502494 436.5291312908481 513.6100296417083 452.19413578352794 0.10545143485069275
292.4321147522582 520.6224468045406 306.13903166100425 539.2965307229085 0.10534317046403885
546.1950176972807 404.49476688341053 556.2352125990456 417.60347365323855 0.10526087135076523
775.8584317782361 379.37061921670914 793.830841877181 406.0567635203915 0.10499055683612823
1019.1921263678868 333.8854906716379 1031.193712000753 348.697154731412 0.10480904579162598
472.45039461514426 438.9380043554836 483.1185749961887 454.9599498118418 0.10417543351650238
755.7903414426205 418.9222998839356 771.9027889374064 438.71420266516634 0.10391364246606827
487.1269108066661 436.0797998186835 497.9537791060267 450.3405511563644 0.10358043015003204
528.5169824302404 442.29784874297917 538.7086249336371 456.0531671914319 0.10343094170093536
480.0408200002079 420.6922106989559 487.8789277231861 430.5368523332772 0.10316374897956848
569.8190763880051 430.8898348187599 577.6747260625696 441.6890107028358 0.10313917696475983
535.8596020558557 394.82359754921407 548.071471766802 410.16390996004765 0.10303185880184174
671.5837782493065 396.0281783597683 682.4635731957396 410.99364836356875 0.10295042395591736
551.6931584186427 431.08537941554016 561.5146716766993 444.0027629884157 0.10258320719003677
784.1925995969511 400.2242152861677 793.9530531846956 417.10461855421937 0.10253183543682098
1020.6006384284814 361.536821830194 1033.9848951035858 376.6820154725656 0.1023276299238205
586.3416555838232 412.17947768518195 593.3324574134293 422.1526366554203 0.10207214951515198
1009.263177782404 341.71849232333255 1018.4600784605069 353.75804066388827 0.10196341574192047
998.2863092865582 329.62038546146675 1010.6534573542285 345.0624801633171 0.10194935649633408
675.3862819038384 387.2903281122622 684.0664171846219 398.71793786963667 0.10171590000391006
511.25210387359135 398.6147564586897 525.2427287959398 415.520998209616 0.1016494557261467
473.09748726802013 420.54471486242784 479.79825782051955 429.33459518307177 0.10149423778057098
525.2808269148563 434.031851848963 537.073343007725 449.2056991852253 0.10127373039722443
590.117039010018 427.82471404896813 600.7112031600712 441.7341828478772 0.10108910501003265
535.805895381274 429.9439453866194 546.6541398269974 444.1273386185528 0.10067736357450485
567.7254431902929 401.85658433833976 573.8259006070725 409.9493425208986 0.10058848559856415
606.5399632283306 413.54362748518514 614.835526713764 424.0743271130985 0.10044782608747482
679.6319927093426 402.34704807655635 690.2602386286917 416.5296095577374 0.1001783013343811
578.4492160182356 432.82455822467915 586.639898542105 443.87102417773303 0.0998101755976677
560.3645708676411 422.29391679741076 566.9482203945203 431.0957805050909 0.09977135807275772
1023.322571709276 343.2732328804447 1036.6083856622556 357.9751242423667 0.09951254725456238
578.07055564415 422.54024185326915 585.2384772576982 432.2700313539241 0.09946683794260025
550.0157323215477 411.470215486086 556.0089165052628 419.63674549856376 0.09941329807043076
564.292419970511 425.06269712177175 570.730259783845 434.0453529472847 0.09919745475053787
574.0066988048949 403.46002518259996 580.8571628444258 412.6833692996037 0.099131278693676
501.68640506315575 402.04605655093695 507.1971529593732 408.70826832751516 0.09888418763875961
578.8450697558771 398.87451967713065 589.3134291556557 412.53969583538156 0.09884347021579742
590.9470765536287 403.9525366080781 598.0441232323635 413.96220092997504 0.09867279976606369
596.5899239160311 405.7626658814965 602.516731836907 413.3681475401409 0.09858681261539459
1010.583735393162 329.86968949054847 1019.3834391294808 341.30087020855524 0.09851129353046417
552.8103572216008 438.9892471212512 567.9020368420528 459.3260640627842 0.09850647300481796
488.25429410503455 401.3988875957611 500.3276168591866 416.2279101643043 0.09849803894758224
217.8552833430743 592.7805243902936 265.24497325032945 656.675931432524 0.09849169850349426
568.2069066769293 423.75766850730037 574.8214551594314 432.11723210963845 0.0984225794672966
566.1939133294895 435.1934169664198 573.0923873396226 444.8577242901078 0.0977872908115387
559.3847337216539 404.2472310930213 565.3639177042578 412.1661475949497 0.09776842594146729
595.9400563506399 415.21176072769714 602.9501307103332 425.3214443125702 0.09752655029296875
753.5373904461932 386.4746091142225 760.9469312524086 397.69645563071595 0.09752397984266281
486.3254976052185 411.9642332860892 500.6803331712968 428.9425991264475 0.09734061360359192
493.16092428913635 412.66247787902495 500.63306520279605 421.98507542533775 0.09698272496461868
1015.8927669354871 352.5827403480216 1026.9321959972376 365.0374095086172 0.0968792587518692
585.8675739224357 420.85295389748535 595.5058081209336 434.2926844478982 0.09687229245901108
554.4053344803652 390.99692298695646 571.196902421593 413.19229722965747 0.09677162021398544
604.9796657524041 407.8991820995574 610.9878324701526 415.19202971632615 0.09670135378837585
596.0715841649676 392.29496239447656 605.4808178643558 405.2517557863168 0.0966625064611435
570.4617532405632 440.94983929696656 582.4675194742468 457.100354938718 0.09631970524787903
700.7846752832814 397.7533890101857 709.2105069466569 409.5749796063292 0.09624669700860977
653.738677808614 415.9816562580839 662.187046201658 427.97609395868494 0.09616527706384659
60.957523141953764 412.0780604457435 76.88008745371714 433.199576074547 0.09614194184541702
687.4010257839175 388.8561488904345 695.3474991620817 398.1562722987424 0.0960971862077713
630.3989597028133 300.051347727958 656.7463674174129 334.8605125164415 0.09603138267993927
222.50645788586968 541.4728612406356 272.2733542317307 599.099198254054 0.095864437520504
527.3747474116125 387.52212143793565 540.6959613422466 403.76337434077544 0.09576225280761719
598.6429774668297 406.3253258439061 606.7027468338903 416.9699582183989 0.09553885459899902
997.4865239955936 327.1736762327508 1002.0397951643242 332.44349632564985 0.09540519118309021
555.3930196312865 409.3589358022145 560.4845667910721 416.11649131395734 0.09534494578838348
461.76072438522374 425.8585667009863 471.66589096683055 439.56030663712625 0.0952853187918663
552.8831509193448 404.874942529202 559.2301266672964 413.0920558795527 0.09521761536598206
104.83562708870157 357.99620732122736 121.88787327030857 379.9378253562492 0.09513933211565018
661.336403876461 385.7605489693621 707.4341827236515 445.3757358945611 0.09513653069734573
534.1291757066207 457.6921187760486 544.7786164927418 471.3249232914728 0.09506724029779434
478.565366361246 430.146664373167 500.51619553279664 458.53676633533576 0.09498041123151779
570.6527717896823 407.05817043035063 578.418764337577 417.31135421124276 0.09481951594352722
1011.6148461839094 362.989873399255 1021.998471640124 375.41984679829784 0.09473775327205658
592.2638971188605 377.31060021419074 601.7981894897464 389.11356209272674 0.09472883492708206
770.7088372181942 403.90936038895273 790.5179709601476 430.23797942223746 0.09470492601394653
803.5336151492702 411.889641828098 813.8997919375622 426.4373876786367 0.09464108198881149
796.8575101002126 369.1864200213515 833.3197432349921 421.80734321554826 0.09453127533197403
470.3044300683232 427.384827338684 482.8706511816781 444.9129879207317 0.09439548850059509
1001.3120654177129 343.7502563034473 1011.6207255012247 356.0475641025328 0.09430500119924545
985.1272462659182 341.8808185552007 997.7886857892648 358.799486050981 0.0941561684012413
268.1101164556981 594.8765643318834 312.69805946735977 653.4955578912844 0.09413623809814453
730.6922494883138 406.1421651833654 747.5837354670367 429.57887149311864 0.09405476599931717
758.1301732106671 380.8772131279629 768.1884475722799 395.9004511774924 0.09385491162538528
591.753970178777 397.1522892490982 612.8208461471274 425.36375973807515 0.09383280575275421
1032.5384672631717 345.71415991612383 1047.3612753318448 361.26528136296315 0.0937090665102005
492.0281834866302 393.3579940174217 505.3065010949512 408.8049932854043 0.0934394896030426
456.8594594463716 410.2330108351098 467.3185160292048 423.52587447309196 0.09324998408555984
614.5870474165748 411.17264249552943 621.9135589034964 420.8641842790278 0.09302379935979843
588.649947282977 408.4512516299816 593.8545105380942 416.16184912541627 0.09293891489505768
626.5658932711596 429.70729715424375 634.7896467447177 440.0845804613255 0.09291760623455048
582.204024431045 427.2889217538626 588.16434640279 435.86082339828715 0.09235179424285889
610.0991569016173 423.8441640630206 620.7990605885695 438.1128267792392 0.09225306659936905
474.3676249632288 395.77832041231403 487.79932465079196 411.6179919492442 0.09211397916078568
675.7324764620878 415.42228454709317 688.047772008728 430.51929243623766 0.09195280075073242
642.7945955206017 423.38896413103214 658.1212699879783 442.73878386101745 0.09192720800638199
271.7465566195733 539.1083706743358 304.70111053601556 579.214664644826 0.09191849082708359
518.8561143243061 454.3684921785466 530.9112098924508 471.36276656030907 0.09181034564971924
499.0199820315204 379.679255579961 520.678939843349 403.5857640441462 0.09178442507982254
661.8344254774652 423.35937510330257 672.6006392550016 438.2441144377036 0.09160545468330383
609.036234241366 433.45080652892636 644.914266025233 478.7939367301608 0.09159449487924576
601.2788910417238 428.45154047236167 609.761260234718 439.75419240290694 0.09157823026180267
620.7044587511892 416.48546230917714 626.1130980693337 424.0781981822573 0.09130110591650009
660.6220191777892 412.5643490362141 670.4197418751439 425.3315941275505 0.09123542904853821
1061.828106485841 368.5255748603008 1073.9105881165078 381.26280572433376 0.09119810909032822
991.4629186631336 367.81811205733743 1002.7716280727944 381.66426426983764 0.09106241166591644
581.9784488960086 437.3302078951661 591.5611851530476 449.98368022997556 0.09104201942682266
500.7142776206532 448.8550344629167 514.5722082192802 466.59440855289796 0.09070160984992981
624.9169137224267 422.6254650154687 633.9541295601653 433.79102500982805 0.09049579501152039
620.3033417335339 426.47755150790954 627.4926830517604 436.0000888650942 0.09035880118608475
1008.3326583837548 362.5424706462996 1016.0758327051743 372.4748858139096 0.09028500318527222
758.9028030098558 393.56123729374394 764.9589982027742 402.14513782920477 0.09025826305150986
624.195765292652 412.55369607682104 631.2414969154249 421.2630315274136 0.09008509665727615
748.3211439206542 391.8058047658589 765.0690854189309 416.0676454435686 0.08988944441080093
543.2478230172355 441.68185833818643 553.2810232470188 455.3519904024101 0.08978135138750076
999.8098639604322 374.8252690551301 1018.5991548775157 395.660675220099 0.08972237259149551
287.18170483299326 625.874978285806 332.76072565984987 682.2343605583459 0.0895753726363182
688.4353180342292 377.3473930586486 703.5830701199932 395.5246607238255 0.08950269967317581
546.002256400067 384.3902963294248 562.7484050739162 404.6602194701753 0.08946888148784637
464.6001995814433 402.0840427950147 475.9170779343214 416.9845871625581 0.08946581184864044
1044.7448349392746 353.0725695722112 1061.7485325527962 371.2539962667625 0.08943735808134079
593.0570159157214 412.7601126648411 598.6337860334719 420.8308286072809 0.08936569094657898
1025.9887889592906 328.23577662481557 1033.1771753102719 336.591590932112 0.08934275060892105
593.2193867935326 378.018327536388 608.7694594994375 397.39246706689573 0.08929354697465897
640.6545456761654 407.326968445059 646.0396945651513 414.6702825869059 0.08924584835767746
653.7501357178141 405.355768038011 662.6533876717782 418.3444191266848 0.0892203077673912
664.7216883083918 389.2784853549624 674.7722581716914 402.63904320914816 0.0891963541507721
741.6558127795629 436.3473840190582 760.3260835621174 464.02515195063586 0.08917354792356491
1042.1417908248948 313.76543685193894 1068.3576942621044 345.78387690159184 0.0890461876988411
450.41262450828606 423.308276246703 461.8718328197759 438.79105944282946 0.08897700160741806
566.2549091458288 458.0373387561517 578.4040294201732 473.81184970195807 0.08896816521883011
693.0840002124221 421.7675769995491 706.0486395139125 440.10342294899135 0.0889558494091034
652.2711755631998 398.9945000235942 661.4949664181354 411.88624951670903 0.08891191333532333
566.855813814055 391.7059984826188 576.7810368527205 404.84019856749705 0.08886703103780746
482.9409588286359 446.10268459816234 496.02524474302237 464.2786667685203 0.08885699510574341
691.3634731671008 367.29348252835274 726.5383822487842 411.5041349719157 0.08884302526712418
641.5931289668094 412.52802918489493 652.6401719339758 427.3458036584881 0.08875324577093124
606.8896180671414 442.54991671071804 614.4803243142641 452.1639168007938 0.08868154883384705
733.2459913589809 369.0123425012208 761.8594189023138 409.55993031045307 0.08830401301383972
524.0860349271577 460.0054207425986 562.583527661642 509.60762322762605 0.08816991746425629
1013.8254270082416 319.804688520567 1028.575618447961 337.2598008744064 0.08810750395059586
435.03614937296754 410.6293622330825 446.6343327140088 427.6698714240491 0.08786845207214355
580.8809599124569 367.38063015940963 604.361206137087 395.1353565961473 0.08780763298273087
657.4445121493961 374.3269940053762 674.813037933491 397.2799768122496 0.08772171288728714
509.76201965518436 451.5762127547711 520.8681883608117 467.57238190565687 0.08766032010316849
504.17707403550924 394.8781675930183 514.2353172822502 407.39589695080656 0.08761772513389587
563.3194789081826 402.47547674964017 568.1401428292168 408.40178051193874 0.087550088763237
574.744687937509 391.2201609876101 584.0233571851277 404.1001454238022 0.08753342181444168
522.2478968389107 443.73472701926175 528.807356453546 453.71137865988294 0.08750878274440765
767.299123493658 388.88652805753406 776.9012343015681 403.2724193410263 0.08745279163122177
817.5283297040152 302.62658164815764 837.3479342204092 327.08267434298415 0.08743442595005035
611.1805080310874 398.14045261651813 623.3835236801679 413.51992723574523 0.0874299630522728
688.1796090239591 293.1947545654396 699.289694952872 305.92920178959696 0.08730986714363098
115.481703955685 366.9587003848032 135.62844424471902 395.70141709740676 0.08729949593544006
535.7013560299979 444.68218869549224 544.0426076439908 455.94698211357957 0.0872572585940361
1001.4059164328261 326.044476990711 1006.2039573089069 331.9908094078773 0.08723311126232147
583.4560804241465 394.32389843768294 590.3163675193157 404.41385265515675 0.0871526300907135
1006.0573591678607 314.0799761841035 1017.5290529958129 328.62351810810884 0.08711400628089905
652.3541755477759 435.8848801154188 663.0391538082857 451.0541728952733 0.0870959609746933
621.6883044027354 434.93282501586134 628.7935638661627 444.0771932157623 0.08699243515729904
511.84041674994126 395.8994401292843 548.3495509590532 444.43130278838186 0.0869135931134224
770.1087312475446 361.68829009555947 800.3753775244254 404.5443608736515 0.08682383596897125
463.11984976736176 332.3640544028954 480.7688791040105 355.1124995052383 0.08682268857955933
717.9335689911684 430.92978575440975 739.551079105503 458.4221836320581 0.08673759549856186
182.56446390184888 20.925427160168873 268.41731353735184 119.91304109974648 0.08654841780662537
561.7283503280488 440.92756505907937 570.5077187455762 453.23715853454803 0.08652625232934952
67.18129034060641 395.5258439090747 75.43841470374355 406.71685885921687 0.08639688044786453
205.26802279539 555.8627451505155 240.22774907022023 597.5778024029382 0.08628752827644348
465.82196661337764 371.1263566020942 482.6824109706969 391.6732896466012 0.08614256232976913
387.6503391516601 428.6952318015272 397.21756776941913 445.1255032188809 0.08604231476783752
642.7002515353996 396.19094776451396 683.5877695384157 451.6336918966371 0.08602581918239594
794.8635592960516 350.15118528094723 815.7896343961255 379.6491326381951 0.08591360598802567
474.4115465939243 448.0407666793274 487.2908370935479 467.1825681167657 0.08590187132358551
86.78132984734577 374.7905950742001 103.74192613511592 401.2011887820455 0.08588573336601257
633.8647338383349 378.78060181767177 661.0333058391549 412.5840303546771 0.08587488532066345
629.4819215136458 446.1356786798641 643.054924731057 461.0557625780403 0.08583566546440125
657.5318888595664 295.67320717217024 697.4303348649124 343.7262557387111 0.08582095801830292
603.3243301130644 394.2708058777255 614.7023520125503 408.99337994611795 0.08575846999883652
598.8826471765803 382.1101795055938 668.6853654706098 461.23282078653665 0.08567708730697632
578.5364518787962 449.7868861121215 584.529024105759 458.57652630873946 0.08567138016223907
378.1926189762608 458.3202638535945 387.4439145520921 471.7497574395209 0.08567012846469879
696.6062087582994 389.93681167301156 705.7052159604581 402.4622465040711 0.08556851744651794
584.6366500217691 440.78948562357056 601.5824155631647 462.42782846859427 0.08549389243125916
522.9291979608901 373.32741285051884 544.2928594207798 398.08716360723776 0.0854511708021164
370.49867772470276 437.1941817625062 381.601750907845 453.21507633576886 0.08538896590471268
653.380256120833 427.3923116529878 661.0902616793138 438.2375567631079 0.08535326272249222
522.7344131932076 433.0269226883127 542.7892598389277 458.56231176550176 0.08531302213668823
458.15744965841594 436.2242012749407 469.8001086236618 452.27455705909347 0.08530698716640472
791.1359136701915 427.5564922300843 802.8845328158944 444.4546722107303 0.08530494570732117
657.5609165659158 466.87346638203564 688.2222250434223 508.2892264731417 0.08511540293693542
629.8504859373207 423.3817901319357 634.7613979138415 430.04073643939284 0.0850994884967804
1021.3305872630056 373.91692772329543 1041.7132593032911 396.05828841750133 0.08507566154003143
805.5258676891275 321.7834600015323 814.7976719914283 333.58597692764357 0.08503702282905579
793.0222121756598 372.11175857703176 802.4407204186366 387.85626677238173 0.08496829122304916
692.4904132298145 438.4700797503091 723.7245436078257 478.00408019628395 0.08489018678665161
847.8839057192149 438.1728251902938 861.3011293145692 456.7619695458245 0.08483964204788208
599.696548535719 439.9561300964718 607.6469539576437 450.40810225284196 0.08482764661312103
881.6436825052397 404.1529449157523 892.1597084074774 418.36908441044494 0.08474139869213104
708.194595940848 412.1389246579431 719.9735286936206 429.51554911448477 0.08466576784849167
838.4976809691913 349.5545765309488 880.570713760593 412.0782182383664 0.08466143161058426
516.2965512182783 477.4322768704136 523.7543403007205 486.5713295574375 0.08461687713861465
762.2135265877342 406.11456627170634 775.0767615463437 423.811060024365 0.08459286391735077
178.08138508733342 581.8576247898978 271.82871185741544 690.914020467056 0.08451320976018906
793.5356323854134 398.31821214832587 806.8669511734598 418.35762195922945 0.08443743735551834
658.04914799766 450.223352004077 701.544752365618 505.3858560219061 0.0843297615647316
623.2668392655071 440.83945175667935 628.9417546560647 448.15224379996874 0.08425014466047287
802.3905989983199 387.6115464694087 811.826455193052 403.502529392144 0.08411110937595367
635.3476347708171 55.35523594378922 883.9816352039994 325.60596572052 0.08410678058862686
626.659543551717 451.39746536545533 633.3173783476067 460.6148739853007 0.08405103534460068
615.7219207582974 421.32550331698843 622.2951445273009 430.84923348742103 0.08403154462575912
706.4271252037323 426.2862651280472 719.234191232146 445.74126881118093 0.08395356684923172
631.3795562623611 455.71348724801476 650.0987903428259 478.5422985908962 0.08392766118049622
684.3727040146127 424.4657138123913 710.2481604759427 457.63805354567864 0.08387653529644012
977.0629041559242 358.5261285094395 993.8847314262667 379.51050385978317 0.08386733382940292
727.3849860804479 436.44849883785787 792.5532973886413 523.454897771718 0.0838545709848404
793.9536915492299 324.83967142460864 804.220106349454 335.8896658947439 0.08382254838943481
739.4578666695602 415.21025875002044 752.4303755996127 434.66474474464195 0.0837705135345459
757.9125092696664 354.6506475009043 786.5686637951807 395.3915784623526 0.0836719423532486
732.4888032770133 357.90264264028195 754.2978009189562 391.20024059494983 0.08364985883235931
838.4787219411867 440.4574796029807 846.6622376767147 452.04307659156814 0.08360327035188675
627.4699623977424 439.9405717243393 635.3431731968851 449.8384450764144 0.08358743041753769
513.653597276128 488.8279027010631 536.6004341631227 518.3636669736466 0.08355814218521118
486.3810447236639 455.335212524348 504.607194092818 478.7011121451908 0.08355020731687546
791.1224574175003 411.1894098355569 803.2963352341881 429.38716504175306 0.0835433155298233
1028.043793511368 351.8567864788636 1037.9261970089146 362.29515789029 0.08352241665124893
834.673341027031 425.1248304207693 845.8105939505698 440.3058877880433 0.083443284034729
628.6989383987707 416.89859570517825 633.39606747066 422.8093757720467 0.08325698226690292
816.2329498919047 439.10321649571165 826.766565287547 455.0939733801965 0.08305004239082336
576.1176653072039 380.6297551714454 589.7388214270298 398.5808321353614 0.08289375901222229
759.9598186155766 423.83877405923005 779.8447012628098 447.1517993225929 0.0827987939119339
972.2308156341711 335.3290320003202 988.2820303732532 354.555888791784 0.08276674896478653
495.8174215579553 446.2109076756195 507.827476169213 462.0864922549211 0.08275237679481506
823.8177887024273 425.4881491520827 834.7039033737819 440.9563302651516 0.08267580717802048
649.7746081119299 311.12103975436867 660.7503419158378 327.2903006925451 0.08264685422182083
390.57047054260534 446.9563510490377 402.97068960091997 464.81579519113126 0.08263865858316422
361.49123556054553 426.66150346114375 375.796576819264 449.19947298538426 0.08262067288160324
271.80393416018046 388.9544232623463 283.75003164955945 408.8015505012863 0.08250399678945541
615.005511954837 361.32519812016824 645.4083508578972 395.7466132088222 0.0825008898973465
253.28723917321696 522.7536247409455 264.2128999362043 537.1750205558011 0.08233735710382462
781.5810583552636 374.0165622770703 788.5260852151838 384.7508082056603 0.08233335614204407
1001.767241925682 351.40059519553256 1013.1090489493453 364.48433131183754 0.08232564479112625
807.9771439090438 329.25209406915064 820.3718164999675 348.2929951499691 0.08218763023614883
632.7552095689014 412.3496440887311 639.5882398744099 421.73357475241966 0.08217799663543701
637.0436022084359 430.0206668721704 647.2006201793647 442.80136823902075 0.08204261213541031
645.1608673547566 399.7765254896761 652.8802813038546 410.32964199760255 0.08203251659870148
91.12888044681567 380.0739293759356 109.59557823587241 407.6585207612872 0.08201101422309875
874.8913533468973 474.95524917999427 1238.2018499879364 890.3164894246266 0.08200448006391525
476.33108174435296 375.83392228919354 498.7314343981755 401.2589304579469 0.0819161906838417
560.5333181128324 391.63881175117143 569.9875292308769 403.51501214394085 0.08186308294534683
833.7561642189454 413.93508955983447 843.3371858912034 426.9230296602956 0.08163782954216003
485.0409143375519 394.6158985603068 494.63899146609657 405.90735092424956 0.08157692849636078
683.8957179164854 362.1190559843826 696.48137249552 379.48976041159517 0.08157041668891907
1009.7683339524912 351.12374571070205 1018.6038740342825 361.49702050535006 0.08148974925279617
813.1837884635514 322.29251050523555 819.7389411846227 331.65798007761896 0.08146615326404572
853.6944117963698 448.85709579986207 870.8355581320778 469.9803721195077 0.08145227283239365
370.52129146131495 424.3826512934763 382.52755542221587 443.9192002378268 0.08144590258598328
776.7448258120249 428.6544333440996 789.015769863595 447.3707233308034 0.08143799006938934
801.2125798325177 337.4194117712269 816.3416360769744 357.7568108934847 0.08132664114236832
710.8180633692724 395.87229372256877 727.7161769789977 419.32545637614436 0.08126968890428543
698.7772262003587 340.8333584509975 731.515256966674 382.0343792445416 0.08112126588821411
626.3493554786419 402.4854670124106 637.1452533498186 416.4394213912231 0.08110591769218445
706.2503107322223 395.7545743983506 717.0028558019366 410.5147805173624 0.0810876190662384
708.1083557201631 456.9564464587615 742.0992996903013 503.1030820674285 0.0810713991522789
193.50417906253716 367.00153570658085 228.39504781427632 419.3276594478329 0.08100707083940506
441.2864264687232 365.7544524417921 475.6172867319831 408.28596108187253 0.08100329339504242
375.7219650339245 419.3471165328592 385.9584673409353 436.02817805814664 0.08098379522562027
311.22102265081134 209.06842987938978 709.9282426159582 619.2777703376051 0.08092902600765228
266.89043275525626 359.7584262675982 274.72136336851526 372.67564035118744 0.08090440928936005
114.80924640587328 344.9095730891846 125.0869224601788 359.1864474731687 0.08088164776563644
606.8311782725856 381.66709808552156 624.2881987579573 404.2036216267037 0.08081555366516113
823.7601712835045 441.0813827099526 835.339230049593 457.6719352572163 0.08079115301370621
770.6578739123576 333.68968940083624 805.3237753646837 375.8906640263923 0.08078807592391968
653.9988523988791 328.15308535260647 693.7036928769586 377.2956093119209 0.08073783665895462
650.5191622967008 376.7847101828735 664.6331979151925 393.94240561480655 0.08071495592594147
56.658827623089145 404.8235616683027 64.99624897117576 416.9103549008777 0.08064226806163788
665.7599113560947 308.28556899807984 677.4340797895455 322.4745159151794 0.08059275150299072
640.5198830691256 390.13265092034703 652.6969753075253 406.1232292359101 0.08053795993328094
549.4255586612064 361.62981572405 577.3211171433416 391.7165215822776 0.08052932471036911
735.3623442864035 279.0011085757158 814.6391221982052 362.1832187223079 0.0804336667060852
1031.7811456727154 359.8884135917309 1038.9888431516927 367.8539763590593 0.08042290061712265
708.7907730564284 406.04769588379327 718.8682941994299 419.89141487711464 0.08040910214185715
256.241130488395 530.3015831269472 273.988837514728 553.0815615382631 0.0804021880030632
72.90231216046493 381.5673891079359 90.08660212663611 405.8652436307937 0.08039967715740204
526.7789745933944 398.81247057385235 535.5635273327255 410.7522926424428 0.0803796648979187
1063.4329587326063 316.02571238972575 1076.6745692636302 331.0283546720462 0.08036000281572342
535.5178688293366 419.4915666538543 590.997158508239 489.6197437308167 0.08033647388219833
995.6106990651301 335.9067859951202 1000.7015468412591 342.8939463093432 0.08030170947313309
464.07995937330907 380.1835054666701 484.6896296942814 404.92244219004056 0.08024023473262787
570.5586125729816 455.0820570494763 578.9811998399939 466.031567031987 0.08022573590278625
87.18767838039764 327.20298369183365 113.94820197765229 362.41276026375573 0.08020263910293579
815.2901689549954 311.686669786562 829.960789488644 332.3557027352881 0.08009859919548035
605.5675415269789 451.5585447696051 614.0112647450463 462.8179167747978 0.07966523617506027
102.03277995649255 352.73041009464 114.56596262017052 368.13667868781425 0.07966414839029312
75.93642903057909 357.6083367782312 92.02781331195295 380.4737424673028 0.07965207099914551
781.9175376182486 417.23435239242025 792.0588746259368 432.47964905627333 0.07959853112697601
602.7640006466635 376.136291310509 614.8559270044225 391.7809135589161 0.07936953008174896
632.9208192587303 426.13869326161944 640.3934158579443 436.24518906209295 0.07930249720811844
764.6982478639877 435.2860266979901 784.6304788200048 462.9270710705837 0.07920067757368088
579.4338791573933 375.83311024863616 592.7130274090214 391.4804188859229 0.0791652575135231
633.8812751582997 419.9975351691127 639.8094823860272 428.3166560816365 0.07910805940628052
611.2584245795332 437.9616465286665 619.3509939672344 448.59755502517993 0.07908277958631516
398.67722908597545 380.5091721828227 421.7140649824534 411.3641683762051 0.07888912409543991
804.9313132380857 365.438384186019 812.7061719872681 379.40927856990226 0.07884173095226288
578.6322767917493 344.2930620376672 612.0165405082801 378.85406649479796 0.07877643406391144
493.6138351624114 387.31762647645775 502.38929723947416 397.5013147429623 0.07871344685554504
811.3241003781983 391.15523479688375 820.0587102602913 404.6786843184477 0.0785742700099945
781.4136387675297 443.1365459285708 796.652355286408 466.9900011092762 0.07856378704309464
1014.0168791614385 303.04944815021037 1025.9492864515066 318.45742716545726 0.07853391021490097
1016.9464404312888 341.2152917632866 1025.607951005541 351.9783185693019 0.07848811149597168
643.5678253335628 449.1772588052957 652.5047988355673 461.0671050389319 0.07848180085420609
600.1073342090799 448.9271536716284 606.8115828326697 458.52782188996656 0.07847825437784195
244.31852227140934 411.1483908522778 256.4462937153637 427.3583343751153 0.07843320816755295
783.5351150083774 381.40491534028007 788.0579471099032 388.1615758284592 0.07815618067979813
624.0407810227865 418.1677541567539 629.1510491933057 424.71437817916365 0.07815452665090561
580.5706808318199 400.65397274555505 626.2515830493917 459.6934000223693 0.07812710851430893
266.94974738887146 372.6147889893849 275.72065301527414 387.49997517825227 0.07805222272872925
789.7261521465465 389.76315763361464 800.0655034222044 404.71602319279486 0.07801547646522522
639.8980625798791 420.2674984991109 647.8386722580854 431.54466446231623 0.07796521484851837
902.8469580843173 422.49492746819163 915.5094009123504 439.58487767047717 0.07794538885354996
219.31461478096594 524.2429234799006 279.97657387618074 594.7961239653565 0.07788348197937012
426.0230849220581 379.3641736169962 444.3022304698661 405.288841779295 0.07786699384450912
614.714992768865 443.9065053944221 623.110219520404 455.0040677349301 0.07782184332609177
787.949397278816 348.918385909598 798.8313697211241 363.1645258734157 0.07777827978134155
991.9579167496918 360.0822973811624 1002.8788407112976 372.08900619371565 0.07777617871761322
275.18539370355194 514.1231012595254 293.6024809656863 536.1689957888186 0.07773178815841675
805.1935117366054 443.21674630788027 821.2149163503375 466.0070342360821 0.07772249728441238
390.183335910692 408.9604499806382 400.1066867286038 427.0766215153469 0.07761026918888092
745.4771719943525 389.68758788634955 754.3677791759163 403.07209890601627 0.07758178561925888
843.1149759778597 456.2343061467595 852.0726505593607 468.4272322406354 0.07756901532411575
604.4643058892802 354.79205023237114 627.5888123544453 378.9039669653625 0.0774935856461525
751.302306271555 468.2638894052379 772.1129713239981 498.63701477837503 0.07749016582965851
66.10275785813582 347.70153112181663 90.06953445270574 384.1520369724666 0.07744453847408295
285.4880451579152 581.623370564372 387.1035663790994 689.3827326004564 0.07741096615791321
795.5320231106544 444.0959896801778 811.4936656662429 467.4531398516057 0.0773332491517067
694.6540509143961 376.31221025623216 704.7246701405254 390.17443445803565 0.07724598795175552
833.3311203463029 400.5968515437819 843.1630097952358 413.54731278163837 0.0772300660610199
411.475533622337 428.8400114726175 423.7844577442653 450.1622460265494 0.07722080498933792
745.7461556827755 369.28025065871566 754.430111734195 382.7338528069516 0.07713180035352707
750.674539884699 285.5219520309489 981.8998332007646 552.169877826014 0.07712329924106598
563.0221742419848 388.17027052944866 611.4368106609568 443.93648014073375 0.07701822370290756
21.41066557462429 45.002697216307716 326.63000658141345 463.3159521117439 0.07677473872900009
756.4535905617552 446.96007568811206 777.4156450032797 474.6684848113277 0.07673195004463196
769.1962316380825 369.1838651554179 780.2170882239008 386.954220110473 0.07665558159351349
667.9658218206744 452.9079201864388 676.2665171905431 464.58205176719554 0.07656073570251465
813.1096393437197 330.817830464554 818.701762866793 339.4225342018573 0.07655499875545502
462.5636839551288 387.5625525311384 475.9958209773966 403.6858338630872 0.07643669098615646
367.80074786514473 458.8636253744818 378.75976899498664 473.7907309102536 0.07629472762346268
704.948613060061 444.00553566926123 715.5844564573874 460.81254525032693 0.07629264891147614
766.1167001137228 356.4634188036355 774.8650995663082 368.244782473973 0.07624629884958267
654.6048415622303 391.9830024742848 665.1029165824057 405.0414356474011 0.07617832720279694
70.99451878239972 382.62140980620876 99.62656020304559 421.7743073180478 0.07616263628005981
1026.1589202412085 360.67005083433315 1031.9431324412355 367.2150189559154 0.07612594217061996
870.3778008358499 438.9734553203506 883.2906980755674 455.35855172173564 0.07600909471511841
336.8317047703803 411.37290365646675 358.9054833644654 441.9590857945663 0.0757070928812027
618.7873486610674 449.30860257856455 627.1968666796421 460.5566585949194 0.07569415867328644
810.7179401709294 355.73079107946984 851.7693922904746 410.47910288109387 0.07563420385122299
770.0961190987816 347.0914743245696 779.5451934104011 359.1021783326209 0.07563181221485138
612.0679454557687 451.81807580743384 618.7086732582409 461.114327401553 0.07551664859056473
744.056063814611 317.0225093254192 780.2036632748094 362.3321649716932 0.07551315426826477
721.1356983642168 493.47407005313187 754.7476747785424 537.3583342133046 0.0755029171705246
661.821989255089 359.4754513619627 675.7352223357974 378.04847742380383 0.0754006952047348
428.04345790287465 419.18327005708824 443.8410312031803 442.36933699315455 0.07521525770425797
-2.25740369534964 426.37781965407686 24.565444733791534 466.2523056418513 0.07515030354261398
234.1999491320926 409.86888948846894 244.2070508693872 426.38407549068296 0.07496899366378784
146.16797282229336 425.2157355351864 211.51334177321928 519.1906042317848 0.0749005526304245
662.9897772339567 440.31810859230484 673.0135579794563 455.1081018928699 0.07488551735877991
283.8433276779278 393.2374177066016 305.3961153615625 425.087199949354 0.07482580840587616
759.2561093756573 368.04964883749375 769.2441422389504 382.1453922064221 0.07476723939180374
231.93232171931973 489.2433275736749 271.60675957234315 538.6768165085689 0.07476438581943512
786.6433141337111 452.5265311314472 862.6513184624238 540.0249907041998 0.07473596930503845
875.4955378089884 372.9184201647312 928.1191406208613 439.3000655740077 0.07471431791782379
834.2766973433979 447.5634238921342 846.296826313058 463.971010148278 0.07463698089122772
825.1815111164232 399.96802685743353 834.3427538472051 413.5451322783797 0.07448089867830276
588.1914452399695 381.53379918250715 595.3741815279604 391.7442933315384 0.0744716227054596
827.3482120717274 453.8741191157746 836.2106490455453 465.8808639352223 0.07443129271268845
870.9875773039869 421.47893012585354 881.3086215380044 435.64889843409094 0.07440181076526642
457.65500743942005 450.5773344814195 472.69457463511975 471.24472042816063 0.0742940828204155
114.23874753183436 381.7811770490726 140.82857600635256 420.55356725999195 0.0741765946149826
447.18931639456105 385.9283185746987 463.1469029138035 406.3817480452612 0.07412433624267578
236.22228413203777 382.900871529444 245.8739815496288 401.69473536892093 0.07410217076539993
892.5718166142854 408.14718523883255 905.7528071824986 426.0977249814839 0.07408688962459564
368.5207441010294 447.0371630444853 379.1448142709216 462.75865051894243 0.07407556474208832
800.3755599090275 430.85181343778606 813.6131360078207 449.35054909375475 0.07398290932178497
77.24648104510149 374.7309358791349 127.86103305564001 450.4564397944794 0.07397732138633728
752.115672679252 375.2853634963464 760.4030805479881 387.43701152278027 0.07394011318683624
694.406075845548 438.1159783433639 706.8667885090516 456.47050858187447 0.07381086051464081
718.4306924241288 389.85753571051345 729.9541423526347 406.782344646265 0.07378487288951874
420.86979941288416 395.7541844321254 436.57539067784234 419.0380981490007 0.07364775240421295
770.9242661659539 338.45976344892097 779.3904343132392 348.1764704505677 0.07350945472717285
770.7626697153951 327.4195522023525 779.2868067665786 336.23175565060905 0.0734633132815361
637.9257308426612 401.5897089649646 643.6299959055451 409.41630533809075 0.0734592005610466
801.4302554749507 377.9706365772723 810.153926632843 393.3485885375323 0.07342233508825302
778.3154485815064 336.208310417933 790.3465733022066 350.28756707354256 0.07329851388931274
450.8802687158916 394.84362294101635 467.0351289506987 415.7667144321065 0.0732928216457367
619.1260162606706 322.9343896998139 661.8751050258529 370.3015594930916 0.07326067984104156
436.1683152307338 431.6539832532752 450.4391893807327 455.58502526973587 0.07322939485311508
239.90179585467683 468.74548875066245 278.2949763319825 518.6304657636365 0.07321660965681076
537.2578660532683 454.65379188542113 556.6689072985449 481.1376980433079 0.07321104407310486
222.2840491424572 424.8728882535667 232.2697550660826 441.1121936536285 0.07312186062335968
425.2929557971777 409.10173321140974 476.6757161695863 480.6408595741283 0.07310502231121063
740.6163730500017 285.85439970932424 773.5081887620878 325.7167475892102 0.07302920520305634
440.1610736167852 398.2751881834117 450.8039172155585 414.0272828124827 0.07296738773584366
926.9690104926144 451.39090919246695 1140.373598103364 707.6536302103301 0.07288412749767303
857.129247922471 424.81439807151327 867.7118850389604 437.99994928997285 0.07281935960054398
862.4576217423345 433.42378316834294 875.195736142405 450.18528934308245 0.07281091064214706
402.758808784548 354.1455376478471 429.25335265348525 387.7445164775517 0.07279833406209946
372.62238373191326 471.9299280682661 380.47743293304126 482.5389112492713 0.07269840687513351
211.46409841554905 436.91350072790084 223.6777710549598 455.06131095695395 0.0726483166217804
278.2579518194093 495.5313219018637 345.8209641502237 578.0454377053193 0.07263321429491043
880.6685708172301 424.7504450558441 889.5029619964482 437.12725487139613 0.07262016832828522
385.4324386996138 462.39388532862847 395.3826655664026 475.8683469122768 0.07234492152929306
832.2899938885523 461.15990222789 841.2463006112501 472.4834045265924 0.0722971260547638
678.1349474103423 429.1158507596442 688.8583906476122 443.6095313312543 0.0722731426358223
656.5906810070591 450.9977142743269 666.5416919580887 464.16496481101274 0.07210493832826614
789.0710462885478 331.26702614486777 805.1912648434281 351.232411587423 0.0720735564827919
639.599506877301 441.86003258666005 647.6531578798599 452.05248376519984 0.07203549146652222
541.3243791703787 327.8132911638353 589.9388329649825 376.8748651536484 0.07195933908224106
115.43501606977614 410.724063440135 173.44983557064091 486.7322198058416 0.07190113514661789
674.2943266399951 527.5885278700551 930.7447136144929 801.2061565385397 0.0718817487359047
54.614741470486365 534.8608498034868 153.47567528950978 652.5313533483546 0.07184398919343948
784.1485438580214 325.3514574507103 792.6013277313003 335.10739913025924 0.07177659869194031
808.9924095798036 370.2167940888677 819.5714396321994 388.5516355935133 0.07172982394695282
666.9152124454932 436.4857829159829 685.01523745921 462.0286790522628 0.0715738907456398
274.21171931790855 508.940512647574 281.60654147440533 517.8138523877924 0.07154201716184616
732.8631373123371 386.64058409929135 745.2369344573375 405.9469496641393 0.07143839448690414
58.550854807875886 393.79329284238975 67.8230258714261 407.016962610242 0.07138100266456604
306.70988657411806 520.9421233118013 319.7674568809848 539.3686191460444 0.07135534286499023
819.2383885921444 333.9249312570288 828.7819920567547 346.45345258828877 0.07125286757946014
214.6602295542602 415.08208807360353 224.24909700693243 430.28040120565316 0.07122237235307693
259.13333579749207 396.5974665165572 274.6817920594241 420.11913950581203 0.07116512209177017
342.27021200801926 373.26064786755353 376.99660629546963 423.5336707172504 0.07114057242870331
350.1481181662063 438.8810011154105 363.21253702640706 458.97582109840005 0.07108872383832932
244.7995633068813 408.8408255311678 298.9161084398192 488.80521082781956 0.07085040956735611
189.79715828978397 425.4565208840092 236.37657513719046 496.1858214214361 0.07082919031381607
128.82603679073645 349.38954052988475 153.7032095579899 383.4708809364174 0.07078240811824799
130.68556854743065 379.1654052432225 159.5165912182797 421.9547668634095 0.07075049728155136
255.17635762109143 490.09683488377533 305.159246243624 546.9762848277056 0.0707482099533081
814.1659291040781 342.3485080844716 827.0704586460673 360.7458376543351 0.07073673605918884
755.8407906033063 362.4428928181018 765.2515507153553 374.24113913846924 0.0707189068198204
100.4825556494699 328.52839757516705 152.85764622575724 400.3367715270491 0.07059967517852783
273.3062256454007 334.9175208603641 352.158285398284 434.6341970722431 0.07051867246627808
718.1855556684629 317.89218396468544 758.1482332756052 366.77260029525667 0.07046561688184738
393.2084372535583 464.68500022558646 403.87152391210515 479.18793268026633 0.07040414959192276
721.6592315045237 246.2868666327492 774.1669968329413 303.8770907728132 0.07038114964962006
727.0464900100637 453.26175275534865 747.3116847276353 478.907028715538 0.07028678804636002
256.4033689113336 383.52587198634615 269.09641062575844 402.77140884130984 0.07005918025970459
831.6538888901874 337.31797434837944 861.289560007193 378.02303898983865 0.06996093690395355
896.3241763013493 431.9120001835264 906.2346116548149 444.7906700330508 0.06993880122900009
988.255308100929 381.7664130429942 996.8474971017539 393.91278459793176 0.06984060257673264
-94.2133622383257 472.81768377035456 222.24212519237238 861.4901356834262 0.06981761753559113
875.8212379300867 -35.889141976302575 1219.3835360015169 371.33712692473017 0.06980199366807938
377.4767920274191 453.83724640227376 452.6674495251478 555.8277104224363 0.06979422271251678
866.2073574907383 406.51100133985483 876.4865251947185 420.12492166940285 0.06973590701818466
213.36850744793622 291.2916847966132 276.07982459256533 381.6653220995868 0.06970249861478806
264.8713234737492 515.4934461160552 277.4985048288373 530.7951073193884 0.06964439898729324
857.664333389325 395.150174344198 868.3553629157174 408.65580308694234 0.0696222260594368
702.6963833097161 278.75641285719075 749.0873959160733 331.6084838573524 0.06938270479440689
766.1090416865118 331.9193258802223 772.3899645585958 338.9480433301137 0.06932701170444489
158.13845662993634 370.226900811057 184.29620046747038 408.6302423878338 0.06920486688613892
467.46083536876534 359.0101191024596 557.0509110800746 446.9764260414355 0.06919704377651215
812.3049928946174 423.7983650639446 847.8316627723822 475.5401052387773 0.06916970759630203
776.2705735798812 352.1519651964827 787.8860422940943 366.8458621726189 0.06914812326431274
308.88999627125327 398.3402165835383 324.19748930862 422.5611375041663 0.06914529949426651
358.5117316792606 462.83528999297243 368.91057509253704 478.0165156987346 0.06891637295484543
266.7638222780589 57.26039946752651 480.08352621595634 269.80256320269575 0.06883548945188522
605.42968366109 457.22356286597017 611.9708926991251 466.03841274267 0.06877516210079193
773.4923374333277 370.69922655177345 783.3171296720991 384.2758128285433 0.06872238218784332
363.832347569642 417.09730385518975 374.42809651003313 433.7208519546514 0.068707674741745
777.4208032733638 328.17769910922203 785.901677655522 337.10768089692715 0.06867459416389465
745.8373199654103 353.6913250514839 756.0217599385273 367.5838015593519 0.06843413412570953
883.8518026402286 449.9779452495403 894.3903999238776 463.5675924543835 0.0681527778506279
888.5571955997736 429.5097214756787 898.1319140510101 442.0366228996087 0.06803523004055023
659.3501201406167 312.30969444465217 752.091271076549 396.7792146641302 0.06795357167720795
815.6379598812827 452.76227054767776 828.8229363983853 471.71181451063916 0.06788311898708344
536.9935590949088 366.56917661809416 559.3865006044996 392.8782373936976 0.06773599237203598
294.43181034776103 496.89074783058095 318.26814331592055 526.9646537238729 0.06771449744701385
866.8229798705827 453.1130268114517 887.1648469512221 478.3506961782349 0.06766689568758011
270.0453347621993 415.21133804125094 312.5643673406393 477.48492212810044 0.06762611120939255
243.37132669294118 350.69784470572046 264.92199622394753 381.5375687444859 0.06761471182107925
821.3362543305108 388.8411206627525 830.3733819379883 402.4980376067533 0.06752762198448181
280.6689199620525 387.77423202812827 296.73512748745117 412.2598292869259 0.06738796830177307
501.67176479935245 463.33405074304727 521.964876795618 490.82552467640465 0.06729551404714584
162.45195519739448 306.4726423349799 212.23070763092608 379.46650495398586 0.06711506098508835
151.9972058031217 392.972387590591 197.1937956299528 462.1030228768288 0.06698323041200638
64.52417769088632 299.2316859065706 151.1510077701575 425.2444015053104 0.06692725419998169
647.7211932912303 457.8713227928604 656.6594888338877 469.8416781310555 0.06691979616880417
187.4463882846188 510.06212813049507 241.17471092341395 569.6094002755689 0.06673086434602737
758.487419138619 339.38819955151956 769.5641252185766 353.0792231956975 0.06664172559976578
330.01574636909584 440.52054563429004 354.43728711675897 474.0541460262364 0.06655947118997574
837.9239495468577 468.85301052664033 847.0314848610913 480.13773225479446 0.06652312725782394
487.2733526106433 305.944645439231 552.4148351030932 370.0829449833066 0.06607910990715027
825.9222056878186 466.4091553884059 835.6131906179683 479.16774184932126 0.0660722553730011
323.6736081605127 386.9963620370217 346.42241549294204 420.23892145179434 0.06573633849620819
421.7804593014424 323.44065588953936 459.88274805286136 370.67181415617813 0.06569132953882217
652.0063865643729 273.63767326430917 711.1850166231981 338.7416512048235 0.06560442596673965
129.6072192370233 296.40240370839143 176.8728932999132 361.73629851135274 0.06528659909963608
875.1777223927294 398.0614935113443 884.0922638674206 409.3391833391121 0.06513726711273193
233.9143306670659 440.75922531226803 258.1375152187143 477.0282651099479 0.06501531600952148
310.78882152912814 476.5618424677683 336.11545411287733 511.1712628036216 0.06472545862197876
231.1191432083856 342.2379364330933 253.1155203288767 372.14603427001447 0.06460705399513245
289.84343690030823 375.4777438052689 301.2941734633365 393.63335256133297 0.06460028141736984
448.17585237013185 454.26127956146746 459.2909420201103 470.6603168421062 0.06444206833839417
997.0356884897604 401.4887088396741 1007.4560075808372 414.60575838734917 0.06416597217321396
225.857597367867 368.0980612294792 243.50548543831732 397.0752744945808 0.06395778805017471
-17.409197214326742 402.7913950586446 78.82351236207559 548.3633731983549 0.06371116638183594
581.0122710424121 285.19739632988563 644.3732846981236 353.84784465716416 0.06355947256088257
875.8394170109657 463.60501662363464 907.1269258338805 503.0462963499011 0.06327103823423386
-31.17239699292606 201.78413840762303 79.77862678123657 382.3256845261355 0.06127455085515976
-34.172606425321035 -45.55674762608221 89.89976670912095 102.82495237484325 0.05975569039583206
955.825081086511 -60.31088080085329 1128.0670928844147 142.3875818974647 0.05683288350701332
