461.2012288299782 377.51381913178693 476.8906883448483 398.90202800141884 0.9964882135391235
516.0408959811937 400.2603929737991 529.3189491411398 416.91050125061935 0.9901312589645386
392.2152195368317 410.3444326913548 399.37844519137985 420.24692425185555 0.8630975484848022
407.0191817857097 414.0859105595866 413.3453927639491 422.74419163201424 0.6982389092445374
554.6768463384424 412.89448599882166 570.1755668436284 426.5444894703942 0.5453979969024658
627.3733844165555 416.07128291037475 637.278524022995 427.47355269550866 0.3020405173301697
917.067672074841 378.27976509764164 922.7048459079538 385.6316470077371 0.19565941393375397
531.8035724634857 427.7813255470998 543.4285035138283 441.7671908018916 0.1840193122625351
597.4112631431957 228.79562317572106 601.2203777917315 233.49057927598986 0.17515353858470917
1060.8346289300769 289.12315323860935 1075.046402952961 307.99211881746805 0.17424800992012024
349.16618587788656 522.1039995199595 360.2624533060222 537.5019568583448 0.16249710321426392
495.1659929928846 434.79325719284196 502.27715341398454 445.7337025615764 0.15809309482574463
628.7078385444053 205.53313378096686 633.0904210170587 211.13524218476053 0.15124309062957764
1049.3563113028108 292.26041906175584 1059.2855236896903 306.9924009140035 0.14382264018058777
426.66284886802936 401.5522305605966 433.856207509762 411.0621664538349 0.14106014370918274
603.1091582456168 224.73303028047505 606.7526922542962 229.27361308164046 0.13967165350914001
23.427805415073014 418.3335150403704 27.420403155669774 423.1353945482077 0.13792864978313446
399.0019738422144 413.4615980872298 404.23357963439554 421.2403250396154 0.1332871913909912
613.3653623136768 224.03378463686136 617.0341837809467 228.6978311417362 0.12723791599273682
1033.0472107558528 427.30451746822655 1041.0529330491179 438.41004954801565 0.12469800561666489
610.3951765407338 220.0052669542231 614.1346364316543 224.7502391543412 0.12413936853408813
606.5881445630015 228.63813625075684 610.8215259343976 234.14254014343766 0.12225925922393799
383.32259035366354 411.30615538354067 390.4181812896805 420.94270349695984 0.12221619486808777
431.9865031197492 395.0034162747962 441.65562655258725 407.9332636945222 0.12097909301519394
619.9690366049971 219.95319857983702 623.925886396864 225.34896805621904 0.11986485868692398
671.5724613353742 465.3951469710939 681.1159253124204 475.8510255107969 0.11923763155937195
661.0798510578121 181.64310165815886 669.3962768114743 191.87547454746075 0.11882153898477554
615.769506513065 215.2988566399031 619.2979360441984 219.93081832665823 0.11787155270576477
636.5033496291816 199.35383753348106 640.1747887942541 204.02131725035778 0.11769063025712967
633.5069733432362 208.46081175057924 637.505357421664 213.3682550482319 0.11724793165922165
651.5640684539644 188.7122465912642 659.832127065517 198.23620962219456 0.11706714332103729
668.8992975952833 173.02794476932695 678.8718358010865 184.8529861189342 0.1168314516544342
621.8202743624461 211.05558036068123 626.0106673769261 216.4118091926156 0.1161637157201767
643.5334719237526 197.09902066753978 651.8760054597814 207.26656013724988 0.11545596271753311
337.9231416206849 553.4047996525392 354.129246169023 572.6841699204718 0.11375511437654495
601.1488633693376 231.37208535966323 605.1044047048812 236.48759820063842 0.1136544793844223
677.2287416595522 164.1028595965776 685.7849810946076 174.50254823641245 0.11277799308300018
625.7279767058949 214.8386344025391 629.7003081504007 220.12008349916263 0.11270932853221893
959.5556291219843 372.9690812453922 970.7268033140675 388.1974151377977 0.11261792480945587
625.8056438477455 226.96337729229202 628.9849302095695 231.11139069164574 0.11217528581619263
399.9275873005798 407.2289287584342 407.9495119077466 418.7159686831485 0.11049804836511612
642.8240174030593 194.518146810479 646.9035518954589 199.66091445013893 0.11038726568222046
434.3848257364435 408.646833404768 441.51360211157015 417.33870150307825 0.11034947633743286
607.1419783816657 223.93339774108205 610.8663345026233 228.9308278661755 0.11028020828962326
613.5251570753338 218.68404871107992 617.2729024285065 223.50566505223884 0.10996063798666
634.6151942781954 202.57972937645525 638.5488072853302 207.53643828235272 0.10776902735233307
287.46190130968023 548.4599100045857 302.70668055951217 567.1721490711329 0.10703583806753159
615.4036691472652 228.44935290750442 618.9754206143921 233.25581298058123 0.10694491863250732
618.1092064367499 225.37193082188153 621.674933385826 230.35837303206281 0.10662625730037689
928.1227996657734 376.14101307006143 940.2456918552379 393.94586563555436 0.10638285428285599
319.3965958920209 533.9086146759371 333.8220363451158 548.1811213277902 0.10616182535886765
400.75802625135793 399.1338010317482 407.2736425161862 408.9724893837762 0.10598966479301453
621.6361075121852 206.1406551596727 625.1683269344736 210.68973843239002 0.10595526546239853
538.7488271345912 405.9892650905084 548.9633047400621 417.6087805795822 0.10594937205314636
628.7507374966659 220.85170325436698 637.1368144096319 231.87485693880387 0.1058516874909401
596.2755133501777 224.5699955303585 599.5786523853886 228.87714545675135 0.10583801567554474
487.89646407578346 320.74990245374653 500.4699692081633 343.7637382889069 0.1054462194442749
609.7505885124557 215.42400482282366 613.1516913799529 220.0089062798576 0.10540725290775299
985.9471599361515 377.8072893115993 995.73157151243 389.2214707231905 0.10506286472082138
374.95502862723123 411.1467581300917 379.2315230633347 416.7701773560188 0.1048215925693512
601.4427823496549 220.10937342610885 604.7814556393723 224.49021147857692 0.1047758087515831
604.5382385169286 215.9515480488846 610.5178710673629 223.53915595445463 0.10454235225915909
648.0219565267587 193.83886384427024 652.4020367377042 199.54029814212583 0.10414514690637589
344.66182905426206 549.2427759523886 352.87464855918466 558.5380393185243 0.1039281114935875
320.2993733801058 550.9584377699624 338.2225274806098 569.586643388172 0.10377643257379532
336.4359167157918 521.7919057053247 346.37982945888587 534.6052866083007 0.10356240719556808
405.2627947671498 378.7035658113604 410.91131592104404 386.8815860268723 0.10306751728057861
294.8425606444296 524.7243365542547 311.14398418714796 545.3440867478544 0.10291435569524765
513.4943385079453 375.6901730635918 525.3301965671466 393.8118089120345 0.10285019874572754
384.09795979190363 396.8165378477364 389.91170705297156 405.171321061571 0.1027449518442154
349.431192665415 539.0525883635224 356.22492958095785 547.0181531404082 0.10228605568408966
288.0148629766494 494.48996702333653 316.88497188286067 532.3433049925754 0.10225120931863785
342.83507028759243 534.9570897390365 350.35832958822425 543.4768783622652 0.10212090611457825
502.3157374345671 400.8578410453911 512.3216541165134 416.5108655051603 0.10198856890201569
889.7482613408637 320.885664114245 921.2221674946419 372.1283866331599 0.10197468101978302
290.1784504934629 560.7381239552445 305.01188973690074 579.3533251151532 0.10184327512979507
367.843898654937 419.8640826350853 375.86735368249134 430.7355096439146 0.10169080644845963
652.7405204210796 185.78558423732687 657.0210643674309 190.7075985967559 0.10155884921550751
308.43032777685676 574.1194389408423 328.5389313541141 594.0260958416592 0.10100848227739334
636.0885602654856 193.16208384560233 642.3266537283863 200.56437420638986 0.10044100135564804
526.9688505155445 411.9971116560728 537.6025159623218 426.41285630653374 0.10027430206537247
318.3234650148368 519.2879810740068 330.23145996806454 533.1538344143481 0.10024566948413849
651.0899393916401 174.78261924592252 660.1688753787619 185.5050528209625 0.10024018585681915
524.1404331344307 379.526373587721 536.44886342961 398.3504888945103 0.10022158920764923
632.7142323864988 199.20076634419513 636.4300865017851 204.0582965994925 0.10014381259679794
301.80913662051745 576.0226367522481 365.8010711573532 641.1809106043528 0.09962904453277588
425.30761417336197 411.3008969048928 435.051620644021 424.4599175480152 0.09952916949987411
405.94506659502355 399.08228815084544 415.57748418412257 412.0125843308397 0.09938158839941025
629.3894639458873 200.8925691388332 633.2929745411051 206.02313253630405 0.09913916140794754
632.0819851662875 219.84532112970328 635.1475421369458 223.94076459570095 0.0990867093205452
593.8439874592196 236.6217931367787 602.295722860548 247.89541077544553 0.09904592484235764
305.19059948764993 555.7491389658065 318.63437285510196 571.3700201585453 0.09865935891866684
599.2016298908709 223.78109072415347 602.5946028672652 228.31614478894826 0.09863756597042084
617.0612642029129 232.32089797262634 624.8315573045135 242.51103000053996 0.0985846221446991
1037.7613552485843 372.4802826093387 1047.619902679056 383.5101955448342 0.09827756136655807
566.584485353353 407.68817246058563 577.0370394661439 418.84026388403925 0.09798348695039749
365.3012467609627 414.0607026034569 369.85978473041575 420.1348647569787 0.09786220639944077
359.900930990088 547.5592035760027 373.56351603570147 561.7779795916795 0.09768107533454895
998.8504426010918 384.60626330389107 1006.3101011505057 392.52969876342917 0.09755583852529526
419.9581271497824 416.9195814545549 430.11639095736103 430.6823772241663 0.09734195470809937
617.1360713145473 211.42464138311794 620.6693438493039 216.326986714195 0.09731068462133408
413.84554430187507 402.4909949068999 425.93406528939835 418.21955411022304 0.09710022062063217
613.6408114677637 212.3097685232146 617.0306319435022 216.9415847516953 0.09709960967302322
334.1685935383279 497.6089032749082 395.1650046234919 563.6559213885719 0.09662922471761703
304.72614885667696 546.1148839238101 315.78287946793097 559.2181695265392 0.09662684053182602
650.0403118879358 417.68481150658926 662.2678545489019 433.1590447579495 0.09642087668180466
534.1088320303809 385.1496239494071 552.825398472041 408.9012718617797 0.09600779414176941
312.3165594924219 530.2930668147778 322.06207047852644 542.0457906869179 0.09595978260040283
251.42358645366565 564.8259534422638 288.8220663796796 609.5260805309441 0.0957508310675621
930.5801949444141 371.43240839825177 937.5496725517262 380.6408308677698 0.0957363024353981
1038.107657198915 380.8507823678992 1046.7003474951284 389.9453963456087 0.09571523219347
257.4034044367732 524.7995647528177 279.45361253497566 551.7409368982619 0.09559490531682968
928.9130015936823 360.65761951740666 938.1314343836746 372.2748038950303 0.09517423063516617
327.80724233174016 52.996300843339796 410.10914260505643 148.44176598771068 0.09514721482992172
371.34604069592075 398.1975444298501 382.7667232272738 413.07300631502375 0.09502715617418289
338.3454255823628 541.3615971423021 348.28771150969635 552.1231484248586 0.0948457196354866
522.7077241922174 366.37698899420315 533.9808869388733 384.5941909893006 0.09481209516525269
396.08008758048635 390.7055197263118 401.5718638575352 398.20568722303256 0.09477156400680542
528.2677055393239 401.3421471498183 537.8040690354621 415.2140127292305 0.09474430978298187
432.37513044353415 410.45154318386733 442.975405029316 424.95458275021775 0.09461132436990738
331.8125776761755 532.0524971165005 341.2101879587366 541.8647954586531 0.09460451453924179
396.0491483101516 403.77429243139704 401.43115493483197 411.59523294158527 0.09452803432941437
545.4132742054044 408.7976120291407 556.7744569382692 419.95541987261254 0.09442323446273804
275.687268563962 594.0842486941617 313.683422558397 634.0112691606133 0.09433039277791977
330.1216659584915 542.8674723133506 340.94221572849574 554.0497371090779 0.0942937582731247
930.0092179829718 341.2978449260948 938.7797619962554 352.16957716509046 0.09413103759288788
312.14458315869757 543.2569540079785 326.7223980252459 559.9694878924273 0.09407631307840347
453.222767809446 332.68231277535125 484.5734963200133 380.1665038181527 0.09397813677787781
377.27168656671665 415.3995187066438 384.82861368606206 425.47854245817564 0.09385494887828827
501.1430819360885 423.50428286730624 508.6081690718262 435.0256760489298 0.09383422881364822
501.32790504210834 366.26117961243705 516.9447006554886 389.5222047818203 0.09380310773849487
1060.8982133688867 318.32701416215815 1070.940144764727 330.5018932713195 0.0937543585896492
499.9854385158419 386.8485142031426 508.8600858210403 402.2839631125528 0.09374543279409409
357.05655786209354 541.6641710248681 363.72382480106563 549.6017892775113 0.09358847141265869
351.4570098271712 549.5089786578709 359.92100801906446 559.7745581070154 0.0935443863272667
297.94294029785726 584.4295351183287 312.3218919712935 601.1130383856372 0.09351667761802673
407.59378527314175 387.4936470659932 418.7181244312056 403.20711017346906 0.09347416460514069
1071.187255069985 287.8668278961089 1083.401541497788 305.3114686853053 0.09336055815219879
368.8757221183181 429.50741973137735 377.29643334421394 441.8282008556991 0.09330755472183228
559.8125070780821 244.36195672271577 872.270171830632 575.5037021877976 0.09302212297916412
432.9422845054091 404.35927442186744 440.0214722916813 413.3029423304429 0.09301898628473282
1033.5892978941492 389.0437738372781 1044.2035174291566 403.5709244792964 0.09295962005853653
413.9075610654483 419.5789624123018 421.2587970914149 429.65915517579907 0.09290808439254761
396.57905279554063 389.67357773477625 405.4554710373242 401.72384152471307 0.09277531504631042
1062.8535599002953 375.03126627980066 1073.5686762737153 387.47762639411326 0.092751644551754
383.7541556424532 403.5963165503721 387.40508589038336 409.31400807813156 0.09268470108509064
419.17556847139457 370.48664597287825 429.4775153077536 385.4281230955377 0.09251875430345535
981.5983207541012 246.29403263299665 995.7620132531089 270.5033244530389 0.0924784317612648
535.8336914627967 417.5296752680812 546.3284057516503 430.1110311982557 0.0923965573310852
413.34685562034963 414.14274898134465 418.77179758874536 421.60649346199716 0.09225663542747498
929.6318726749688 349.4831021505416 937.9024823957916 360.0444140126178 0.09222645312547684
311.744352492693 541.280912742981 320.3145959545947 550.7317934231422 0.09195514768362045
1061.3278074791135 329.57417829616406 1071.6185175305625 344.3503804743567 0.09191399067640305
338.1651067444458 521.0389165129046 356.6246503642922 542.1606257908757 0.09186134487390518
387.77109159433354 398.18069240160304 397.1174779016365 410.9779660568453 0.09183872491121292
362.2643033736857 557.9311754551396 373.44745117201455 570.3485926668432 0.09157180786132812
494.72929285949766 399.4012306180572 502.80927272032534 413.1106267436609 0.09124824404716492
510.05176975706223 393.34564485300433 519.0245474249937 406.76124606226557 0.09106302261352539
272.6966494094224 571.0464285877586 286.2967751794849 586.9836818032113 0.09096267819404602
258.037209542494 520.0417301434319 272.2074177403429 538.0891226032469 0.09090085327625275
418.9063981944085 361.63510203396675 426.136577611239 371.98989071558657 0.0907532349228859
373.9128778638975 422.3942992264448 379.3316399080762 431.27415224576725 0.0906098410487175
914.9392732071326 355.36385170544605 921.6080876930572 364.130369379114 0.09039504826068878
905.3818097779642 343.6375285461648 915.5210291189035 357.60895060181844 0.0903032198548317
271.65606672477253 544.3950751317055 289.91951894684684 566.8669861448267 0.09028289467096329
361.8553542084158 508.48279996072523 399.3191092496264 549.1670225745984 0.08999744057655334
487.8983048306471 389.48779702158583 515.3755707982864 428.97086865797746 0.08987864851951599
509.56691263061674 410.5505581175568 519.3909550020583 425.2625540048051 0.08975384384393692
388.8925906674335 390.3131970824131 398.2098350787286 402.24130921648344 0.08958834409713745
617.7285163994472 390.1417650615215 642.0651315917668 418.452092686153 0.0895724892616272
357.411402994669 415.1526922542028 365.9108618375666 426.4327664321738 0.0894622877240181
491.6843934153103 364.7683574391333 506.66680263676466 386.1685638970474 0.0894494354724884
646.6425562054468 436.0583796528154 673.2628725500944 467.9846691376298 0.0894225537776947
992.8625195111698 285.24277511553686 1049.967677532112 352.03003052817155 0.08939705789089203
294.374128497777 543.3374598099829 303.1325823056903 554.5323988323979 0.08939267694950104
483.7179849951037 417.71589530856085 492.4655837497615 432.6002000696256 0.08937925845384598
478.69067860942687 377.87539203595327 488.76434371355685 393.4652453339596 0.08931080996990204
342.68845885134897 509.8807946630927 353.14933124268765 523.3959821340175 0.08927673101425171
994.3616896624142 387.3688325713208 1006.2167493888679 401.8837121909473 0.08927275985479355
406.94269053760473 363.6509287206374 419.34803600078135 381.0155015720876 0.0892033725976944
680.8867520010248 457.65582987152857 691.7240285630547 470.0220549018543 0.08916531503200531
924.232345931428 351.84677506979585 931.6328238722888 361.0599993808637 0.08913616836071014
350.80585493211095 567.4244569521177 368.1579208983197 588.1682098402896 0.08912958204746246
370.01181798210763 414.63260045108206 375.91935798493796 422.23638709800514 0.08908960223197937
425.67452339556473 350.7303752471121 454.3793061450058 391.38262333480185 0.08894950151443481
919.2456437046413 366.2921143256366 933.39703354671 385.1314501808986 0.08888104557991028
937.7990282126291 344.34563669773354 945.2192532268999 354.9642626874811 0.08879553526639938
667.1683384214582 451.8968844088317 681.4621000480662 468.48934344540965 0.08858375251293182
286.0908635619756 574.0574509075955 301.0907628057381 592.5964827228694 0.08855445683002472
474.41079310656164 390.9834971741716 486.25068651241804 409.2948336495117 0.08853375166654587
403.7123832718234 390.69160873914444 409.87681184065957 399.63369418221663 0.088508740067482
487.22983607442535 405.1497219942967 495.2314757460809 418.1718576385337 0.08845989406108856
329.3697261614955 525.2440859401421 336.82419151063004 533.628515262694 0.08843120187520981
545.6466680821518 341.21189204512615 573.5781953687601 376.02838249045425 0.08842094987630844
567.7735609189729 373.37556239051105 582.4699910605403 391.6876847564372 0.0884084478020668
914.0176339773877 343.6926396796629 922.4153753081517 354.58950256593226 0.08840606361627579
1037.9453301273488 351.8011222060704 1077.1087538096529 401.2855494161725 0.08838456869125366
897.4857879029483 340.19333634387453 910.4851389789148 360.49990705160565 0.08828316628932953
640.1341691533058 423.8817473915894 652.925734335626 441.44391260713167 0.08826122432947159
504.9746880996232 432.5364325345025 512.3938677539095 443.34623621901835 0.0881434977054596
678.6444400039048 469.36656195272303 686.0135385912123 477.8663398118892 0.08803136646747589
905.2310630791756 240.8961239671647 961.5036660841564 307.35694143340896 0.08795642852783203
559.2845573399314 402.9752406949342 569.2160587953193 412.2923430219335 0.08789154142141342
655.023823807474 421.46121814099945 674.5913811559518 447.2503249453618 0.0878002941608429
1060.858490814392 275.3330741096168 1071.713982988988 288.71485625244327 0.08779322355985641
570.4458976048259 392.2391989800212 585.0942738481879 408.39026576908054 0.08767309039831161
553.6472198960869 406.7926081210065 562.9903416220376 416.77774607281236 0.08767282962799072
317.2519916017283 480.26825563487444 344.2800398678704 517.9214031897942 0.08756943792104721
356.30257792345265 511.5984874970486 369.07252908234534 528.3819407833948 0.08756100386381149
903.2315107103382 357.03231280850093 910.6399476469622 368.07503308583773 0.08750495314598083
116.58331654514545 115.92945667908953 431.4092639629217 457.8738485693234 0.08747901767492294
970.4753595890152 375.9955472321599 980.2121857126917 389.6313400672291 0.08747661113739014
295.80890465705534 582.783191678218 307.0159129774961 596.1066059615183 0.0874585211277008
420.403226428991 388.1484314125659 431.9283568248869 403.38170015197574 0.08734603226184845
1006.6320528941603 388.72979237626055 1015.2681271740798 400.75746402227634 0.08727914839982986
388.3897036216414 417.5446407396122 394.819115090826 426.47831413347467 0.0872592180967331
915.2865589035862 363.8824562069146 922.851332437091 373.70743551245135 0.08720274269580841
586.5496290665906 401.68936780791466 598.252534193932 415.8879060350441 0.0871659442782402
414.44990715025904 389.04776469054417 429.452817259081 408.58175605868524 0.08714768290519714
499.8605281283769 321.0482082444098 532.0836223315197 368.02459930428944 0.08706824481487274
906.8527628354674 319.53411696167234 935.3166086824572 357.6655531526717 0.08705083280801773
1060.5621080100782 307.05482471960653 1071.2119315293853 319.1451964264154 0.08702046424150467
612.6309847682145 413.9927594884376 622.9820417119385 427.01827419881806 0.08700644969940186
274.41983239838726 613.3462164509324 291.82536236930264 631.7377023468238 0.08699693530797958
342.37190551311295 569.9847709063603 356.8271849100702 587.2143827959927 0.08691606670618057
358.45192465266086 527.9086457787914 369.88677517422764 541.8356569296483 0.08689355850219727
324.5753828386373 514.6157928645205 335.2065801538291 527.2376984201671 0.0868784487247467
518.5648241038357 434.8144296642986 527.8176908842294 446.6687264375402 0.08685270696878433
640.5914043385255 414.88609401866876 650.7361989894762 427.8757144754593 0.0868227407336235
542.6153384588638 417.00120030402013 554.170839048774 431.0055972110024 0.08680537343025208
932.3492441242095 319.9695402875436 940.6320037182575 330.61510550969405 0.08678325265645981
602.0794649719323 417.0693238577336 616.1210432544342 432.67891443767013 0.0867282897233963
346.43017230273745 594.4321628922318 368.58720613762074 619.3680863130023 0.08659974485635757
392.3065259612266 376.3904797913396 405.5237696714172 393.3855478440585 0.08648989349603653
958.7954302209395 307.48044155969524 985.3548058777636 344.0211866739979 0.08643994480371475
323.9528767041327 582.5553514089191 340.34040520363453 596.9493518075539 0.08643555641174316
433.7353356860759 346.1714713519098 442.0801831194739 358.7623846347184 0.08624034374952316
1072.8964775250988 267.3225866327603 1084.4654093583597 283.4734426568128 0.0861995667219162
527.8446588089897 358.9551803736308 551.2924177092889 388.3450577382408 0.08614850044250488
379.09524454529856 408.8879867432011 385.3469941120161 417.19409407533186 0.08604884147644043
380.25301446559206 424.2281483412785 429.33541446087014 483.6747522977373 0.08603815734386444
275.3031770928237 534.4514098692642 292.5572625157036 554.6915302207243 0.08592720329761505
411.2053038351468 419.6133206586863 418.17908745498255 429.0333258223307 0.0857439786195755
543.614196061548 428.672276387963 552.6164979336218 440.4445051011641 0.08571221679449081
909.6627867801776 318.211842568844 918.2646751580075 328.78324849536483 0.08568922430276871
356.7446845327687 407.27186639770315 364.2548704412293 416.4772571304325 0.08566354960203171
553.8402001270667 386.98082157085486 568.45201840845 404.2749122742208 0.08561047911643982
950.9860965649101 342.44559873570074 974.0069594130239 374.5361096520358 0.08552911877632141
622.9603721319143 425.16145904049114 632.8446906508827 437.83003635216835 0.08543584495782852
331.25625679224345 517.257371478689 340.0451044707957 528.3387931758807 0.08530702441930771
936.7879888401344 330.7994530837756 944.5577667172291 342.29988064752246 0.08525712788105011
521.2942815915338 417.4440309914014 530.8025833411525 430.6889115250059 0.08500232547521591
649.8598063302657 381.6999741182142 665.7531319692529 401.8307139929198 0.08493273705244064
589.4705620009062 415.61740656960603 602.7105857749555 430.98909343365915 0.08484362065792084
1048.7957074420356 322.2247791305546 1059.1809378123935 336.4822051808333 0.08475134521722794
993.6145206282821 384.168207307159 1000.6686047738909 391.52086575160206 0.0847090408205986
984.5276174778771 388.3235236537771 990.03499211835 394.54867085640484 0.08469469100236893
507.2853681870018 360.0722037860259 518.9611387724503 377.7793948041421 0.08447134494781494
489.35660592693824 392.7645806127219 499.24107284567293 408.44267374135336 0.0844690352678299
555.6521882019113 398.5237891144688 564.8958497957343 408.6846820225772 0.08445026725530624
551.2443953292002 422.5525764503001 563.4615687092091 436.72556357483603 0.08443135768175125
333.71576019522445 425.4239054930985 388.9258683493778 492.4303331907346 0.08439944684505463
460.9942584442842 341.98401136631026 471.8588946874784 358.1619308737158 0.08431258052587509
1051.311413393269 303.20991049255565 1088.3455064869802 352.4386038764697 0.08430735766887665
311.7524698356666 525.4561523246348 320.16882198389936 536.1869702187297 0.08428968489170074
916.9283677679643 291.1193279224263 950.639199630102 337.8130628985381 0.08426328003406525
444.9827254918435 372.8331676363233 456.2064240722286 388.43255584454374 0.0842137336730957
534.8432647113591 363.8537702367308 601.950445206956 447.43777882271473 0.08413436263799667
427.1961050167958 383.24783609655185 437.1668953963843 396.13242961623445 0.08407183736562729
471.9366297182679 348.2145692354337 484.4315608372346 365.4498088036127 0.08397344499826431
510.61932837746696 421.8720343444601 519.9078004681023 434.49916168413733 0.08397271484136581
576.2844455070185 412.32083169591846 586.9168878959949 424.7645070155132 0.08395318686962128
1072.5802318994474 314.7695116212491 1083.6580720272016 330.04839578029953 0.08393356949090958
469.27078639651626 363.53875640234435 483.36998780721854 383.29838702294796 0.08376358449459076
936.5477242852977 352.71878689893373 946.618491223735 366.69262664464605 0.08370903879404068
494.61733481422203 417.4706763995402 502.86696031438527 430.4378078693209 0.08369142562150955
453.50365278360374 391.1460592310182 464.030613049701 406.8041633534395 0.08350291848182678
5.350508297981302 -30.35285022641585 257.822708094278 229.3354486002497 0.08348657190799713
308.67317520544316 586.0152551450334 325.0905241468096 601.4556223334746 0.08346600830554962
911.3011281759526 353.1706210024904 950.5091131585648 408.8415897729459 0.08336412906646729
395.4298778916651 349.5842599824447 405.2539223356521 362.91983030962047 0.08332958072423935
402.6855669264011 418.6967907155454 408.1443934666434 426.29686530666316 0.08331017196178436
308.3013378694877 515.7673987583521 321.0597027193035 531.5039992744071 0.08330834656953812
1039.8287912868798 408.4789986575731 1048.8570294413244 419.8734046392944 0.08329784870147705
898.9236440512742 377.3496201019761 906.074754217455 388.290147795385 0.08320530503988266
439.4185039056894 406.957852762176 444.58927514009685 414.24587331187723 0.0830385610461235
570.9922062401679 416.0588503482696 579.9536768770861 426.6655606522678 0.08298924565315247
282.9076416831127 532.5463069541006 298.4895601257424 550.7664323728978 0.08293171226978302
334.86847281259725 397.56808959051295 357.2021567964721 423.37335218831475 0.0828842967748642
17.530921593762724 166.90569218510282 104.87153607541296 261.44260667561645 0.0828581303358078
938.2888540757958 360.37139746993927 946.3352777645464 371.6905564562108 0.0828552320599556
540.5207916560261 374.15582552391885 557.8089035177675 396.57247393590853 0.08283773809671402
688.3354131073597 19.76708698798526 769.4150059900143 106.78044764196711 0.08279883116483688
372.32842719947257 379.427165818784 389.94282651927375 404.40239279517493 0.08272328227758408
1067.6217334517505 383.4929003866072 1078.8523392908883 401.0743033150515 0.08265195041894913
623.2722261782617 424.98328373083655 641.7194255270032 448.2263345749703 0.08265051245689392
917.8640467278676 384.0214397494707 925.5701155358317 394.8117805885515 0.08259616047143936
928.8650707049641 331.48858497670744 937.0536915990141 341.9018082233396 0.08259308338165283
612.0183046560686 382.3324253818484 619.8244741520566 391.8013380431436 0.0825456976890564
408.06457459612596 424.3419996261986 413.6888571227315 431.9585013911631 0.0825430229306221
599.6344480722142 396.2879836086725 614.786761417419 414.70070373190185 0.08248952031135559
429.30340698277695 374.9516285298203 439.6836506942895 389.5540550378778 0.08245058357715607
1014.4547163173881 403.3250232387261 1060.555193980675 468.30761900632905 0.08242227137088776
441.4297796450182 391.5003035199843 452.2308826997867 406.1172380946652 0.08240723609924316
508.4958408133061 439.2559922746143 514.8968242502292 448.48864602705186 0.08239807933568954
669.8067877329761 474.16532605594034 678.537759159425 483.41167314562847 0.08238764107227325
370.2312867649492 541.3260772819316 381.4209503318719 553.1894788374987 0.08218985795974731
538.9963599847285 437.63943701647645 547.9376906319492 449.3144415494807 0.08211614936590195
1010.1708358344587 372.2832017113206 1046.3937833329117 405.0919160358168 0.08204935491085052
394.14758174542703 353.6473614161107 418.8130947175908 386.57463849447714 0.08203481882810593
588.3624096344288 382.4767505402147 601.4693859224009 398.1529856761503 0.08189155161380768
937.3470838243342 369.89023544261534 944.7707074531698 381.40712249389884 0.08185938000679016
910.1723437221241 325.98233169311123 916.8479498207088 334.3293141360818 0.08179830014705658
605.7949030171662 427.16733062564987 613.5509509184196 436.0031374555149 0.0817589983344078
912.6472635228184 336.1127244284486 919.8612869500681 345.14685801661693 0.08170327544212341
437.11104726817166 407.1198195644172 488.74295649311574 477.0977872541508 0.08162897825241089
665.2765699988726 466.53267759904344 671.3117805973827 473.4168953923248 0.08162885904312134
392.39249243905357 410.41707078380006 417.46319377041806 445.22354406201157 0.08161104470491409
537.341067660729 413.88552836269287 570.8962650676141 452.69711543215675 0.08160782605409622
991.4065768149437 365.7394923276697 1017.9737431764825 395.31670595034984 0.0816066637635231
982.6628500446925 381.27153049013873 989.8932072970214 389.70114138584535 0.08153121918439865
904.1642107534624 326.9419547546846 912.1235689745847 337.79316443470765 0.08147301524877548
568.2507768366712 428.7855544052753 622.8419077102753 487.6806585620671 0.0813271626830101
660.0110195620297 403.46585937764047 679.3685386691461 428.76486586058843 0.08118840306997299
1053.8002172748495 308.21855632995687 1062.353947146663 318.24109498103246 0.08109194040298462
995.2947032139775 421.34468020603214 1004.5768331182622 435.37628132972634 0.08098876476287842
620.4155243671329 405.24772409629816 630.8133832950014 418.2329699071199 0.08097981661558151
281.5704681691036 585.1960534665101 293.83934539455004 600.9237650218569 0.08093376457691193
322.33591420322125 595.6557053394865 338.9098721914317 612.7345048536114 0.08088405430316925
923.7941422813321 328.6901878658017 931.7110331248352 339.2196910902976 0.08088167756795883
310.6597794293309 373.04646828939934 331.60434457188063 399.33474479407874 0.0808129608631134
476.9954133579629 376.6570033757692 500.6874588909525 407.3641735679893 0.08079508692026138
338.6150870375167 480.6000682791968 364.9542768042806 517.5349092856949 0.08076637238264084
515.7749956700512 358.0101026146248 526.729382561066 373.30342196542705 0.08075520396232605
501.392427495504 441.72655490840197 508.81079201955106 452.646048910852 0.08066747337579727
351.5831865434355 557.6891536301133 368.89492203987083 576.0663485592337 0.08065959066152573
902.386433757067 283.6609266854291 912.1710917000779 296.71662629266376 0.08065763115882874
263.20518080488705 507.23942453838913 328.84937104068473 592.2109035422152 0.08056988567113876
901.3059277734637 316.19909918093384 910.2402781984722 328.6432045950173 0.08056960999965668
902.3438930361852 503.95056669030066 1193.912888609896 836.1632194344362 0.0804356262087822
921.5835558715962 316.5860571993772 929.9307042540772 328.0135732350483 0.0803990364074707
609.1316022013325 391.20635792600063 618.67086646257 403.0081459392852 0.0803721621632576
490.16632208373795 352.03549620651023 501.87971794397157 366.1132496602253 0.08036567270755768
620.9800667224436 416.14054475948456 628.7716188846543 426.02368622108946 0.08032266050577164
278.2527434283075 511.9268704113005 297.4760773570737 534.640506841978 0.08015959709882736
450.19580146639436 375.1539500610893 462.6402500904665 392.15155971610875 0.08012250065803528
258.1022726151576 546.7084833843799 272.92777704891904 565.1766936316461 0.08006975799798965
305.69845101742857 539.0401525044596 313.08055216674785 548.5401264366081 0.08004899322986603
993.1766759060064 392.81769833415404 1023.2586392318015 429.91465376088456 0.08004675060510635
316.77978057647385 521.5741375312016 324.446866069805 530.1528824611038 0.08004432916641235
936.3731324481683 306.2568127422228 945.111304171499 319.23884906323656 0.08000745624303818
912.376222305669 355.43671502344444 977.9558486056667 433.74290916927043 0.07991074025630951
355.69721235113 398.24970889526924 375.42608656634326 424.88493907322953 0.07981989532709122
307.75368036819657 531.4817817757893 315.3765667626165 541.5370827486079 0.07979077845811844
945.6497145652212 367.52454370278053 958.4055660005754 385.48264228597316 0.07978101074695587
26.802853006088633 530.1704704090353 105.92539121351861 649.5546432389706 0.07974327355623245
979.8959426517046 353.6323041758816 1002.8859692734508 381.42265410817066 0.07965682446956635
588.0452957423096 435.01820124760377 600.8438409880129 449.71191996545 0.07960914075374603
557.8099182497941 425.9671824378822 572.9597821131621 442.5139755467611 0.07957057654857635
918.7851876787648 358.0069078847075 928.1459458330191 369.85152091979717 0.07956282794475555
924.5671333795976 343.42989670737177 931.2852641391275 351.47646416115924 0.07954706996679306
629.8343476952334 423.8709212850642 640.5658623283687 436.0354912895165 0.07947918027639389
381.8372592366797 379.5578487613789 393.9201792254562 395.1871468104339 0.07939617335796356
979.3363945354495 230.70197199161515 991.3924250678825 245.0871094348848 0.07935050129890442
574.5542433322755 423.2766585231814 588.8292165949808 439.66095467010194 0.07927493005990982
526.8505718407972 440.18821202570064 536.5736566289529 452.95262026140585 0.07927461713552475
579.8602921191459 363.0591190972905 593.8443041382217 378.68348483165977 0.07925426214933395
513.09701556726 440.69600266586184 520.6270333762209 451.34736942871086 0.07919985055923462
612.0722929341566 429.3877212015254 622.8261618497054 442.68497038232096 0.07918117940425873
275.13067271953423 562.0365216001494 285.7432044473635 573.6808788804549 0.07907774299383163
915.9532671898975 322.5944785237299 923.708431725449 332.83267733398725 0.07904528081417084
896.5284413650329 328.54895980131687 908.2862140460326 347.153309388162 0.07903917878866196
579.4459746358564 404.27688176350534 588.5166026279729 415.5323002804992 0.07900721579790115
1025.7024673558192 373.4639154846303 1037.0097397911206 387.16485777849056 0.078986756503582
438.5965312106931 415.21511637906883 449.5437014525836 431.0206795891747 0.07893673330545425
907.5886042289786 367.592241036287 913.0675766749981 375.5708454759033 0.07888467609882355
382.6876761318059 490.4780003102249 445.35041485170973 553.1201945389695 0.07885398715734482
888.5737501078557 348.0261167856779 903.8661754173644 376.42087413158055 0.07884252071380615
631.8228472965548 346.7494117998701 667.0786153640926 388.70983220723144 0.07866988331079483
434.3898811819717 367.94262341862014 444.32936991373714 381.6777782150801 0.07866895943880081
490.24556098446504 339.10064245370563 513.6448782507707 370.4626780381291 0.07859589159488678
607.152106476573 436.8232119526213 617.2414890906687 448.8159863852845 0.07859460264444351
371.5084136500177 417.8088121778607 378.05003853619183 426.6796218761815 0.07858262956142426
363.0315534029989 540.1082001609822 369.6512019481125 547.4379241630455 0.07855650037527084
436.6523516171689 383.73378115700314 446.10566964390244 396.53579538331695 0.07853066921234131
1046.423758089356 235.17188303690443 1088.1932536262402 296.1263753072583 0.07850901037454605
1050.5439758026018 339.4039109735459 1070.4704297206538 364.02256962872644 0.07849809527397156
906.5184906881565 377.78056876827185 911.6317493336359 385.0408806194787 0.07837396115064621
391.6872208282193 396.59067860974903 400.873402186103 408.31383646401895 0.07836056500673294
493.2918070449903 384.12702763162804 500.9801864248202 396.6093446910411 0.07834689319133759
976.7596732679403 388.86574958906454 1004.5659342169342 428.77507922911406 0.07834193855524063
1029.0703335863666 409.551898719058 1036.988586371824 420.0012762217675 0.07833519577980042
1043.6493010896104 283.55005900218293 1052.8937027857735 294.25961823979304 0.07831507921218872
939.4401126059157 378.22727272318133 949.5722133893146 392.85985427307486 0.07831263542175293
830.0619633670901 347.8941453851188 1028.4518276489737 578.9159386114576 0.07817085087299347
590.882680578437 341.590998066145 623.7820490572556 381.2849483188472 0.07810985296964645
411.36966222741677 376.81567001192366 419.9549433629447 388.67125070290865 0.07806016504764557
488.89038274595913 427.01217459381263 497.751205077953 441.4022906251927 0.07798540592193604
429.2918126822733 358.7379917893015 438.0067821686083 370.31889812006455 0.07797364890575409
635.0946814015176 406.2862579522763 644.9136382382902 418.4748868497065 0.07789166271686554
594.4141856500502 392.24473836089004 606.0503038089508 405.7366168534445 0.07778311520814896
270.01362571826456 525.1149775498641 284.1751252906409 542.9419119340071 0.07760998606681824
611.1859200427675 402.2622823759302 621.893205901062 416.3058236067922 0.07749433815479279
507.28634013678334 446.2130154930644 513.413589308889 455.2152499121451 0.07739771157503128
377.59771202186073 394.4214055504401 385.50042179175546 405.03307006922734 0.07719573378562927
471.4810579337926 325.7972820873664 478.49583524546796 336.3595335448414 0.07716669887304306
911.0328906640012 375.077861135753 916.667392801591 383.3375162857596 0.07713450491428375
949.2379610724105 298.3717234362688 958.384193422128 311.6926312836274 0.0771225094795227
352.4498636296021 543.263205282987 376.04538898316724 567.333024409204 0.07704191654920578
250.8985776120637 491.80202809556914 274.4711099516789 522.150477324794 0.07700276374816895
618.8075801582112 383.2423244722873 628.9364153688987 394.9244051213168 0.07695724815130234
944.2633675392816 335.4220144495906 963.4997087532056 361.5000803578337 0.07693497836589813
921.7354629836102 336.45778741258823 930.3429948781477 347.47139178961174 0.07690831273794174
327.28324428200597 325.32552153790084 574.3165697654921 600.51112400339 0.07687836140394211
641.7373819022877 390.16511218353486 666.0524564893416 421.3170328009638 0.07662332057952881
455.283664224315 359.0099153979125 464.9890327800695 372.1821042458712 0.07660800963640213
1001.0604086011108 348.70957468227084 1037.504637361848 392.5744946041743 0.07656832784414291
612.4032350818384 356.8136450987725 639.8903074604044 385.9914720714502 0.07656031847000122
426.72557715377667 395.9367174992632 455.83079732511686 439.8599514480857 0.07652661949396133
602.0619345803622 382.50259566004803 613.8961094524055 396.16417027227516 0.07648011296987534
497.2937474344608 430.8389933281807 549.7523943701927 495.9131538284078 0.07639516890048981
871.452417040616 283.4746937245554 878.4841482558497 292.6102692478199 0.07638044655323029
415.6968428942972 354.9949722870473 422.7582389334805 364.71111759856007 0.07634831219911575
333.32738834631664 371.88847193469485 357.5517886917887 402.1582611828907 0.07629603892564774
559.2823245317215 377.66047207611416 571.7957324184678 393.15324089566343 0.07623153924942017
401.2947791445711 359.86759020757694 408.02579645344906 369.2754809018695 0.07612070441246033
235.5676703828725 512.7349522735736 258.2400365305824 543.120390638654 0.07610950618982315
372.8033138987674 338.355223009734 400.7204086932654 376.05488515817234 0.07610449194908142
478.2631128089997 348.78573911075733 488.4320337147755 362.05798928395916 0.07602890580892563
372.17725224662155 406.26158431218994 376.9549563532538 412.56041848009 0.07599330693483353
353.55975108294814 512.0977282621678 360.93357486866154 522.0968435223011 0.07588572800159454
955.1000328870183 240.28414279840106 990.9701799971926 289.63646961497517 0.07580409198999405
576.3036843467094 370.84328994533115 591.9875046479457 389.28299788119006 0.07572326809167862
369.63940051584206 551.4392363994972 382.1597690004345 565.6281275575968 0.07570775598287582
948.9967200923425 388.84637248838123 960.6766886633183 404.3659256882742 0.07550866156816483
568.364541333889 429.47765339032844 585.9182430394076 450.30288907717744 0.07549535483121872
416.454961563689 341.7567482723938 431.66256107386675 362.523965143499 0.0754266157746315
240.41209023607553 421.8366902306915 289.43948444145866 493.27972211505363 0.0753045380115509
642.0438516009501 449.78566112910636 651.4755126975696 463.38403392151685 0.07525166124105453
414.24950642376695 387.1663149625831 423.2074284328565 398.8592583538916 0.07523071020841599
1013.3284970442132 332.0077969122868 1045.0851579681582 367.7965379598811 0.07511895149946213
786.2140617214097 84.05383949304898 1027.4203320353733 366.139333137175 0.07511840760707855
856.100247872141 339.33605416814794 879.4355963289195 388.2976957201991 0.0751117467880249
349.5851007342773 355.0314304184227 371.6801660936484 384.27548777001346 0.0750814825296402
568.9309126930378 328.62583854336617 595.5737682940072 363.7320238941093 0.07503439486026764
441.11412607654967 402.81345592772703 452.0869054059571 417.6261427762178 0.07496615499258041
466.41027665391675 356.1055675133536 474.39750373453404 366.073116509399 0.07496508210897446
672.8466767652719 355.1348644894949 698.5561500111161 387.7636074591124 0.07495678216218948
884.0148960661277 280.3528107670002 891.0808339105718 289.3388397040987 0.07490348815917969
909.6485730309774 384.4961816769427 917.6750742937319 396.25753721743513 0.0746992826461792
963.7141753319379 326.5506071834404 990.3528174377823 362.7427629574381 0.0746258795261383
385.73886929586075 367.5941658094656 397.95859176300564 383.63690603025697 0.07457932084798813
422.77034747767755 354.09502329387766 429.845708344736 363.5236191236567 0.07455633580684662
958.2956461179945 386.69488078867664 968.4542178906895 401.3794490370597 0.07449288666248322
596.6993976631826 407.6872284738135 606.6755184889362 420.67153615281165 0.07438408583402634
511.2045071200075 447.80821735637 519.0072397392122 458.59394751390494 0.0743488296866417
1014.3868527814201 386.61918650454317 1026.1036733163376 401.9295951636859 0.07427596300840378
921.839340458747 377.24418429493727 927.670435378029 384.6399924396009 0.07421208918094635
368.0763655247497 408.5844005639955 374.2399791452442 416.13204118009423 0.07419855892658234
895.2165553873879 289.09799879931654 915.1875362709202 319.8496858556252 0.07411418110132217
870.9193315203778 314.18511954781223 899.1377058586803 364.6346107306506 0.0740426555275917
935.5712021001957 386.03475575547066 945.5155985339276 401.82283072876345 0.07401704788208008
909.6231837486254 306.21912260074646 918.8308185877894 319.0281077551256 0.07398699223995209
884.2865358088148 313.8013310554617 900.7112235458947 339.5555217383871 0.07397571951150894
866.1860912025348 373.44467124425773 875.25723613307 395.120239836947 0.07393018156290054
626.921992212299 439.73241868004214 648.8068295276967 467.1512368705555 0.07388339936733246
987.2145525134041 224.73577922281052 1000.736946562653 240.34686360821615 0.07380371540784836
517.9976539094063 467.9933172751263 530.406264500126 483.0486616017583 0.07378188520669937
978.7526781238973 387.510320184835 987.5636508718732 398.916887098666 0.0737764984369278
380.33206487539366 405.5503433502696 387.7914548169095 415.2679495496483 0.07364777475595474
916.2744177068303 372.08746027012137 921.9785562477834 379.3931667767222 0.07363753765821457
420.97062438114233 430.2887897386198 436.18098152921607 451.5639210888727 0.07357777655124664
268.2152667658331 583.3186531503526 283.4727714760486 602.2158567149958 0.07356604188680649
905.818140971778 366.32896825287276 915.8005239298275 380.36944954887696 0.0734962597489357
354.7138368232015 377.5533133068135 387.1434298855718 416.3065841910504 0.07349304854869843
441.0772121586932 346.682107957498 450.7590517389655 359.96920368835407 0.0734577551484108
600.448856357683 451.1713810000773 606.9203190388837 458.16108601210505 0.07344527542591095
909.4230266873071 333.0138369844343 916.3933914991076 342.3126140462676 0.07344219088554382
283.60394636880795 597.0433426504673 297.1369004575375 612.2182170772087 0.07336534559726715
367.43865751212235 527.42391766661 384.72382624945 545.8291136401112 0.07330354303121567
916.1411260431839 295.303155020089 927.1794102964361 310.8131430624972 0.07328542321920395
512.5268385016037 351.03063962924244 523.2464363384017 364.0029004547216 0.07325055450201035
636.3988927162536 382.97100595918255 646.1576872885728 394.6135375674846 0.07325045764446259
399.85307507516114 331.90319372858 417.2610140731029 354.7582326038537 0.07319415360689163
522.1300170570498 305.86329893274876 558.7643264807041 354.9842244817288 0.07308278977870941
911.5253167954103 286.02967553764296 922.1797466912699 300.87033764443265 0.07299652695655823
405.915723386811 404.13850478528246 415.1764460941048 416.90380705770866 0.07291898131370544
975.1346388260828 -9.254945541648123 1088.8277395595226 118.43388355936113 0.07282716035842896
443.1668475737059 297.1634875159934 477.3839701308 346.7330230580538 0.07281089574098587
476.045484895052 417.09760810902446 490.30157917314466 436.67195390367743 0.07275854796171188
284.2782823643611 567.0813953921895 291.1600107727401 575.2188956759005 0.07269139587879181
455.9325243098134 395.81989028004097 469.0346572457722 414.4194511452552 0.07269099354743958
620.0622542285566 436.3237546234382 628.6156010011357 446.9382295976868 0.07261893153190613
940.1250371175399 312.69473446043537 949.9782211537126 328.0568349908001 0.07253168523311615
624.3132586381054 383.78127889335553 634.0647479374476 395.11303066227794 0.07250991463661194
360.9733926072198 397.06683381943185 370.10716110933265 409.06648546974924 0.0724603682756424
1033.3463197854696 349.7416742333106 1051.9052077069614 372.6272831343798 0.07242979854345322
984.4368431874634 296.7020694768683 1011.6786461158379 331.4030527305708 0.07240856438875198
610.2994101523553 357.7558073805172 617.2964954334319 366.8659940599598 0.07224363833665848
930.6150486436128 326.0503488062423 937.9632074309666 334.7207532309096 0.07221837341785431
600.4708178130461 432.93623303245073 608.8657566106519 442.4746979187195 0.07219430804252625
890.4784402904595 412.04623768663384 939.8089290276465 480.2969222974007 0.07208852469921112
1022.2537505357766 420.22755652720923 1031.8186319936954 433.5791256997478 0.0720653161406517
656.796707956162 403.785630672588 666.9434128948873 415.9885172665266 0.0720561295747757
515.1633275788332 455.2290952145263 522.5434938246967 465.01498487735387 0.07205045968294144
603.9063187684352 451.50884902051354 611.3123449380618 459.9910073236859 0.0720323845744133
972.2867307675948 388.3876708330369 991.5640023335857 414.7186066907201 0.07198446244001389
605.7983589852711 536.184509044686 859.832816834376 789.6739913644293 0.07192022353410721
1038.952445139063 441.26165045797813 1043.3239764184862 446.23597331741024 0.07186686992645264
394.1103790758856 416.94042525069574 403.9695313710347 430.15749470532074 0.07186637073755264
535.9508501678314 367.5625110305342 547.4116827257204 383.3468691727346 0.07183434814214706
941.3339024409833 310.3943440935042 965.7204658257017 347.7653302157301 0.07181806117296219
526.7951973178672 342.08845930726903 547.8121836000197 371.36031268966565 0.07176299393177032
477.79439643223617 408.0937211274858 487.545715628666 424.97041464822 0.07175417244434357
309.5351064348727 388.2271771315847 343.46913138282457 428.4937928374633 0.0717398002743721
966.9104455479305 274.3902259185344 996.1230903944195 316.51324777681407 0.07172104716300964
911.6276349436553 264.76122429637627 937.6245026274827 299.17719088329216 0.07171979546546936
1041.751807718491 313.1964650762735 1052.7875584132871 327.8927279501717 0.07171639055013657
350.24744382437126 352.060628369972 413.1977682048802 422.7264149022913 0.07167278975248337
471.08651706125676 343.1362750848378 480.4032744815216 356.38597937656056 0.07164211571216583
309.0831666516122 520.6450906836624 315.1726831950756 528.7283439518933 0.07152822613716125
968.835023889537 223.68294900062352 980.9081561109446 236.90067745708197 0.0715203806757927
461.22621204107776 408.9310538863795 470.77772537509634 424.6567006163069 0.0715194121003151
-108.74768741790301 424.05505829820333 259.09895773766374 865.967728438248 0.07143491506576538
453.2549323405269 49.24501116794311 694.1702967549677 308.8371557019815 0.07138675451278687
1029.9623399916554 443.12757387309574 1036.983437594467 452.7507877720943 0.07135076820850372
519.4468051553483 450.84533058418964 526.9218973665104 460.4895749350317 0.07134927809238434
626.0657636191614 420.88772843029074 671.1170025455426 471.46662238390576 0.07120385766029358
548.484075994357 438.7001213390205 558.4513264982969 450.9017326846767 0.0711708664894104
449.8548469206456 350.56501720878344 457.22199819170766 360.18214695855266 0.07107638567686081
271.50465513394175 592.0780792363643 353.0150964148926 678.7432515976376 0.07098846882581711
593.1953083076454 293.8133657846936 627.610940484912 348.69580704602254 0.07095993310213089
409.9302629468343 359.9167600397967 417.62127776826185 370.5409726352938 0.07082340121269226
992.3854248679899 225.96169921401076 1038.4341876213532 288.12262815567686 0.07078122347593307
940.7619362982142 347.0702593533701 987.9546116680635 420.7875818037361 0.07072112709283829
901.16328369992 367.577337916712 907.7251909512287 377.5645870286811 0.07068339735269547
908.8643513811903 394.18339427879584 915.7945909391781 403.9514943852663 0.07056203484535217
893.2740836355172 313.58004282813874 903.1975257671783 328.0756645253468 0.07024409621953964
407.1259451789338 430.14300096863946 417.94148317569875 445.91675066358073 0.0701342448592186
492.43457307106127 445.62096898279043 499.9262278579324 456.8384368440204 0.07008612155914307
899.4956914509069 389.7007699252117 912.8124692014287 410.8861677049741 0.06980469077825546
869.4100804167929 271.5352623762579 905.3455204159844 324.7987389229452 0.06965458393096924
1051.4977495465166 373.992047091207 1064.7410942916931 387.47161225008796 0.06955395638942719
501.8387807375481 485.7483756643091 510.479495968242 496.18057484160886 0.06950128078460693
610.3202904251962 367.45154409388607 620.4713790398166 380.4729273966638 0.06948734819889069
409.60691973259435 331.2276897617816 427.3031155318963 354.71764186907586 0.06938852369785309
446.20978012080184 569.6898792412103 633.1757365038992 766.7332166246188 0.06895888596773148
468.9796380526437 401.8769349653386 480.2580672279493 419.54577176210455 0.06873305141925812
588.2363287926656 374.6168754232631 598.1415562039246 387.6442282717429 0.06871923059225082
963.7661133740673 236.74241187847045 982.3470680327825 259.93168829054946 0.06843876838684082
932.1274024121435 300.72803063594245 941.1502387856552 312.8046367582283 0.0684102475643158
445.8085036443704 408.1931969368258 459.26999941982245 426.98493098869733 0.06839749962091446
347.00566826628926 554.9236625609781 450.6034345461834 657.312847502886 0.06832504272460938
625.7911755523033 375.67850621529215 639.0780117943567 390.8147230242645 0.06830491870641708
520.8116728622241 444.8952305571976 540.9166022387925 468.91579344019993 0.06823738664388657
478.34690923885415 317.82805069875593 488.8724040914063 335.41690649264336 0.06814883649349213
484.11622936086246 448.5391916225854 490.7830747754622 457.982572747038 0.06797519326210022
605.7053506305701 376.68436447795636 658.2963365688088 436.1653312538923 0.06796949356794357
646.9363462364219 404.1851177660754 656.0129561371594 415.72265507969587 0.06795918941497803
995.408453307868 368.53418632085777 1007.3804248811897 382.2894705112954 0.0678870752453804
946.2687024883076 234.62870732656427 960.50129321528 251.0582529221872 0.06766211241483688
638.2996091842874 373.8129958974139 647.0804181977405 384.42249362348485 0.06750311702489853
402.8605920876045 346.8941377607519 410.79176307388866 357.2036513926979 0.06747398525476456
612.9543364136263 449.71002477503094 621.6564027211248 460.62114163170764 0.06744349002838135
600.7898287696814 370.54239039901427 610.8593994901252 383.07012807079064 0.06743256747722626
940.5813659067298 405.6713960115831 950.1995143058462 419.45368022778143 0.06742118299007416
943.0017445928586 277.5456558829013 954.0627594760283 291.8098227867367 0.06738030910491943
390.173486519941 363.03277349194474 398.18388456373503 373.342908535586 0.06723564118146896
420.33604723561706 443.77046569391956 428.0974895421273 454.1137605769737 0.06720757484436035
917.9254288053824 392.68717731490995 935.3947537302224 418.87498875437643 0.06718485802412033
647.6865063668788 385.57299429993543 656.9813874184748 397.9361805817039 0.06699953973293304
499.0845540834495 450.4863601577468 507.7947590186316 463.0252151605353 0.06696584075689316
539.5441594122215 446.58428452287245 554.4898277590231 464.5412469751696 0.0669073760509491
985.0944325161952 325.51548589201604 1013.2024913503986 367.8656222003117 0.06656891107559204
477.88887132144015 435.1896627810563 486.30716629609236 448.1553183271396 0.06655745208263397
537.9771454291838 459.08321861536274 548.1571806008335 472.4296585603883 0.06628672033548355
396.37380023310095 425.79855561036914 407.50269177256286 441.84345741099787 0.06610389053821564
1019.1498915147001 269.12507398460133 1057.2091394584668 318.3465799334179 0.06548808515071869
638.3033901334259 392.6142557162461 649.4966829220879 406.5446270434673 0.06530410051345825
926.7344545567089 309.2722939420618 936.3982676296287 322.60811314751277 0.06512109190225601
899.7454112026704 243.47520600415106 918.1528063536659 264.8073717177943 0.06474363058805466
945.305802216124 412.94537003204937 990.3913986522138 480.5397410329657 0.06463856995105743
922.9651456415708 285.17238381050817 938.577645766923 302.76404409317314 0.06448550522327423
362.53405721217695 407.3605376887544 371.18616211749355 418.0847604779186 0.06428204476833344
946.9625072794367 206.26562634202793 969.5284571916366 230.53990640387016 0.06388676166534424
1038.081348291551 438.14535350507 1046.6932875283167 451.0148465876424 0.06386321783065796
1043.1259784425947 418.88612819726796 1053.8504865767936 434.1714261369697 0.06375282257795334
1037.8189362878522 450.7510678178067 1046.9147251333961 463.2980297048018 0.06359497457742691
992.7749068279725 237.53088022467654 1008.5114121493865 257.87319257823947 0.06353054195642471
322.58200059703745 414.25106657293196 331.1675493057259 424.8256816831713 0.06293419003486633
1053.7936120450997 404.7262223081579 1064.811737872702 420.1940203221214 0.06287257373332977
981.1665767048343 417.2544119482751 998.3973197420831 444.89278642421914 0.06274634599685669
865.2918002082887 317.5418740060452 886.3564462231927 355.7243106293562 0.06245189905166626
931.7493121467736 240.3462992299823 947.791253817651 257.0548968232285 0.062042851001024246
509.31408372680517 471.20973854546946 518.9018275360866 483.55894938994993 0.061976537108421326
955.6315947577061 226.25159630796736 968.4805152470935 240.6149101430672 0.061608631163835526
423.9746633571771 451.38658548834337 431.46988151213617 461.67224999613273 0.06117378547787666
543.2268640383019 283.2562841856402 604.100455119509 358.01884442239896 0.060887884348630905
660.6412207183557 320.56592267784134 714.8164022001954 387.380495753676 0.06003566458821297
519.4950712147117 341.3607583189556 530.3165570222008 357.24177700695117 0.05984766408801079
977.6407711833745 215.35568268581744 991.3041192724545 229.5940529088669 0.05982214957475662
941.3416267453356 -74.57100593047238 1156.430776663391 166.28112154424906 0.0592164546251297
411.35507965618456 451.66183747943626 420.1410144408382 463.8040494054062 0.05895598605275154
501.0264570685408 237.29582835172235 564.537427693346 310.41991940744475 0.05803615227341652
823.4718566213938 331.2258437427974 878.0274329955116 421.3890166063329 0.056716397404670715
