680.5295832171336 283.05282136965184 708.3106500945572 319.35035902625407 0.9997956156730652
412.8842875243654 298.3172331308557 423.6455453106841 312.8344354813693 0.9983695149421692
539.3007832910996 299.3510939866098 566.1955441948022 341.7025160822521 0.998261034488678
451.2900914179635 306.382584679539 461.43203349265394 319.75716315823496 0.9976467490196228
146.74395936111256 306.39424653744493 157.8761429221588 317.97683389446235 0.978715181350708
582.1857823806523 291.02110566149946 608.6257662532796 327.9848532163424 0.9751706123352051
192.69736159701745 314.38689087868397 200.2627806248939 324.27870884084314 0.9686194658279419
438.44635090782054 310.28799972543084 445.7786526007007 321.972007003183 0.9382769465446472
428.79680212984834 304.3229188622557 436.91064883412525 315.28557969462366 0.8953324556350708
467.70651477414464 312.62029265515486 475.73509279311634 323.27896265114435 0.8056167960166931
473.8361014291937 306.24368578123443 481.9979352479767 317.2912400007313 0.7935456037521362
489.13497227489654 299.52596625590695 497.8042666688981 310.9600963717345 0.7876778244972229
113.36707930631194 303.06237565219107 121.04018474684285 312.1113539220529 0.7607060670852661
712.5207528853836 314.4691335980056 736.5754268457025 343.28872295605856 0.594752848148346
411.45273039103233 335.8935543047164 422.07452386542786 349.0869575927826 0.43249204754829407
367.7763360668881 311.851262510632 377.93577446896603 325.1089194174054 0.38911309838294983
505.1579648685955 301.0656694299698 514.9772283122446 315.3742024028041 0.29883095622062683
735.3548961202246 305.4498570790394 743.7384273511302 317.14344511894296 0.2724769413471222
382.90697679843225 315.62304213410994 394.7248684361523 330.6544110243499 0.24763980507850647
388.2342727416612 298.4006364885469 397.11424952985107 309.6512985195356 0.1772685945034027
643.4882688534121 293.9341482394102 667.4330101878525 324.23858303975356 0.1706521064043045
390.7914787932332 304.9816115499146 401.8244556773224 319.03561066884765 0.13752935826778412
443.9427345594721 302.1590627544629 451.771284453638 312.80561868885246 0.1373695284128189
469.79606809691603 300.3425432817496 476.38384374138917 309.61970239421 0.1365508735179901
462.111997525045 314.51072903701595 486.05487873306214 347.7999497538361 0.12915483117103577
112.80434407122115 356.51383227941545 119.61341357492658 364.31106365792675 0.12825392186641693
375.8307554971887 282.1764752169996 406.51478022101736 323.9871540402522 0.1247076690196991
138.16940401939124 305.1250815407593 147.85911700182623 315.77571803617934 0.12445732951164246
597.8782265864584 270.9024682850449 616.6100553219234 296.75725469186443 0.12085221707820892
120.93033645578093 299.2893379561735 128.76082605353153 309.7135887198563 0.11892011761665344
493.44308659184645 26.170834760919536 568.5170027760639 115.33093369733376 0.11711563169956207
29.09995057289453 326.83338020003123 57.87986613789526 352.9227885642616 0.1163061261177063
223.60313371708847 446.8232023430127 261.59614651889177 501.9566396337338 0.1153985857963562
442.68858875503133 289.28248010665675 471.5021284607065 329.2282586639455 0.11322398483753204
500.89649067670354 313.5505820336182 517.641557442921 338.71555998073825 0.11096837371587753
391.07246299824385 319.50558777077947 402.7904127928283 333.5895930045088 0.10951048135757446
441.93334515740634 360.0485707221664 449.5572561231508 369.211530191694 0.10814341902732849
454.16181812510536 277.9368015131729 479.29716084485443 312.12182636170473 0.10800705850124359
620.4441385418037 281.67257495617116 635.7321243640849 305.24549935883124 0.10758262872695923
493.03093020457436 308.710404435863 504.90383098475644 324.9884453771518 0.10703828185796738
128.06201301013638 299.31579071213065 137.35760192802778 310.0933790731732 0.10657103359699249
173.77445298625278 303.717455857233 181.6676800459364 316.23715738912847 0.10537263751029968
374.56676464460827 319.26039797930844 384.9090674248036 331.5179488018401 0.10401815921068192
522.2314199636443 322.3272734592789 543.4560995255923 353.19027230800316 0.10344989597797394
501.22187834716306 306.50488060001186 511.62244622122876 321.03909209889156 0.10339090973138809
66.61463964939438 328.93661481107307 70.89890499851455 334.3051336970409 0.10325469821691513
80.65411794163711 356.1582282710122 96.13731262757159 367.2104761010985 0.10256168246269226
512.0912099423182 305.2241230449732 526.8252883355294 326.28654574069776 0.10190718621015549
382.00829329968946 371.79177274541064 392.996341726238 384.6024838560266 0.10141738504171371
199.62398024015081 333.7536584824642 210.44716349837546 352.70842669357285 0.10110478848218918
497.38678788947686 298.2571133501655 506.4649434745638 310.00004668378153 0.09933053702116013
510.60832287477876 289.31887847937946 524.5891686896529 308.1240182749381 0.09866750240325928
121.40607217616639 369.3697267065447 130.4752559675769 380.7473213884555 0.09850206971168518
785.1738540470017 272.5226338600995 794.7161797754007 286.1002824697345 0.09848512709140778
482.1360184076944 302.9499618204777 489.58679522595924 313.0928154994989 0.098398357629776
123.11522577318026 355.4201078299197 132.04350899157055 363.86145551072553 0.09818323701620102
344.7581025442664 347.85057360636824 353.70793316928547 359.346440738452 0.09816467016935349
357.23930286348315 334.9369241798005 367.5198282874703 347.90979276973616 0.0981404185295105
469.84732391314236 288.32326723023067 477.70199050964237 299.65775136944967 0.09807617217302322
493.8040673445778 340.2040068772509 529.0305309283348 386.0142387251461 0.09779847413301468
136.6111412525237 314.56602186027396 147.49950167912974 327.09488804074704 0.09750017523765564
519.1554100943044 305.8459537802115 534.6633899181984 328.3360721243446 0.09726957976818085
426.84073396441005 283.84285165917896 453.1551426124248 319.06388209467946 0.09721064567565918
110.61920180707789 310.98687883219 138.72389265273762 340.80310934866213 0.09691894054412842
75.75622278852913 353.2212160519878 99.46424606178283 378.86808926549014 0.09679882973432541
81.13965871659636 369.8622612228375 100.07746647535308 393.8156887926061 0.09665484726428986
489.50165871547733 326.423350847121 504.2836544538467 347.4910017083443 0.09648405015468597
79.52494192025655 313.3231573549678 84.98243819582059 319.424718001556 0.09634863585233688
58.57605240020622 315.1757323228348 65.9835332464534 323.8334555418422 0.09621808677911758
484.59654501089716 273.0397653333686 502.26242292927026 295.9930470439068 0.09614430367946625
130.42800993097157 327.6468998179463 138.79017462055177 337.62474101203884 0.09609069675207138
134.307937999296 319.96719122330404 142.15148267974507 328.50781193869204 0.09562571346759796
378.20180011342904 294.21227223709633 389.00356634172135 307.79508004082476 0.09546311944723129
446.43943208616304 298.995711960287 454.5364433863471 309.5852276068883 0.09536318480968475
741.8301484825762 308.3564596293764 752.1816872226728 323.7001008513967 0.09528803080320358
153.51688085626876 322.068597600178 164.88694100330298 334.1373379285984 0.09521985799074173
566.0671625080096 268.11935090156834 588.8405380726151 298.2003469913893 0.0948830395936966
357.46299806245923 308.2959119364232 369.1612451206907 323.3674125313278 0.09487466514110565
373.5457265176497 335.5968509795635 387.7962117403585 353.1864235418771 0.094765305519104
484.05948168333833 306.85248820234017 493.88733051300113 319.6815510044508 0.09476213902235031
377.5329198727654 308.03062356564953 386.71846380985704 319.88755928353925 0.0946735292673111
84.61804005937034 344.1642514678098 98.35264593035379 357.04345529803305 0.09454184770584106
132.18427062778505 297.7686528397658 143.02102870115883 310.5224975159932 0.09442538022994995
458.04548890734554 285.8373314354985 468.23084571256254 299.3097776561987 0.0941963940858841
186.1871312387671 332.8802963446938 196.44676671582621 347.2421411978346 0.09408160299062729
94.7454121731303 358.0535451677808 105.7254528405252 368.4787822710217 0.09393429756164551
460.3773218371898 340.2629834240271 471.6281325099404 355.55073978302937 0.09383325278759003
513.0169323121503 321.74040633791566 532.5639842541469 349.3709577812298 0.09342624992132187
444.5510306933088 309.97575250878816 451.9667038207835 320.2243214770136 0.09334498643875122
103.23352066728246 273.2011800395081 126.8528821373976 300.86427073757835 0.09321621060371399
351.6712531538389 345.2613772108003 358.3816717095258 354.80748791539975 0.09320548176765442
479.42802812465777 312.64373980440496 493.0029353090518 331.17465825019286 0.09306371957063675
460.14210734211395 303.2172007315123 468.79035144038687 314.83979552191136 0.09304146468639374
81.06868017832448 336.6727260025966 93.4470417388913 349.59228068464114 0.09303704649209976
58.97323402774287 342.74653297173217 72.50182578497586 359.3862463135396 0.09275264292955399
502.6464020229235 280.49514951883896 515.6967492108636 296.93805463573665 0.0925978496670723
399.9845465614755 319.728944875166 408.35006055886544 329.899166843861 0.09252561628818512
81.63205233719125 363.73827351426235 130.54608247228018 428.37155504274926 0.09199971705675125
434.8945520495855 349.27890260561344 442.9742809086566 359.67131725767445 0.0919501781463623
347.8494209049685 333.2875203925417 360.1765069264729 349.1186873303017 0.09185398370027542
477.4506690289544 294.3531424625233 486.07725070829036 305.44620664549404 0.09170978516340256
84.72331130046253 366.4316994016464 94.43250525318206 376.2408969583926 0.09158287942409515
128.24195695661498 343.9367559345207 172.00162675382902 401.25749507489763 0.09156299382448196
563.5343761737499 305.4129396655316 586.1623840313101 339.17349766693343 0.09140536934137344
186.96029136240435 317.5822371656233 194.27352298067422 327.3878334259025 0.09109378606081009
409.36103346680886 321.83981943699945 421.9755691093753 337.8129400073389 0.09100039303302765
400.11840460228757 26.816573454517908 488.5982253854475 129.2820814558515 0.09095332771539688
201.46151381242152 329.42193999235514 208.10336127674628 340.9287513047972 0.09088344126939774
138.46074000881822 335.9665231579372 145.96467256396738 346.4301385244229 0.09071273356676102
209.86135106016835 348.45067684153616 218.0959440407876 362.2271171128507 0.09069701284170151
489.41404900217526 287.06568029107234 500.3295348710496 300.8215964619091 0.09060947597026825
161.83624171981134 362.34601613666916 196.5948886369329 413.9032854798318 0.09058714658021927
184.37329691389513 295.4740993466597 202.9990971303532 320.6476955380602 0.09052727371454239
361.80127203261975 323.6401658289833 370.74049828555655 335.06619465405686 0.09046314656734467
98.28705456051523 351.1337352624034 107.14597344799492 359.6484162955665 0.09043127298355103
447.92026183560915 317.79526007184586 457.2877876002759 329.9033432779083 0.090400330722332
144.17109866938054 265.5456252321644 155.34117822502054 277.0945323372387 0.090294748544693
88.33662563817978 327.13444904719984 99.36099639740704 338.1562512669284 0.09026989340782166
183.19007344968006 316.2589173237063 207.5049686438834 352.0395929614947 0.09026924520730972
606.6709383781283 305.72010197696596 628.1720993724276 337.1593100028277 0.09026100486516953
146.61800775532737 278.37194109577104 168.13941014405012 304.3375824888339 0.09025894850492477
471.6515147038654 178.6590019579541 480.27463112016017 192.46129506434136 0.09020783007144928
457.48430763842924 347.6720576898598 473.75709566583794 370.8084799254118 0.09013393521308899
369.6630791663633 296.7961893163383 380.1175411233967 309.88354510492 0.09009598195552826
95.57196457453361 367.8662855648535 108.83824376268286 383.4312177822682 0.09005077928304672
435.3986776291994 300.59048274686035 442.69905180416526 310.73811387345944 0.09002051502466202
464.6591984546356 319.14086261349354 472.5715175620297 329.37269857093355 0.08999018371105194
398.1586242473362 309.1552138259682 408.2356265222307 322.88511461981886 0.08991637080907822
96.58712199409932 339.5706106510217 111.74012109264872 354.1133035848045 0.08990126848220825
60.04708588511893 313.84035717775737 74.11720008201934 327.54103620983545 0.0897975042462349
360.18979791354917 364.3027213359834 367.4788815745503 373.7610891878194 0.08972720801830292
519.8623587192322 283.682416370908 539.1549883693882 309.4250853029579 0.08970796316862106
150.73450694435897 312.7145928060097 164.17520254248896 328.55858396215467 0.08964811265468597
444.9374462456629 347.9929605411107 450.62414027346045 355.53859218549337 0.08963406831026077
386.11490671739097 347.5268188774771 394.76051624638893 359.4913585261545 0.08962780237197876
368.40819668287446 354.640080344639 375.8330049646219 364.18389986072 0.08961471170186996
68.89344585246853 350.67574545209266 81.55958568174727 362.05316812021454 0.08953040838241577
352.8594641711168 323.8697598342797 363.12092895362497 337.5137378194741 0.08946619927883148
394.4270398319239 323.36284950189065 406.53468701890273 338.5295891693092 0.08946429193019867
128.03542515338125 263.37268335768675 138.35021512532492 274.8175577772161 0.08938609063625336
447.83057330009467 288.2540920705066 457.0576435754646 300.8137504819557 0.08931339532136917
103.78654089525557 323.03578150322704 115.14181162257916 334.58986231406215 0.08911153674125671
527.5425548969902 293.77728561100224 546.738877486453 319.97704611006213 0.08907237648963928
367.31512365275444 374.7901504573512 376.9027992230575 385.4170840844308 0.08899800479412079
75.50931697191453 316.84601282474256 84.271043474261 326.47306236462265 0.08891743421554565
77.98043478342619 327.4653061050127 83.74576713478804 333.8516488169008 0.08887840807437897
130.20777854884525 282.3143438214682 142.85263572785635 297.37971210696804 0.0887775644659996
352.1994141194699 349.0594914143622 365.14444981661273 366.3702978666945 0.08877253532409668
501.2390592887403 334.88795143820676 518.8832794634482 359.8162625828109 0.08877195417881012
486.3942028087522 231.17527406781738 524.0199455967255 275.53190274891176 0.08868749439716339
130.0179874055479 309.02099146812424 138.99750634495322 318.98160812065214 0.08862744271755219
425.92314406715315 236.2578688101479 477.3675295480885 297.71242283898766 0.08858829736709595
164.9986423847706 311.4822567450984 176.21018328801475 325.4649025024743 0.0885569155216217
971.6770029689304 388.69104280287036 981.8866536531986 401.2045160016084 0.08837615698575974
91.84650834498657 292.2734452132535 115.34778897371076 318.9493539823536 0.08833132684230804
431.6031700786426 334.32811469052086 441.2333034680918 347.60309786574805 0.08832384645938873
396.5796642296064 300.76344640451543 405.8007798222953 313.46207985194695 0.0881822407245636
741.7354357583655 321.88460329822567 755.9619887105756 342.4170000597201 0.08810311555862427
105.01940541374779 376.10291073235777 141.75860609396753 426.1425227818309 0.08807084709405899
482.71000213698346 324.8229581033564 493.89573785343504 340.41496332460736 0.08783356100320816
370.42315189668756 364.6801068940246 379.26675968856125 374.8570883061645 0.08782421052455902
513.725392362777 256.6770148066111 539.0457987746504 289.6136569680889 0.08776659518480301
502.69933090571135 291.897086127923 511.9235214601722 303.41049968314053 0.08772623538970947
159.73832183175313 320.83392051047826 176.17118185073878 340.87261654507245 0.0874963104724884
381.72150225235094 375.5483751453059 393.50959222366674 388.4555808621473 0.08746490627527237
131.17291820431618 342.55029415061216 140.7324679183415 353.34843823200026 0.0874219536781311
80.36896960266148 304.9257368748004 103.63152264602792 329.34944740392154 0.08735211938619614
88.47646664757303 299.29310057135507 98.74123541013279 312.0966962146615 0.08727582544088364
67.64862501301492 331.9822190023982 79.91230565532226 345.7513486944865 0.08710882812738419
337.8763215666848 351.66959424967416 346.3681910053733 363.07049922466854 0.08706536144018173
472.5936411607204 316.42786103908486 482.6596889275938 330.1468767103263 0.0869266614317894
582.7856028520642 249.22864107122822 604.2685761913764 278.2621866887819 0.08689621090888977
451.8634617353432 342.17910677221334 459.26756624375673 352.3235707424417 0.08683425188064575
543.3713619567468 340.10023891335754 566.7006188081195 373.0050856380505 0.0867193415760994
107.8917772926956 357.53789585066096 118.05088645075838 367.68960888932276 0.08666931837797165
358.71712672119355 298.06180508594554 371.5847387779075 314.8453981501719 0.08665693551301956
134.02295741466733 265.475814303511 144.77671812166275 277.7216383773788 0.08657528460025787
365.5971565206545 343.7911454250991 377.4824422516578 358.9776484244612 0.08656146377325058
218.08840385837647 348.3937191728031 229.67806190768948 369.96337673662174 0.0864390879869461
390.3311997217357 331.1023089370243 406.6411697317302 351.7768688296775 0.08632183820009232
391.63520736021025 338.56969311462086 402.1010508723872 351.7698321691927 0.08628752827644348
518.0491324029681 344.2068202001736 542.2710559557974 377.9808711776635 0.08623335510492325
171.5433557807033 317.99740950166904 178.11105975215685 326.60493288579 0.08613143116235733
124.83881209159053 333.90736629859714 134.27017708991153 343.82455482929606 0.08612656593322754
346.0278422552236 298.70794326678725 357.6952745989482 314.03745654578785 0.08610047399997711
402.02465400515223 335.62372950159204 413.4490551875028 349.16455694533187 0.08604001998901367
398.6344163725932 337.32916095606294 446.34046156504303 398.10269598101104 0.08600769191980362
160.2742283098856 299.18316581379526 174.26935566068929 315.5017562097921 0.08594026416540146
167.05228171926822 296.2808061015093 177.0830828301314 308.95768021419156 0.08593139052391052
432.95079897679574 320.36105692391226 442.704608952838 333.9621138341021 0.08585400879383087
368.06352315292855 327.3582799470935 378.0084549429729 340.2139044472585 0.08582036197185516
57.82900563037547 325.12739136984413 67.37220537604617 335.62903486319294 0.08580789715051651
554.4946712621734 276.8480295228568 573.6824238283766 304.14088522941717 0.08577700704336166
387.35693731635894 331.37399755073085 397.5181882637379 345.8580685032286 0.08557742834091187
63.18603928150036 342.5141664905991 100.39411652426004 380.03988875094285 0.08550752699375153
348.71071499181693 307.5781187008406 368.1463867724313 333.361355134436 0.08544789254665375
34.779719496951984 309.15424701504156 60.401318246808735 329.5836827910298 0.08543902635574341
389.4260519059526 362.0393560592485 398.3856408004906 373.4109687673034 0.08541598916053772
180.14216445598998 309.2127864432631 188.11213293363483 321.0703875139196 0.08540710061788559
184.81574833543317 394.87962733487353 233.33709374198563 467.29997147072675 0.08529753983020782
405.8649699384148 347.0090162956004 418.4147633052285 362.6384025855813 0.08528114855289459
31.4012986968189 349.4694451854254 58.18301311397945 379.4549854942107 0.08515137434005737
214.78203113686217 316.24032187368243 270.93881358601396 403.06995300002933 0.08509624004364014
351.79584949790734 293.0139679069998 359.5683888928941 303.59545226299554 0.08502253144979477
604.438680647117 288.1159137777186 614.3802771455848 303.21169286247846 0.08487092703580856
361.70950343484196 351.6893164441159 369.367712236795 362.07695142416134 0.08480912446975708
179.79926746133816 298.1205224353423 186.71335721119124 307.8171868231311 0.08477994799613953
433.9441425845332 293.24616742284206 441.3404494722404 303.1431809783365 0.08476099371910095
333.2209271466678 326.545224066842 343.7991413694892 340.9647029384696 0.08474564552307129
769.6368692159868 294.56310468767316 787.8194302839777 320.0150041340641 0.08466758579015732
108.63860928634745 348.2082862185002 117.95323763831908 357.94344538524507 0.0846526026725769
460.69461941861715 362.1897573109508 497.35550074242855 411.5331779118445 0.08458362519741058
81.5856822844095 301.7873456304732 88.4419882179052 310.2826610140511 0.08450012654066086
140.99492962277222 324.1698209335733 152.25578783200976 336.83986596816356 0.08448386192321777
385.616431776843 360.4369144248878 393.6496493515707 370.3228359086906 0.08447292447090149
343.26704918712426 324.18664289053004 354.25183957132185 339.50001610155965 0.08437196165323257
80.5777509843898 271.7693440768325 104.37817756649488 300.9660635248947 0.0842423141002655
84.453238592578 316.36437073979135 94.51892481355877 326.51862312570455 0.08424010872840881
349.58174658130787 309.12780557207844 358.84814852377013 321.7572253625675 0.08414025604724884
155.86463193184738 305.2550013413307 163.65686618188442 314.39424174636065 0.08406772464513779
57.485028521276014 291.90977912243955 77.46228799531444 314.1671490819423 0.08401503413915634
136.63947659393224 291.06002523581816 146.22718561353162 302.5643536100559 0.08396833389997482
165.09070417908086 279.7115398879662 170.46202723452896 286.4380677116636 0.08380401879549026
608.0299640722058 328.05691883411333 632.8625155302717 365.8654087325217 0.0837959423661232
109.59446589196386 369.1238332642182 119.06331127376554 379.9167502636816 0.08378654718399048
119.73154246219768 307.21344246040906 127.62379105719417 317.2057973917695 0.08376166224479675
463.6124915301339 308.55721306008724 470.6723093237321 318.1688444673071 0.08374209702014923
575.9192092632339 342.59630980089474 606.8096026900861 386.98833203797045 0.0837031677365303
106.61818344440869 343.38780719121104 115.3858436708111 352.80438143619966 0.08357446640729904
474.30709763082683 329.43289838540437 488.3343543340615 349.56436089203277 0.08357267826795578
163.09935795084093 309.01626816999084 203.21927621465784 368.8632853940721 0.08356568962335587
72.10752425381081 343.935163119385 83.65846566032427 356.0216495976255 0.08354414254426956
124.54833908964946 321.6258182935661 133.26715123805914 331.13104935309633 0.08350726217031479
106.9183664124668 308.94216356847085 114.95511660852571 318.7928727746297 0.08344192057847977
123.55485758937242 289.18819538521245 133.19563898272645 300.8901758875546 0.08315519988536835
455.18270986843777 317.55544600340374 464.25003174098475 329.33935036598615 0.08312759548425674
438.4913478355452 288.18265156246304 448.4594974178967 300.8027986799636 0.08302420377731323
174.02896151936315 292.96351980203985 182.9317562014624 304.37714580006667 0.08293267339468002
532.8466775922099 273.2791540606085 555.5941715673821 303.65917694307507 0.08282577246427536
147.08109349552896 282.54843686340683 156.26051913519512 293.3710475208222 0.08279494941234589
750.9673634448801 303.13882832836316 769.596899250286 327.9108328466122 0.082682304084301
124.5673180643747 272.02566819264473 135.8717148993254 284.98242437581774 0.08253684639930725
129.54888626505917 356.56054807624366 142.84616027919103 370.23054623090724 0.08251303434371948
453.4484486874379 355.4368534392298 459.175447505011 363.0621409552878 0.0824180617928505
154.40383562987572 327.7252496010947 177.51908235042876 359.62997628223184 0.08232632279396057
369.8951019011444 242.88634515866474 414.5058657354858 303.91432861600885 0.08228855580091476
132.66256380381805 278.091480890652 140.23573509623375 286.5425184189396 0.08225571364164352
457.67670108546884 330.5869631884117 468.6740791039358 345.62026194923675 0.0822509229183197
114.05360681197124 333.62289070802433 125.3377120513402 344.6875740282348 0.08222697675228119
632.0634492933799 323.3424210455336 654.6688274860119 354.69933441684225 0.08221245557069778
620.5883685820448 302.8336562201976 637.5317848158658 326.2730601339327 0.08217231184244156
200.52955254425152 314.21246997997724 208.90460758287733 325.1874166341626 0.08216489851474762
174.69597674271162 322.43720306638187 181.54115889061347 332.19812979172093 0.08209750056266785
367.743950081623 281.98611088622965 379.94218934084836 297.80984273003713 0.082083560526371
122.38575914488395 357.8850334183762 133.26616475693416 369.86412706901353 0.08204390853643417
185.59184059652773 344.51200747574785 212.6740461700411 387.83268114945747 0.081990085542202
47.48506261498914 325.9778785449032 56.49097465104236 334.5372615054744 0.08198744803667068
443.39543789016074 335.5006573500354 452.0885508601464 346.6133478999325 0.08187450468540192
171.6417150002825 334.48190443583485 181.9713554955738 349.1720688221583 0.0818057656288147
443.1807036478675 351.26045737316355 450.11709776834937 360.4576377659174 0.08175017684698105
420.2948618623394 311.60816499239917 430.9799562464935 325.75784112207793 0.08168818801641464
104.14513167028652 336.84225673244055 114.9607043714812 346.9977809925416 0.08168353140354156
71.18164612217902 305.08738809377854 81.24323998790612 316.2800475908772 0.08158765733242035
815.3648506268798 273.51790619366955 847.9088115327727 317.27368733255224 0.08153154700994492
375.34266404992843 325.800862887664 385.55495014074586 338.39937092139894 0.08152905851602554
477.59167150346644 274.8573254994037 527.3390368138552 346.00491323312417 0.08148437738418579
395.69654050780775 293.7282864799206 404.7657185530088 305.896567224622 0.0812552273273468
466.9089634725793 325.75887223503855 478.43743956269714 341.7424087410516 0.08117658644914627
503.65256064358823 366.13730297638403 530.3772725386765 403.7680475372548 0.08116621524095535
106.88477693181609 301.6047876500479 113.90369923491353 310.24450772850366 0.0811484158039093
112.34654022017382 288.80169816977684 120.1751829555786 298.7295690562142 0.08114279061555862
187.42503923680053 299.12660608647417 196.06904976028642 310.03243975892246 0.08092624694108963
449.9645019738226 351.72603588527176 456.3642139487995 360.3152924511777 0.08086119592189789
181.24686881276926 350.40352730815846 192.6139771243747 367.5649602797092 0.08084074407815933
780.3123298784242 303.90906514737713 791.5493114016436 321.57110029977673 0.08080769330263138
378.1292879317551 376.5065281298484 383.59295891413365 383.18362128876515 0.08072902262210846
389.4993169481302 351.1880009293242 403.39107973500825 368.9865122225872 0.08072899281978607
422.47776754303777 304.6245454231537 429.2490377249028 314.8429258902889 0.08071497082710266
771.9715696525637 326.8452638768614 798.3560145219747 364.0643497854371 0.08068996667861938
343.52400894510555 340.6001354512032 350.0919080490511 348.95644839347165 0.08068805187940598
178.53007512506423 345.8271410952278 190.57765178761943 363.4221960876348 0.0806511789560318
220.11027089060408 332.26041992731706 232.63102338776827 353.15577000384457 0.08063122630119324
142.75128589970515 275.0352772448074 154.3428341715198 288.4971726901722 0.08054417371749878
365.11367312837353 380.20035276501994 374.4907630121209 390.1106604090526 0.08041806519031525
377.3402636778186 364.7974332558639 386.522465773998 375.19340544216715 0.08041443675756454
198.32329969178042 307.90189358318037 205.08596962729692 317.61162181367143 0.080409474670887
117.69021344859686 326.3136754171526 125.27295352291668 334.05123283134617 0.08038117736577988
348.32261093924814 359.0032989220198 354.3276155900673 367.6272954931603 0.08037702739238739
148.89169909819154 370.54423910829934 202.50817249036368 448.28449501447295 0.08025871217250824
612.3152572679467 281.0673493879722 625.0918081678404 300.0917517403249 0.08022277802228928
119.1588897842354 338.8858447084517 134.57135336871391 354.68378607579876 0.08018852025270462
146.54161686362923 333.1392375175027 158.30671213827955 347.061866325407 0.08003591001033783
340.0718873311416 327.4476252296947 347.43873008680725 338.17468553121836 0.079906165599823
55.506601966657875 295.7783972492685 90.76051430341853 330.7844625054048 0.07987716048955917
142.0760996907348 289.7650967330708 151.09164596283034 301.5751622755018 0.07985657453536987
453.28490127713945 322.2917666157378 460.7594683172658 330.7965584592992 0.07984033226966858
92.91550817957193 351.55197450061695 100.65321593549206 359.59585994617606 0.07980626821517944
205.0289023891785 319.0528336749305 212.97183448780112 329.38727335901865 0.07979997247457504
169.311624055456 327.7399919449059 175.86367205363416 336.46227545018866 0.07972653955221176
3.8753517159963766 371.08602653143157 38.58208703741837 420.14441462475213 0.07972504198551178
122.78533729957593 328.7435642372402 131.77524216049574 337.74425154680415 0.07970671355724335
435.8710447532442 343.773215860746 445.2373918960646 355.27195154269515 0.07969067990779877
202.1715209036738 272.4566401568068 237.6207111111467 323.8083220803232 0.07969044893980026
253.48659204997335 368.1198525067316 307.2886560323797 440.55178208584704 0.0796210914850235
420.5785774575246 333.95386243998706 430.46146373896715 346.7816938299439 0.07937805354595184
446.55340844250867 365.67481413812067 453.46823273103803 374.64406443011524 0.07934513688087463
214.76834496412934 329.3870042346425 221.09698645801083 340.36324348839645 0.07930013537406921
18.68833471999356 370.6203436117064 78.81520414091213 452.4778568713716 0.07915417850017548
169.13509260662562 280.7602135839958 187.58818267492052 303.9803264518938 0.07911886274814606
423.5266574138041 296.85061061000243 431.5539721582385 308.2328564033881 0.07903535664081573
800.5423596527273 324.29952684175606 829.978748131951 366.51361819550266 0.07901380956172943
143.22320847687988 297.4804743041475 153.49682492753755 308.9910613080238 0.078962042927742
55.038298836917065 360.2674245663429 82.8663067969835 393.2898176772849 0.07893399894237518
421.44905460782314 322.9474078802254 431.7735324628869 336.67393601802684 0.07893340289592743
366.16047466644596 361.45700284200615 372.26921719837156 369.4140659917714 0.07891163229942322
215.44404674843244 379.54692906993796 221.90805418981836 388.49551789428654 0.07890420407056808
334.5218330882627 336.2425763434024 345.23996790578974 350.1799748897405 0.07889421284198761
214.87103162549778 313.4688028800046 223.968989713217 327.44551589423054 0.07884956151247025
381.75932031269144 342.47313679564405 391.5793080862472 355.36922471239654 0.07880312949419022
370.82205118386213 349.2421480661136 380.6631867408025 362.04209942361905 0.07874879240989685
453.83899584522595 261.81323868985686 471.5555190077407 284.40423529350244 0.07871606945991516
131.55145302984064 364.28640072168974 151.95986304481 387.98109166081224 0.07870200276374817
404.4827046798417 288.01314531370423 415.1867152669155 301.8977472780613 0.07867077738046646
405.3825174573503 265.89028062964326 438.9616776047617 314.5018908139122 0.07862946391105652
354.4629432973466 284.64698187219403 414.1106105643227 366.7728998490514 0.07832739502191544
447.10690388887105 329.1463694840045 457.61899515689925 342.69526130808936 0.07814718037843704
124.49977535588442 309.43981245598087 133.22251166325248 319.28324951667616 0.07812000811100006
94.81174358392927 290.90634793660485 100.3220001156877 297.3028920704727 0.0781196728348732
179.6276157024381 354.7879151618729 186.00073621915803 364.6954617419091 0.07806840538978577
485.77542114864906 348.65424857002273 498.6502640794153 365.97083730411197 0.07804511487483978
440.1360251328204 322.49027330624443 449.6238300636392 335.48110413558135 0.0779966190457344
534.7761413570498 251.94997715258006 559.9976440690237 283.9114954862519 0.0779399499297142
83.99542181868738 327.1389647678399 91.92034422423359 335.4611101921416 0.07790668308734894
398.6389783263222 283.8112408741972 407.86044328000185 295.2835969948511 0.07780642062425613
827.6777633099629 289.07652732100377 834.082285620637 296.6213882647188 0.07770947366952896
382.3386461167902 283.4304652890154 393.7141443385056 297.5728696554572 0.07768791168928146
157.71280559707296 266.83914501949715 170.48374323618356 280.4324354864065 0.07764401286840439
430.82385410225703 314.208378879545 438.0770928435794 324.74959738387264 0.07759810239076614
345.79668170932604 356.92201907810573 359.42696747827114 375.64608949251334 0.07754132896661758
363.02672401951196 275.40103832330436 376.79037398793923 292.3746905988527 0.07748643308877945
452.52510791878393 360.72833553562845 464.366174502042 376.3910802006492 0.07741589844226837
358.59296672179676 284.3075620668023 369.03150160892557 298.4858877797863 0.07740604132413864
377.2584361487446 353.75850074824376 388.71766170122874 367.75878835648615 0.07740098983049393
56.80721923172053 333.2609305074746 65.08943663498609 343.0870092037772 0.07732550799846649
763.2993991752627 309.74048038934285 780.7522862813637 332.60012780234035 0.07731984555721283
332.93387032067614 344.7249571400949 339.85265152761053 354.2000478032315 0.07727763801813126
653.9821818710813 80.16366882416534 1049.1939507312436 551.3252810387223 0.07724405080080032
626.9504898484947 317.18950983504214 646.4668863803643 343.3483448869125 0.07722441107034683
448.5493231650798 360.30938314331536 455.5433540895766 369.50577201212906 0.0771753191947937
163.46765336243487 348.85669906044325 175.83404751781174 365.83399625688975 0.07710924744606018
163.53704996974176 321.9269620647213 170.37851089742782 330.1154859458417 0.07704634219408035
112.38554011324888 313.3330995766214 120.57178349563499 323.4541635401676 0.07696938514709473
348.677444886058 337.6020065750466 354.3517499605036 344.66999433447654 0.07695545256137848
164.33589937318666 285.5728015767317 173.89359317598513 298.0612230695179 0.07689914107322693
604.542693290787 248.895397705873 629.6939752361657 284.43998953123787 0.07677284628152847
973.5764743364772 216.92184320139282 1000.6788230185433 263.1329258148582 0.07661667466163635
437.4059814717452 265.9945026455989 452.05231021116776 284.90199004902024 0.07652682065963745
118.60984890478396 316.6949916803898 127.25657068151055 326.985033012294 0.07647094875574112
469.65936441882127 282.80750100848746 475.07676635108425 289.6211110463127 0.0764523521065712
437.168602311255 298.35375446752766 444.83245371075844 308.1517279073888 0.07630038261413574
500.4383820837939 260.82839623787106 519.5530160552235 283.14926727243244 0.07622114568948746
714.7887634120425 338.39564641029256 731.5032848502196 358.57448513646585 0.07617927342653275
428.5362207586191 350.9665889325877 436.0060968221089 360.4603967159738 0.07615769654512405
115.04011525591989 284.209648038829 122.20648887229828 293.7416871922461 0.07614520192146301
402.89760646579754 300.63862235549567 412.37639702773737 313.5339352501427 0.07610926777124405
741.7950979114935 268.0769080385088 758.0387040023161 294.70431538773914 0.07588395476341248
174.8162740331448 249.26859604523358 217.87712769584724 306.9737773440705 0.07586710155010223
206.42095407930248 297.62275032490663 218.2583489171979 313.70587119489653 0.07580344378948212
487.625344125566 265.544914741815 503.9902868775466 285.81075205946684 0.07563721388578415
630.7626921911149 303.0240015500876 648.1565514685843 324.10031287652674 0.07560411840677261
513.4239689722468 278.1440410083443 528.4442743930122 296.7845247589614 0.07560021430253983
207.921588215515 361.1575959689931 219.76068462867494 380.05491951340724 0.07553073018789291
394.2078461002626 354.63913349766693 405.02062457722747 368.2367680645318 0.07546264678239822
176.26227136009098 315.8254271250643 185.05803134133015 328.42429384701563 0.07542931288480759
778.7753820930889 273.3454675623341 804.2545494089418 308.9110034470921 0.0754237249493599
329.1192120420595 348.2149440441974 348.11796681946504 373.64277592329864 0.07538458704948425
426.23160275025384 286.3367960294898 472.97771594278464 350.43027206764134 0.07505767047405243
389.9417148191979 287.9043600561636 399.3143053164554 299.5867334258679 0.0748935118317604
110.6959551264487 275.72016228668986 117.15825424237123 283.5343687769694 0.0748375803232193
180.47513390030946 335.0579150839545 190.1138391370601 348.4492981377536 0.07483262568712234
475.1583443217617 277.6418913452615 485.353600781429 292.3482635423588 0.07481320947408676
462.7852032531501 329.19690548434215 470.51015777695574 338.43931690137737 0.07480745017528534
66.88852999235219 279.2213821149383 86.41792834586659 302.4095655770231 0.07461869716644287
9.761193440511613 289.01919100279497 35.15814522482747 314.21017130443613 0.07460971921682358
373.60244533064315 360.28675378186244 381.9838192701393 370.26144098174944 0.07459019869565964
499.527613910291 351.4192558626865 513.1883671001319 368.5639647155322 0.07457979023456573
542.657713103824 263.93284098806413 559.9752359405886 287.3572060888758 0.07456078380346298
462.21531150128703 358.1378557031417 471.03283735658766 371.10795913121774 0.07453294843435287
503.067564510778 446.76112330132815 540.7873707890238 493.5325200589954 0.07453165203332901
188.34250168247505 348.39033114593354 197.09628569260357 360.0246468241609 0.07449404150247574
9.048713073442242 306.81477240534593 38.79724793684469 332.63454885871903 0.07443411648273468
466.8503544671673 252.71652652781202 491.90240555472695 283.99615437434926 0.07438566535711288
1033.7785182276336 203.16897165300844 1065.530055699105 248.2145431081926 0.07435915619134903
208.26269488441528 333.4736674952757 217.84320211655583 349.30281140657814 0.07432784885168076
582.8885968301172 210.8753488619974 617.9380430059819 257.7423729144562 0.07418825477361679
182.19587229349568 367.52513103289243 204.75970954451225 400.70830482620886 0.0740351527929306
590.3868257176223 318.9472269676336 614.3790687347685 357.1758450480109 0.07403195649385452
434.1419174250419 360.6532353766521 442.53641840005287 372.0500390443498 0.07402870059013367
334.8544367592108 307.0178111118531 349.4150118395041 326.58399399504924 0.0739622488617897
152.11720458610108 278.10049102580547 161.30788776823962 288.01581875541837 0.07396119087934494
981.7988455006265 235.9415587722538 1052.3442026239384 323.32192189862417 0.07385384291410446
345.2014498457525 288.77484433120065 354.46289154671155 301.1901659425959 0.0737258568406105
409.3644702409419 344.3131214403045 502.81569130317695 456.5778717593122 0.07369684427976608
349.2400619942168 281.88392222739304 356.54291396604236 292.50858586778867 0.07360982894897461
777.6277024712113 266.4977074580337 787.7632998584902 280.58063546653585 0.0735890194773674
93.25649600528124 320.1802809056625 100.43022016587679 328.4184914860321 0.07350331544876099
274.95880884480795 301.90486669468834 332.8294599601574 380.24105450731867 0.07341485470533371
219.74937690172598 367.7371789823036 230.15118553394245 384.3610915569484 0.07340394705533981
96.94513826949243 358.1365042142406 110.58728729271614 372.6474176089806 0.07335536926984787
193.770724941542 346.19360743648076 203.61295224296842 360.902189310617 0.0733410120010376
400.4454606041333 248.623956323828 435.1426684069496 293.997233308178 0.0731809213757515
1036.6660340865074 230.4997565463269 1042.1495222357082 239.27620269888962 0.07317562401294708
416.447554443931 347.6178949517809 428.17995251796793 362.6591251088256 0.07316066324710846
57.2940930976113 253.00299533692575 91.51507681408857 291.97053204064997 0.07314586639404297
1066.3556094692576 334.766012824506 1076.9292249920215 350.92048146596534 0.07314441353082657
322.5587099019744 279.64078495492123 357.22068005278356 325.897353415821 0.07301272451877594
281.40449564893083 415.40445335663753 347.0341663877985 498.02575145565066 0.07293492555618286
41.50488197974875 281.48268286403413 63.51812113273964 307.51804680766304 0.07287689298391342
223.13486231081356 357.35970553616465 240.8792863494149 385.8185202816051 0.07277368754148483
742.7304727141633 295.56522449072077 752.4564281709313 311.5394248418747 0.07276094704866409
457.7573863388289 332.07234812341 464.561395826081 340.6958679232702 0.07271423935890198
481.67788753266666 286.1150008772343 489.348313030136 296.0642628650589 0.07268087565898895
64.44455956703614 334.01551409597505 69.41113289171525 340.5275603645356 0.07261505722999573
465.36504611500783 294.5449327649466 472.3151580020673 304.22233649490465 0.07248545438051224
445.95309145701646 340.4414482821711 455.802199868871 352.63423268111603 0.07247427105903625
216.8445705231851 304.5690061257097 223.2523274745153 313.64046765969715 0.07222776859998703
-80.14559512191668 478.89086895310396 187.29709811517296 798.782370859521 0.07210852950811386
121.98921260107755 287.2496870294673 128.63353490232902 295.9707703797343 0.0720319151878357
137.79050518243582 333.1357631361732 160.56898456097596 362.69200101363145 0.07198856770992279
150.90624658489114 252.3951913961423 165.0698083129734 267.87498059195383 0.07190258055925369
407.33730803300404 310.4639355411589 418.50748897483635 324.6958531494181 0.07182495296001434
196.03234352816804 291.9970949012532 204.3577902963471 302.4516948904708 0.07167147845029831
373.4462243105169 270.7619286798439 380.38667891024284 280.5702535329281 0.07161044329404831
101.27808779719213 313.2752926888166 142.42642892653157 361.89515723940855 0.07135526090860367
474.23570271163925 358.5787949525765 489.86205061524987 379.53602557150253 0.07128679752349854
429.29207213842915 296.1416924054862 435.6999525723615 305.0059194728527 0.07121811807155609
1043.5386097351748 284.66910038024 1082.5597711050018 344.5690179748143 0.07116997241973877
620.2394169113869 219.25975703518685 645.0695869046793 255.0942215715164 0.0711648166179657
319.44856253812367 303.9176097452872 339.93956503831555 332.5169457546109 0.07112431526184082
440.69417464195107 369.96474529727817 455.3297710455819 391.01863873685204 0.07110969722270966
392.77379772296877 368.51223671049445 404.67393452784637 383.89209269808913 0.07109297066926956
740.8078538377379 256.87940762086765 767.5221208786515 295.017816308391 0.07092943042516708
526.3347816537805 371.65056323866867 552.2380658153816 407.86072536089165 0.0709061473608017
874.5350814365613 475.22317044468105 1240.3059098432757 891.8947304490731 0.07081834971904755
153.11583358928647 351.300383987207 168.32624214390316 371.6258041854648 0.07070592045783997
110.79166693001197 278.62538153284333 117.97444022580731 288.2744347798233 0.07068672776222229
391.21001318463084 275.24317458952294 401.2394051198047 287.82595782631205 0.07065308839082718
427.53001983883087 264.50011459688557 434.44962872565173 274.0623863211965 0.07057555019855499
92.49438761080543 243.76647578811676 131.46031344444867 286.23598869141256 0.07054633647203445
136.69087900422133 327.94401216527353 144.28673056084983 336.35098928166246 0.07054021209478378
473.87197789280935 345.9249428793768 484.85558917987686 361.8265810469969 0.07052809745073318
319.19291413909144 241.15288756719312 367.60225956933573 313.35008108991514 0.07047633826732635
49.97829676502992 337.8429196381055 180.31185983011386 515.2121917322864 0.07046329230070114
605.5464410759112 368.82815950340915 627.2076800044409 401.9132611125417 0.07039348036050797
355.36979135856393 360.07274666610306 377.85298252954584 389.42711094640276 0.0703752264380455
432.5767366299281 372.17061941159136 441.3883852193785 385.48997742079456 0.07020647823810577
486.8935998658732 267.25097765055824 495.9289708024993 278.12513834408077 0.07016713917255402
626.9353352783384 256.3985395361983 651.5680018627495 291.77537891315626 0.07012143731117249
635.1665747012139 283.9099389758278 650.9468313231766 305.39841483640936 0.07012069970369339
227.59422580354385 284.0280982125194 266.8353072567287 338.55469856521546 0.06990280002355576
565.1233554500358 281.5535299249074 647.1516070916135 411.40848018287437 0.06987746059894562
457.0449105835738 349.93047864069933 463.1328192254197 358.1466602535285 0.06985832005739212
435.7445086265105 249.0790070931295 452.7402799665101 270.6439093069065 0.06982620060443878
488.1816672703143 431.05157994095066 530.189335334571 483.20360877669316 0.06976636499166489
382.4586750504585 278.49337584521646 391.28818821171717 289.2317651142261 0.06968040764331818
218.24376112835014 370.92947744256384 225.40716205646092 383.36063504931155 0.06967264413833618
299.7910839208069 297.16485417488184 333.98872033125787 343.8872272514362 0.06959667801856995
326.5681071688684 333.7811710430431 335.1867519378598 346.15530995176687 0.06959272176027298
151.269780664831 130.12474172229125 508.54225669546014 520.2007011421047 0.06952352821826935
166.5178342015459 267.90730274997594 179.74220636424317 283.82517022694987 0.06930672377347946
450.1122897882604 276.9268657283103 459.1169215577357 288.94402388107386 0.06928291916847229
370.5923475303623 263.50366848926444 389.2439410472444 287.7492425507306 0.06923314929008484
119.05353226603707 291.97409224228954 126.61689547623449 301.99797355911477 0.06909879297018051
724.5309184932688 338.1417873374533 753.8571126148194 373.80729843172503 0.06908820569515228
421.76940294742093 341.72396766484854 433.9114542949099 357.4632533843265 0.06899209320545197
1034.6544448818668 204.1426301660686 1085.0029183381253 282.8598269567831 0.06860354542732239
428.8242171085903 279.22292324486733 438.48905625325017 291.8718743231967 0.06850386410951614
357.0541619972555 277.17018645342097 364.6356751887205 287.6446914110813 0.0684855505824089
749.057436618395 340.2587608974725 779.0878638581308 378.8381346166374 0.0684736892580986
426.4520754471741 360.74190810889894 434.837061751049 372.3716972729014 0.06842640787363052
205.76611587948665 385.0708904061307 238.7044928462701 441.16412154950876 0.06842420250177383
312.61750650219284 343.39362543472066 362.98081274038395 405.0664600535195 0.06841088831424713
124.90643874773222 263.60498776008046 169.94095356246697 319.4847204647107 0.06835507601499557
468.39677689756735 272.16265166383084 478.73431306482235 285.55805037049856 0.06823518872261047
675.500257306182 320.79108251121846 700.2779689796066 353.0192844660246 0.06820469349622726
471.99276494373646 339.39245669954045 488.721113213997 363.87475713021234 0.06819194555282593
464.136990493373 214.26858215410644 496.0361368004137 253.56691603241094 0.06815905123949051
216.44816184375 240.24875532276172 256.76920443138727 295.34209997488716 0.0678977221250534
201.9390849329145 286.4597749337333 208.67581300921444 295.11528536636115 0.06750696897506714
477.69418274441773 264.88227137591866 487.21246210768214 275.89731081923884 0.06749206781387329
764.1749752808655 268.53336874203484 793.4321678700463 309.6484119577835 0.06739034503698349
170.53731877457622 283.85984035125966 177.0130477960815 292.13160669045266 0.0672934278845787
399.3550065549119 366.3346372351181 416.7091103902156 388.818266447944 0.06724437326192856
454.35014444083725 416.40669179144186 492.6492005665345 466.84207923296896 0.06715323776006699
622.8108686170048 376.3225468692141 642.7030859165056 406.34448025313964 0.06704623252153397
698.7870649478924 268.38793829980966 718.3142218489506 296.60090470661714 0.0669163390994072
419.73098819442174 286.9170101616993 430.2445787346963 300.62543202579303 0.06688535213470459
400.2602129084663 233.69734309702915 429.29225918270436 272.14272525324117 0.06680145114660263
910.9768029134062 190.6551783940571 977.9955976481737 284.5203694511105 0.06679543852806091
421.8737723377745 373.56433371244543 433.20358688285927 389.83834174501425 0.06675972789525986
369.8473073474989 377.53744341537316 404.4170940392038 427.60842498006417 0.06668365001678467
950.5255353630363 287.63281949200496 977.6415973443812 325.46509796911465 0.06662105768918991
438.4148985716925 217.0930359122551 469.6097661397185 256.11924656352824 0.06657661497592926
722.7941463589146 302.90038990492434 736.1948723276702 319.06250044502076 0.06650746613740921
961.4573638014208 298.0305064617205 967.9947515979864 307.9032456840876 0.06644973158836365
385.8553746624437 262.7776487961048 400.09216363576456 281.06473043452644 0.06637798249721527
556.6249820989794 252.19183880077827 576.2875077409184 278.23071935571664 0.0663476213812828
454.67568069752133 375.43539620751744 472.8337958719254 401.9416256565139 0.066337950527668
884.3908782699157 235.68333907043072 919.4267224623004 284.206780258676 0.06622986495494843
623.394666566392 352.3234843015435 652.6051480918454 394.55408687610094 0.06604479998350143
436.3197074302447 202.48058885657457 455.43686967579634 229.42444115091686 0.06599853932857513
326.15089510143747 318.65633476286285 336.68164231176763 334.6781154032086 0.06564521044492722
738.9803402221612 217.45708208645235 787.1496264829071 287.4334475693506 0.06561194360256195
794.5740921868414 221.04006414691455 841.3400209665347 285.23600397493385 0.06556110084056854
663.4241525498171 283.46244843184115 681.7899219400185 309.95419387529654 0.0654449388384819
591.7866094620434 261.35642843425154 608.4673265471941 282.37928414953814 0.0654265284538269
417.32581485866723 258.87533462220364 427.34903143322225 272.6869081793236 0.06523903459310532
463.5203585112185 365.62812425487306 480.21223842718683 389.3531837766022 0.06500960886478424
430.0201315335652 399.3285527994389 454.78426896542203 431.5813657931324 0.06495986878871918
418.1141236179279 359.78394622839295 428.29814342075935 373.06779030499723 0.06487978994846344
334.1188926090753 368.6234946629949 352.70268812140256 396.28307455658666 0.0645875483751297
300.5960963529273 467.8629234393426 402.2556756691988 587.8455682219188 0.06452878564596176
388.0930738937999 185.50596141665036 429.39279175414697 241.89665117536725 0.06449773907661438
443.11526209316025 280.6356871990303 452.49994971541673 292.97274166331465 0.06449384987354279
479.92215124606713 251.4857129488206 583.4849952002265 404.18049226478314 0.06447729468345642
232.7879830106116 364.87436502258464 269.3284190188915 425.0916794221353 0.06446847319602966
450.7673516532728 168.46610150592568 489.35013654673656 219.64153319074268 0.06445097923278809
-60.334641736569 -64.26662508664975 130.32552542811206 150.77851176879716 0.06440505385398865
330.1565505840218 293.12096210594984 344.65648603131154 312.0745357777082 0.06425779312849045
965.8376657332144 292.4193468363552 974.088242405407 304.82175281112933 0.06417516618967056
619.9293351929864 261.7960660580302 711.9819415689353 390.7923926999949 0.06413038074970245
762.3473494582947 259.5558152945021 777.6151294692493 284.1988602214634 0.06334614008665085
848.5802751151581 285.97595167931445 896.305631538626 347.6294456763714 0.06319434940814972
900.9148181883095 267.1926425824028 947.8958331568616 327.95559683315105 0.063118577003479
767.7917295466584 277.5562777979258 778.4746284583375 294.111977711288 0.0629502683877945
586.5968926392478 364.36870377394445 611.8154038571098 403.9153038289012 0.06289972364902496
361.50797343213884 265.9529937637329 370.0057800683552 278.45936560391624 0.06288797408342361
418.82679940254 219.4120843434852 443.27775289879037 253.04788787665066 0.06226947531104088
180.44814226941932 286.37238886320927 189.50410103456582 297.09453096423147 0.06222612410783768
837.2437224662842 218.78688692924308 878.0001829898857 276.84089943431775 0.06220737472176552
617.2836983317445 179.9553962862197 642.6207557970831 211.97109425642333 0.06220700964331627
951.4703313690455 295.56800701751416 958.953537945411 306.93656460481895 0.06212705373764038
369.69728849321166 385.2690409172084 389.76182390033216 411.2362258953387 0.062084540724754333
392.67803649063137 408.69911100866824 476.1073407682442 512.1575258850539 0.0619598813354969
605.1824850197123 343.0076811457806 628.3173399736198 379.71818095049406 0.061576664447784424
156.57172310377675 333.26197457294046 169.0293031534831 349.9187467614136 0.06139685958623886
948.1931092193045 311.7867386309569 954.1463307810593 320.7851421206673 0.06137780100107193
581.5443550876242 382.3160186661312 603.0385855474299 412.6272225834949 0.06136602535843849
310.0777860639859 349.9822648056953 327.9717620409558 376.00063568066867 0.0612817145884037
392.9903978259034 397.3971694333368 426.5910824219187 444.09756201901547 0.0611308254301548
257.299196734172 417.9226117370831 303.0841968372629 486.65168736328155 0.06108216941356659
187.99687443069163 480.94715733774365 286.18712142170466 600.6771943181038 0.06103789061307907
228.55087436391977 187.148264658024 311.93394367890625 302.8378661721795 0.06097979098558426
718.9017673788479 288.11979082184587 735.2009602759317 311.60182667789496 0.060957327485084534
253.05671861187167 418.5389769839834 370.9785800810419 564.6499648978848 0.060923848301172256
965.9904131729519 305.93854788006445 973.5484991406177 317.0075122238835 0.06082933768630028
457.6639820938345 124.91898201426937 541.6949077325127 228.49213459764707 0.06078289449214935
778.2224436653138 247.90862507714303 791.3423249096934 265.2883890647452 0.06064307689666748
407.1263584253535 264.4709695914344 414.35114889073793 274.22416812060925 0.06063550338149071
935.619416459315 296.90183235155126 978.1131720620097 352.0267440193562 0.06052872911095619
696.8027767681676 340.4494297633645 723.4892744260895 375.55455255076015 0.0604550801217556
166.58861573822963 542.0956147968891 351.19217836345007 744.4674247088615 0.06036991998553276
483.48893369183924 362.95093232654125 502.8027356572117 388.69651008025596 0.060284972190856934
883.9455883826425 158.3401415793622 934.351274763187 229.63481567887288 0.0601487010717392
786.710185187606 299.8419493203785 813.855943792812 335.61746532177665 0.06014183536171913
413.86606196728565 387.01967615862264 432.9347133071166 413.7562658863801 0.060086943209171295
517.1413963308376 178.86210994578323 567.3907552483493 244.10579691264368 0.05989076942205429
838.4038389158081 235.35550918366533 918.9653198805312 337.34308018292967 0.059707898646593094
700.8423071081813 314.3171640391355 721.2111631016941 341.4339000542851 0.059685319662094116
927.9418942133798 536.3972806217946 1142.1973181280625 771.7719844398197 0.05967680364847183
408.31089317266384 395.65571601162463 416.9235609069526 408.4351614965633 0.05965885519981384
334.45427236577046 398.4213400099447 375.2199773778271 457.2135368031502 0.05964462459087372
424.8620933162313 251.07027188401293 433.01216127150866 262.4580205984888 0.05957653000950813
640.4834006374863 208.1126261529168 679.0091161392933 261.33440979377974 0.0592753104865551
1020.0364940889825 307.55460704090416 1104.6533839624644 424.07357609455084 0.05889204889535904
319.26544133466757 371.8976848256398 339.76493010101336 403.79160570500034 0.05870456621050835
1027.7339077109982 290.87170094915393 1034.0608845531053 299.81254035319614 0.0586666464805603
949.454930437075 -67.33963495047686 1142.939691094948 157.1971163102319 0.05838876962661743
485.44961094058215 176.8866028161618 532.1330771633083 233.10616930412823 0.058366015553474426
403.77061398567537 273.98781171620715 413.215800636364 286.7064503083231 0.058346521109342575
12.763386383627505 206.3219948974265 104.21618343972943 317.4328438079326 0.0580713115632534
301.2155985923883 355.6815212745915 334.01330064665297 405.13483801116024 0.057911187410354614
817.5414135026564 310.70164314512584 860.7480806146439 367.61232972111276 0.05787326395511627
547.9936861872337 366.60012422219285 658.824133092246 507.92210726566543 0.05775148421525955
600.8150964275337 534.2587089251623 714.4559331782011 667.7747919588829 0.05687730386853218
784.4303241870781 272.8341547217347 819.1274237437622 320.67881579862495 0.056786928325891495
22.56455545226186 311.0445443997269 75.21561018733057 365.99783059496957 0.056777261197566986
358.55888250060514 531.388468787978 475.8548896959812 673.9097576534936 0.056654900312423706
555.203302260663 366.5650221743962 581.0549403980217 404.0508837929784 0.05663635954260826
390.4749831702426 471.1081143480189 495.5896080579519 588.8307898246734 0.05640672892332077
516.0340085927236 384.02242860738136 605.8579521708294 507.54637510757357 0.05621466040611267
764.693884099997 332.7694046230324 814.9277965924491 394.45473546601886 0.05598541721701622
491.6560262004968 531.1375963924826 604.1553132793844 666.2206988532221 0.05526268482208252
434.10262361736494 401.10067370771435 442.59866142655494 413.0711751771399 0.0551748089492321
317.9437542738408 333.59245307266013 327.15100412848506 347.4062325248061 0.05465719476342201
556.5293737504127 230.7857714868533 567.8018172688164 245.70044274070202 0.054554056376218796
639.0633996382087 432.7854690559522 676.9347871382263 487.2752163404577 0.05398587882518768
-46.20210567113021 74.60193825405403 157.19536125456506 350.0947708992591 0.053892187774181366
683.6221818225883 177.22459502922166 735.4513744695689 247.24926229535237 0.05361734703183174
793.2314326322424 273.84665183487454 806.4896593367594 291.19563811540087 0.05358244478702545
315.5232393017626 321.0763829013267 324.58678740247757 335.9550067970525 0.05348691716790199
708.5909601587695 301.0233818387744 721.014409012382 319.6328831319218 0.053190678358078
381.9710701934559 251.94846340054153 391.02315554353856 263.45240761907985 0.05181044340133667
534.0249066475752 224.8677921617174 544.307629285225 236.216246648582 0.05166906118392944
