491.3089297156484 396.86984033801014 528.5542018232167 439.8161749418053 0.9999818801879883
322.25960009995174 427.09928037286045 361.33170849225525 478.7443351257802 0.999924898147583
361.8598627326774 402.55776645425556 393.1395735668454 443.30262529909635 0.9816291332244873
388.3240710147741 447.28115802382445 428.22639856790613 504.4199546063825 0.9463824033737183
545.3944397106318 433.2338871372021 558.2319456339617 447.9887444302844 0.23726509511470795
65.98076083234493 180.6945925782579 78.51581108176083 193.01803098474676 0.22115270793437958
297.45747161625536 421.34706415029746 323.25961631518885 453.57528613913536 0.16591998934745789
77.6258302274831 32.87960540992033 83.15295925836301 39.6153787120749 0.16035500168800354
669.8963003830949 447.54731937854933 680.519107371676 464.14999093181075 0.15924254059791565
687.0637554782173 443.27985279658145 693.8867279531628 454.50506689272214 0.15136896073818207
233.07822830430985 376.3197296549745 282.566297085518 436.96409545508027 0.1501961201429367
519.5767990755702 14.824749854049115 608.2924213259811 109.14023413412212 0.1360379159450531
710.0893539874485 434.8278268360475 721.0083467776614 449.84527948498646 0.12117945402860641
6.327954392165674 175.73505887678374 12.454491102511195 183.12386441806458 0.12048044055700302
804.8813443423995 87.30591880731527 879.4958226264959 164.80171861391145 0.11955283582210541
700.2115105699002 423.96953112462506 719.081906575731 450.8814032285922 0.11815991252660751
27.686547316842418 441.7890560918158 37.17026271598177 454.5141846693092 0.11171576380729675
674.5405394702688 311.3090149809124 701.7847443089868 347.7733720358659 0.1102079227566719
12.045966542909406 176.28420451824869 17.831223594219267 182.94434518347396 0.10783962160348892
72.73192745936227 346.29491827380934 82.75214809804405 359.60505358230216 0.10711945593357086
716.2552851777706 373.07886215600337 732.0209056150044 394.3716866974021 0.10541132092475891
-1.0086020525563018 359.8678428158207 68.93867509786759 451.3269913778337 0.10204784572124481
843.9723008602869 102.90429542903715 866.4902733466658 124.51269866570414 0.10162485390901566
186.89961828939627 362.8961700699152 244.2598746568643 429.5981416061408 0.10152513533830643
725.9949859257548 279.23076257792235 731.7378909719544 289.3318821648508 0.1001521646976471
510.05149826619424 355.13508071566974 538.1699976297157 387.89531508650066 0.09978656470775604
456.43417315387296 441.1177243111634 490.87924626990525 487.6385083296871 0.09978123009204865
865.8667170366265 64.38872122273256 894.3880303461364 99.09198856885274 0.09972717612981796
811.9708713542996 117.00905273351115 837.7718740170886 142.34958165160154 0.09879660606384277
222.65000201701625 443.3062875082156 270.7380623389439 503.1096579541411 0.09876005351543427
350.06047435897597 505.3649939066671 394.4196750835048 558.331747549622 0.09860098361968994
729.7045864394862 113.49518396116795 780.3785197594822 173.44021445049114 0.09745437651872635
250.47153196501242 516.7501014867916 264.9905971253253 528.906795114068 0.09711803495883942
730.9103421964983 489.2623843310198 740.3119095050297 502.62216926772294 0.0968504399061203
359.85130317563335 356.47000271612615 396.62548767528983 404.19964889066625 0.09631296247243881
288.75863152194034 366.25540607643893 331.66526268357995 423.5219000171273 0.09587765485048294
687.0803391574259 452.47871259508537 691.6468165703893 459.02067157378787 0.09586695581674576
682.2752902238079 454.54175888397646 693.0541856387537 472.6984589718202 0.09562626481056213
789.2529391139263 189.03479284430182 823.7747805727964 228.95256116907228 0.09536710381507874
357.9952738827817 443.11266036199765 394.92357033720936 493.6302198045498 0.09535916894674301
736.2155096012918 196.68263493528212 793.6723448593316 260.03427318886105 0.09475089609622955
763.4869459601948 155.26010814085367 793.8137593417872 190.24458625114138 0.0946435034275055
703.0966926956315 458.4274170307424 713.1242788301571 473.2742368942532 0.09399965405464172
786.0689706456453 116.51523385353406 815.2196710308712 149.034056071718 0.09382948279380798
810.5671976379664 29.863886186508015 850.2544393745553 75.46868260671079 0.09340423345565796
219.76826005982878 534.6424069935358 278.7862157960955 576.5329021431933 0.09279492497444153
385.251840362318 411.433933114721 415.45880592779616 449.7610852233001 0.09175822883844376
223.24065379423422 517.9069018611311 243.6196286283904 532.4090160479766 0.09135324507951736
671.4729399021362 395.6523219129355 703.1475525389865 439.9711187008902 0.0912238210439682
734.1578573223161 410.12893278603855 744.5230072491564 426.86349450240704 0.09095818549394608
719.4864840170461 413.23384239933364 744.9277477481832 451.9718667631613 0.09094221889972687
86.54115714702363 434.4036053874668 93.37917362004255 443.2235839177765 0.09069521725177765
33.59216921973581 192.69458386069178 37.27114156774706 197.4138822959436 0.09061044454574585
281.1324923067799 447.13761981066034 327.8061067351235 510.01895666679263 0.09056302905082703
810.3255893647769 -0.057803539684655444 901.3268909021356 105.06891282538348 0.09045790880918503
32.342451866132755 433.3759611840386 38.496822710815344 441.6324852443228 0.09031672030687332
170.25120419421629 451.8553614539404 226.19584923996504 507.30190066548255 0.09017355740070343
211.7170265489238 563.6077484095034 280.0385398700441 609.8716813599349 0.08983077108860016
768.6013047093301 252.65341383811176 831.0308288675195 326.9666149092164 0.08957593142986298
877.6775215694164 74.78828122198237 963.9667070014184 170.7936403614888 0.08948824554681778
210.93049016046848 485.88870335873236 259.34018739121416 527.1639918999985 0.08944469690322876
247.4168409432078 500.6296773256474 262.4359774797266 515.9648609160676 0.0894358679652214
16.36175336496173 179.2241389230085 24.012977398951573 187.32305871569045 0.0893269032239914
833.5695546407522 79.27251162734694 853.8318380635384 106.04283363208471 0.08925101161003113
795.4440811408505 129.71146845504327 804.2850230949269 139.28507273195044 0.08922736346721649
162.07715516798703 529.4283199024047 222.77414597673894 581.6846906208256 0.08921454846858978
698.5953301898701 440.77405671340495 708.7003821537076 455.7639962173436 0.08921284228563309
782.2517844611334 141.70990734264777 833.3480355815504 201.06215316967842 0.08915246278047562
55.68303261304884 168.8363870966489 72.64433474377059 186.76238626159162 0.08911096304655075
692.6996889379899 454.2720723119125 702.7612399642884 470.101735934409 0.08892013132572174
530.6153317304291 434.06120007782835 557.3882917234881 465.47322252121694 0.08874846994876862
2.9461031415791195 175.34107503036532 7.55956244387968 181.16933104723236 0.08861179649829865
86.01863306470783 410.97321071085815 111.89613958706106 445.9363797335578 0.08855610340833664
720.3187044867709 403.33952980622206 732.64656788221 420.93550735380967 0.08846580982208252
371.3597319245631 481.89291851236374 398.19130361683517 518.157166365246 0.0883103683590889
412.525288244366 428.79444606109115 439.2917699296317 464.7089816284008 0.08827205747365952
425.1191927905749 482.1192488546626 460.13642648182514 527.6322292623757 0.08809082210063934
717.6185118629877 380.42308419785843 745.1435466606424 418.8448775803555 0.08763648569583893
104.39115547272607 618.3385406054956 222.6258025473034 741.4063752362486 0.0876220315694809
38.99411624572602 192.174062921828 47.64719391391534 202.31797584926798 0.08745724707841873
413.7183869011886 380.4170072261257 445.96174027239704 421.54150110955163 0.08740896731615067
728.6764412968423 505.6538257629123 735.2895657141374 515.069081094987 0.08725731819868088
686.0821542025571 458.3016325402885 695.3825381183609 472.5965456553267 0.08724385499954224
226.90410977225937 503.0550774927116 241.60768351637284 516.8840242579024 0.08714266121387482
161.85490152165278 513.863387575325 228.8741300814686 558.1075896747066 0.08714223653078079
433.3914938367461 178.39793405597072 442.30032746801317 189.2172949367705 0.08681304007768631
389.53616637847796 376.96640899941116 422.2135730278808 418.10334810943846 0.08674018830060959
844.7425229027559 30.121244709807794 852.827860944212 40.2911033326918 0.08650854229927063
663.5354734327211 438.06454137870963 674.5326943554151 451.8383853739384 0.08619757741689682
34.60054340665947 459.48220979366255 43.828843947915324 471.47465742518375 0.08605092763900757
36.66980871236235 444.07629398466463 44.161216013591066 453.8679154152613 0.08594177663326263
513.7510654898532 458.83638049251397 555.8014868838736 516.4906731333102 0.08586757630109787
698.9757819288176 351.55469856092077 708.7362730541577 363.98524635584886 0.08586134761571884
860.5060966507302 340.4952251394541 892.0927790694591 407.3085205643368 0.08568264544010162
688.1667151895462 428.67131460723226 699.8064666768792 445.8769112105848 0.08541753888130188
679.3613218598965 369.8745466522219 698.7579566396582 395.0236019109613 0.08538281172513962
326.21842435700324 389.1585037741317 358.43192484304666 428.2596710141457 0.08535639196634293
651.5629301453479 370.0728061797717 684.1174970013877 414.7228834703991 0.08525102585554123
385.51838652443087 539.5111666330884 490.15231381533494 677.9083625401972 0.08522910624742508
8.263703852153984 166.38505158312515 18.781055515091545 178.17011401417656 0.08510171622037888
817.107868680464 128.78733957758894 826.2421360573277 138.68799311436314 0.08497723191976547
450.21947047887704 399.38457198458104 476.8975546614474 433.3709358260113 0.08493661135435104
679.8367388101797 444.9842494175619 687.4541503083029 456.8640255379914 0.08488933742046356
54.47534579192483 473.441660355069 58.69614328889179 479.3391749897238 0.08488480746746063
-6.400054933902221 383.5584627561121 30.00590036147775 433.26519971246375 0.08488255739212036
327.0348398270518 336.6138703727158 370.7944798331353 390.0567797899816 0.08467479050159454
248.49799646066657 534.1078049791008 267.7536850325562 545.5040659239387 0.08447258174419403
823.2363608401486 122.17166156278503 832.0508940603581 130.04055808790582 0.08440353721380234
310.5615299799994 482.75045757918593 356.5002139769175 543.3241690913796 0.0843266025185585
704.9766224445141 438.1350758634628 712.3888741915745 449.0978824956139 0.08413084596395493
13.831384898796717 184.63752571484747 36.01076099101755 207.24856612442395 0.08401264995336533
225.63018948618318 533.1198263667646 249.10640727521948 546.6036798886694 0.08375588059425354
822.2852266052151 167.0979711964401 861.7763966069389 213.4003223984448 0.08344865590333939
402.05990467180743 534.4100694017909 460.24478725266215 600.9292667760496 0.083426333963871
268.0674156523324 410.3516709106337 303.533708857996 458.0566940502878 0.08341503143310547
247.49671684355283 523.2714118601255 263.58377486255625 536.2836253522521 0.08333544433116913
845.6004279538566 316.63987097146054 907.7943167921626 442.98795541675304 0.08328187465667725
20.098853796406217 444.6421609722868 28.59403493780556 454.48473076849194 0.08326003700494766
743.182931656401 261.6631650198986 783.3984432185396 310.10998908185644 0.08312615752220154
694.6148424735449 424.1217839713099 703.9251683354158 436.92129556779446 0.08307723701000214
828.1386447056926 34.01922240013582 834.6291989071843 42.04976529521132 0.08302377164363861
706.364494016501 419.41953276945634 718.2194449314611 435.2454453674622 0.08255351334810257
0.16981519327178102 170.80118414191466 7.183485383239544 179.34993449640785 0.08245242387056351
653.1016824414809 423.2533918348512 681.5155335221942 460.64150138693606 0.08230867981910706
31.58020674498301 193.18233745957727 41.59462498593958 204.6705307529567 0.08224315196275711
842.448189532662 41.83988004826997 864.155234019376 65.52458856978568 0.08221328258514404
223.8790985691124 617.03056683553 321.42653058962475 724.824991733936 0.08180657029151917
758.6674606448255 154.97532273284938 779.70497392976 179.9276877185293 0.08167988061904907
221.01051683786915 494.97834419080243 288.59261300082835 577.4419872369318 0.08166317641735077
720.57822702587 408.6238629630597 726.0476976454049 416.3016836959981 0.08166235685348511
853.0306489940212 76.86412546796024 869.346227985166 97.85543598101121 0.0816332995891571
717.2840072851021 329.9723297360306 742.2603782312214 364.97061445538907 0.08156946301460266
709.0083551064395 392.20828498696505 722.1370135297531 411.0612141228011 0.0815625935792923
686.029452486332 327.8065794060426 724.6909457639798 380.9453450069773 0.08151275664567947
968.5432934969564 3.3592036888363324 1053.2123269838726 96.60766441722416 0.08149848133325577
809.29743838505 77.5812180088648 835.998409147168 109.84432837599279 0.08120228350162506
735.3679426888493 455.8233960320357 743.8471069832883 469.48995711959947 0.08110755681991577
455.35523910469544 358.9570965648099 489.19714124834377 410.33214572538685 0.08110709488391876
808.9287433557267 136.94386945855575 823.5800101025106 154.7767335514329 0.08110687136650085
807.7297662488415 323.4669395989397 863.0311354917911 407.7287476938247 0.08109640330076218
693.0531889502165 443.53044859227674 702.7454577110888 457.6034974564558 0.08101002871990204
821.227809675237 42.11782678308012 829.6163546748255 52.921721513152285 0.08096492290496826
269.5484865420736 534.3154145970026 324.2696579684209 592.9142835139252 0.08084049075841904
890.2508785699656 9.03497265527577 965.6719767552447 96.85157601405433 0.08065656572580338
516.9191266515447 401.4959118659993 549.8068364568326 443.82402803132317 0.08064162731170654
19.867195094024304 172.27540029987065 28.57746592494596 181.77130687274328 0.08063607662916183
712.3258839326095 451.21376041166815 721.3934134053587 464.1629399427753 0.08055207878351212
39.82955620506688 56.20708920672303 127.17075640590784 154.74322266965083 0.08053263276815414
692.1069818936913 400.7128807401275 703.0855899499572 416.79080359109037 0.08041443675756454
150.63989533435355 382.91448319820825 199.62855240583758 446.08932896708745 0.08028881251811981
723.7240892938707 450.4502623200457 734.6007266580395 465.02113264904784 0.08022989332675934
819.535024330711 114.9318063232074 826.7458267426949 122.23156564746343 0.08022471517324448
710.8144147058905 204.6483513111278 736.3940629172906 241.1033082450913 0.08014555275440216
29.670019246670655 168.61495084161177 40.95543616854905 180.16061177525438 0.08009648323059082
730.862599195997 360.58680301676867 755.401515259278 394.59498609813215 0.0800507590174675
22.501357672172396 452.0172414133154 34.803906329276806 467.9960620598877 0.07990922033786774
696.2452708687211 364.67501505950423 708.9952413088603 381.79157242813443 0.07989306002855301
589.5918103592145 429.3248661330501 618.1277862560794 462.7946665211536 0.07989256083965302
817.1179083492266 408.49808098199503 857.5204349373763 481.2137465628463 0.07978928089141846
715.4806663282375 417.1337265154065 727.7405838793724 436.59183602110704 0.07973266392946243
963.1211262454397 203.78622498872102 1046.5893912150445 305.37297664558344 0.07968684285879135
687.511440885583 447.6248078169236 709.2551056915445 479.81402166788035 0.07936843484640121
50.0464574914221 443.73635811090793 56.58421584071729 452.58920200417447 0.07931816577911377
825.0634997520565 113.52457031861796 835.3983074431654 122.78310551588729 0.0792708620429039
42.408661767632175 190.36075736712561 46.01224169121691 194.67747909111873 0.07925951480865479
788.8554119903081 92.88755240982596 812.2927391950504 118.14620204097423 0.0792287290096283
266.54640133565806 44.37607239257199 352.5681170172765 134.79076881834558 0.07921039313077927
685.5341860516852 429.82845648643325 693.863704220206 441.72883839860566 0.07919550687074661
773.3497489232614 266.483544583705 808.8146730316469 302.8896676869523 0.07909538596868515
23.34124875297638 183.19346695057646 28.153728418509314 188.42936062827033 0.078986257314682
809.6143562265092 135.00586334226978 817.6269147397794 143.34602741022638 0.07896015793085098
870.1489918512832 18.391998050739627 877.0598559148987 26.247288518552 0.07887353003025055
18.06632046992977 417.13314494306167 39.843268553288524 447.5159572066861 0.07872652262449265
214.51102026216807 539.3009107626449 238.1763134840018 550.9748489128978 0.07871592789888382
884.2768105620119 378.92038947866047 912.7345654139083 443.3332586985653 0.07866322249174118
385.44105581288403 319.31901011437026 426.44215634586516 373.8821898386019 0.07857520878314972
2.571064867108725 182.09419973045448 9.271680700848416 190.21664670319694 0.0785604864358902
47.39952466731463 452.80124968576047 56.298640663632554 464.9876451211544 0.07855026423931122
701.2109453782015 501.03841809296625 708.9473588871997 512.3643356439176 0.07854877412319183
854.3523212139648 445.5307250853331 907.7854161064763 540.1760606600408 0.07853944599628448
214.47583419543673 528.8282076162288 232.65112372787476 539.3629877066484 0.07850423455238342
457.1546458790445 495.0906971728577 503.73275280977606 552.0485102451305 0.07842202484607697
678.0652282773378 431.07946950571375 686.9541938435283 443.4076801731005 0.07841858267784119
794.8846891563817 152.0300958203088 819.1570878113621 180.91748682743636 0.07838861644268036
694.7006262604863 462.2889939937011 705.7414646701023 479.60772142275556 0.07829784601926804
700.127610545572 421.05074269722667 708.2189727766998 431.7805343545938 0.07829177379608154
793.7316433896395 45.646336772737854 801.7660744176463 54.83129320634281 0.07824680954217911
332.8908382066182 472.2845560902747 370.18313334871004 523.2220999889362 0.07819948345422745
389.0552774794281 506.0314457185539 437.22428591273024 567.006452360344 0.07819697260856628
247.64918595692384 602.7957480390737 315.6764853938569 671.0224195782496 0.07812997698783875
663.8797491085357 195.6618807571844 707.3524256335768 259.04829487235554 0.07807496190071106
43.28478712643152 445.563856048692 51.13695333814612 455.6762800102944 0.07780918478965759
781.1694342384928 155.68010270436747 791.3518888616902 169.83051494365242 0.0777493417263031
858.2136881469975 11.071001907886853 891.0864148599054 48.12738733105766 0.0776466503739357
55.8321706944036 463.5703622788049 60.15741397079642 469.6510675093607 0.07762724906206131
697.610952871988 350.0610912094652 710.1467964847534 366.6612212809526 0.07760874927043915
671.1728346222113 423.5467258663884 682.8930307060709 439.9277213366643 0.07758211344480515
853.5589491666649 302.79187767475037 860.422750870698 312.03027252420065 0.07757662981748581
678.1931429702216 440.9100688900281 684.6033679969463 452.00009018003595 0.07741685956716537
722.7781979074068 508.86490142970126 728.3386031757516 516.4798679851774 0.07739228010177612
807.9890918569131 52.84819827778895 837.5219242533915 88.75589349757458 0.07739034295082092
856.7452021211211 44.0888218682147 883.2746974768762 73.02680001516012 0.07737967371940613
95.1941278471443 417.43363119898527 101.13768232567045 424.0975515116285 0.07727508991956711
715.5787636969704 378.7627559003554 727.0487682219011 394.00635925526694 0.07722889631986618
729.0919437794961 478.4367536546538 742.1693023007571 496.79140910176216 0.07721306383609772
866.0411071014462 387.72635555889116 873.7435515147179 405.51890740815946 0.07721205055713654
730.4447691880634 400.6373636925442 740.5059377130541 415.6332280070538 0.07718934863805771
820.5904976186656 25.110099230125613 828.1453863245977 34.33036512779411 0.0771360993385315
709.8798357517483 467.6593074588034 721.3040661361738 484.82931108266797 0.07711978256702423
526.7870542334856 433.19657400126096 546.5893602735742 456.37138797826157 0.07699722051620483
659.8918848490054 452.1765021239007 674.0664674621173 470.4241128239824 0.07694590091705322
715.3330555032585 413.7313234089602 723.9577644155164 425.4156050658675 0.07685667276382446
811.0991014756082 119.68050741714116 819.9230850240493 129.41702515723534 0.07684998959302902
879.5574506272111 390.41554433327565 885.5964011642945 405.2351635135211 0.07679019868373871
764.9138147003574 425.1364179839998 815.4372512639878 497.25051929358386 0.07666273415088654
615.1473838500351 239.44384341974208 658.7002629393013 292.6983782640263 0.07665164023637772
724.2796515822514 499.1489319769184 729.9771794201029 506.6797068792786 0.07660003006458282
310.3603954565009 285.0239392749114 355.04061352118265 337.2721956271171 0.0765850767493248
228.96539000823128 125.18097828256364 311.23840705879405 213.45866343391708 0.07656403630971909
135.85946864547662 571.2011184490692 198.12545686758816 616.1763410629028 0.0765184611082077
859.4763695255753 89.01591483720773 887.2750293886149 122.51427128521327 0.0764763206243515
972.3243500667145 82.5804632639055 1060.8237791902761 181.17765531646603 0.076473668217659
23.23515527869042 187.21625007578098 66.95423472759481 237.33830525852136 0.07640505582094193
915.3580725711851 562.596772135238 994.3926861538473 660.9980991700811 0.07639250159263611
59.05648713029236 475.4284495131043 63.32399867158704 480.7388959073336 0.07627323269844055
994.5247568615978 465.5453469115323 1077.908382169059 573.871458316006 0.07626737654209137
884.4734423389012 382.78310678480716 893.0924796104531 405.30049926802366 0.07624024152755737
133.61807666514753 525.7323594215623 170.81972237874808 554.2230500359748 0.07621969282627106
726.4368686594039 519.6312187725546 731.9067129308364 527.57741484569 0.07600800693035126
4.072036889561648 199.83871340175372 12.925776600175833 209.41193621759737 0.07597582042217255
744.3349486555727 351.14982061809974 796.4410987646106 419.95765744749633 0.07590214163064957
712.0665963737214 485.19591138800695 721.8010631898178 497.5653523654511 0.07585559040307999
182.89601855161743 612.9144834819072 244.7740804439392 659.9849422090233 0.07581491768360138
690.584995798249 435.29230182491625 694.1010413535396 440.27727757796714 0.07570040225982666
629.251450018409 339.461331179352 662.9973080624775 384.11275379242954 0.07568357139825821
28.327662066863347 184.7311779353377 31.797363654959863 188.6983332360501 0.07556871324777603
820.2318321796976 230.53877293362126 870.8926444892601 303.2076312203561 0.07552728801965714
732.5068752972827 149.66672354550562 759.7969315286401 185.8954547912974 0.07549476623535156
645.2725481325497 306.3596388807642 677.8469721390641 345.04027256514064 0.07542731612920761
807.7745388079524 118.13842303036415 813.5864345175797 124.87012022246485 0.07535003870725632
872.6101070329877 392.0752026183755 879.8999615016909 408.1260394896818 0.07534829527139664
789.5603145668689 119.2493808272026 799.310079589191 130.75655464824547 0.07531500607728958
695.471424553777 149.67943254868192 739.1452329528121 209.1958014112567 0.07529907673597336
735.4726131608674 385.830669202715 745.4629649920739 400.84916497271746 0.07523095607757568
664.6414350060606 433.6982479070557 670.8479404345256 441.76505203034645 0.07520411908626556
778.9640908965621 466.8873916687344 852.6713452203624 573.9619634496014 0.07517613470554352
31.391940447351384 189.43225017204273 35.17531633008874 194.09502662788077 0.07517119497060776
710.1296347731753 300.00248840070594 764.9420098150895 373.4107027084566 0.07510779052972794
723.6154366571517 381.16676997533267 732.8407811026477 394.30375957642036 0.07510504871606827
762.7101866156413 154.49115896119162 774.5148436729802 168.36639367305517 0.07508976012468338
10.46763649254153 183.24219417001132 16.98967908193427 190.50273028519067 0.07502113282680511
-0.6072665472929248 176.80271545610103 3.423648882186091 182.52674265026346 0.0749802440404892
26.294837167061008 513.0534487855715 111.48138649062837 606.3379847611716 0.07495848834514618
10.988468763179835 188.34898794868124 18.722985493450835 196.9531919122249 0.07484083622694016
828.9167452745689 50.238075735190314 839.5440447135728 61.83040028805423 0.07483865320682526
842.2522146746131 122.06746270489698 860.2165900187377 142.17828245182878 0.07478787750005722
44.203941802868606 460.4140052247006 51.164723809300064 469.65969962588923 0.07475312054157257
-7.58092793958325 417.50584061735304 19.524165116795555 454.0026881789733 0.07473160326480865
641.55435685183 419.18562968725064 663.473188648135 449.29175603912387 0.07468396425247192
698.4044133734468 431.1606961963464 707.0518715895835 443.7794180987416 0.074661985039711
892.4509361168522 406.33898386418525 933.4689364428837 483.9961630853484 0.07463975250720978
717.3689881530494 506.4803763243434 723.670514428603 515.0056978932045 0.07462774962186813
532.5352866173522 378.2677920542153 564.9165457379495 418.21388759406045 0.07453715801239014
672.803356504843 461.27239891928076 685.3893696622318 480.89075892609674 0.07450660318136215
710.2831370845388 505.74387217720874 716.1766981199203 513.6031100767658 0.07442986220121384
61.10022909394018 463.2084332208487 64.69375770149277 467.97406863033694 0.07439222931861877
811.4269241173556 89.25760226591318 838.7385710068235 119.73700509811528 0.07434636354446411
806.0815997503812 41.45336077779293 814.822595778772 51.47239021557456 0.07434386014938354
213.31350432162773 546.8399574761261 238.6004070660253 561.6950094966603 0.07427175343036652
762.0577230843686 178.84340009050715 791.9612071945734 212.14118795259088 0.07427017390727997
837.5397497913078 38.71006618425923 846.92469934514 50.36201459414601 0.07416591048240662
74.52195490599713 172.21032881735346 85.66007427073873 185.6065537585346 0.0741548240184784
828.4719558945162 38.26059674188066 836.4922516986353 48.248612990178025 0.07412394136190414
111.47440507392054 542.7110268905404 172.22277208611516 595.4253227239446 0.07409348338842392
640.6354639640986 452.8475805076362 653.5629121731811 469.4913008950737 0.07404238730669022
645.7729663984131 145.23341832261912 689.5399174486028 211.2675485888813 0.07392799109220505
742.9083859490905 402.7328160351995 771.3943832846144 441.42131124813557 0.07386982440948486
670.6157693880698 435.70560339406546 678.7512220958133 446.0029436728172 0.0738295167684555
697.2791984310029 414.5767236813342 707.3419797127024 429.23583152745994 0.07359091937541962
663.3693499922088 457.6183891836489 681.4999084819412 483.0613870050026 0.07357160747051239
699.5949876654221 250.2244762340207 747.9326318560406 312.3667173572932 0.07356391102075577
717.4349458018239 476.59960720770533 728.8543684324393 491.84992177477136 0.07354871928691864
913.0839085050416 305.28559656841793 992.79402195775 440.1577122797811 0.07345627248287201
189.20554689057178 542.7805163336822 209.88827748192688 556.4207714570775 0.07341622561216354
189.68948660589922 524.992225303217 211.92596870630322 535.2399621382286 0.07341038435697556
37.92121668262459 423.50641123055 55.16624828552479 447.56007157967235 0.07338204979896545
214.6076568039313 513.7063195253587 228.79213458598076 524.7219640474359 0.07330715656280518
-66.45088578720981 558.5727868131007 128.51726196590485 792.5583984207184 0.07317975908517838
556.9020009240326 436.3512433097078 595.2534338615116 487.4968135606997 0.07317645847797394
704.7835687541171 451.46087013808597 712.5405091781429 463.610023365767 0.0731600970029831
756.1085326275987 121.28243848462049 784.0041742064725 155.94244909544682 0.07308217883110046
796.2643523946878 139.35083651242937 810.9868203745498 155.95033270653536 0.07307107001543045
821.6576211898149 123.68820911988503 850.322305671595 157.53972475668496 0.07302498817443848
183.34247489394372 347.01542967307705 364.2120743237569 578.8269186674847 0.07300204783678055
776.5452209940634 131.99445174664245 789.9448330753269 149.94203258968665 0.07294409722089767
735.9731559911106 402.3873067256577 743.0712859964838 413.21858580599843 0.0729176253080368
719.9590263250118 431.83130497181605 730.6064019569818 447.40433818405387 0.07288321852684021
251.95753510440258 542.1092164946658 272.06117761803483 553.6631271728693 0.07267449051141739
342.02342656047324 261.2871881056277 387.3064696719012 313.02230276501535 0.07263277471065521
803.8676136426024 130.06081139657064 811.498944024524 138.8498054970368 0.07260579615831375
60.90033715081092 183.38171371044487 67.68436471433476 190.32473924462678 0.07258737087249756
435.74783091603086 352.2769211810429 467.0700540563647 394.5003835999539 0.07257377356290817
764.4625147898207 143.72916329401428 777.7501527773234 157.91906862278736 0.07250557094812393
625.2467051813642 380.8623406008164 657.1030572837104 421.72323571355093 0.07247049361467361
812.9332129935591 113.885319910894 820.2885698778695 121.33769301837278 0.07244473695755005
95.20191690563138 450.50300695055546 99.7525610971352 455.67861364750684 0.07241608947515488
216.49430054339743 566.8114421322647 236.89295973836352 581.0356917101785 0.07240400463342667
686.3688545742427 375.21180221083307 699.8220117194767 392.1499617402347 0.07238637655973434
513.3854968408435 239.6731002817228 598.99629800747 343.96939462071117 0.07234694063663483
717.5673234058271 492.055799082435 724.789144020484 501.6878321500958 0.07223569601774216
25.866970424524176 431.59584888223674 33.0416552304819 439.86045427052716 0.07222101092338562
104.52332267526084 290.6058352728695 196.8311238397737 398.53667608826487 0.07220997661352158
38.81545728185055 398.03574764511666 55.95596090793995 420.95671838344924 0.07219526916742325
781.6078313290451 112.43212462877572 793.6414147277217 127.92289064193261 0.072187639772892
727.023825025683 384.650876460364 737.5366900727641 399.0631422720855 0.07217981666326523
494.52901184346496 636.6705348604897 596.0387427460645 762.2856792855684 0.07212426513433456
429.1999224853246 447.28762080797657 464.7327808069623 496.02826351519263 0.07183019071817398
54.09301451097792 441.04676352392266 62.14378175222851 453.22865774405096 0.07175764441490173
750.7629552610323 164.75129393908213 763.4911428189068 179.68727516907254 0.07172985374927521
753.2489227816591 304.4778059687759 795.6174522335128 357.92935308242534 0.07166146486997604
723.7185320021624 474.9476843362679 760.5243245622225 524.5927854695973 0.07164457440376282
624.9872086157266 424.78349318399296 653.2456423293734 461.1161595113404 0.07163933664560318
708.1814634814755 317.4595845254476 732.8788797018099 354.1245981080047 0.07158426195383072
335.03467924570174 606.039130421792 409.05530293799615 699.9061287307685 0.0715833380818367
866.5616763462858 406.5434361863485 872.9392101469033 420.7477070348581 0.07156310230493546
217.91147246141662 308.0736034745213 281.3183734917011 378.73973475954415 0.0714651569724083
798.503648173082 117.09609205507456 807.2649865465303 126.83463958777116 0.07140564173460007
781.985254172942 71.19394382227298 803.0078703249255 99.63499539059971 0.07136163860559464
823.8658487249651 320.46363894802886 833.602749703192 333.12863385206333 0.07133626192808151
21.59554040881738 431.21191740265647 27.643016940250234 438.8721356893306 0.07123535871505737
786.134801331355 131.32370492054474 795.6836633203321 143.59441729443776 0.07121028006076813
831.621276053366 516.1625319608495 875.388275891203 581.831037636825 0.07116962224245071
25.335114345341808 156.2817251645957 41.543388323616874 172.3283264639372 0.07113642245531082
694.924643374581 416.10832516724514 767.1302651063434 514.4372693208319 0.07112587988376617
704.4151617931268 482.78012332932985 712.794660196935 494.7699811581655 0.07108015567064285
251.15176342999746 444.33335258793693 289.59461472914126 490.4109298908117 0.07104411721229553
5.676621892954568 164.24631841349762 13.350433030383984 172.71510912530158 0.07098909467458725
699.3766515691589 376.95805176121746 712.987926846824 395.53004720005566 0.07090046256780624
819.8788585351158 22.773414755064465 825.4400484312214 29.166104707416256 0.07089930772781372
685.9814356626063 438.210652141236 690.6514136752223 445.05074526599003 0.07086732983589172
720.1315692314411 367.7888486680827 728.9804101411405 379.15242283352416 0.07079432159662247
308.9048323882066 613.2606345919187 352.8194463185353 666.364729881334 0.0707678347826004
708.6015998459692 494.39772481421824 718.047367174171 507.1160476896637 0.07075805217027664
794.4297449315374 367.48620443910994 831.1629389722656 420.59519662976834 0.07071363925933838
732.7502321799785 430.72354710192235 744.6357594877483 450.85390724752557 0.07062674313783646
429.88854447021464 179.4213015401249 510.4768967084692 276.3301652909666 0.07059726864099503
798.4685112192269 82.55719414988351 832.745095272487 121.87609000405222 0.07057267427444458
718.7913627796615 439.06607048636715 730.0544029406477 454.06776080972514 0.07056991010904312
778.6295539974792 86.94815201576824 806.6134131825801 120.91101350894164 0.07050492614507675
1005.4638974498647 652.5248143492963 1088.8828526539282 742.4281113585077 0.0703759714961052
804.0135263079442 122.52907269123172 812.0149206211938 132.4747291683405 0.07036919891834259
924.61971619746 354.99530958371236 970.8651026015915 439.1054416649801 0.07031210511922836
682.2278518885263 258.7127387416191 716.3105917046827 305.71396768384426 0.07030066102743149
428.9162672746672 275.1655397347088 504.6446195539588 382.2888123147052 0.07021846622228622
878.1994884612787 405.8823390421404 885.0762991290408 422.0701792264242 0.07019522786140442
252.15482755681424 515.643050854846 360.7623211480021 653.8773963715063 0.07019276171922684
600.5962331583303 373.9749802415367 639.379522182378 422.8437976246682 0.07014720886945724
702.0447237125082 391.09398485676707 709.8991197783762 402.0455073027116 0.07013999670743942
709.7921551522905 410.97556963090966 717.664352977196 421.750155910906 0.07009418308734894
919.58019953903 391.8996225177873 989.4028011173335 522.6603479757872 0.07007116824388504
833.0671870244183 122.4186679348491 843.2839032204839 132.92290774089898 0.07000893354415894
18.06094529222192 187.5178195321867 23.82714790008117 193.143529260556 0.06995747983455658
682.5036898504882 469.9394022074626 695.4731318832739 491.2089441590012 0.06980828195810318
725.7497767239075 483.4277162138307 732.2237056257939 492.50182216311623 0.0697420984506607
82.09713133603985 400.0957422893106 87.98658594418455 408.2169526735585 0.0697374939918518
115.81807082177819 468.4522167272726 175.03944745654437 529.7893698786557 0.06966711580753326
852.3326152063252 339.6725911671174 867.2442263908413 370.5779613609808 0.06957335770130157
695.1468231849243 471.7111035229983 707.354596801296 489.81555048129434 0.06956206262111664
701.6048389138577 404.88195848845476 712.5161966765306 420.8177162444398 0.06955371797084808
609.1499567652269 339.4084646997579 769.4914698868191 562.7337572607876 0.06953670084476471
890.4481437481867 394.61694880691977 896.9858486019453 410.34180949102904 0.06946875154972076
652.8871596874916 303.49902845189894 710.902712529498 379.9397381139093 0.06937319785356522
877.7742226354067 373.24087736664114 884.9747105171613 390.31200544812964 0.06922726333141327
92.53567352873559 432.2341748752917 98.67984230603541 439.97392923515264 0.06920619308948517
90.06404104539628 386.8976697605177 173.3573801921442 471.2641769457708 0.06911833584308624
873.1198136142865 378.5461409787015 880.4148725727581 398.04266558995835 0.06898293644189835
894.9806819478512 315.8497905684035 938.0283689851033 387.5921090810983 0.06881044805049896
805.048598515851 111.82331734535781 812.544874797504 120.61227268424028 0.06878188252449036
530.4618452461733 499.14903650223 616.644922374502 612.0231281556718 0.06864798814058304
877.4737499000665 8.534178986082663 902.2950282858365 40.96292644230381 0.06855213642120361
184.42709671022806 557.2894472978318 203.9637944389546 569.4270939309446 0.06853363662958145
710.9624621100561 373.0468629554171 719.6561021343495 384.00957617336957 0.06852136552333832
923.7961100260356 538.1403637691304 1161.1581724887703 804.9850779554647 0.06846675276756287
733.1355852010814 439.82503038830623 740.8564060081936 451.7515584312932 0.0683850571513176
135.2417816419917 511.62434284541916 238.32960244301395 600.8518579349654 0.06837742030620575
727.1624977890943 411.3426458662951 734.3770499114321 421.494349415239 0.06831905990839005
611.3700177804773 418.7354110278806 643.6388907567296 457.25455711325867 0.06815296411514282
347.1113370006723 296.39984431451364 391.53802806455474 354.77526904247446 0.06789999455213547
651.9142777866346 448.496642182484 666.7167494458757 467.60920675267863 0.06773146241903305
701.7442665314081 398.4308333317426 711.1926716217598 412.2490707860247 0.06769391894340515
222.9905367387421 556.2760312281149 244.60657311623467 568.7219619317202 0.06764675676822662
31.85232767485277 338.0701911413028 61.68094183890561 376.15660386892813 0.06761522591114044
705.0243446030712 339.6788032658986 714.2502315065311 351.9073326049429 0.06749413907527924
433.6426413697303 410.0741539991063 466.37362045596035 446.43371070350287 0.06743345409631729
35.42881297155404 445.15256513914255 59.468862831629636 474.4139053808767 0.06742066890001297
835.3522603981012 113.37091857191388 846.2388401257825 123.15044876554548 0.0673198401927948
542.2689208794491 295.48228426017266 627.9645126619305 406.30678536363877 0.06729793548583984
797.7796556180537 94.53958027460158 1025.0054581137783 369.4403587045229 0.06719985604286194
724.6991599692153 400.5587940718895 732.1108847645796 410.636411220007 0.06711380183696747
841.4176218886909 131.57522405935555 886.098044298124 190.21003776176912 0.06704068183898926
742.287930402857 410.964815565411 754.0143094882096 429.84977883318237 0.06701938807964325
719.6143088274681 463.58768368347467 728.6152819467852 476.4286467050664 0.06687160581350327
218.9277835864129 649.2584692013536 272.73232683970514 705.6527852002853 0.06686261296272278
712.7722792748763 516.24784576145 719.682969967895 526.2913263072458 0.06681805104017258
721.3563809869848 492.0915834307752 727.6240236110709 501.0721215536378 0.06667016446590424
79.67097497794225 474.0683384236174 161.2452538184781 579.7834421048786 0.06658993661403656
464.305812661245 551.8417811483863 579.8497382599902 689.9691903501702 0.06655366718769073
725.7954981541654 436.4704744498256 736.4099776688602 452.2025019294076 0.06628157198429108
845.2283173155632 112.32855530455775 856.7278915520549 122.56130628012384 0.06625165790319443
845.1253268097365 215.32153834663137 918.0532556093838 333.9805161128537 0.0662214457988739
871.4633889047234 404.40882065764566 877.5343708755877 417.2289828727118 0.06615947186946869
674.9606711580606 374.0553787309496 687.0397226877226 389.7477843652565 0.06610415130853653
858.5213814395379 97.31763163308005 897.402853356635 152.30075360702713 0.06599371880292892
693.999098385449 480.1435250789934 704.6728496390259 494.8141619304271 0.06597816199064255
824.4379109612261 129.48613532498737 833.1681178758191 139.30905961721504 0.06597644090652466
987.8808930536468 399.95579874454745 1055.6193470273433 504.33528134547146 0.0659593939781189
324.94199299171174 531.9636489226486 374.8619259259309 604.7976688584076 0.065950907766819
639.3996774716413 389.9760359242221 667.0698911340742 429.2706296945499 0.06594062596559525
741.9627964604774 430.95559246375046 754.4424106979374 451.2304683208223 0.0657915398478508
872.7780309495199 408.356619027259 881.0480387469938 427.3696167895188 0.06577328592538834
833.7167206809567 103.87196921894888 845.2127656135501 115.2829011656115 0.06576940417289734
856.8233445703337 371.04830240259133 865.3285994537835 393.1087406476161 0.06568017601966858
659.399826560575 463.8659751617452 682.8418954107074 499.25570892734413 0.0656367763876915
496.0951000543434 497.0983825044436 545.2227773213654 566.8749494803021 0.06557703763246536
710.4656463186177 353.84383483251105 722.846102697309 369.9277843555945 0.06551804393529892
754.3539433228323 81.21457137909816 789.8191927132536 130.56305873272825 0.06548134982585907
92.28359473052436 455.40329351207237 100.11751068673566 464.66829107978776 0.06547977030277252
680.6912113692296 338.3162380093473 754.8090796416218 431.8693387159361 0.06535610556602478
623.8318930449394 324.2051941335809 714.3055427084056 446.1030430096399 0.06533975154161453
683.3966355713414 421.38019894018606 694.1354551041807 435.9406697004523 0.06533017009496689
26.658144144901712 422.4072282511956 33.45906126665802 430.9173000629856 0.06522033363580704
716.7605846584465 340.99854367716387 724.029576556229 350.61650001712746 0.06514612585306168
792.8097980099927 37.576820077295004 825.3467093410412 77.77145406653611 0.06511922925710678
799.4861069577256 -2.0716748385511488 818.9830004147259 16.85225807723532 0.0651085153222084
117.60283663545358 503.38791976167795 296.7605228258673 720.5728909387674 0.0650918036699295
654.8641067876327 464.8781318431984 708.4268241216737 539.713486963098 0.06504565477371216
648.5370413545185 574.2737301844264 796.2344504341235 750.5139068483675 0.06485797464847565
741.6046281433762 451.9844943791101 755.6408254871702 472.60429819471767 0.06485410779714584
789.1000705820366 393.5770597715218 833.4080191755608 464.04042041037974 0.06478162109851837
731.5413906643039 292.3081626291035 838.4985234051724 438.1915444060716 0.06477892398834229
111.75227696616226 590.0935902018014 184.596431331456 652.8970785532722 0.06464224308729172
80.51986278411111 432.22144304165687 87.85507956408705 441.9704615738361 0.06462674587965012
719.4257313791517 493.16234402453296 797.5384633852321 588.8496180570924 0.06460057944059372
860.4819861014604 403.81869024951135 866.7162622082184 417.0873050381949 0.06459841877222061
707.9370024488353 368.36677419000847 716.3340332500464 378.87008522257463 0.06459368020296097
714.991012072059 343.7285713609898 723.7028901629812 355.27664081203045 0.064593106508255
189.82226036222414 413.0264919748073 241.0320155729122 476.14813423468684 0.06452914327383041
773.9495173729933 146.8523365980963 784.1480187488903 158.8725747479326 0.06451341509819031
57.681834083873525 328.3387348011218 107.71341791508165 388.81998681368134 0.06444813311100006
722.4159757276365 358.78681506994803 729.7857062576913 368.98027819721204 0.0644388198852539
728.207230568309 467.89811968591147 737.1480316342343 480.47342035284976 0.06442920118570328
789.7834058055722 338.85756309325495 1216.2537741112 859.6692346109064 0.06429047882556915
604.0788904533126 409.6704330917358 628.4708232847219 438.0012062085812 0.06426485627889633
732.669294699602 375.6197640827923 738.7254670772119 383.8948915819906 0.06421857327222824
890.2896172338973 378.15264044265444 896.8230994478885 393.75024329494124 0.06416184455156326
884.9768148989243 402.2642521903462 891.6679931392808 418.86566856107277 0.06412538886070251
702.3433132587217 377.8321471725988 710.1948156450023 387.846500261205 0.06402917951345444
723.6918385472915 520.1378518489872 733.1581721594982 534.1893958772667 0.06396672129631042
22.591813559511184 424.95340273503297 28.143119729075323 432.5068107653639 0.0638916864991188
812.5843216970362 36.80320489749683 822.1369231973068 48.05396305149955 0.06384336948394775
608.2023190780025 441.8429079435052 633.995130708711 475.32225864565646 0.06378528475761414
698.6553142776197 83.90705789532048 750.632067287789 153.78968198866298 0.063759945333004
819.8112446793006 108.4311057426814 827.7964295427262 116.64650167061514 0.06374842673540115
843.1602222314673 600.2193560776088 901.6447265688774 676.7409183151532 0.06369926780462265
780.4904273977144 326.06910888289775 787.656618298838 335.7132849662062 0.06356295198202133
859.5020420542023 383.15492873337905 867.4740789951096 401.43100907894797 0.06351996213197708
750.877586397043 441.3120193629657 777.0681739011901 479.33637267962337 0.06349489837884903
698.8562786633679 216.40213904713258 740.379511702867 271.32957340968187 0.06346835196018219
787.5527167006163 153.46710830156516 802.4628048574655 171.10954454519285 0.06346715241670609
559.8769694953185 379.40698702971724 595.8565685426926 426.6037333771099 0.06343160569667816
755.2688468001927 154.96809958657698 766.0475009386679 168.75113869716515 0.06339936703443527
33.87852193521878 414.42246658604006 39.04493168053546 420.73814620295735 0.06330574303865433
780.5466102090522 169.85289664589274 787.8395254906972 179.44350215653043 0.06323209404945374
33.04251695081386 179.31001926426555 131.50509928331726 294.15748081819976 0.06318178027868271
85.1655959172566 441.96564110215087 94.31337439880258 454.25314770068354 0.06312920898199081
892.8591052782195 601.7383634147857 909.8768492234984 629.1348899452221 0.06312204152345657
90.39116103788248 415.2503957748289 96.18314907696376 422.01174143856883 0.06311013549566269
627.0122919188673 226.99627207089003 685.8998863830554 304.68648980651335 0.06310109049081802
633.110310360297 457.20448975699713 649.0881807701687 477.02403611309904 0.0629512146115303
-56.31659758083253 -9.999723826391477 149.47998609417846 226.92781531031156 0.06293778121471405
95.88536259223272 518.2645788860979 103.88285814866904 528.4043488551966 0.06292321532964706
848.5312169946379 -5.474896540243506 871.3615761013488 17.99529402665631 0.06283211708068848
64.10347402024406 426.3230864323207 89.46082807808693 460.25531215703853 0.06279114633798599
90.47042977990696 419.9919126560642 97.9418245657856 429.09074711645627 0.06277117133140564
34.42536399270019 423.88421879549344 38.45443620324349 429.2401849877954 0.06268762052059174
603.2399718049826 463.8335081547467 650.1176368742525 527.9794293815564 0.06261543184518814
790.9055932512916 224.8848550550425 822.853920609151 262.68825381540165 0.06258752197027206
730.1751628171037 394.06102872561036 737.2048984226261 404.46444073221613 0.06250817328691483
-27.22637722841424 635.4067579500438 67.08232712534695 746.1332937331744 0.06231587752699852
548.4043358374541 406.0832005863389 570.8024633573073 433.012576645513 0.06220843642950058
896.6465489747987 363.95113118548954 910.5012984341425 398.5018921213762 0.06208742782473564
812.6211165145286 593.87358305877 823.2562611736561 607.0926350283999 0.062061335891485214
658.2253859621354 465.7147367957239 672.3620989078813 484.04585968989505 0.06205134838819504
859.0704950813492 414.79531666755173 866.5947294179853 432.36026610367156 0.06203930079936981
685.3156581583797 350.2691798065714 699.8089090441764 368.44627037949186 0.06197086721658707
727.3387843896444 495.67285036983355 735.2218752222776 506.9304751003407 0.0619228221476078
721.258338126222 474.2446320957245 728.5878993429159 483.9141778268961 0.061921775341033936
793.6704204072262 404.4008245059295 915.8576621590727 581.0967970282691 0.06178519129753113
794.7089621947978 565.2957000938978 847.1821796452451 625.9735221658151 0.06176856905221939
999.2679675914923 253.89377109108997 1096.0383459476786 388.4299462622257 0.061685990542173386
702.5325872276643 511.93836134651934 712.8685408089412 527.5166039541058 0.061660949140787125
818.563737355467 -1.9837849779065975 829.1840814601733 9.599218549880032 0.061614714562892914
735.2772504070484 468.52055485309694 743.7686069766895 481.3236581194824 0.06153770536184311
557.3495125383528 433.7650311058983 568.7107864117012 447.67195487042125 0.061535704880952835
559.193659888667 629.3308013445464 678.0795479439253 774.584926020085 0.061530034989118576
65.46748776174108 461.1744835967452 75.43620084096735 473.42628884459714 0.06152006983757019
887.8562225427296 366.26695381914806 895.6040422625082 384.46806039577854 0.06148387864232063
38.026874708981616 422.8053499938642 42.64452364349419 428.9583246263981 0.061314474791288376
864.4736471109062 166.129165430437 919.1435904049546 250.19016249688298 0.06113353371620178
686.6090848267115 487.91198523329535 707.4949411268043 518.2952102837723 0.061120372265577316
848.2436037007835 401.20553640218463 872.497752703588 475.02536659453773 0.061071451753377914
865.0980182992107 371.3112609212857 873.5572373552234 390.1800270653708 0.061065398156642914
599.988433281409 523.2778704154907 690.1347776173251 648.1509760670227 0.06102950870990753
794.7402350540917 11.088033554214375 803.8793091772608 22.17158545195126 0.0609741173684597
918.590278341746 466.50448356806965 1002.7244307480486 604.1374063301504 0.060972366482019424
447.23520636890754 436.33038414901677 475.38743824229755 472.0320054346476 0.06091609597206116
878.998048974523 76.7766183133258 886.4568456609358 86.17014352361132 0.06078701093792915
975.3546951722469 301.03988892442004 1040.3699824216853 407.4274651140077 0.060727935284376144
884.5970490236374 105.00094535503347 899.0291769910237 122.0230174027261 0.06070493161678314
952.0771324053594 -69.16002510184192 1139.556446466762 148.55831656153438 0.060531023889780045
748.3874865209912 172.8546537153814 771.4083897985086 199.2254750156698 0.060466550290584564
793.5485174887805 327.74808169704835 821.1651968028899 368.3092101231733 0.06041029840707779
901.0817086085203 261.7729337202054 960.6147474918222 359.7958562811991 0.06038280948996544
884.6943754221835 64.43320215932398 895.7196919424416 78.78919417205547 0.06036445125937462
735.1091821148015 503.2375334354734 743.5537654074998 515.3291947299858 0.060244303196668625
907.9908277850834 181.38731257800228 1007.1842799404271 294.9080796960322 0.06019124761223793
91.95403427518586 463.24651547360907 101.61654000850699 474.9624008143582 0.06019030511379242
349.96129518333936 394.523548120114 370.9524674095055 418.8555105495876 0.06013018265366554
729.4240781569919 270.4714338773423 736.9404691142514 280.8209410076048 0.05994241312146187
725.8819424550118 363.2747514371523 733.2319640194488 373.6738158461495 0.05988578498363495
867.8935593111079 342.43462149369503 883.629713776408 370.4454559036549 0.05984337255358696
871.4807038967137 324.76449989197437 881.8921322186912 339.10905075785524 0.05976934731006622
689.0861637095916 346.11100611480833 698.7488195377699 358.0416632549871 0.05974004417657852
743.1539963364013 388.7962456285035 756.62445116774 409.2354011898089 0.05963486433029175
463.45879620337234 435.2691139166866 473.12864080265774 449.3060292100573 0.05961204692721367
419.9111823056366 402.9650564874953 451.8868776620934 439.95560430728864 0.05960865691304207
570.3295405306852 423.3138122373069 592.8096032819567 452.23784850266094 0.05960729345679283
804.4525599536469 108.22323529290425 814.8923231572187 119.82061722880681 0.05960603430867195
724.8472597142674 347.94715669263485 734.2427468415926 362.8823986302754 0.059490274637937546
-20.589500334387132 -31.891257192195738 78.24606799884162 88.15558128076985 0.05940551683306694
640.4261434739348 386.7797561540295 658.6185565607201 414.0266816741048 0.05930373817682266
827.5355716122147 -0.1357039286721371 846.8366186657471 19.976266730074016 0.059237007051706314
537.4506110454979 415.48686315123354 552.3029298163816 432.4989295466851 0.05913446098566055
387.2595938031272 324.34941668379463 549.1834160116352 519.495230817564 0.058953359723091125
721.5021323686377 79.93671123758438 756.2669353420584 127.33595185525431 0.058917563408613205
666.7204954682992 428.1753140366036 674.4933401289103 438.1866716176118 0.05890515446662903
98.19102115042845 431.19348930582623 106.67092462701652 441.73465878873077 0.05852441489696503
853.4921141520617 131.47567108454834 874.7922596883859 162.44818545200363 0.05820353701710701
685.1565683482031 451.175072848354 773.855744397738 569.7215214173583 0.05820120871067047
450.9055873906712 538.8488646358827 483.98083814640495 583.3577321359688 0.05801483243703842
440.99536096693953 247.72142547261146 479.7714945337052 301.32144498806207 0.057846955955028534
782.8336676348529 49.56451557909508 792.1486468052061 61.77508669396988 0.0576787032186985
-10.014510235769142 -12.757990459685805 28.002425372620184 32.0418559568748 0.05754521116614342
740.2112476304783 404.2363840431234 748.9329260263431 417.9738887147824 0.057537373155355453
800.7237243782042 662.3229784627417 857.6299655744265 726.9056975578142 0.05751222372055054
853.3700982616538 391.76826727803086 862.6404332693678 414.67682265366875 0.05744217708706856
863.7423272604462 67.66386053385806 876.1478713245135 81.86861708917974 0.057382531464099884
705.7987977877424 322.68488541553126 715.2223487112436 334.68392509414514 0.05729404836893082
267.4804963811988 347.0032943454797 294.1201160394485 385.8194480589412 0.057025570422410965
1012.9176301062807 -31.077781841259018 1098.6172280295232 70.94245611408395 0.05686726048588753
803.8880768768424 31.305170930421294 813.5056386095055 42.82402265543385 0.05660056322813034
704.7819835419095 524.82450246671 715.4794452368182 539.7891324421199 0.056572966277599335
78.41755580247664 518.5656352066981 86.59245514940403 528.9281372138682 0.056255508214235306
373.9478430341609 540.9612244446357 409.69637813062906 586.6110410069434 0.0562329925596714
868.2943848199312 20.647387169374632 877.8364859638522 32.54133929497996 0.05619609355926514
710.9107222328211 330.5591661750716 719.7681001456777 342.6617604005529 0.05579381808638573
740.9374318942448 168.50258623311484 751.0687153717955 181.72613573501582 0.05572771281003952
864.5277562545829 30.953645474412575 873.2120711358167 42.34263042121014 0.05548784136772156
677.9762099672408 348.61404086640783 690.2402281582656 365.1798265272824 0.05542610213160515
786.7173834020439 39.07795658665541 795.4124213017569 50.52749810337837 0.055184949189424515
794.3033458688933 34.020484467392876 803.9758005659938 46.08667466711536 0.05511855706572533
690.7199583190728 -26.65359568644663 788.5755038445799 83.61649604289971 0.05507802963256836
731.299424578334 359.1040083704567 741.1247137857155 373.01610446406556 0.05453387647867203
625.6342775204689 -24.59827991453242 720.2179314171839 78.4747091397373 0.05450815707445145
109.2929658515019 383.3274124931132 142.4476948006063 427.857437689076 0.05396612361073494
810.0938720545591 21.40633500072666 820.2839003670528 33.54535724724182 0.05395751819014549
483.2241270274436 464.0037196578189 519.4813313558177 510.7707912818143 0.05364398658275604
841.7477017173311 52.62580993721807 853.8199889915534 67.8064467656067 0.05363306403160095
804.9263000136289 -8.823143047924367 856.1829539016298 45.25650766596798 0.053272977471351624
691.5369846475853 322.26800541709576 708.1956215586918 344.8060561265856 0.052136000245809555
810.7036244003942 296.99426700201997 818.0417801228639 306.43172841880903 0.051998838782310486
735.0184043307875 549.8051428121825 741.8827037384103 559.5291477868129 0.05175591632723808
873.684702500109 59.63702594230424 886.1758079574896 73.4746548746118 0.05148203298449516
