522.4069406525584 394.02341842514045 538.8513482931438 414.11150130047014 0.9971362352371216
713.0310449885906 385.38425581980147 725.3729850015536 402.44093689453354 0.9970880150794983
424.763273440279 421.1187887957368 438.76493771543784 439.5975914540509 0.9938589930534363
339.34783876631855 420.320669066551 350.4346517462985 439.2378843073604 0.9868751764297485
474.8414188444164 417.1861986131976 486.76298509654646 433.9238216339309 0.9821908473968506
629.8641191707584 397.0907295714038 644.9981604747326 415.5859889683198 0.9794990420341492
504.64472039139554 413.26248376605366 514.743011981218 426.7604179046753 0.8862267136573792
385.5188807353659 417.8841559165959 393.3978950719283 428.89950000569985 0.8697397112846375
394.47347799451774 429.2437449301529 405.7426134076698 446.5319803831468 0.8416507840156555
687.3502156076163 402.35424850145046 698.1418266045747 415.4589344392359 0.7713679671287537
585.6596129926355 387.17628139374466 598.5564423095424 407.7624402134594 0.6279052495956421
434.182023408089 400.3896193418948 443.25241494748667 411.9239954724836 0.24893048405647278
991.2995530784509 366.7369320074618 1003.6495523450892 381.0570571706155 0.22633923590183258
1002.6533641921137 361.89670743211536 1012.4542967223188 374.4686160550956 0.2203020602464676
969.9564742176458 287.3922065580785 1044.0225618931509 377.7829188644186 0.2042083442211151
967.1426012481498 385.00827903651805 984.3382583125089 404.6973192835438 0.19072683155536652
289.1161359907652 517.8766438028694 307.9140811974689 540.9807197275816 0.18845762312412262
675.8501929374015 392.80235021232846 684.5955043811289 405.25117529494753 0.17875157296657562
465.08513023940674 415.8379859693596 475.70028458137364 430.4173406069166 0.17736677825450897
810.5715393514181 291.93573151098144 882.8468453414971 379.57401875457293 0.16253496706485748
578.9042103187022 407.4678217053798 589.1713598254888 421.7887532647264 0.14535921812057495
455.1711631301722 416.27098251515326 461.28290122976756 424.6313980367014 0.14367708563804626
448.9887653988364 487.1509998464166 459.78155725757506 502.2242295384288 0.13502411544322968
1009.3195610089199 326.288591812233 1013.6011932517464 332.15809147604006 0.13110730051994324
999.0585525594856 377.87155348425614 1014.3224095843361 395.21712384845245 0.1268215775489807
668.4477194301043 415.56935553182916 681.5120005525251 431.2875096376758 0.12397215515375137
680.712749373156 395.06390073805534 691.309572841076 409.2040492123486 0.1226370558142662
500.033237064896 403.13426001378707 509.45426670501143 416.2007559545385 0.11807762831449509
1029.2590461266734 324.17024023887495 1046.504462487419 343.52496500981846 0.11453141272068024
531.9933886570778 426.98754236063513 546.3881111020349 443.03522175315646 0.11355918645858765
688.8180967042758 391.4435993045874 697.3564201444101 401.77920964908355 0.11354801058769226
231.85119148494888 533.9344107914702 281.81328760305047 590.5835796485958 0.11201142519712448
393.5812039163945 420.4555235066798 401.6318507591876 431.2807313889877 0.11131561547517776
980.8596200226325 381.5016437634753 994.8342107698403 399.2417050301924 0.1105434000492096
422.2085148779071 419.1021516042634 428.876108158487 428.6337594925563 0.10970889776945114
398.49794534087687 416.50576165709623 407.04826810530324 428.1154504048806 0.10955329239368439
378.4117713560853 421.7682749059593 387.3295086160121 434.6582257052104 0.10877814888954163
447.22580962333393 426.01942103528694 457.13488315809315 439.4457327338772 0.10833198577165604
591.7685983147621 373.01057145176037 604.0732474354602 388.56769154300093 0.10816439241170883
564.3684962730132 422.5493239219137 582.6639260892193 443.20394049255856 0.10640367120504379
1017.5700870798613 361.75644791346656 1029.7323424309327 376.6742767282543 0.10625796765089035
1008.899196215401 341.24136854956964 1018.4953652426788 354.1661685639777 0.10615202784538269
589.5926615738266 415.02874155081895 598.8231563231232 427.5307568157572 0.10614538192749023
545.0859872616239 456.2044071473665 556.7147930173805 471.0222047099485 0.10537123680114746
461.36352274362696 330.43646094747766 481.5814481436489 354.2099060082487 0.10536002367734909
391.761859506659 407.79743246063674 401.4334670818245 420.8497576162506 0.10506829619407654
1018.4158350377716 336.83569439452 1031.654580929636 353.48631207627943 0.10472860932350159
679.4335800598856 383.5768284184179 689.0525220023776 396.80281689132266 0.10456209629774094
441.66751506613826 401.6627594763534 449.54974627741615 412.15615355351895 0.10439971834421158
251.423635905684 519.0421104208133 268.12301423900107 540.8728022625286 0.10397066175937653
661.66285406945 398.5430873127388 674.8672962770995 415.8113724865362 0.10331998765468597
461.6783849436796 429.8119704189944 469.15807267241547 438.474019689828 0.10231506824493408
804.7947642344822 414.863132270512 816.5292678338424 431.30972671807604 0.10229568928480148
599.1339453569378 412.3238988754381 612.6351851790948 429.71820066185427 0.10225753486156464
966.3252271234031 424.8093000348658 995.469434505132 463.0516130428063 0.10162196308374405
804.0300213140657 391.65940664795465 813.7195992527747 407.0614259253502 0.10158662497997284
523.7280846109461 441.8461313471287 535.0236506542625 455.49089280532763 0.10152450203895569
680.4216647177719 410.4949084567262 692.9326765330355 426.69806258122344 0.10149230062961578
967.7614153154199 400.79585245050487 987.4396982209021 425.6230823852979 0.10122203081846237
459.9696386317113 415.6544328261325 466.8334962555484 425.09361740939414 0.10112668573856354
785.4708224547036 397.813954057424 795.7277784662423 413.03320650909956 0.1007833182811737
769.3748255417973 369.81065909201567 795.3835644368087 407.96285037707185 0.10065391659736633
1029.8937852576746 342.1628742380676 1042.7200035303104 356.1747951072341 0.10042214393615723
996.7572971923585 329.4667910384547 1011.1395505456687 348.4618948659823 0.09989245980978012
544.3923802765951 443.42525739598204 554.2491530744978 454.9619875904486 0.09979051351547241
711.7826596348579 477.41919620080887 721.0908404642785 489.19219243076105 0.0995049849152565
419.4855489302474 401.06355906132825 431.70317301181746 416.96849194580005 0.0985572338104248
277.0659332316177 543.9318274537607 304.65568716352266 578.2626480699977 0.09851089864969254
685.6016842523748 369.17909545375437 710.0890065040065 402.23897476653934 0.0985056683421135
536.6023830389121 393.1075183558744 548.998456356751 410.00731058433206 0.09848537296056747
1011.2517890633014 366.3058399113698 1020.820822975565 378.799870296653 0.09799174219369888
678.0129227570516 364.36715559651606 692.9931953164535 386.31088631365446 0.09781504422426224
384.3420155135517 469.80302793831567 400.4413046548515 492.8072167824254 0.09780783951282501
269.84308629593727 508.6248756749527 294.78044633512246 537.0767956757403 0.09778934717178345
599.7886085300647 385.33289786660345 615.3193213635058 407.1194977620275 0.09768538922071457
482.2886682758804 392.92883321578006 494.85869926531456 408.0596474165449 0.0975644513964653
1014.6285558497706 350.9308810000542 1025.3380354301985 364.4498989392968 0.09740658104419708
993.2110704417025 341.8900008629269 1004.0680387498778 355.8734379035052 0.09728574007749557
210.84647991525765 591.5310061940287 250.85046345562304 643.1049755090881 0.09721721708774567
658.5901319265498 410.9534932884183 669.753378396888 426.2162607738462 0.09718289971351624
751.271282993695 384.1404422607617 760.2318960409973 398.33307508395984 0.09690261632204056
237.70281030744152 545.3154435439865 257.1443978892368 566.5669344738093 0.09679438918828964
959.2601906534223 358.04924960622463 982.7182941076587 387.9592537828052 0.09634784609079361
703.2685952141215 388.55764579974704 713.3915021779085 402.5599785153786 0.0962519720196724
403.3858142623618 428.7173820183984 409.4127840012291 437.13139553628906 0.09616469591856003
493.02297444074213 392.7362928893609 505.52078669255366 408.90227268408955 0.09599974751472473
1011.3919820655789 326.59955237526975 1023.7206912381749 343.2130192275632 0.09577898681163788
1026.0502236864818 360.511096959394 1030.778205233027 366.17797526225166 0.09554924070835114
648.0132364873662 385.12153644010465 665.3997111712611 407.16244506911954 0.09521068632602692
1027.8695080610441 351.28167486206917 1039.7965216415123 364.7052477684307 0.09508839249610901
737.7701682883721 469.510252084572 745.9614513665066 480.33429738708065 0.0950675830245018
456.6292941123521 422.5797577482484 467.72811633530057 438.0163327560708 0.09490566700696945
952.1524270351933 383.2577322089469 973.4519261373988 411.1175352082971 0.09462559968233109
997.6868069378646 327.48822320794864 1001.3766092788823 331.8245636148531 0.09453968703746796
659.1698207685821 380.2250627624184 678.4025643343525 404.26352370685504 0.0945088118314743
373.191283594952 412.6954955721242 384.673009133904 427.9916226931853 0.09437596797943115
340.5493022336545 510.3228376884168 358.883033026733 535.4445455682314 0.09426450729370117
230.0697667867202 517.0044176364305 251.08266266877143 543.8314519787992 0.09420332312583923
494.3316194924065 417.1415090245512 505.90027365636905 432.53991588167554 0.0938863456249237
470.06168343906415 402.5275051080031 480.80961787923707 416.35808258827365 0.09364792704582214
648.0954693065559 404.696430628919 663.1471861873266 423.68001008596553 0.09359771013259888
985.1861197384427 366.1489177338352 994.099450112233 377.92420928358604 0.09357372671365738
643.773941515746 402.5027828936787 655.9497104623205 418.81467150861823 0.09346910566091537
706.813756757449 419.93868352921197 722.5089026011239 441.68495458082594 0.09335817396640778
398.7969814704196 377.522984639395 422.75142280066353 406.27096479368066 0.0932818055152893
729.141707985092 366.50404894988293 756.4602711813019 405.1805316279344 0.09322237968444824
414.1025038624726 419.8069044933564 422.6159042674023 432.10125573595604 0.09316928684711456
318.999568643042 528.2618458716635 336.9682483186565 552.9499262102474 0.09302123636007309
565.2855931801578 432.7042282318325 584.5140550238159 455.5726240369661 0.09292275458574295
518.8116799690954 456.77639639320853 529.707874765355 469.4645849644799 0.09283994883298874
383.2274343970886 432.8106289404041 394.8003628764916 449.33050918861693 0.09243115037679672
171.57300521239202 434.43764711805625 223.47371421764274 520.1062989396431 0.09241656959056854
1019.5554742552741 379.5735782611877 1052.6382926817598 421.6405161611527 0.09229519218206406
403.5309663526144 437.99741206749684 414.3382203124974 453.83634689980767 0.09220913052558899
384.10755936312 450.2835281686214 396.9509510029369 468.0325452080762 0.09215951710939407
652.3786329175122 420.1095923232615 667.5346988913765 438.8959340322807 0.0919714942574501
405.963016444229 416.8497690982411 414.9102135676794 428.9537585436112 0.09194738417863846
383.3958400763669 455.910640993011 396.8509849022992 473.25630377860153 0.09193650633096695
974.5342250258635 353.91899924109634 992.391356302535 375.98800370087645 0.09191955626010895
762.6244546966541 397.75880376147524 778.417511195299 418.5227194488691 0.0915779173374176
652.2063927160573 359.33006700258704 670.9349696697891 382.45070052173236 0.0915350392460823
582.9755156558912 418.631690186374 595.3548887216169 435.060289732311 0.0913282111287117
290.3687749371872 623.434347567495 344.78945485635097 688.0364998872891 0.09112413227558136
612.393638504371 380.05283279953255 632.1819844959815 405.1399241636858 0.09112270176410675
741.324358907533 478.06902457008636 750.0853678706984 489.7587049165281 0.0910705104470253
563.0705603143259 398.91109983384433 580.611599721553 420.15222218242684 0.09099734574556351
368.75446547573483 422.2777083986345 378.76981640604436 437.72110771586983 0.09087879210710526
630.0122999273441 414.16309510099467 643.1646368217703 429.9252716199595 0.0908668115735054
175.75696279744278 587.3640368397283 256.1572335049866 687.8478950528296 0.09074316173791885
267.2947575677195 592.10371694313 344.59392730279563 685.7409180542746 0.09072976559400558
995.9176618347436 335.61187078141353 1000.7141477295854 342.3862987524542 0.09051698446273804
407.69380945886854 427.6484150588703 417.844986175931 442.24939932006527 0.09044039249420166
981.9639606065663 341.1105157714309 996.3537826937784 359.5123159271638 0.09036305546760559
701.1533016856071 401.0155127412799 715.9820662003685 420.2411071165524 0.09021945297718048
782.452898083038 373.91248177451166 790.562808813494 385.8692638701214 0.09012794494628906
275.0798194713385 470.488554375157 313.067558099612 521.6818871908596 0.09012194722890854
616.2356819985422 400.91912583344566 629.8605023879786 419.06036624381994 0.09011982381343842
735.6726756167569 402.7806422870356 758.0992877491437 431.32877168337893 0.09010320156812668
1055.9414990887046 375.69517057724397 1080.621668466646 406.2484204586612 0.09010273218154907
550.8009388538891 442.1557022793264 563.1702448729759 457.9540774377316 0.09008192270994186
263.08990146868183 506.5444294640355 306.65113557113204 554.1046059430931 0.09001292288303375
674.6818807950928 425.9726630997901 692.9038850737016 449.8157483645063 0.09001043438911438
488.50121762245186 408.02057752484455 499.8446657127578 423.0888813383416 0.09000520408153534
303.77423050526505 521.9546382991055 323.4050073665444 548.1808816701727 0.08990990370512009
606.9696434606974 406.8040814618973 618.611703862755 422.184326759872 0.0898774117231369
408.79735133830854 427.24278537686894 413.4029409145164 433.3253249813501 0.08956866711378098
397.7007997953685 394.633874769034 408.5010437679187 408.5850834229212 0.08956002444028854
1046.8236562371562 346.40802297158484 1073.7771722733164 379.3200019242767 0.08951187133789062
328.9260559478161 494.79041225498025 348.11242757764416 520.6282325646632 0.08945982903242111
450.0972450329659 417.47855539966747 456.7327344401661 426.5949346580424 0.08943681418895721
539.7039784274215 433.381410349498 549.7829412954134 445.1771061786717 0.08929765969514847
777.5347114003172 475.01995630010254 790.3498729411533 492.6822167242176 0.08925041556358337
554.1120434697742 421.3629479377975 566.8003634810019 438.34986466498077 0.08908239752054214
751.0939813643495 400.2044347085928 764.1817098420202 418.2716959761971 0.08902611583471298
520.2451323773328 430.8605882912015 531.4341616673967 444.2592616755842 0.08887369930744171
669.1063401690958 369.27445744647923 684.7823420754376 390.36389864800043 0.08882796764373779
504.9418757282906 424.4035301020315 516.9054991340663 440.9045203349854 0.08882199227809906
496.7912237915245 424.59298283205493 508.7279230416763 440.6940628755174 0.08880582451820374
529.2221327352273 411.2915116888414 543.872652996136 428.30451610564586 0.0886879712343216
216.62641025040813 423.94444902495957 257.87863382957516 494.8770314643348 0.08865634351968765
1026.5113950341367 327.9197154290031 1033.7744119362744 336.37158011717247 0.08857935667037964
425.15909869362713 395.68185565511396 435.12620832701293 408.92990512200794 0.08816604316234589
534.8611304170806 444.13255384449116 545.753544936912 456.1213958303645 0.08813823014497757
579.545185730715 430.3726515178046 598.2235056040814 453.9790661631536 0.08808327466249466
470.2076636999356 318.11763070963934 480.13148116901874 330.84357892713075 0.08806804567575455
781.1453543113761 352.66079321524467 808.1649949242844 390.44660743441733 0.08796513825654984
745.3284875571965 356.3041694615482 776.4844921650641 400.32514580025264 0.08795502781867981
353.9182580645248 482.2942646676167 369.085900495683 502.560157592939 0.08789193630218506
688.0948510068617 330.52090762016 733.5841099653545 386.5142924545687 0.0878700464963913
678.3125912608422 405.13340374287355 686.6802644349299 415.62099428165595 0.0878228172659874
519.6156985895861 466.3171051822087 533.0074255438363 481.3659831339093 0.08779864758253098
438.4169942816789 391.7125910917758 447.09665732580123 402.8249157866369 0.08779564499855042
990.8554874931554 409.53672596181406 1005.1395036850796 427.3481961830709 0.08777826279401779
1011.8460931426272 379.0110038918365 1023.1210037801021 393.0838835621103 0.08773138374090195
764.1465848800683 510.71246360176855 777.9696897098047 528.87260781023 0.08772490173578262
815.7413938531097 355.76415685890584 851.4740456199925 404.90613285952094 0.08766185492277145
1003.5823277377132 351.22575466573136 1013.5863688639265 362.95309288242987 0.08760184794664383
320.90128736167543 599.6880832315735 366.8391022378791 653.6018955354764 0.08751638233661652
1006.5672224896359 328.3993770387214 1010.9214842087426 334.12398834221824 0.08745954185724258
436.1847217219735 408.2245510499244 448.15530324979005 423.82211820131954 0.08710401505231857
798.3875911217991 323.3001251000514 819.327507674575 355.4031069332089 0.08709303289651871
743.1152496822082 317.7000084287094 793.3208108022545 380.1200000745044 0.08700200915336609
428.6730520549484 390.70363205957335 438.3445173592555 402.43566271539413 0.08699552714824677
412.4603355140443 402.8094128808028 422.43098534104473 415.49295202399685 0.08691341429948807
225.35379068204014 556.1210884597863 240.97522006335964 572.5071394851759 0.08688805252313614
793.8709511092383 325.1769080923893 804.8571006914713 336.6391407269693 0.08687679469585419
1007.3486075302583 312.9660908012132 1019.5277340818927 328.20203916326625 0.08686574548482895
445.31141367180413 413.1497641499277 453.3436359246236 424.21821564063737 0.08681279420852661
299.10719201983215 533.1089034700689 332.87011744905664 575.0947472613457 0.08667322248220444
693.6076159626875 419.906016192408 707.2880365508355 438.3411705112751 0.08665920048952103
510.10836725995097 400.66608473470654 520.3394128502291 415.0708750466703 0.08651082217693329
761.8774215396764 406.5707756326672 790.4350662380259 442.0543193676999 0.08643614500761032
789.0294681720532 400.43850648334376 809.6425969318889 426.4490246746962 0.08642587810754776
808.0072133993121 394.3192669872282 842.1839741068976 439.2186107636155 0.0863548144698143
1028.1683772626232 365.6264876468942 1047.3814745678192 390.73329627461254 0.08632026612758636
620.9040188027041 369.44206652975726 642.5413562819746 395.77107481100876 0.08616949617862701
1024.6620597320514 381.29298549393206 1035.792756437278 395.20762383387586 0.08609767258167267
694.0413855166806 390.3853908741603 703.9649013565805 403.4967959021384 0.08609707653522491
402.41337526499456 408.35984228731695 412.5454958287422 421.18094976137434 0.0860714465379715
263.0616364021028 513.0660483764218 278.8204212931034 531.2262000233642 0.08583108335733414
257.50288844464654 484.2740298260322 280.95811613770763 516.5616827257155 0.0858045369386673
987.1034450301435 405.5401138522115 1032.390227905544 471.2583915380005 0.08579757809638977
373.95310451963627 432.2579043893873 384.3867484558836 447.68057637500016 0.08578146249055862
466.8150235849019 431.384641789665 476.66918596853293 444.04510568368084 0.08577517420053482
692.9400714343558 410.55946476014617 708.2816475318454 430.69230572249205 0.0857628807425499
609.0704296884043 420.36848486631027 625.3654919269939 441.48985940392924 0.08566500246524811
689.5282514509358 411.5919907504384 702.6510128580674 430.62816288460584 0.08559106290340424
378.5618655583775 406.4538062752166 388.43955330075585 419.53918494370527 0.08550983667373657
795.228835233602 344.0445137694286 807.5835181389623 358.81131277133454 0.08547360450029373
610.3963913196787 386.7419505518027 674.8262089081295 468.2990528100524 0.08542005717754364
991.0213499631295 390.70314309664934 1009.8666640584507 413.88778691934505 0.08537326753139496
306.32629820447636 499.06809102586664 338.9075619427108 540.8375014834195 0.08536509424448013
483.5851800525139 425.2952017747361 493.7644325840182 439.0990460803925 0.08526479452848434
734.2557658964089 421.2427022220953 764.9162371532511 460.8442878327192 0.08521290868520737
434.9640505328977 210.78885370942442 510.56533835271756 293.8887806319089 0.08510078489780426
1002.6126752944455 327.1675517307031 1006.7214035327404 332.371872639178 0.0850183367729187
683.98741210432 388.337288798562 690.3701245906294 396.3663801253419 0.08496719598770142
747.4417654844812 465.5232801555373 756.1411504637185 476.7069008367943 0.08495635539293289
376.1823728350449 374.8625148870443 397.28668909211933 402.5457736775149 0.08491026610136032
547.2973371732586 427.2588223425878 558.9838585167308 441.59850287699953 0.08480636030435562
319.75238564683735 549.8959007079538 351.32191560422194 588.8248399762797 0.08472782373428345
671.9129335990449 402.0320952194516 681.4152330244789 414.9068688498238 0.08471090346574783
1037.0795694767082 350.2908390733023 1051.7042040772976 367.49320779216237 0.0846516415476799
282.7665745392697 211.52857950853334 671.6431495097538 619.4237746278498 0.0846499651670456
638.9273102868551 417.6995915958321 652.6212323308928 434.5324149789121 0.08461463451385498
606.8412131477336 361.22721690118607 623.5664600309226 381.8355322710077 0.08448334783315659
690.6575375258035 432.9425449245393 710.4505376748258 458.71230291442055 0.08447209745645523
526.9568135649109 450.9442357245949 539.5066583019252 464.0612218329436 0.08445422351360321
513.2661021910279 417.88179845972576 525.9774132315881 433.8611509062009 0.08439747244119644
572.8613225840687 385.455545508087 586.7405837505802 405.2207811272438 0.08433103561401367
802.4566388338758 361.11875536690906 811.2790274716483 374.63343904443326 0.08429261296987534
1029.820026550337 362.64954845838867 1038.584307088631 372.9041180357055 0.0842716321349144
426.11447674865343 436.6886251165202 440.46752935496517 457.9028291931791 0.08415022492408752
319.37935408072167 412.9904764007282 360.79331479700664 479.3304340038496 0.08399522304534912
370.928362915775 439.6260329778976 385.23950196864445 458.67788354310744 0.0839848443865776
417.4036963480184 378.0065213039476 435.9499848849156 400.6271631732143 0.08391320705413818
659.3130393649755 430.2877202453874 680.920424180896 458.32112404968404 0.08376744389533997
272.6588417041473 565.6573461454768 310.91264393168666 613.2658310341606 0.0837317705154419
799.6692434170606 367.52991887851346 817.6686270517 395.6363354739793 0.08364119380712509
588.1266277944901 440.353918714226 608.3302153496523 468.11004947692805 0.08352150768041611
767.9528919286256 483.6367159600918 778.9010723636378 498.37056295156304 0.08347318321466446
557.8439139655758 444.973480781534 576.3080272329105 469.2716839377129 0.08347070217132568
462.70546120734326 366.845245909323 486.83831498905965 396.17979828830846 0.08345351368188858
717.9329267819573 416.84240508486056 734.4319427781754 439.3445179620855 0.08344288170337677
449.58945106045695 397.71253097391775 462.7092054247261 414.7646231761374 0.08342310041189194
241.49696242982176 491.3837679791999 265.5515321815563 524.556930860718 0.0834125354886055
442.7432492625683 371.095034341539 462.26788854223 395.3357729302283 0.08334629982709885
767.7296797159626 422.40491195497754 797.4891189086791 458.4047349871384 0.0831800028681755
517.8325054463555 411.9105433070962 530.9859782812987 428.8829446741136 0.08316276222467422
572.2400931193024 406.868178589337 582.2634167000664 418.14425371983054 0.08315454423427582
530.8693850687473 457.0459652402142 548.3566745028835 478.02835519015514 0.08315280079841614
385.5227183290671 395.83491785496454 396.43346402197716 409.93264672272943 0.08306948840618134
695.9554049171385 397.91787222941184 706.3140612791667 412.29470966417347 0.08304193615913391
673.3331151398899 389.6334056548729 726.5213068505963 460.05071184388333 0.08295677602291107
993.5968519710536 316.3824528898507 1007.3034620184299 333.5753073127186 0.08287159353494644
347.53848613926937 569.8471826355421 385.6252459976383 611.8531763491275 0.08282657712697983
449.4770392618968 403.9808928463694 460.73116360578854 418.83736932155006 0.08279868215322495
341.02325292326543 453.55844350750505 357.4849193255382 476.7440660613891 0.08271995931863785
807.7312877809343 337.4183025416582 817.3944438165811 351.9330036110805 0.08254598826169968
940.2566928344875 370.6584675139198 961.1401620131954 398.7055108392971 0.08254384994506836
545.9056806122918 480.6625784299219 560.0637986523667 500.1479066682683 0.08253984153270721
992.435692902468 355.2078406709619 1003.4438541514087 368.3351492678196 0.08250243216753006
631.8667800755609 358.42442213176673 650.4292889734612 379.7813914711258 0.08249468356370926
791.0381523555963 374.72472788752475 799.248098079722 387.21967056672975 0.08249381929636002
451.92479815208077 357.3508895491228 463.6075851652042 370.3531800167826 0.08248765021562576
556.202583374219 455.2827176284527 565.3986395333852 467.64713255269396 0.08235713094472885
311.86581995805494 479.2745893049547 334.8106488632007 511.41102737817937 0.08234994113445282
819.3339198090047 306.33162331049016 837.4696027837845 329.6424650924121 0.08216124773025513
490.14441431635055 363.8791110272673 517.118713901013 395.3782627055649 0.08209169656038284
226.39051014673882 621.082353338539 270.9128704694219 681.7093122178612 0.08207719773054123
997.9765043873005 329.2608281279995 1002.7483100357202 334.88895694334155 0.0820566788315773
228.53992670393134 577.2888614311938 271.1831223041026 629.9638138250451 0.0820498839020729
744.8156089336944 386.65218036232494 754.9542948569248 403.5457235341332 0.08203107863664627
579.5640945290105 370.30833025660195 593.5781628058405 387.8028214722533 0.08200103789567947
801.3748081862534 413.895440737356 844.7129909969801 462.539261117705 0.08195329457521439
649.2437037382718 436.5818058744611 665.8780141862998 459.3220985349791 0.08187924325466156
667.8185865484819 391.6774171508217 675.6252879186206 402.79535849572846 0.08183105289936066
585.7029077386194 408.28370570998305 596.2599545213949 422.14188359755843 0.08178742229938507
326.28342655207723 369.905802783974 360.73353617800666 422.339251940578 0.08175946027040482
217.40128973500978 539.7379847883553 237.95266543046665 561.7583615947133 0.08166887611150742
618.6627658275904 426.1026520855947 633.3536453739273 444.84882345353907 0.08160695433616638
730.3337217281188 463.5250064938274 739.6613495026469 475.98650234201097 0.08155462890863419
1021.6490083751706 371.5531715119183 1034.5643569423646 388.92558130894605 0.08152830600738525
318.5880728824459 500.89750984193705 365.05939768388635 561.7275021000814 0.08141189068555832
365.9886762936079 403.945775925365 375.28358479713575 416.7744616767198 0.08120765537023544
241.0146154454106 470.6143670158403 277.46481700798137 518.5155481518186 0.08117794245481491
748.2809429697606 348.0840766178734 759.9718325933302 364.1565341471939 0.0811571255326271
755.1522590025037 462.2877767883537 795.3656977023194 515.7137232402499 0.08112626522779465
364.8564709635884 415.38242738164064 376.15733013957265 430.9275111485789 0.08105853199958801
524.2853396770647 361.01534880674023 552.649488512877 393.9685009028039 0.08100911974906921
756.9468305148657 306.0416131667539 795.963406284557 350.9321089307441 0.08089842647314072
493.4425358070973 457.364838784018 501.8261553171938 468.56100680228144 0.08087814599275589
596.1888315425502 427.54090294909344 609.1500774818896 445.9400706723627 0.08084630221128464
545.6893498279456 408.74731181032024 560.0607496028415 426.00305014679503 0.08081753551959991
628.6305700171964 432.8837817226011 646.4035271966131 453.86847015178125 0.08078590780496597
209.82420435948026 507.3548575034237 240.342889699536 546.1624589336417 0.08077038824558258
363.7648400287949 438.3922274895326 374.19151490718457 453.2385872168028 0.08076256513595581
368.95939024963144 536.3018223040416 390.73202305842415 561.1982614461665 0.08073877543210983
726.6782046261696 383.6799810116006 738.4418693411706 401.81970542924256 0.08060310781002045
439.51277985800675 411.9649041575871 446.7034942641132 422.27000438891633 0.080544114112854
558.4271129562046 368.3291988679659 579.6986076232192 393.6543839937747 0.08049768954515457
412.9051340266127 441.97166312945427 423.48670294654494 457.8836044815567 0.08041978627443314
572.1207520083708 349.832906246873 597.7441522474089 379.02776544586686 0.08035847544670105
403.12293347062376 400.00833620686035 415.8664075484094 415.71747769160334 0.08035407960414886
446.0303638412483 389.2699136243013 457.11796716395685 403.69545970545425 0.08031760156154633
477.23167901810245 400.25079911912053 484.2708095885076 409.0840938101037 0.08031029999256134
361.9036291652949 513.0123302396424 382.7602489815736 539.3248147760987 0.08022211492061615
795.4199994596395 358.12744063583153 806.5584748132243 373.5479424843064 0.08011756837368011
1038.3781107952823 362.05159639420543 1043.9202275550222 369.76132788509267 0.08010206371545792
953.0640154529247 394.511565546836 973.8169247807942 423.43117510505556 0.08006230741739273
354.2824777525461 439.75025651058075 407.44730229546116 520.4494492214944 0.07995124906301498
686.6390840562322 291.51025754480406 699.6215758890257 306.5405615071839 0.07992987334728241
737.6287545815927 521.014201363106 751.1410639616411 536.80341587059 0.07981868833303452
561.6613659647517 411.7229515701778 573.8069967423756 425.6214954986 0.0798090398311615
738.0337241436501 338.98652370383365 767.386427752484 376.5811688243686 0.07970061898231506
308.3497364392954 569.3254239590882 338.5596691400692 604.6811526169955 0.07966683059930801
1020.3073680538914 330.92943552329496 1027.057246657626 339.97360811900586 0.0796540230512619
814.259267722804 331.03511304614614 820.1964394537226 340.23717215271625 0.0796399861574173
877.731229209619 476.0791574560922 1236.7169829194497 890.4803224416171 0.07961925864219666
396.59696528982056 375.3288751084133 466.7008001351706 469.6167708989825 0.07961847633123398
396.8151921244759 450.2088314721842 409.79854506050043 469.3512546603002 0.07958628982305527
148.6316791824836 464.17598877149123 196.50437367003812 535.3605948863018 0.07958098500967026
770.2912952805464 345.5694875953712 780.005745624753 357.7018494798573 0.07956444472074509
482.30461566653946 407.1998006327618 491.03306532264355 418.937510268802 0.07956133782863617
406.68569891707494 396.3217068802656 413.0842576827948 404.3022690145432 0.07942885160446167
1060.3492739940104 329.1216343669127 1086.7759669222924 364.54362930970376 0.07939093559980392
553.7506487339936 379.3873713267073 570.9135914183694 401.2788706608641 0.07938939332962036
383.2135872379353 532.3285037596872 442.60095790175234 598.6599304090067 0.07936794310808182
165.42785902968947 534.603000635242 222.18530712663636 604.0322648645055 0.07935075461864471
438.0998879748577 429.7523294037111 450.0618869511332 445.261136888153 0.07934609800577164
663.3011542935112 309.4089710120871 678.1355178591233 327.863834637728 0.079325832426548
336.46422397729816 474.0610029900924 358.7500764482387 505.0021835848564 0.07929858565330505
982.0000478519945 397.2656851988521 996.0695000224803 414.49797498697626 0.079194076359272
1014.6348454623347 296.47920184614367 1025.7340767641979 310.6674941330811 0.07918421179056168
86.59944105471766 545.0859945054976 177.15174421488496 663.8430014454979 0.07900359481573105
1043.621534295714 394.9055412217413 1065.9293961364642 422.9322804446392 0.0790015384554863
257.6486191506066 418.6117049176312 297.9007273264778 484.7155948385793 0.07899593561887741
333.33391251127955 530.9962054732091 353.17122039610507 557.3106786029844 0.07897622883319855
371.15847702022836 489.7382263121045 392.1210654999668 515.8292143084043 0.07896431535482407
777.5653685598984 405.47960025696256 787.5945490633502 419.4432542896956 0.07881347090005875
1063.3438242473474 315.87482890874514 1076.7419647590818 331.19973751617255 0.07877090573310852
971.2186382604109 328.2068795098855 990.4410174763829 353.8683629977076 0.0787680521607399
402.5374808586358 445.59143040436055 413.5943342628913 463.48361833551104 0.07867208123207092
545.3328293022595 470.1254864853361 556.2374072435167 483.9487193973841 0.07862085849046707
428.42753230628364 340.4120919473692 453.5092286146479 371.1032211891956 0.07860808074474335
363.8331068083801 451.23950374619983 377.68638512118093 470.4452576154736 0.07856851071119308
461.9686766274746 406.07646446977606 470.47147506412074 417.5573596366296 0.07856546342372894
758.4390647032598 372.5876194475346 768.7210760996259 387.2652108130479 0.07856009900569916
708.7189913839713 448.7757059411142 729.5466447781694 474.3980790242473 0.07850344479084015
393.8274500348105 403.01341051230486 400.9888157719144 412.098291999851 0.07841744273900986
683.0172451976171 448.4864738880534 757.9600248488813 540.4473301031223 0.0783253014087677
761.6857335455178 383.57565144107673 772.73846402865 399.86794486982626 0.07830427587032318
744.6591452811072 492.88709532431733 758.6045466480556 511.9939432212427 0.07829686254262924
718.1956572596671 399.46439422720243 731.2396836259065 418.9409669503888 0.07818583399057388
80.5469793316939 375.19559268592735 139.99169994921877 511.773476083948 0.07816703617572784
557.5146454836954 436.6527917302048 568.8760657964533 452.1767200837186 0.0781651958823204
805.2739435432874 322.00684895961496 814.6963100849122 333.80619027690057 0.07813574373722076
785.020789154403 325.02254918352395 813.4358175819127 360.1808603219086 0.07810568809509277
600.1113835011556 355.90907682435926 618.8083536314828 377.41393493705084 0.07804429531097412
669.5560911387563 281.134981536649 718.4671406695182 337.1148466455518 0.0780385434627533
347.59143734535166 503.1282551050347 357.75288267156424 516.32072218251 0.07802771776914597
752.494452966962 335.59980735727197 769.6034420690308 355.20931412431986 0.0780259370803833
620.0008436499883 406.03306946870873 632.7318166409274 423.4819705789636 0.07798483222723007
728.1408087805115 519.2705345630859 767.6575209932863 568.3203248766478 0.07796956598758698
341.82769288710796 542.5761781442986 363.93583961352954 570.5281104911363 0.07792419195175171
422.5731774762736 384.90456790292603 434.1067222043369 398.575186141844 0.07786582410335541
770.2160026196561 492.1724765909308 776.4495460820909 500.86135479168985 0.07781854271888733
184.392661979108 21.589583069997968 269.6528169419526 119.73182877120078 0.07777152210474014
474.4311119910326 433.63360421836677 487.11562018050165 450.47584061968894 0.07776177674531937
316.5845283705196 516.299594814361 325.24193606044116 529.7285780270076 0.07774047553539276
763.6736210157017 352.42258961077584 773.4895988235472 365.20574666403724 0.0777268186211586
1005.6930280940419 372.21558515978086 1013.5486606293499 382.12043580553944 0.07767601311206818
953.6840483417166 349.02691277176626 970.0578699250875 371.3463315132241 0.07759660482406616
594.3631045644498 411.0425750776231 601.7744341139919 421.2474655353029 0.07757508754730225
715.4062153438679 305.52168905218355 758.3041908291772 359.78732817068595 0.07743567228317261
620.4996992501607 367.15781699023114 633.7840516489296 384.2007230096244 0.07737628370523453
639.5498304580772 376.8991046161369 655.772300309099 396.92881769635517 0.07734911143779755
619.2333064467526 444.91016759303955 638.4806956404346 467.8146385724967 0.07733121514320374
666.3414837033091 358.8095842456084 681.8829072967441 378.74442533815716 0.07732412964105606
458.0475739385344 350.0382731196325 670.6345115327431 595.0542563757002 0.07727117836475372
373.9228370370949 456.6626121006233 386.43152080015074 472.90115044556376 0.07725322246551514
124.98091606912716 534.1957445788473 178.50217655706197 600.0812548526808 0.07723527401685715
450.0369246563838 435.82994491776816 462.35457553961305 452.67748129552024 0.07721809297800064
370.61569331848966 313.545161204304 411.41955582166236 367.8879622551486 0.07721021771430969
767.183076348588 360.6854061818039 774.9345866799691 371.7800253398034 0.07720807194709778
511.5783443199612 439.03172873742835 524.2628861758496 455.65581421192053 0.07718555629253387
649.0278709853397 312.49371317059934 660.5945981311115 328.9411751852195 0.0771574154496193
387.1661338457521 510.9364984660295 407.58190127221945 535.8785866094876 0.07708851248025894
559.1599758610722 427.92838025708534 630.2079602813842 516.6873405201358 0.07708024233579636
994.450807345281 327.83140473169414 998.6672652973484 333.2670793775016 0.07685445249080658
506.8840646869015 433.195449069161 519.6649907235441 450.0659582005778 0.07679678499698639
498.26745622387926 403.33098016772345 552.593471489231 469.10530154157436 0.07670918852090836
459.9925800680654 435.0624599953962 472.9759099884637 451.92824033124657 0.07669828832149506
750.4336201622369 476.63700005344367 759.4591215663226 488.192643258271 0.07666809111833572
547.6641336723403 348.1913510443307 570.0043448891041 374.33277618146946 0.07663986086845398
942.0382777377529 310.2718277585611 967.7740257186758 348.87358238151245 0.07662606239318848
492.53486864352584 466.62933319480527 500.662724159186 478.0424350904411 0.07655765861272812
431.62029528383255 410.9101994939423 442.2952592292595 423.7412520782169 0.07651177048683167
305.37964733847343 435.2018628295769 329.8900606369636 473.58619428168055 0.0764339342713356
610.6982696622097 443.68959205291304 627.6436507506442 466.0255781871129 0.07642440497875214
435.95758989991504 381.5009305195662 445.9468166765364 393.8732534384377 0.07641687989234924
251.81492329440593 534.5309362268455 267.1472559234542 552.9285848630591 0.07641438394784927
358.0689697638253 396.9321635554356 388.50485610896504 438.3046702675466 0.07623209804296494
783.5684161865394 415.2712373870533 792.9213707370808 428.4014646019357 0.07618347555398941
1042.9515554560405 361.81432806514965 1051.5646168138733 372.2842456703792 0.076100654900074
809.9174566839934 446.25283946438566 818.1243124167456 457.88299494135964 0.07606586813926697
908.4820599395746 410.04452531688594 959.0462304086873 477.7642752003613 0.07602100819349289
489.3049665731562 429.0291850633454 501.1885439242867 445.2209956936138 0.07601577788591385
421.28368062278867 468.95617472089555 432.02777288588356 486.5667604786819 0.07598801702260971
509.2695909399953 458.58815478810254 518.83289941605 470.97678362544457 0.07586275041103363
291.10302172065354 380.00084384466385 331.30613354967363 443.37170009390763 0.07578400522470474
779.0053122136155 438.11500909921716 801.1542827578284 469.5742355455143 0.07577889412641525
274.26171396175215 530.555703677317 288.64822256505624 548.4433930137906 0.07572720944881439
810.4940746380462 351.2289717297498 827.8636357762573 376.055295204114 0.07567717880010605
457.40814825891255 484.51415991192835 470.1822562654988 500.3094357414057 0.07566911727190018
366.2190917152844 563.4501386815949 396.5596013751405 594.7285193215104 0.07563818246126175
451.6571725206596 422.2118418162871 500.5365563519287 489.62818979112984 0.07557826489210129
807.6479757548158 407.25719963256614 865.4108640764249 472.08778714275314 0.07543691247701645
570.0162324963121 450.9071731048369 592.015372263823 478.47497070839256 0.0754149779677391
436.10544422023906 374.3849679851437 444.96051134496065 385.3444665801361 0.07541068643331528
773.6315385104375 371.2360160239404 783.2587077203852 385.0143963489794 0.07534901052713394
604.4596213260972 436.2485804127868 618.6530845723081 456.2122292239901 0.07534268498420715
363.91401604456536 470.4611501417055 380.9534927832279 493.7501951599975 0.07533435523509979
630.967779718788 298.7174329871068 669.4090843523603 342.1875360041656 0.0752178207039833
703.2544565061747 462.60219394467686 753.8240498544207 526.2648241350317 0.0752076506614685
570.2859546728583 412.93587109685336 581.2240856915166 423.9203475613232 0.07520565390586853
423.218679798403 480.00889893993406 434.49439275060905 497.0360484775297 0.07519877701997757
753.9012436284983 479.0153235682463 764.0503397123173 492.7228111028343 0.0749964490532875
404.682487801151 475.26861053232324 417.67207963410357 493.7271118028976 0.07497799396514893
834.0190964991966 423.39654207025995 914.9102770416159 512.1335454604215 0.07486546039581299
791.5083469539316 476.6437648375055 802.0256148097894 491.36729552155975 0.0747920498251915
464.84664659100844 371.67084688809916 478.94489796249474 386.5679426707526 0.07471659034490585
695.1061226267508 361.90594488816134 707.7142956168096 380.42048832877765 0.07471346110105515
706.6589738043609 371.28303749456245 719.0928877729507 389.39671572736665 0.07469785958528519
755.2852503600606 455.13854565096926 776.6413589256916 482.0514881691111 0.07467901706695557
288.9956358584135 508.7881137372324 300.8668952147137 523.8486807951568 0.07460431754589081
731.2226716069407 477.7406770807313 741.6467582648062 491.48546675686447 0.07453113049268723
242.76162635530477 386.94064243893376 296.2876131743842 473.64766993465054 0.07450374215841293
347.6378993555516 433.5102039304622 358.75021785120066 449.63609991809386 0.07446544617414474
728.3997192059772 362.062253453267 744.0595404187259 385.2819294108678 0.0744166150689125
517.9715293236446 343.65900065438285 539.3147473608108 369.72748957783233 0.07441366463899612
769.8290156183698 337.8416060951601 778.7114910368919 347.68034799004926 0.07441190630197525
774.6895656266337 416.8201775491225 785.0579575209974 430.5339783877521 0.07432736456394196
778.782018607623 457.5738834393163 794.1102757654966 479.17797817906114 0.07424823194742203
1051.8011632715986 286.3469848007542 1084.9111929689518 332.242913155261 0.07421941310167313
800.3166050648871 297.99989414868287 821.0995594755236 324.73319273390155 0.07418940961360931
502.31270766124663 467.8752120189685 511.97625629961686 480.70519817657936 0.07411959767341614
686.0813254711597 377.22221734659433 694.7655513043092 389.02054340992686 0.0741104930639267
727.7125960177605 451.5810096424356 737.2789905970178 464.2978159570406 0.07410475611686707
1006.3148205838864 322.6880934049004 1010.558434791584 328.3326025636822 0.07407266646623611
752.9046763662494 417.6648002391932 775.1418363266105 443.99954275811024 0.07398048788309097
735.3961088021227 452.9943959418187 761.3424928992656 486.3259818801383 0.0739520788192749
516.1692797045156 474.6439578772442 540.4813293684462 504.6734729442959 0.0737885907292366
898.4385280229995 380.69140867728106 926.9544632240471 417.3074348798674 0.07367514818906784
419.44040183789957 451.3197457549356 430.03491959025433 466.81011999598735 0.07361195981502533
789.8848402030118 444.3524287084513 799.0083217629399 458.0905146991192 0.07360906153917313
704.476232759943 334.6477875661746 728.6571678666298 366.61419378160303 0.07357370853424072
610.843075564821 471.60373133927544 634.9704049458808 504.1068699792772 0.07357224822044373
653.0840888960264 296.32061373723735 664.9585483592671 311.18059214305947 0.07349853217601776
852.0036726007444 356.3021826257857 900.067422666808 423.16653268328514 0.07346539199352264
720.1864509957134 473.34041723286595 730.0437770483815 485.8310152757326 0.07336807996034622
186.33807559726657 -8.811305257730112 237.10258785061149 45.659075858507244 0.07335634529590607
787.8724919987585 349.11300669745225 798.8915135463751 363.07984903741306 0.07335402071475983
677.0771496773978 446.51846872314127 692.8377981073056 468.69044329428533 0.07331766188144684
774.456210792895 507.04655032584566 787.9713021548118 525.6554738151874 0.07325894385576248
182.56766521054286 397.3230903032359 219.30414036401947 469.8323179782138 0.07322394847869873
274.674658934775 422.37416175018876 282.72807928677213 440.9908839299712 0.07315588742494583
756.4460479431585 390.68856602348757 766.1549590271019 405.793991473127 0.07315473258495331
777.1476685352545 348.4122444007742 789.8579693833756 364.88709955590156 0.07311878353357315
307.5229904333696 501.8043920528793 316.88804299410157 515.8296726146729 0.07300414890050888
356.406971470955 428.5041874996014 368.780839507082 445.45820140042275 0.07290410995483398
712.4052277959911 466.5059867856961 721.5242826260919 478.43060129534786 0.07283005118370056
785.009931165125 325.66349805684837 793.9300787588222 335.8387917985029 0.07280505448579788
724.0704661636125 460.4267470302739 733.0967592797758 472.32484093974205 0.07274048775434494
531.2748250143862 319.5588701676855 555.9378733647426 350.3690954204394 0.07270270586013794
632.216556964285 308.89513367119486 650.3387245206001 332.32479134100424 0.07267510145902634
463.7371141066983 387.7292952461424 477.4721302446341 404.58032610881685 0.07266854494810104
785.2006232929658 486.52537121935643 796.083525674026 502.12673860382307 0.07247771322727203
726.2547572514517 415.5542573651059 741.8969245530865 438.43608904871263 0.07243742793798447
742.574959721448 265.8852871931909 779.7327380037647 310.4200991843432 0.07237137854099274
665.8574736235632 334.22850581107656 693.8770233859584 369.4765980385695 0.07236671447753906
213.56170769808486 469.4927595595538 246.91187454110218 518.6484778621066 0.07228635996580124
478.6975261351749 436.2684576541573 492.2072017249826 453.40178070730485 0.07228052616119385
506.9588673821062 475.74506234548033 526.1745224878489 498.6006976958697 0.0721932053565979
792.6264454784895 383.2752022447741 803.1751518958688 400.4341777161575 0.07216358184814453
495.91110144790446 388.01110908854974 501.3062409126075 394.78588451581595 0.07187186926603317
336.9323431096859 602.9662584268578 438.33483179987707 711.339338388333 0.07178496569395065
207.47455558753447 336.38762211183047 277.06314753363256 447.99477353386095 0.07176651805639267
435.03156653368046 494.2180133482484 464.62497845213545 532.3092662025476 0.07171168923377991
647.4379311303641 453.55492476915697 666.8526432425311 478.7367576719686 0.07158244401216507
199.15907398013567 530.172369908769 260.1263596873406 604.9215360571155 0.07157866656780243
439.6495657460318 471.1392189818642 455.52678690620087 491.30468555115954 0.07153584808111191
634.430853633326 461.0581268676003 676.5777727564944 517.8753235497833 0.07151191681623459
401.9618518746794 490.23884554166733 422.94399959814257 519.5570015915123 0.07147622108459473
354.1823865882484 417.4497373214346 397.89735885185695 485.78852609984517 0.07142499834299088
401.3684948415809 461.14808308341 413.85297094417075 480.9257433394339 0.07136975973844528
741.9322088536023 517.9606572972461 753.2836039838857 530.8882315052879 0.07134838402271271
752.963443397081 510.38105529016696 765.7975950681307 526.2793877294617 0.07121751457452774
727.020582833999 438.6629623132822 737.4964014593209 453.87770063985926 0.07106538861989975
701.9984240886968 454.7129633087288 716.1160220082573 472.71220251258245 0.07097482681274414
397.89100526872255 454.4042745336899 450.2711925085189 527.7088825895489 0.07074545323848724
815.1509280859605 396.7273852211718 824.4508674168634 410.5232924306821 0.07070746272802353
382.18984111142424 372.40256660852157 391.43887394805546 384.28639194658933 0.0706101506948471
371.2118059665574 391.56309212713154 382.4224851236873 406.72111179529304 0.07060232758522034
735.1344344562206 432.698147142535 745.3011955891337 446.7408076031533 0.07047367841005325
610.4702736036577 472.59833114516505 619.1859283409467 483.5480299663492 0.07044757157564163
730.6043364539316 398.59136259121755 742.3910776820368 416.6288006182663 0.07043648511171341
670.7833201273947 244.347237064228 713.1957598807082 290.6526430334505 0.07034400850534439
690.71675957191 458.9551240282036 700.0312677762432 473.0448927291934 0.07032305002212524
785.8633851417749 287.8252508674141 820.8090099836123 330.38818521469506 0.07024092227220535
275.7721303559553 476.8278680968159 290.48879295455083 499.67550165848525 0.07019412517547607
841.464655304589 449.3188320016092 848.2706399338235 458.5432451985544 0.0701877623796463
666.5418285350029 484.783317858382 704.546347855603 535.8375994568372 0.07014553248882294
777.3777431830232 329.3662908047839 786.5399872726426 339.2098571929994 0.06984218955039978
391.6856747968634 491.1950327675636 418.2852626175666 524.726019297309 0.06984150409698486
592.5835446440701 450.4434248966303 612.2648236431284 478.3242190421395 0.06976889073848724
853.8701972986465 335.63802595278224 893.9729411080962 391.9883187918016 0.06970690190792084
743.5654197041105 407.0979637521639 754.0131404836313 422.8199501236799 0.06964877992868423
317.1845447890022 506.2067108337971 327.0133390871256 520.2050771240328 0.06958133727312088
358.4308696973143 364.42164303587634 378.8254834516841 394.27517607743397 0.06920284032821655
641.3754844172837 335.7455262405668 660.7538140242214 358.9562547612037 0.06917019188404083
-88.12869910033439 451.80044774963113 200.07705097949406 824.3710666338525 0.06911997497081757
895.9607746282535 347.1568297400163 936.181238517234 399.4925957894724 0.06787467002868652
774.7417283189188 355.2092738531348 789.0653557879039 372.9699659643099 0.06786127388477325
717.0913351817483 46.804314831409876 961.5416158404912 316.78731317405146 0.06775970011949539
493.10495171513384 499.36153576681465 503.317116992478 511.9790741995044 0.06757060438394547
67.51297963348922 265.84868191366064 132.5024243037957 442.67495441925087 0.06747621297836304
472.43548594774063 469.1452439226868 482.7226221909245 482.87187315890793 0.0673554539680481
309.22048769921673 291.04631018942524 365.9483835324156 373.3443523246004 0.0673142597079277
-48.71811704371395 -59.841685771895165 118.9383728750209 146.8653303205528 0.06438612937927246
495.0233241736927 507.6648667702626 551.847336842778 571.1483680708492 0.0637396052479744
857.7591923191861 360.71891965211336 937.6954597180705 453.8544153585827 0.06205037608742714
328.22774466531285 222.05158311505613 416.6309743977732 344.3642974032131 0.05879097431898117
