478.7927494903087 354.6560156145183 491.28534844963315 369.7110328216289 0.9986918568611145
520.5908942161328 358.01198377464016 531.2111141395402 372.98562002203795 0.9980717301368713
388.0533447703221 367.6887168860238 393.5430916528346 375.6914716642391 0.9794884920120239
422.34209268415765 368.1542273630002 428.418727109995 376.48700770529314 0.9761888980865479
407.84402647212295 372.737735669246 414.0600511581292 380.78213988554893 0.8886336088180542
417.34855940215215 379.688914705883 424.7484181486065 389.11559284254815 0.6629671454429626
745.3111377264376 342.5327730437963 765.2000785030476 363.0198680296034 0.5499913096427917
606.1095830876524 361.3631170366492 613.815821240347 371.4647788665118 0.4996645748615265
657.4602084416413 343.2350786534575 672.2158976133429 363.9863003653429 0.3939743638038635
459.98986881273106 353.39203150827694 467.4065318316807 363.83747219005966 0.30723631381988525
576.9757022815296 362.95704946996074 588.0644239059433 376.4977537971307 0.24885684251785278
643.2156282044277 347.8579977001746 654.0866354307602 362.1303230545082 0.24860844016075134
648.3045247430225 334.61085780127587 663.6687035337153 352.7176728756023 0.2467060089111328
406.79196957052335 374.53466707364873 414.80226772771346 384.4238951982743 0.24252435564994812
409.9759100929003 363.7670436867754 417.16521694509873 372.80322003771494 0.23758935928344727
813.259681739264 341.7702053549568 827.3712506167872 363.2745468548952 0.22899149358272552
91.21943201350604 11.488635276839185 172.46909659613885 96.4004129240052 0.22805556654930115
1056.5288939671998 326.2657089890099 1078.6504002669349 359.0555343058105 0.22431066632270813
262.1692619095335 204.36825520484598 270.68140745577114 214.78255103146492 0.21949133276939392
531.0745479722804 354.6953618975599 538.8589613305538 367.44047903274804 0.1738777458667755
426.056758993546 359.0003100525904 432.46850415997295 367.23894228510835 0.1656709462404251
415.4067133772026 366.1383520163325 421.23536652704615 373.9417560489371 0.16553932428359985
455.10825792169527 366.61160200392914 462.8321870870293 376.73299762900325 0.16196559369564056
632.4167616937666 360.0773652095516 641.6725671711937 371.75398930646645 0.1610608696937561
444.03646383356636 353.58896730853445 451.0600675295704 362.84341894182046 0.15688812732696533
681.7544376810898 384.34500850167046 690.874266365495 397.7860661878242 0.13680629432201385
752.5442119820312 401.1410380456206 792.9441575259247 448.4523708890207 0.13666746020317078
620.2171170175079 359.24601076470566 628.6299684682941 370.9161934349755 0.1286841630935669
575.0456501879348 360.74971451597713 584.3888829242019 371.355968136958 0.12785004079341888
860.0377335874257 327.5863657771173 869.018143819308 338.4122904839989 0.12671832740306854
442.87420840861336 363.5767055147931 449.9677825574342 373.6917057505982 0.12622052431106567
671.4777840386618 369.62586807484115 683.4744285641394 386.5004060577943 0.12423054873943329
585.8813297741051 372.5604601895513 595.5363740218147 385.95652320422465 0.12330498546361923
998.2029827434558 390.3524224119859 1071.4684897274146 510.51995280482794 0.12069112062454224
507.00689611748226 360.2781347567539 515.2966542769084 372.5390385046035 0.12001509219408035
774.21771599127 349.81633066983187 786.69337666423 367.3742769851438 0.1191406324505806
614.1332125584491 360.64895391800593 621.9086681674054 372.31323597584503 0.11878761649131775
397.7883282865921 368.310453508008 403.9447748052582 376.6361957401256 0.1184552013874054
828.1017770858383 332.8528287411062 849.2908550479231 357.7143048664414 0.11743324995040894
488.5090693791088 348.9671393353632 497.3529218010121 361.65888926443756 0.1164267435669899
823.2058296915052 345.75467401039487 834.6569089200099 362.83908002554756 0.11571566015481949
783.4764453047413 339.2237183684028 801.5141591045001 364.6535362729832 0.11556223779916763
549.9689196028177 314.4394477526002 557.4171513454949 322.70338756854125 0.11519131064414978
478.0763479661844 323.2874262670607 487.08760718046113 335.75682566892806 0.11506292968988419
428.8079489931529 366.60595657963955 435.9464883825835 376.1733878984008 0.11312752217054367
1026.4225209729877 294.44583783109186 1033.7790866511227 304.63504747604185 0.11222553998231888
404.23580307760864 358.931408616808 410.53106782098416 367.6206982968466 0.11164147406816483
420.1105627666661 391.23841613012434 428.22621006775194 400.5094665498131 0.11053278297185898
389.4908827704021 359.5954181207778 395.9460182736483 368.33317010178524 0.11050549894571304
396.1137818056139 363.31754355206635 402.1945502973498 371.4170006174527 0.10959281772375107
436.062821579507 361.8316744323316 442.0281285607301 369.7817337936465 0.10918793827295303
679.4214752823045 374.3718586550273 693.8873319320775 394.32872231498925 0.10912162810564041
434.7233976708798 355.4065389278361 442.18531551698396 365.99412926744475 0.10816638171672821
463.41860451848595 362.66701892613384 472.35236614363095 373.92463904391 0.10802672803401947
656.718525122871 361.8850351273765 673.8238108549206 382.77260597366046 0.10757233947515488
402.2833497248118 351.99557126363607 407.75042900199145 358.85729842868903 0.10680627077817917
397.91270652326074 380.5901363180111 406.3179144697763 392.3586482105377 0.10631948709487915
690.2483764510049 356.75581646207513 710.3876892653818 382.00005755272656 0.1062031164765358
1050.943021384514 285.5249781941739 1065.1572499303672 301.87195731557694 0.10611531138420105
690.3949173861478 339.9491085022501 711.0629904430058 364.5161532872749 0.10586588829755783
423.80624697036563 394.7470433329146 431.6134225290404 403.72215046905404 0.10568365454673767
667.6476975208179 362.02994850886085 676.1016742016672 373.6900608864692 0.10551465302705765
425.4284723120649 352.30764534688666 431.9897032001095 360.66852820186773 0.10550063103437424
588.3738527617874 357.3356159265308 596.5496992523168 368.09605798180917 0.10524075478315353
799.6995913427023 330.5112331000838 818.0117387083163 353.1934346746425 0.10506816953420639
670.4486681210476 357.77473720975837 681.9392512216986 374.03240041261813 0.1050267443060875
680.2455245015666 328.74562637013 702.4403771943126 355.0284389789625 0.10497286170721054
650.6505929967416 374.7486891460145 662.108380274482 388.72036199798106 0.10485439747571945
415.304585155859 355.2309135594264 422.36621506050227 364.3491887729518 0.104556143283844
401.4510249508526 367.4933451971234 407.7206603540249 376.1010737028296 0.10454069077968597
397.0044772032153 352.1312495785874 404.18869142823405 361.29660901267397 0.10417940467596054
1039.2954205798503 300.8595572187713 1051.3461176020091 315.25832600321814 0.10351019352674484
677.5910030374198 367.19175216777046 686.1972674802316 380.26582562879133 0.10345175117254257
630.2629019741349 369.902771881545 640.4564679022436 382.88772739973274 0.10331020504236221
656.0935360921324 360.4507809557202 666.1058785508801 373.47072931131504 0.10327443480491638
687.5812963397836 393.50219192582887 704.9787315745523 415.81311538514984 0.10285254567861557
411.20444818717993 390.28489040572555 419.1096309822135 400.2921138651436 0.1027822196483612
92.26724304764518 223.33906032943563 99.52843270876227 231.06249213151838 0.1026943027973175
452.79443448109896 380.60871679803216 461.829806562855 392.0217546981714 0.10268300771713257
706.1479328634231 342.6458609091016 724.6072707724587 365.38580111818675 0.10247836261987686
599.9003691294015 361.24232650694995 606.9111806691283 371.5891354791362 0.10237641632556915
634.3725258068995 335.49837739471064 646.7092474432252 352.45319645240966 0.10233425348997116
795.5466015785478 359.31178018478573 817.5472635436546 386.9187598110217 0.10228591412305832
398.14137822154413 357.89757864552087 404.2828927796335 366.0583969599305 0.10220713168382645
419.37683533714625 360.9430156998444 425.48537518676125 369.3501503142899 0.10201429575681686
670.9259663072588 326.09366454889977 688.9064790030525 348.0560870634844 0.1019127294421196
450.0393543432246 359.7552061449155 459.27964371694765 371.5841003555611 0.10181048512458801
567.3209882622095 360.7498499653441 576.1250053206915 373.1406412270486 0.10179656744003296
575.4186765928931 380.06130344890585 588.9804557426265 396.6121104435175 0.10154175758361816
429.88344296462236 384.8034045329651 438.53489391869965 395.65001330244417 0.10150350630283356
404.92660846869165 384.8226374145203 414.75639743591995 398.2032910455348 0.10135344415903091
580.2706649480813 356.31571345943445 587.6298086548665 365.68155021774743 0.10124284029006958
640.3055433149386 362.7849769479243 653.1278285676991 378.41453683731066 0.10108262300491333
1045.9262081496906 282.25416174682397 1054.1352770701324 292.0910353420499 0.10102143883705139
619.4697592535479 342.43822557154647 631.9252572605373 358.17436268347296 0.10095039010047913
410.596921475669 379.3878800035853 418.6250804524756 390.0670719558951 0.10084357112646103
430.5295219634457 401.7169822686226 440.8763770571734 414.7347059937679 0.10083746910095215
640.6707813792209 327.1161663982374 652.6456051298205 343.6152532762525 0.10057692229747772
1034.4228849496997 296.48596682757 1042.701164565593 307.4267797468337 0.10048147290945053
414.4183771763099 372.89998742874684 421.16539681879476 381.75518797264596 0.10047665238380432
633.4266870010727 349.17263610828434 642.4400121346501 360.9173733988003 0.10032331198453903
432.23491365730024 352.32831792249453 439.51836062483204 362.3105128609984 0.10010471940040588
385.9153138124264 383.8907829729464 394.8601613893351 396.91393118273083 0.0998944491147995
386.19694743811385 340.29477084015963 391.934533401731 348.6079689852091 0.09989061206579208
393.41975525593597 341.0830685592477 401.73385159651434 352.2170718868241 0.09982563555240631
388.1333145551807 354.52266191936314 393.6301918397391 361.99252297794425 0.099748894572258
154.79801767109768 26.24802802143243 242.83679526265175 122.9309994906756 0.09969960153102875
661.0373835496315 377.96466005324385 678.0446734840299 399.274237231723 0.09968487918376923
738.1655504912416 363.04504107080487 763.636205425545 391.0263558243719 0.09958264976739883
126.03901906987555 31.859546985089807 148.43458340890967 57.143240387326465 0.09956663846969604
624.8213320585312 365.37166430306854 632.4181988864842 375.85349809224914 0.09915824979543686
390.7133739562934 373.30875998482804 398.5263086567541 383.7668892001577 0.09899254888296127
635.068883701923 297.5085284880038 647.4114522903203 316.5079071001232 0.09898825734853745
424.48760619061255 377.2939569314338 432.34692360260027 387.7366254930429 0.09892229735851288
647.3121150664805 389.1711621752978 662.7742197460581 406.8841777588014 0.09878459572792053
690.0913175050072 371.78157022083127 700.4469771132543 385.8960810106358 0.0985783189535141
682.8697404966854 368.74058865672214 691.389462547775 381.8480866752518 0.09854812920093536
400.9267653901939 343.1333880033714 408.0411632033569 352.089482142665 0.09836024045944214
760.7090495067612 330.44976756010124 781.4938116860005 354.140626098335 0.09823504090309143
440.03453301400805 347.3407533186416 447.41287519232253 357.57511948367056 0.09809590131044388
689.6096889878606 343.56822261455335 717.8295029106164 377.9863402958173 0.09795495867729187
440.6237538979344 376.67990419364526 451.1163757187488 390.08603250632876 0.09787634760141373
450.04997318159184 352.11067279542596 457.4201858233657 362.1330318223272 0.09785018861293793
615.4415152336683 368.60054024750275 624.3380696639881 381.33707122707983 0.09782189875841141
592.6096327574401 366.4278021604343 600.5050427410414 377.76729218984224 0.09776334464550018
604.0515394064939 262.9345695522571 614.7724638656546 272.9143442649115 0.09728823602199554
586.6668493202362 364.6009863754561 594.2994756474445 374.6072043253932 0.09719478338956833
808.0556534898536 375.1816130431882 832.044283682647 408.13138286316325 0.09706287086009979
688.3782466699286 378.8112822675049 701.476357280111 395.84147196158955 0.09704176336526871
418.98810307044283 373.0783415094581 424.4025059529521 380.4733577980731 0.09671978652477264
660.0194166301656 399.06748469477236 670.5737490444313 412.2946431238089 0.0966888815164566
596.0336468309617 362.1418033818873 603.5562245688913 372.9761403301788 0.09666300565004349
405.22053884106197 399.9160268427232 413.7567810514418 411.2255337697567 0.09662193059921265
383.93396452461343 375.9952288355433 390.554929062784 385.5607973972042 0.09659504890441895
433.2642694669513 371.7852953057438 441.51411655870163 382.62506077007106 0.09635679423809052
758.9163421699474 355.77259042721874 780.7876340769336 382.1233388122072 0.09627211093902588
408.6916384762964 354.428778944405 414.98594425850007 362.19722844909273 0.09619490057229996
609.0999251462437 375.6547261254702 619.4889100129589 389.86579527067926 0.09616291522979736
623.4001148479933 375.88417725478234 633.7239366443235 389.5973773933224 0.09613460302352905
426.47662023810045 397.22423893945745 435.1432816964479 407.82733816393045 0.0959199070930481
562.5292052649402 364.08759342226307 569.807955574745 375.59845962681675 0.09590423852205276
633.3992994736772 387.19052348096193 650.0630084510989 406.5940986255817 0.09584701061248779
682.5802614397604 352.8949996325372 695.4382330301189 370.1899300450308 0.09575286507606506
415.4044235939537 388.84675164773745 421.970825006573 397.34773756231414 0.0952736884355545
401.7858077032936 372.8932120870284 407.91527289791355 381.46104048197213 0.09523805975914001
379.9707418187334 356.25585130348543 389.62627943411894 369.18124149832187 0.09498053789138794
399.62018740324027 388.8914136599152 413.2349788780561 406.6299242826772 0.09495170414447784
389.181856830402 387.8906877767118 402.72376717924385 406.20447043376026 0.09489643573760986
614.7237069161479 350.60605123675464 623.616096170318 362.3810960406975 0.0947500616312027
694.4415206902422 390.21791441680966 704.4877207287382 404.1620339081809 0.09471077471971512
661.1245542867065 368.0159534716209 672.7196947302236 382.31847221254066 0.09468241035938263
641.5379235142791 377.03073299490666 652.3865451294664 389.4940227415124 0.0945851057767868
1042.2880171393397 279.3818347108297 1049.1353850552698 287.77647327706256 0.09448733180761337
346.2889280583937 162.1843899946499 352.6469101277602 171.93239613823283 0.09444764256477356
456.61075492749006 325.23844664349053 467.545932648094 339.27671085599366 0.09432976692914963
693.031963325088 322.1999737540486 715.3309001091225 346.24544335306246 0.0942126214504242
1021.7972074860104 296.81317145164604 1042.9694844726641 330.3905382892261 0.09415057301521301
846.0543699814561 386.4886725882234 872.360659702271 420.3368565086126 0.09409651160240173
771.8242023907783 370.19144431426054 798.331520698562 403.14728048274407 0.09401167929172516
397.373473751734 398.822603047488 405.95700001873945 410.09799377351294 0.09389501810073853
197.2093995732579 288.4116261042801 240.08755349535195 354.6761063593331 0.09376899152994156
662.6478204069268 380.9131848672164 671.2620958022612 392.34791895724794 0.09374268352985382
451.52637665382474 386.074388475774 463.08459644764827 399.9693457831705 0.09367439895868301
467.40823006723207 324.06539559452096 476.77128473785336 336.82307366366507 0.0936470702290535
726.7927973873177 404.06773959306037 754.6789156426194 438.7357355412028 0.09352931380271912
615.0678162924713 398.2197121105585 624.2638336029904 410.4219731103061 0.09349262714385986
504.7660781100477 400.3423846744177 514.8207090710288 414.19765322983517 0.09348585456609726
416.5526103459821 400.77453675964347 426.18977106831727 412.9817883945384 0.09340276569128036
674.7805270896744 351.2844681654837 685.355514651023 365.60291693558764 0.09319259226322174
175.89846249071996 126.78993501815165 220.0930896598856 181.39714201875498 0.09313111752271652
447.15113431000856 369.66621866464953 454.6927819826253 379.2946250028392 0.09310096502304077
380.4790659070804 350.9034319544206 387.445016330412 360.69418479752403 0.09300497174263
1029.1634876073028 301.1575543776481 1038.832607836246 317.5563426080285 0.0929693654179573
625.4734488359115 353.3370845136329 633.1674040957571 363.6304922191881 0.09282708168029785
445.6211447848065 378.738433769624 454.8170149859901 390.08335992174597 0.09281064569950104
735.558479572372 351.0551490013143 751.3000425787924 369.72760547575024 0.09262030571699142
629.1936126277076 400.32372069403374 638.6065303143987 412.4428288682973 0.0926085039973259
658.6806700247649 328.0847086593079 669.5829694486051 342.38639771299717 0.09256552159786224
408.1289654528175 345.41492350937455 415.2395956454312 354.6375769451929 0.09238654375076294
586.3786255635255 351.96940291814445 593.8824823512466 361.62261118251183 0.09210063517093658
710.0262371944011 370.4902326496269 726.7936024904348 392.1953784887908 0.09208916127681732
388.13873957224524 348.5448274718288 393.7318525603005 355.75463134685253 0.09196411073207855
436.8926180947807 368.38156270550775 443.62291245945727 377.28778664322783 0.09193647652864456
419.9372676648514 354.53056474173474 426.2703684416089 362.9513644166365 0.09191987663507462
637.6124436988746 369.6476454675638 645.8385957000681 380.5074603244339 0.09177353978157043
572.2869898318746 353.8087745055725 579.5439404400131 363.1858822166655 0.09159733355045319
380.7911641109469 369.8311264215787 387.7359122010926 379.3088676718976 0.09119085222482681
1064.037311842744 298.5868188735084 1085.863676052327 329.61736344813477 0.0909392386674881
-0.8454429611700319 418.26396441231566 14.492061647356804 439.6747079076428 0.0908617302775383
732.9361304043446 313.6179698615569 762.045019315056 346.81358903293903 0.09080491214990616
409.94021799281813 359.58229524722276 415.71878298191484 366.40489305131825 0.09079904109239578
594.6481607143954 349.6906379141764 602.7624372951939 360.58486941073073 0.0907873883843422
448.6461421311091 377.04086218106806 460.37933490237515 392.00815765827537 0.09077682346105576
375.57601042935704 379.1270942787566 385.1038366983088 392.11731805536743 0.09074008464813232
624.3379406135998 386.12348589675065 633.6507468994292 397.77433568824705 0.09044947475194931
665.4513163851799 392.72713793846424 682.2850865521599 414.021427156092 0.0903577208518982
648.9098900842475 358.7159089059663 659.5776401939135 371.7026498173536 0.09029318392276764
1035.1584560986157 303.8223381901142 1059.8105036165466 336.50166291824485 0.09027156233787537
363.3045953675347 341.2917729625482 374.458217856382 358.4859492066336 0.09025541692972183
1051.0535215864284 275.9556904315738 1058.4878410795359 284.8636044089696 0.09022392332553864
418.53460336093866 346.0879843481524 426.19399292279246 355.6060767976682 0.09002853184938431
721.8404809133924 355.4486421670488 740.7232229227927 378.8724207958856 0.09001107513904572
826.9092630469239 329.9794830584624 835.5411397431237 341.7030503384575 0.08992856740951538
785.6767570700422 359.590791386736 803.310864727534 383.68886474323415 0.08991144597530365
643.384824918798 305.4212423761002 663.5280424788278 330.10232680255245 0.08988392353057861
704.7550998137164 390.3767378331872 722.9901254517249 413.4481959907321 0.0898626372218132
429.2914292667545 342.35683467647846 438.6515403829544 354.62974005357984 0.08975709229707718
74.44767984211994 280.50815432200415 111.11554410025974 337.0569609235373 0.08974792063236237
531.1162103234292 368.63891137959075 541.0715667042961 385.31725749615237 0.08965856581926346
448.71030042882546 341.7144118816852 458.3064047213444 354.3767116904891 0.08957947045564651
777.661970626988 331.00326748240536 791.8549216359582 348.81002687958994 0.08957269042730331
340.22430410125895 154.2835296451377 346.18768607659155 163.639159994017 0.08954879641532898
708.9888682730755 385.86410522306653 714.3968062194945 391.82953957353584 0.08944050967693329
850.2733960599285 339.5330604472068 859.103671520337 351.2717704911928 0.08926501125097275
490.0019202062198 335.6914176264062 499.42163607398027 348.4767195106201 0.08918347209692001
617.9782239774177 298.7574029216391 637.2519720395701 323.60827871910783 0.08916028589010239
455.79355959538475 347.6603990901224 463.3436091951466 358.06693351226164 0.0890803262591362
169.16366356111268 266.1575410802471 208.59511193534294 332.95941890263026 0.08904677629470825
669.0680110426964 358.1283004881782 676.0053084044401 367.95050986818535 0.08895552903413773
786.1575807028432 385.5914342352496 811.9573199021823 418.3815788229691 0.08887352049350739
699.1584807484062 378.61125895872226 711.5128429944195 393.4584668596601 0.08880417793989182
1035.5147121009115 286.34344651413124 1045.9555317632041 298.9737827504032 0.08870455622673035
623.1340919341654 326.7809812929422 638.146373344571 345.5055773333877 0.08861749619245529
827.4692290195596 351.45816851809815 845.3487524017 376.0274112032974 0.08852554857730865
616.2112331081938 377.38041561256665 625.9644076640867 389.75906859336413 0.08821485936641693
396.7795190076528 375.3211929527836 403.51199084404976 384.4693232179195 0.08820142596960068
835.226216309322 329.6539781502846 842.421218862771 338.2191548936081 0.08819791674613953
610.7779864752204 418.2946349510757 622.3152481171531 433.78525644104735 0.0881190150976181
660.7347124734591 304.2097948732131 682.559543152277 328.22591483459985 0.08809807151556015
657.3931455286883 384.9569998475509 669.907552352152 399.3092928163833 0.08804744482040405
366.40952687717936 375.95840668453695 375.4590249964942 388.2665142047349 0.08794485777616501
155.69605777136894 246.64222943389586 192.96132426404566 306.9774595473137 0.08792521804571152
555.2724698464709 368.9298493237856 563.3352421153769 381.6032219289947 0.0879143625497818
367.2209051439481 354.9013333402382 373.08446422395383 363.45722950613657 0.08789137750864029
753.4385363047959 381.7005627141815 777.9600568679766 408.84507070213755 0.08784472197294235
723.2213058991193 370.75344270157973 740.8587873737633 393.0445030597632 0.08775711059570312
554.277204988219 383.6139309495338 573.1567846342894 409.79068443276054 0.08772627264261246
1067.8382440285202 280.45895372269115 1082.8388963596296 301.90289250774305 0.08772604912519455
636.4180841682899 385.5848841439245 647.5413335347263 398.6718433680128 0.08766117691993713
424.52223122293674 383.07912911422613 432.2409815966915 392.70151375174316 0.08765996992588043
725.2469431233897 385.7759157682328 741.7510108755415 406.849408671374 0.0875139832496643
709.626696690566 390.4598640794592 718.4187771024328 401.25753492509335 0.0875048041343689
445.2713193365714 344.08162413867757 452.41717540176455 353.41058485890534 0.08741141855716705
429.62273863988077 394.3527853405636 435.1952247716009 400.71513120470763 0.08737829327583313
609.8881292263305 350.0510106871241 619.3818805743251 362.84602247555796 0.0872528925538063
603.2831695602114 370.715665032062 611.988776375601 382.26924722023153 0.08724472671747208
474.9044988676295 371.24946315764134 485.54348768894107 384.65698511569474 0.08723903447389603
364.11209029165764 364.5456146175548 371.0070842091154 374.68824391431446 0.08719770610332489
631.8338615936085 379.9436680284913 642.240536714743 392.41882275480395 0.0871964767575264
1054.581560957489 267.5079348685983 1067.6591942154191 284.4811478953562 0.08695051074028015
626.9244863236815 359.4869778886625 632.5996497794966 367.5093832266644 0.0868162289261818
463.02588787471007 374.04296355961935 472.8794574310798 386.5983615204653 0.08678550273180008
347.49157647790116 171.70170076379662 356.7300984087782 187.6209659839694 0.08677726984024048
390.9812710725506 399.6913739293788 397.8079584229562 408.5042847351439 0.08673777431249619
588.2217098196027 385.90527840914035 600.0934841646691 402.7079048244577 0.08668766915798187
674.5771127589647 391.17137675381844 683.0930217275941 402.78602657772745 0.08658502995967865
602.34320706867 352.85350613217486 610.0451667905716 363.6658224803705 0.08650825917720795
463.88681717716645 316.54720757209714 472.7779173469169 327.49199504574466 0.08646108210086823
683.3977909505811 406.4219290235541 695.6269545010286 422.74224206935395 0.08644571155309677
372.2639253878099 354.5027344842347 380.13259085409584 365.4632384169197 0.08638034015893936
160.02830069790548 103.83634415366937 200.8460050405613 147.9021123183883 0.08631718158721924
423.68226814841984 338.6617968863876 435.15649079314545 353.2131642924792 0.08611880242824554
596.9447661600014 373.89019380828455 608.1106718549871 388.8045265470651 0.08606410026550293
388.1160161227705 323.53274889450086 394.3461874820334 332.7108227132426 0.08592895418405533
454.48755352981624 344.4292999019415 459.95010506169984 351.52092425580344 0.08591335266828537
1071.0286968839823 282.71629359207554 1079.964776286568 297.23982560502833 0.08580870181322098
642.3350535457488 402.67804004052584 661.0552292399908 423.45077747088595 0.08580376952886581
848.0415469867268 325.3958178252809 855.5377042676428 335.3341509594492 0.08562584221363068
809.8871329775213 307.03264349660134 835.6605383497499 338.38345108402154 0.08549060672521591
1004.478613675349 346.864583827255 1032.2148804888711 389.1365858221228 0.08526335656642914
720.9078779545049 344.77701634752117 738.9543807435459 366.8242086567027 0.08525221794843674
1047.7671844178883 268.9156971714782 1054.5300243766012 277.53510343402365 0.08521199226379395
446.5106738966801 388.02709454537296 465.9581317869862 412.55542753124683 0.08519192785024643
629.0671748837115 419.168970914907 643.9483204688502 434.9475032041995 0.08517985790967941
712.5605510980453 321.2899471787432 736.8859046689881 348.44240366445524 0.08489322662353516
585.4339508001074 344.6750409020033 593.8289622682188 355.31485126764846 0.08480887115001678
653.787643277721 387.69526927780396 659.9789539474651 395.5770977006633 0.0847766101360321
393.57504185625265 405.063639204765 401.82680907384963 415.3081226387081 0.08473779261112213
468.9209998341975 352.83246438955496 477.94758737667104 364.9748150083183 0.08470598608255386
868.7828122105826 327.10021810750663 878.7608253549568 339.36772706935227 0.0846567302942276
595.4630668843748 397.27041532403825 604.9067058073363 409.74278498716563 0.08465363830327988
668.6523309010632 337.47296740439805 679.6683733189315 354.2394518711339 0.08458182960748672
358.7270354016984 375.49188702421594 366.4947295719119 386.8989322536731 0.08454130589962006
448.4049500160202 324.1247263842862 457.7314906580848 336.4650581136898 0.08437207341194153
398.5098344996106 415.41077319692386 406.1672593597005 424.59035670836863 0.08435805886983871
405.23238226398956 297.0816881202764 646.6386858798234 580.5165225458379 0.08434830605983734
437.4723682540049 390.20414226249864 446.7640477115803 401.7604094746691 0.08431856334209442
688.7644391778421 280.42794584351014 984.4450729580627 628.6562840745529 0.08429816365242004
835.2573870441657 358.7661463055047 863.911225887327 394.42192390235454 0.0842781662940979
361.7873087828472 395.04611288405704 368.6717897697382 405.0461009099417 0.08418600261211395
671.5891107689606 342.9209396579906 681.6708147453737 357.7676991953574 0.08415865898132324
646.0794573275261 362.6230787700343 704.814931984963 431.9813415055629 0.08415095508098602
1034.1935005930725 281.89381615293087 1041.9298142928312 291.59305810377305 0.08412443101406097
540.5807030402024 320.2515789436918 551.6296024220967 333.16447734791643 0.08390635997056961
621.3858024765966 387.6193581499774 628.0380787164594 396.2536930769985 0.08389624953269958
529.4353716047127 337.1729306541326 538.4837632647466 351.14370247810393 0.08373720198869705
981.634132921178 310.9128477625253 1006.6227202223486 349.96335054003623 0.08371125161647797
116.74975885395976 102.77479696624647 159.81793141075445 151.33764791287663 0.08364710211753845
454.8067645279729 414.0144834357567 461.44368699916544 423.4185534766263 0.08359023183584213
400.39824679376295 335.7888298398754 428.38810722421124 371.7637864258952 0.08358456194400787
471.44471221076765 315.24126337494715 479.09682604896597 324.4331935252199 0.08357984572649002
491.5215552903115 361.8701897716292 499.83583240715404 373.2807717156 0.08357309550046921
207.55121239382996 325.94156819337206 250.0518067805728 389.3207775549909 0.08356130123138428
632.1487071817475 321.9305779876314 643.1786988853614 337.0595751295555 0.08353929221630096
569.506233708524 368.69388672175506 578.8250290654771 381.3446135111373 0.08351306617259979
660.1625768080895 411.41790338183984 675.3022756326881 429.9385695834964 0.08340688049793243
1002.9441811586189 311.973524630063 1029.235270851668 352.6730448931456 0.08335389196872711
506.85627228122183 370.84003950173224 514.4218363153319 383.06351879802685 0.08332054316997528
384.76255613779455 341.09803794077004 405.0606335250681 367.1840760293497 0.08327820152044296
1047.8925266236993 295.8190721871676 1074.0483444443923 331.1686544704611 0.0831732526421547
864.7091856394616 354.2301584831547 873.6603362625508 366.9292599431779 0.08313902467489243
743.2061933181357 288.28249229784046 784.3343210850904 337.3221059318238 0.08307809382677078
375.22496502551604 351.16197563275654 396.0738262596546 379.6670470440102 0.08293721079826355
699.6634414264887 406.24435861695514 721.4446774496917 434.44845852916245 0.08289429545402527
588.2151864748969 332.62946883473984 615.7881558137002 363.28480688752603 0.08287610858678818
571.6116324196585 339.3067204558693 593.5012312132109 365.43303728441214 0.08284638822078705
261.3187841014637 194.65186164243536 330.34564755133454 277.8544039120494 0.08280517905950546
457.1662189171235 396.2478275500171 468.38915288924073 410.854963548416 0.08269700407981873
607.8882825325854 342.3566921621455 616.2428308687231 353.579154254381 0.0826379582285881
660.8388591055652 392.98996116915146 667.3505187841163 401.5463783013067 0.08263076096773148
1036.9299069850824 325.25312161898626 1060.0753674231375 356.1460132064963 0.08262727409601212
502.1710094754633 375.72282284533975 511.76550517953444 390.9191972967122 0.0825834721326828
164.03851978765454 367.8758798171345 221.3772650995541 445.6919134338446 0.08257783949375153
461.60783142149376 403.6639225626476 469.9253688180659 414.9423391205061 0.08240586519241333
854.9656323878944 330.57453151955565 862.50049988193 340.4888245462555 0.08235646039247513
844.5536297314402 330.68884309778656 851.9037349102375 340.5285218469403 0.08221405744552612
69.77457210500542 211.73301888227982 110.76445909160256 268.7426976577882 0.08220820873975754
574.3899641702066 346.60609090388107 582.1792397552227 356.8131199710289 0.0822051465511322
780.1496385557299 314.8407078220023 805.3260057814352 343.5834450984084 0.08219664543867111
554.3391363571901 359.0838302201885 562.5000965637842 371.72768983300165 0.08215351402759552
681.6336384330294 360.67201608260024 689.2108069590827 371.22098000868914 0.0821390151977539
638.4751513255729 308.21936820425464 653.199968326593 327.8274435193904 0.08194185048341751
1028.1087937549678 314.701345559984 1040.6033050780838 336.00333545716734 0.08185690641403198
514.6551249068584 347.2227734678012 524.401316334404 362.18871449902133 0.08183612674474716
655.9163977982665 320.60450092429795 669.9266765239386 336.70085718685425 0.08178191632032394
392.4292584401095 353.17950857314514 399.4612549436846 361.97089637795443 0.08159638196229935
500.32523368251844 365.135001646669 508.2273721971997 376.3729745560891 0.08150049299001694
696.4651955344367 379.1200068741154 705.013174866825 390.0836933353884 0.08147925138473511
790.2907501056137 421.45372484554656 825.3074566626556 463.50934781649505 0.08143454045057297
558.486169171962 350.2656263637329 569.1511651639722 365.1185820996394 0.08137815445661545
372.4964946190885 342.9109168547023 380.8142220906563 354.4393217375142 0.0812925472855568
346.0443020133126 153.90262434380116 353.29041154237234 164.33832369270624 0.08128426223993301
459.0875250626926 333.61639942571026 469.1373857697018 346.98174426685216 0.08125844597816467
846.9631752347194 349.3759467591417 865.363425661607 373.56274131552595 0.08124598115682602
464.0709006195426 319.3000112393505 494.6308771978389 360.5785543724279 0.08114460110664368
690.0363176370989 385.97457671204404 697.6023730243318 396.3853872099609 0.08104275912046432
616.9674702717945 413.55689786322296 633.1404179844523 433.2535093247668 0.0810154527425766
606.1118963676012 399.2495641592021 616.7425189788962 412.9027632143308 0.08096018433570862
605.8194114360114 330.74159685541224 619.5101084622547 347.9246263398253 0.08087941259145737
619.2039511004875 333.21827570125663 667.2050594908404 393.32259803937774 0.08085190504789352
390.8676776328795 414.74791335990835 398.4551026092193 424.32241703953207 0.08072313666343689
553.6332921196453 322.928025435964 562.5362878558408 335.4005984819738 0.08065325021743774
370.17429632689755 381.8165867515421 382.4778581224295 398.4685666831221 0.08063232898712158
358.5480984933861 154.1820976036751 379.5861092299217 183.26100273582196 0.08059454709291458
622.422845219139 397.79629705033045 633.5321050857673 412.29573252410023 0.0804232805967331
780.141119003835 415.82926471325663 803.1428620302365 447.69446240957444 0.08034735172986984
414.34736437790616 340.9221102782516 424.3537903553276 353.3027239189847 0.08033037185668945
681.6606205360529 442.94397741395494 734.3214878619682 504.2181473076776 0.08030814677476883
414.01584805546213 422.65471590318634 420.9194664584226 432.12077684670356 0.08028159290552139
788.690933609661 378.08143450982317 834.3207205960267 432.25214392769556 0.08024665713310242
105.38379524655303 265.48250964180266 137.816405542591 320.65627955942864 0.08024072647094727
524.5622098729187 375.6122896473558 545.5082983947369 407.2501079778667 0.08023931831121445
250.61994597562133 309.03440905710266 298.24112178789215 382.84938558900814 0.08022135496139526
616.187214039768 314.85648725161985 631.6716975776078 334.3688601675842 0.08020413666963577
482.3061387998533 337.84695254823174 492.0932603795811 349.9390875988753 0.0802016630768776
435.66858411638606 341.7301254714731 443.0262420159982 351.28947282357177 0.08019701391458511
382.1480711578893 394.2170529660945 426.9711917259488 446.5953376403873 0.0801805704832077
618.3489935120502 381.7231078450581 666.9770386837578 442.9630866523196 0.08015750348567963
179.19690738571873 288.3005471342791 257.39888727504444 406.19212295591876 0.0801192969083786
1047.7256171026572 296.9224280834266 1060.4802674735317 312.7801967431542 0.08010715991258621
685.450990797151 397.8129946006947 692.4015182192021 407.29267359232057 0.08009358495473862
600.296126912469 343.6241435853654 607.5218034766251 352.9538103611438 0.0800648108124733
432.99263657177596 391.6838623468036 440.4766479567563 400.14553298646257 0.08000504970550537
102.86832165443285 141.72458390914542 468.40616684957206 555.8835529842472 0.07993415743112564
703.7036224903818 330.695590718105 714.541033369294 342.23084579426524 0.07990264892578125
254.14552683681686 471.84615883043557 304.29587239734974 532.5457057162887 0.07988429069519043
368.71797148315954 367.6681379943022 379.6596929214603 382.55934815062665 0.0798645094037056
666.802532245052 411.81382794984444 676.3383014319286 424.0104238990144 0.07979514449834824
355.77600630529605 384.724460349619 363.65616358312366 395.78001125283305 0.0796995460987091
703.7681194646972 397.1158539484625 734.7375277941229 435.53410585390606 0.07968699932098389
772.2448334664333 444.2491426968327 807.1994589145792 484.0154760294955 0.07961948215961456
448.4997351643 395.5578961132124 456.79876754388073 406.96633788057073 0.07954137027263641
546.4182835449368 359.6488361872447 554.9441678763453 373.8250073635366 0.07937800884246826
486.27486161171373 366.11414006294035 496.1761110071738 379.09019988481276 0.07935456931591034
651.0904245297911 323.40739575023656 716.7037433417662 397.88310543973904 0.07935136556625366
571.2263333992377 391.1918008038828 587.3729160100206 414.05177371742457 0.07930988073348999
615.0368757065901 391.4811353128486 624.2985444038285 403.309331626132 0.07930200546979904
758.8775308572071 396.5027916013197 773.5733542045886 411.3343456421629 0.07924941182136536
1046.781652739993 350.14203320784935 1076.8910407453725 393.85572691134615 0.07922948896884918
464.86059350345494 374.00665584667246 478.0390938944631 390.0627700339786 0.07919036597013474
152.98351716981182 59.33354379343612 172.03922952689425 82.25453421145433 0.07915942370891571
541.5371845171528 305.6289589289659 552.1894043142677 317.0607019916529 0.0791376382112503
839.8960035969526 324.6702323537573 847.1364104207449 334.2774057637951 0.07907965034246445
410.08910408523707 408.1938027419201 425.7950795714306 427.93885134623844 0.07907764613628387
531.3610996943092 322.29660686257455 560.7297328925099 364.98014378870477 0.07896003127098083
854.337688913812 370.442643888363 864.2216397164544 383.5415989188836 0.07895687222480774
92.30641679602135 321.58292291239405 183.00421861043233 463.3307411374378 0.07891319692134857
456.62966010712074 375.67026761039943 464.4855284984601 385.1207291156321 0.07879810035228729
718.6895408940395 375.9202203240508 722.3509029978952 380.9893691527832 0.07879554480314255
723.1123622745864 436.1038250177491 758.6119661805456 482.8579780136679 0.07877692580223083
609.2320985353965 390.0789421303776 619.5074048063302 403.28536259797346 0.0787183940410614
596.7310812967395 319.38515200134714 620.5609595530138 348.4546547029635 0.07868677377700806
620.1633132358066 408.35373906917545 628.5820531478498 419.3763586369804 0.0785994827747345
1004.9141182916578 423.180713401886 1020.9574062522997 453.6120862396807 0.07857637107372284
756.2747105758575 330.9793896987998 768.8589969596893 344.16391889971896 0.07856669276952744
396.8088082027438 407.24933550716236 404.6101927450792 417.38207135033065 0.07856407761573792
301.5366442941494 296.28414838150445 349.4417415798473 357.3136688831566 0.07853784412145615
272.17979514341374 391.73440225616685 293.5579611529649 418.38033785631103 0.07853183895349503
142.5746845073701 383.43364147371835 201.789626521071 457.086173010762 0.07849418371915817
343.50095573943287 174.6300549561725 349.49537080860085 184.24977004507102 0.07844101637601852
618.5259094190139 263.88458142395257 629.3771683317711 275.3705853799536 0.07843060791492462
434.1815493456331 407.2314572764613 445.4948268165899 422.39694648065375 0.07839962840080261
863.8685057497223 354.6478709651499 881.3244572441192 376.2821584755794 0.07836960256099701
698.5110480288806 287.1927625185538 742.9919034997079 336.99057252794745 0.07836408913135529
780.9972636335367 283.81372821661415 833.5504179581499 349.1984732007405 0.07835467904806137
497.53962264650323 317.9433454391438 531.8733792179918 366.72592009491024 0.07828714698553085
566.0283721382978 347.3555758361184 574.8279148918879 359.8688902489665 0.07826633006334305
1025.458193010902 274.834113448268 1034.6074438145129 288.2630386731267 0.07817844301462173
440.75630656198194 325.9482023323479 450.8525340945596 338.585424290646 0.07811905443668365
856.1220137662328 331.16224492149536 874.4738028660508 350.8757887104953 0.07800760865211487
609.4723902213218 472.06171563062236 672.7150298717726 549.8232981080305 0.07800748944282532
701.1679979017259 408.94703283778784 708.2842613341022 419.3872810782908 0.07800538837909698
537.4956637135369 330.9234740840755 547.166651458241 345.3312643035213 0.07792046666145325
349.8192577241839 374.8150600974749 357.9996865156333 386.24695325635935 0.07788421958684921
426.8226641617366 408.6599477145855 435.54574020508363 420.8039054521571 0.0778377428650856
654.8330746769024 368.9624446559118 662.4931525237555 378.21009040444943 0.07778096199035645
100.54718606063497 449.45393643888235 148.44429793962436 513.1278468051332 0.07777159661054611
444.5461334865892 400.980095472233 455.95813452698974 415.65360808101775 0.07777031511068344
823.9221614130829 382.0425071385496 854.5532044473009 423.5328409286066 0.07771056890487671
28.099497570701654 369.70661003176957 69.94915406491519 428.6161917798395 0.0776379406452179
841.5548523832658 338.0217941210914 851.0244982616933 350.1550461020952 0.07762346416711807
627.3455334532295 416.452403662947 654.0266717077257 446.1526746161716 0.07757758349180222
40.42927298218685 444.9411076335665 89.01618929798728 512.0411667197267 0.0775085911154747
515.5647183904645 312.31243997808843 526.187743030554 325.1129312042343 0.07742734253406525
1040.1362774095483 225.68233775283107 1089.4599838885943 302.664238532888 0.0773136243224144
992.4734555841545 286.7769427358208 1023.211513571908 326.84518261300184 0.07730960100889206
596.9696860355753 383.4230949107111 614.0513700715112 404.23640936674457 0.07725656032562256
585.2914611023208 398.1454643619018 596.5501485593378 413.52846626664603 0.0771305114030838
386.7309218784041 320.5468332035478 401.7803579270977 342.51693785698296 0.07711957395076752
424.2414833990942 406.90497562319337 431.7975821124446 417.1125092096149 0.07706011086702347
224.29787409548638 112.45906442241429 250.40710402604748 153.24670233123533 0.07705019414424896
597.4797665948784 344.8282401050991 639.2601934379687 399.2856964145007 0.07699766010046005
695.1773672892317 418.17005833967784 730.0804591999695 463.1385512483008 0.0769122764468193
99.47147961689795 326.81027397213575 140.41933618559767 395.96883544187693 0.07683084160089493
547.696417323631 334.30556800538943 558.7113059557022 350.47734298951593 0.07682584971189499
669.8010017375484 389.15255144598405 676.8951728811884 398.79319401786097 0.07682101428508759
672.6851816240869 403.7517157184287 682.4527388836738 417.02969055430793 0.07678710669279099
716.3057215893573 392.52851529039015 725.905854058014 405.6627271332717 0.07678352296352386
1021.3394801758528 333.3187821512943 1044.708070557621 364.01113419276277 0.07670837640762329
659.7884776957518 410.8914651295082 702.6361314547228 464.34980863453626 0.07666966319084167
338.79753829489925 181.91891310703446 347.52639396848883 196.19160458287763 0.07663018256425858
842.8252435794972 307.6839526190198 868.1879894090719 338.03486815498593 0.07659097760915756
632.6816684425922 414.188759741077 640.9437436768724 424.4299276868066 0.07654360681772232
1043.8267495146265 290.30073931545616 1052.7205796936437 301.18807647201703 0.07648011296987534
858.1478893139606 341.2276160334174 870.2788873050022 356.5096128189729 0.07637857645750046
452.85011675685666 332.02859233729953 463.79148111521766 346.4897189767512 0.07634776830673218
1013.2131753273492 253.55433152722586 1051.7603024727014 310.75056073408115 0.07632065564393997
384.860171977347 407.0886854698952 392.07780900413286 416.7316252009507 0.07601553946733475
525.1697606985484 327.4028446513537 536.4475287691438 342.08598901912967 0.07593343406915665
358.17227004580224 530.6259419062308 462.4768147875823 648.5424238672674 0.07593275606632233
484.07676533002996 314.8261146094509 493.75574552917027 327.47624935168983 0.07585380226373672
541.8596332603793 396.5069751678802 551.8182695476231 410.096239602031 0.07584699243307114
854.2959511538512 319.1333436654695 863.6454548365202 331.1337656096303 0.07577230781316757
374.113652338682 364.83676267793606 381.2870615907176 374.48921224139525 0.07570306211709976
407.46812083703264 419.9055891698314 415.241930206057 430.0156570783009 0.07557524740695953
999.313396347883 378.4006292347449 1019.3572523434988 413.78024395232626 0.07545080035924911
477.3408671080284 388.4648014741674 495.9123793267148 414.6798502151654 0.07544317841529846
844.8733133180065 301.631931810966 893.7223350211016 359.49177859533523 0.07543712854385376
551.3200697718452 377.752237539093 559.9842495865427 390.52676514322474 0.07535210251808167
612.4817876341931 410.4969106787316 619.9574545210502 420.4614252821214 0.07532250136137009
471.3470113651099 405.92423344539554 479.5083151142508 416.75229884871123 0.07531961053609848
203.29172769054748 379.38108917744273 253.59282559537337 446.367581716918 0.07528746128082275
921.6662851820571 57.9059637106704 1142.9864416093792 349.2388524044249 0.07522667944431305
1028.2396968732571 285.8095080477585 1035.2767360938517 295.3123221578825 0.07521842420101166
871.1268680382384 342.412902146295 885.2490250324912 359.0982561254769 0.07521293312311172
487.98971050074005 38.310974643793735 581.1296476247062 142.13816397957996 0.07517924904823303
555.3890812602252 349.96518087968315 564.0550501985033 364.70608552220574 0.07514877617359161
1011.6358734914811 633.0084281913446 1115.7359861136151 762.603942143241 0.07506584376096725
1069.7676613693236 264.73007323981335 1082.2767118433774 284.5627685442135 0.07504772394895554
362.07190371489673 341.20010599905146 382.9748513990315 370.6083278992677 0.07503307610750198
684.2959948427822 419.0260004854231 693.5461816969907 431.8558687793097 0.0750032588839531
824.8836083229221 293.4053769921828 850.4558740421941 324.37257305902074 0.07495841383934021
593.3341292233304 372.1776712570928 626.3162058594339 413.91378179407684 0.0747964084148407
349.90307051443096 144.81883320459357 362.9841528203718 162.65155498903792 0.07470360398292542
104.6386209350012 9.502975394231674 137.654746059675 48.83132673576596 0.07468798011541367
377.88633040946684 397.79185978749956 386.8902856132014 410.1158010001865 0.07466906309127808
514.1958733826897 334.62421719003 522.4503422329641 347.39384620203793 0.0746060311794281
833.2597880092891 397.20856102897926 855.2960765672136 427.1223872559502 0.07454995065927505
791.1539325589357 327.5443856440611 803.5252142939642 344.45755025931726 0.0745207741856575
500.2774703409084 532.0924810380731 610.331721948775 647.4381477287307 0.07451052218675613
570.5394562879779 333.56889651403895 582.4499662303386 348.35929629211046 0.0745089054107666
99.84614443313689 52.54322566135921 123.54750003145314 83.17727041260628 0.07448822259902954
384.9230650640583 350.43816704666926 389.18811441592794 355.8927533638665 0.07448378950357437
821.9275265719997 319.12338662758816 831.8583182406238 332.77096465718614 0.07439491897821426
88.02884005710321 235.6053486401633 136.28003276140234 321.5153069527392 0.07436762005090714
-61.81893107641353 544.2179412054431 135.02590637695505 780.5731388966375 0.0743568167090416
923.9262981298767 527.2197399267537 1163.3262251909036 805.7739574648914 0.07433506101369858
540.9576499231856 376.63004316461473 550.3893590039876 391.7760870184315 0.07430075854063034
468.5012450370299 387.7524258707243 480.394755159074 402.47780102766205 0.07427794486284256
677.7472130714269 313.25381209713294 693.9946302548012 328.12006838188984 0.0742560625076294
627.2241245786056 276.3327257081546 652.4099598598508 305.4798371690778 0.07421453297138214
742.7267569373232 330.8520937115472 754.6974773985629 344.82371321632576 0.07421354204416275
474.6115045170765 346.00639599853554 484.1272833589116 358.119333922809 0.07411325722932816
469.62446098119034 305.83473804601374 477.7112757570724 315.6389540865405 0.07405471056699753
545.4378735824807 409.03068124511026 555.0589479533841 421.03351850222606 0.07405180484056473
843.5471386714203 277.22294430659366 882.1389457247999 324.0632559410703 0.07400506734848022
513.83058859759 360.92114087562607 521.3141784731228 372.0595334891321 0.07395096868276596
530.66878004802 317.6157125521354 539.0157121555865 327.51103185407317 0.0739445611834526
537.7706586420404 362.79879534349215 545.6937103118123 375.12510709778593 0.07389820367097855
884.0597209787833 307.8226779516928 925.8893052773382 355.73084437770467 0.07384242862462997
669.1620586267219 319.1120183262016 682.5366378742925 334.0091948464969 0.07375970482826233
474.61138536162673 397.8645680610611 482.44307474840554 408.1883553484979 0.07364265620708466
410.12977502806245 401.96479539162084 419.21737858116643 414.0357878490147 0.07356429100036621
705.5625719116043 299.9473965569946 730.7930128030974 328.44957390705883 0.07354673743247986
498.2763634456671 346.36474104089694 507.7728298916251 359.3745905566925 0.07347141206264496
145.5991394209182 21.83333055697112 183.40480160874768 70.10723643507724 0.07340763509273529
732.6139219473029 391.2750750392908 748.2566566067084 409.3486691646419 0.07335398346185684
662.8951881996701 253.17746379344698 712.4388573030901 305.62928612537326 0.07334120571613312
505.3279103704848 339.0535045832986 515.2857049639524 352.7508707181595 0.07317988574504852
864.6600717911242 375.0813863943865 898.7782137261072 417.33274205426386 0.07314606755971909
544.2623620965162 285.67750631662494 554.9141898409629 297.7594160259813 0.07307988405227661
572.5906827558051 312.27288559123184 647.1765810157791 406.2239164896366 0.07298863679170609
601.8692323386792 415.3697909631142 612.9579185687911 429.9554804649909 0.07294081151485443
591.2221499993078 406.661479028055 601.4556156907076 421.3319306921104 0.07288332283496857
462.5680769102766 413.28903745348487 470.923956890503 424.71616770645073 0.07258862257003784
495.17453597388925 407.500752039445 506.349863887329 422.02702300162 0.0724887102842331
588.5532672713858 330.4187425243836 596.1799388733366 340.0577708442044 0.07246078550815582
456.2122304535403 310.0395490216596 466.68524118717164 322.3914784348505 0.07245328277349472
120.03920146495285 206.80867717411186 185.98443223795775 303.92727559021284 0.07212566584348679
444.7501656253859 312.8400909355969 454.4148772253354 324.7695147954179 0.07205464690923691
366.58283276984 397.50506337544584 376.2435000569564 411.65868139218014 0.07200765609741211
179.5465258038035 406.1466722114503 246.64645851045154 492.68253259009197 0.0720047876238823
488.4675407937447 387.5162956017129 510.8570299838713 420.68486490793606 0.07196717709302902
649.5187801547017 271.20633639688083 688.3071416214177 317.45233217016926 0.07194449752569199
108.00229869633094 236.5473264352669 184.24572087409038 354.72008292126736 0.07186117023229599
202.6119810606999 276.8187131527696 371.0954049671556 472.67383657793386 0.0718422681093216
591.8966321440837 338.1455572416809 599.7900992263532 348.2382925690894 0.07182431221008301
435.69577128049565 341.0280803338467 487.53553759974466 411.3303464341906 0.07178712636232376
809.9687008689971 397.9204639415759 836.2602949881505 433.49427611342963 0.07167941331863403
141.44956057046448 464.1976280612327 207.79445773032913 540.8479817906523 0.07162778079509735
590.4362807201348 267.5188856590296 628.8425841256119 309.49239581976985 0.07160907983779907
683.5127534032925 347.004050358013 691.7562949211344 358.28297813476206 0.07155735045671463
705.645579933495 396.3680549558879 713.2435349204594 408.0518227570206 0.07153192162513733
529.2830556065253 348.6749037224317 562.2578376702354 397.69580298584856 0.07149816304445267
726.296726622593 270.8138078370869 756.6266703026467 308.4804284390631 0.07147282361984253
437.9707946882832 329.47441454026654 450.90252732811877 345.54953429204346 0.07139422744512558
653.1844150791194 431.5480758433247 685.9297949616493 470.67455121395204 0.07133673876523972
566.2048102802988 335.55239145199556 575.2500511058737 348.7485121042121 0.07126674056053162
701.4669035891093 359.0885846136818 712.1932500323986 372.8733434069712 0.07114236056804657
278.37486314181467 478.70319982134316 342.34067718357016 546.607666124485 0.07105962932109833
471.0465734883627 362.7180301375059 480.3651012192212 374.5564535895396 0.07086732983589172
1036.635035058963 269.16338100325765 1044.1260572575761 278.58558723625885 0.07080604881048203
577.5431078938645 328.6710423825514 585.9521791989227 340.23096147282297 0.07074562460184097
433.42660743666204 472.91469633483973 791.0099814383697 858.8607186308417 0.07072249054908752
367.0069049392114 317.08548932349777 373.6700149299204 326.4468875214324 0.0705825611948967
595.5077498509379 330.289459094193 605.1818373974976 342.67381756326955 0.07054008543491364
832.790904872924 318.85277299089324 841.4093720330867 330.71759065949146 0.0705275908112526
496.59866265680773 327.4033448299605 507.3969041598868 341.6337949636413 0.07052069902420044
195.56538284399096 66.05281633572399 223.6900812138433 100.82372302207969 0.0705060139298439
768.5372353682573 282.92758725856226 799.5872951320646 322.6700614696318 0.07035742700099945
585.8797167258871 279.12653844954 615.1460214112642 314.43373243039645 0.07017166167497635
180.00705856397994 -8.65947550985515 213.29887419378622 27.514108646287823 0.0701635405421257
16.45477200753071 340.519764522275 95.95337402722654 462.2984608769151 0.06961365044116974
559.3759840483498 272.06131145214937 569.0048104429569 284.75940908790716 0.06958068907260895
435.94580944196315 323.80107373373 469.5722603035039 368.3326417727266 0.06955210864543915
120.10585796843316 73.6315781685848 138.83569061093453 97.42271092611351 0.06949162483215332
65.32966892597985 4.636975037371945 97.65465192424448 43.51516439303224 0.0694710835814476
516.5084568700288 323.7379292331564 524.542462009434 334.6117445077132 0.06932725012302399
877.1021466051991 334.34101676018497 888.5703205366354 347.6023417685109 0.06930156797170639
405.9938155987814 349.87802085660365 444.3821190062623 401.0889994327063 0.0692124292254448
514.6200060630373 391.893818268868 536.747821568611 426.63301310108585 0.06911102682352066
681.7996400888471 301.606464441451 713.7783932608262 336.6734362659305 0.06907188147306442
718.0799425100311 417.49890489392016 730.1770925559396 433.9217786813415 0.06902056187391281
514.4367365326257 401.1263691508412 526.0175787933408 417.49742614165893 0.0689789429306984
670.7253577843269 420.3067487748802 681.3278473322148 434.1088242341582 0.06886148452758789
795.1442449985796 313.32597055541737 812.478325951638 334.4810330768822 0.06876194477081299
555.8695853923092 307.2545499640298 564.9722029670622 318.99077538122043 0.06872100383043289
568.9760402253775 321.93752582616736 579.9588423506887 335.8738759963708 0.06871972978115082
433.7271480026547 324.61797557084384 442.23377395013875 335.94738535162446 0.06854208558797836
576.2381531081959 312.08683124350387 586.189868743937 324.39220122734395 0.06848287582397461
474.6490866484884 461.3177642149204 521.4021203053525 514.2144281790876 0.06841379404067993
425.3716404349432 420.5802979526398 433.8121387715564 432.61800776262015 0.06832971423864365
702.5166197726736 300.3858693052419 782.9502608551335 399.7934357688981 0.06811287254095078
551.9928234387551 388.33250902831116 561.0726668700659 401.0811677659243 0.06810551136732101
534.833749713724 344.7437121101708 543.8390068087621 358.5600385714547 0.06775466352701187
196.30271634414072 96.16938063406818 229.4533505766733 139.91800616312108 0.06750496476888657
168.97565987089504 184.77076085557633 239.82694218669823 283.6921849783549 0.06748287379741669
524.2909409669775 346.64588886780416 534.7451150874814 361.46190914960266 0.06714768707752228
640.756295810154 178.72626714009752 859.9286094354445 425.3052393571784 0.0671110600233078
929.2512574238139 333.2170457058204 979.5551362477595 404.6807933073191 0.06693670898675919
1021.4879902767622 299.51569461204696 1100.7354914683956 427.2212822331378 0.0667683482170105
887.0926268396996 348.7687554040435 913.2068553328351 384.22389780684176 0.06666197627782822
891.4648078379282 258.2697329977641 943.7557108982643 329.6019100810476 0.06647615134716034
777.6414722304708 390.4216023161568 790.4690553344624 405.70219103437176 0.06647474318742752
402.2240819445878 315.2861642044825 429.38657004359965 351.59335657399225 0.06610023975372314
447.26169027698336 414.94793789811825 456.18147586901506 426.7546748122343 0.06600243598222733
977.5485505784762 390.188008355167 997.1415019698704 423.1820151766454 0.06584077328443527
-29.921603189768955 285.7875955203964 83.5516431771714 475.85286043234686 0.06572563201189041
732.0936600802187 440.39659147545535 790.9490897769956 505.9368935846205 0.06563042104244232
749.9089056326607 226.84726536767363 806.2390362691589 294.57033956820936 0.06532073765993118
550.7726578450037 286.2090424833391 602.1149622254378 350.09028830757535 0.06526154279708862
616.3493966407652 224.4545774015215 669.8928984079815 281.5392448341004 0.06492414325475693
555.7951268504701 292.3997760675946 565.0471633439035 305.02615187372135 0.06478244811296463
17.502793524778088 187.56563209757348 94.24742825296774 306.15983908082535 0.06474526971578598
1014.2219273517886 299.7072304216503 1027.5253622207097 320.60548161707845 0.06450054049491882
1013.1103833942756 358.36567510457365 1050.030639409897 412.2075545215978 0.06406886875629425
67.67176563247241 67.18283386432473 104.81984730822583 114.22260773754086 0.06406183540821075
569.0454238894594 299.48273351095474 580.949475784076 313.30966098148826 0.06327098608016968
963.1178546374429 304.0766735934088 1015.4081651059882 383.13657701815646 0.06273873150348663
482.28242603590763 291.70067124656407 566.0114313607979 409.70155568332086 0.06256068497896194
702.7816054556973 272.77824484330114 733.9203502058774 306.8594423066039 0.06209970638155937
-20.283851068031463 -33.76363213713905 76.39689273266626 78.07320678928721 0.06103070080280304
951.6156274082742 390.16335900731184 997.5227426839244 461.29637884170904 0.06089901551604271
741.6325390519773 550.9769407269209 933.4325468190647 754.1769183339518 0.06085161864757538
242.01228782638665 166.50335168735637 275.68005886886226 209.95515261281375 0.060809582471847534
245.39804912170425 121.40000999849586 276.2215947675766 162.01780750553567 0.059383243322372437
136.4693929564771 534.7988456713031 317.7762327853939 736.697125053081 0.05849379673600197
503.3654619206845 250.50008371471853 537.8945918736723 293.38441885557063 0.0577048733830452
97.04391460683628 133.67330163365804 133.73244456501902 183.99033413218294 0.05735230818390846
520.2920486102735 182.4670486966368 610.7954615721313 280.4448170223869 0.05713622644543648
194.00239416012639 -28.479124137890697 291.0931394587499 76.13342512939269 0.056991029530763626
