1030.8523448022966 382.6075551020786 1075.7255615800811 434.22340123657995 0.9999641180038452
799.5905430708611 416.57338146330034 849.6601507468616 480.0112716499634 0.999656081199646
347.45702138705616 423.56153834400686 356.74636892484216 439.5470602351661 0.956464409828186
410.8731000113238 441.85197001402054 416.68105412764356 450.1929327242364 0.9104174971580505
494.64562378624345 442.51792909494475 500.4313446323031 449.8932458638923 0.8528807163238525
458.8546046906012 440.8279324744443 464.20025710352814 448.4091911387327 0.7757644653320312
433.5628876736991 444.4869193089215 438.6057189798828 451.5533336457762 0.7718364000320435
422.9900496720565 444.10753189632743 428.5888414285876 452.80771817148053 0.762287974357605
913.9050276045614 383.1756869184757 952.0395490301839 434.2378252102656 0.5308067202568054
738.2789741830377 421.271127226038 745.7120829433846 429.86954944908524 0.4633793532848358
328.52259438664356 433.5959023906226 336.06656934029496 445.06155943397584 0.4189548194408417
629.3826693665812 440.37950824353885 636.4208265189023 448.31231340600203 0.37386947870254517
756.8881900204335 564.8688651808911 856.5987690306678 690.9231148336148 0.28295889496803284
312.74114552126275 430.64062195821367 322.0527160218001 442.17887136639416 0.27039092779159546
400.1713741908992 435.2931960288654 405.7148696755965 443.2390438532976 0.22207480669021606
469.4905580362531 443.2634065752229 475.22800077819915 451.21846875651755 0.2145366668701172
452.1849196601224 447.76794294055577 456.8497777348705 454.1601808690505 0.20688726007938385
488.2068318582987 441.34883490617506 493.35719348548156 448.64963989697276 0.16774612665176392
446.1821248467971 442.41422510676284 450.89964053937126 448.7717111762987 0.1618851125240326
414.5229047635839 424.5690987295317 419.44989934575597 431.21262898754617 0.1603572517633438
429.841865284998 424.1549287087687 435.189665042526 432.0752167896147 0.15799587965011597
414.15690054236546 430.3209176868748 420.0767580650177 438.55871346204873 0.14794033765792847
710.7655164720484 447.9884273361824 715.8122473100428 454.2101122250501 0.1468098759651184
586.6057034546405 432.4162941365353 592.9873709840601 439.9810341876349 0.14637918770313263
483.1329392647952 436.6566582774641 488.07444396685963 443.28302399908983 0.14221876859664917
531.1925127156265 434.82312709857837 536.5139707437507 441.4526629977365 0.13929474353790283
405.83950581566086 440.371227641451 411.3071105080399 448.8338249213923 0.13706593215465546
444.30024591247343 448.2814076056128 449.699735116576 456.19172475316844 0.13087525963783264
415.67445699020084 455.17886580514875 422.0439104489131 464.60738246759837 0.1305750012397766
9.995158202919448 9.18417972654387 30.1051660528295 35.10572570227708 0.12289923429489136
782.7127065374407 337.1615609356293 834.5570605299686 398.2901524982351 0.1222708597779274
425.26638042912094 432.9483552385044 430.33966173566273 440.74814243603936 0.1221533790230751
525.1365791260547 421.6647002922878 532.9648861100153 433.42562992822496 0.12181262671947479
43.14917503892914 48.09499071124511 55.08743418286313 66.14752465504932 0.12053389847278595
612.3896484253573 436.70580466599097 619.9609827544901 446.0598919010975 0.12010888755321503
505.5815198181706 440.5388230653882 511.85953210065344 448.97748295391375 0.11878826469182968
570.4019519339557 279.27166256357975 613.8371657682349 336.3218808282422 0.11865682154893875
29.741071998568852 32.24227883192644 41.358210784439194 48.88087337129784 0.11799870431423187
28.35579006206047 0.35991372384532866 42.35090702474302 16.155463361091794 0.11684828251600266
41.379378095999 18.537659986240804 57.69117454756179 41.19520850044774 0.11679325997829437
351.0218871813154 449.8213754556014 362.5443849098217 462.4324132450339 0.11629863828420639
590.0208907096078 438.236512537327 600.2311480900673 450.39735114686243 0.11598152667284012
391.40171392668174 447.8977181734501 396.59302185037603 455.08065473266714 0.11585080623626709
460.621053958836 447.1711644048165 465.78525838430903 454.25002628211195 0.11579886823892593
956.0436312084987 389.5494845825442 992.9319447091767 436.7832342223999 0.1150960698723793
3.004320060568502 28.803694586378228 16.6805545406806 47.884889743001544 0.11354153603315353
474.1495409036745 440.3280104842675 479.1635974490807 447.19838646209195 0.11280051618814468
389.3337116065655 429.24868710910135 395.6737460460716 437.3207742240166 0.11225208640098572
428.3933223750312 443.21988398462923 432.8317256638702 449.90790585656055 0.11219485849142075
316.74015844688495 418.3538178733469 325.13506487771383 429.34867315117737 0.11187744140625
514.6835827505469 442.5099572701968 521.0935634965193 451.6681217083828 0.1117900088429451
483.8790305255741 442.46819923358913 489.4957313819713 449.99654587656767 0.11144918203353882
560.0715515887142 419.89661515327913 569.5540963850751 433.4685330336243 0.11129779368638992
443.54919817997734 439.49593790794785 447.40548503524786 444.80366698362633 0.11101959645748138
369.45748392464276 436.5397656184713 376.7165448548815 444.8899675456594 0.1108596995472908
452.05183584738023 442.2018022184429 457.3211248766061 449.6254966466165 0.11079099774360657
428.0648669489112 448.9476603340996 433.93651661342295 457.5009513092912 0.11056715995073318
518.7145779332964 423.2334658268004 526.8271969560182 435.50557984799707 0.11009644716978073
388.76661929353867 442.920822874399 394.2460545603989 450.40723835023374 0.10974651575088501
438.5885908054346 444.54035151656956 443.3509138824341 451.2751560042299 0.10965752601623535
457.19002022796013 452.45673632653046 462.6417853777999 460.1691280688847 0.10948082059621811
11.57931194494954 60.484398180405 33.95011523725705 93.26014690322442 0.1092156171798706
356.4542337870532 442.56319640017534 365.11309149769596 452.4994590136966 0.10894636809825897
54.86697287281594 3.16918819313312 71.80336677823138 26.716072647563948 0.108604297041893
477.1769202174401 435.57647798698315 481.64018422706357 441.8769969113479 0.10766557604074478
440.83390936516633 440.2538405755094 445.6346660471989 446.91830345551915 0.10739975422620773
430.7510698587368 431.69703753249024 436.99066558261654 441.24721488322484 0.1068883091211319
521.7436954223928 436.49043969184487 525.99171045357 442.6902051645715 0.10643503814935684
442.64833603454457 423.78884848045465 446.64751695623875 429.36706981366837 0.10608942806720734
432.61232939383564 439.5768481216349 436.77622464605645 445.63982627159095 0.1060386523604393
575.141430263 374.72131386313856 587.7667127781996 390.54077574506346 0.10599608719348907
320.73580807662586 432.12502963149007 328.64585006769886 443.0897187295192 0.10581476986408234
417.31133293077033 442.47787491943814 423.42909066082314 451.4629229489858 0.10571635514497757
449.8576986751544 450.7678439668154 455.9353115999927 459.42720690553637 0.1055915579199791
388.8187149721991 434.6105920241912 394.9332818995724 443.1551201252984 0.10537532716989517
399.5955103232577 427.15444542810786 405.18999059950625 435.3047836362913 0.10524140298366547
513.7174926883629 434.9706469043274 519.5354134637217 443.34831828611607 0.10506951808929443
526.9912764695096 433.78255223255695 531.9873455138129 441.15552110732705 0.10474986582994461
466.8696748241086 436.8100878243508 472.19685617561896 444.0915477841474 0.1046406477689743
409.5764270759387 435.40640859276954 415.3299418678296 443.71585040427107 0.10434863716363907
446.395358091537 434.18590972667556 450.2102335035388 439.4073788285435 0.10433798283338547
517.2965296550012 429.6283918878693 523.2075478048805 438.8716852135085 0.10416105389595032
455.1109409610355 436.9097359093375 460.4801904402175 444.2348753648843 0.10408292710781097
479.4094621988865 441.0431718446434 484.24758717369025 448.15578457581097 0.10395258665084839
325.30241174499156 421.8067117360225 333.7733892566945 433.9451916512078 0.10389277338981628
557.1203109657093 404.2687774891114 562.502518792546 410.2123861074472 0.10386871546506882
361.67058234859394 446.0623984462375 373.68872551674036 460.46328200773985 0.10372539609670639
438.656091360776 434.04163040878814 444.608462988457 442.6084502222034 0.10362498462200165
327.3881037886926 452.68516799318917 338.21621507675167 466.24690727333905 0.10361067950725555
53.36096688611799 31.648167860509105 71.59758242331833 59.83403887627972 0.10334866493940353
305.3257049459686 444.4396289909441 315.3216734191021 457.10544569775544 0.10314645618200302
471.1019634036417 436.70910971235566 475.0888505205154 442.04381355532314 0.10303746908903122
581.0314197363301 415.04927311608026 597.3870271388652 435.28088809814494 0.10282208025455475
570.1818404454774 429.9298221463423 576.9401780592735 437.4216289690165 0.10274147242307663
336.17811544550057 425.9593882202767 346.2595183262838 440.59758478848715 0.10260919481515884
442.00099111596774 443.0419575021712 448.1967770882952 451.683840018001 0.1025979146361351
405.6362448296479 429.00521214305195 410.3519942336212 436.0113186600579 0.10233259946107864
500.62653395726585 440.31655887973415 506.45025084142236 448.3451035919179 0.1022225022315979
435.3211007822568 450.084438363134 441.5721678433918 458.9616965369225 0.10210248827934265
458.9027821686886 434.8774320482042 463.80323690408454 441.48148533558896 0.10198341310024261
323.0224515436487 416.38325897970583 332.13897216953296 428.8954382809855 0.10197176039218903
406.2512551577483 434.01892890443764 410.70576814217344 440.65161004497367 0.10194572806358337
28.607525990986442 49.09292064054776 42.80050348750499 70.99115104147165 0.10183198004961014
461.52336279347924 434.61067919348403 467.2440371606372 442.1989525617323 0.1017678901553154
420.1194175465548 431.94152459869207 425.9126081600107 440.1089433190867 0.1015733852982521
457.3877764070738 459.1988380499963 463.25128128555684 467.0832354124453 0.10156098753213882
394.7194877195551 439.51059044831413 401.45744756059236 449.0639008305641 0.10145500302314758
452.0947978343527 426.84232793639956 457.18861779564264 433.7025786771083 0.10138927400112152
464.53628536505727 445.87369995808615 470.76555941312694 454.2422375111801 0.10138409584760666
442.41096080673674 434.3759921897192 446.4585272746754 439.98802805579453 0.10126020759344101
900.3361513708195 373.5667920111476 924.473270585929 401.8917034335877 0.10115193575620651
401.2947626784623 444.0209184875943 407.05748803397034 453.0719232623126 0.10100299119949341
418.37863964001826 437.33505553359663 423.4788166692218 444.88891224283503 0.10081876814365387
491.215678326466 448.534273222317 497.7352355136123 457.5580739912405 0.10045655071735382
394.51423721203884 433.4419609737845 400.2304515778715 441.81009629557025 0.10032796859741211
448.0412203758853 443.48321275219246 453.8632561257434 451.35215514260153 0.10001827776432037
467.9355225900783 464.94995595601284 472.5625918360592 471.5156828233281 0.09997467696666718
559.2790643779686 420.31619800800996 563.6033865066615 427.36873857667223 0.09974759817123413
449.77353172115505 460.75347218130736 454.9486088821091 467.63430540628167 0.09971696138381958
480.6778613414513 431.82306330546226 485.1024111523436 438.1102589905843 0.09954288601875305
448.2944227900635 437.8743333246595 453.3180292801655 444.7896545478867 0.0994296446442604
591.2363291499968 432.72175777107924 598.1494105182165 440.53016780939447 0.09940560162067413
428.6018059459772 436.404097761184 433.15624926747716 443.5498618469865 0.09919764846563339
840.024184219648 368.746912364551 882.1505217300346 421.5418698553885 0.09919599443674088
489.9859098323829 426.5510172444399 496.32261886484685 435.33334271774373 0.09912996739149094
371.7629413793281 448.0552415243006 381.48060874042903 460.12940502056125 0.0989421084523201
474.2584713858132 432.94352456221424 478.3267365945511 438.7886601987265 0.09852175414562225
410.35700015281947 425.97636434142726 414.95595823371 432.70769265200585 0.0985058844089508
423.2346793215188 423.70738990217257 429.3600744162051 432.483178698372 0.0984552875161171
623.9961154014591 441.06968682008545 630.2542199384119 449.25922289278355 0.09833086282014847
387.7820775937943 451.64936219945 396.2454722549319 463.05219043070605 0.09808657318353653
491.99078790004637 436.08172796730594 497.2288017787711 443.0722062268302 0.09794431924819946
378.8756907311934 434.3390773712317 386.88008356725413 444.5459884772069 0.09786777943372726
529.2751651733543 427.47130765823243 535.458171419517 436.08987701961405 0.09773074835538864
51.77417075621118 56.558038269356594 70.81502192413103 86.47958692924394 0.09772305935621262
440.6859944653149 447.8788725964738 444.9288760534242 454.1138928201721 0.09767327457666397
908.6500515108892 372.4046694904831 919.1351504903421 384.2174035982474 0.09764424711465836
452.87806537530577 454.45062641243015 458.3708919873887 461.8764312734578 0.09757410734891891
522.1321411684748 442.11223253451874 529.1218574249897 452.2172642145945 0.0975559651851654
468.5036168330465 432.3424594817226 473.65134223714654 439.30727017376717 0.09747610986232758
507.6688147517949 427.68924896610827 515.1708373805542 438.21611591455604 0.09745677560567856
442.46224644153375 425.1661292707434 449.7132232807616 434.98352987531104 0.09708257764577866
476.0000618910512 445.6994884903081 481.4194425421536 453.258500224886 0.0970134511590004
458.5723251711962 426.83689843883576 463.41425385823766 433.59431198764355 0.09696783870458603
497.3405159057411 447.49026333110567 504.1020395238426 456.3281397151038 0.09693095088005066
333.5488687049554 457.2664447837989 343.20376955522937 469.03529523277064 0.09679901599884033
383.8644638688298 427.8319848840628 390.1043199129809 436.1596048023897 0.09678114950656891
363.35258973438494 458.1175630462223 372.6513049873745 468.9751441438429 0.09675322473049164
575.743311634418 439.33338305382665 587.8707920383542 453.56024291145485 0.09672005474567413
333.31059852785836 440.9135273037094 343.6437579103145 454.22984649289026 0.09657271206378937
316.1858135351833 440.78568597650064 328.86512700602424 455.84658617989226 0.09635663032531738
581.0281738739401 429.23233651860755 587.2862378475689 436.7034344931213 0.09622795879840851
395.3681422732468 427.89605558135327 401.0759704097292 436.34579543160316 0.09602520614862442
377.48912437852226 444.4397340036107 385.8493131042074 454.8521313786496 0.09596830606460571
393.75175268864393 423.08268442658965 400.22001940269445 431.5107083275494 0.09592272341251373
338.65727565132147 457.25672570833956 349.5082663658335 470.15511043109535 0.09586215764284134
511.11968938478395 405.12415801280144 551.4279657691109 452.5870713114282 0.09572738409042358
19.955205979194503 -3.219019709867392 66.39411388772834 55.16978947302865 0.0957084372639656
462.98849711495143 418.8193553723589 468.2729964335712 425.5734193768845 0.0953495055437088
463.78548856996326 431.3174023818393 470.14437472139554 439.55209231195863 0.09489411115646362
545.3612901798646 433.11122144693496 558.9061221766699 450.7113339036996 0.0948566421866417
303.4437608173187 430.3228055926841 313.6388305924561 443.0783184423785 0.09480926394462585
539.0758001143525 423.582564821579 546.6644356471911 434.5082544926151 0.0947980135679245
485.9156872088186 431.82340356218157 491.0806452482652 439.0083864966217 0.09461595118045807
450.8270639841141 432.6852546257476 455.9916981912779 439.79858229140973 0.094611756503582
386.4003048215772 445.1736193612839 392.7388647383873 453.98693742047504 0.09458842873573303
461.37999720308954 453.63979279165994 467.83379524308987 462.56235293175524 0.09458465874195099
421.4462008141191 465.07898667422603 427.50295335244715 474.39482543360344 0.09454813599586487
13.47417145659728 42.96258071869464 28.2340679836477 64.62388522875527 0.09434827417135239
467.1700140953519 459.17801894644424 472.89221719558486 467.0287275217774 0.09430783241987228
406.65748868320725 452.4762638863806 413.024614431688 462.8164918298819 0.09416364878416061
383.2739179946765 433.05537798123055 389.29205782750245 441.51949698919884 0.09409448504447937
539.2455313063056 434.7465120701291 545.2002505804725 442.6712600605484 0.09400076419115067
397.79387827033185 450.47994715004324 404.6416711003162 460.8000961123629 0.09396866708993912
454.33450726638233 432.3665595301841 458.5726186122743 438.1070177669365 0.09371485561132431
470.24603466963913 417.5260215487921 475.5435843523721 424.55693186269934 0.09364926069974899
447.8056412538135 428.99886449052866 451.8464119960235 434.58473575912876 0.09363985061645508
482.2418530065853 448.3736704538449 488.28457326066575 456.72150351762957 0.093626968562603
436.0098514751904 422.93180557958027 442.1426458913266 431.39498010744285 0.09354447573423386
432.3839881525821 455.86871218987187 440.97828249261596 468.24054905003 0.09336894005537033
397.4784076574816 420.81840113786023 402.8516914473981 427.76927106186776 0.09333852678537369
581.554468946617 436.8725022199194 588.7820915004135 445.8827460851003 0.09331277757883072
592.6848487947675 386.07273163832724 603.1590808904143 398.3414875625988 0.09328062832355499
440.56705629805555 453.6905967188625 446.04469313656534 461.9320413892568 0.09319330006837845
503.9284072273005 434.6465584615449 510.26439944116623 442.9727369199575 0.09297706931829453
511.3734139574461 421.9441977927968 519.6352795106025 434.02001907069337 0.09292910993099213
701.4860838599197 431.4544129402104 710.8044457756912 442.0723790566797 0.09278622269630432
508.269909334452 442.7455297460458 515.9582433216948 453.3220994716044 0.09277505427598953
429.61898308427163 455.320513257259 435.42325057765703 464.19799189431546 0.0925484299659729
27.631634200760644 32.949941682035735 35.86346964940288 45.624559915977834 0.09252439439296722
377.0623010099492 456.5378341903169 387.14036475187737 469.26347694280025 0.09246999770402908
413.41837123564835 448.0870543490058 419.4207911020892 457.2585238382332 0.09237626194953918
547.7292133756351 412.93458829598205 559.795429488313 429.09631756308454 0.09233948588371277
445.1187026048855 430.8555630446178 448.59294037571823 435.72356893071753 0.09215176105499268
599.114880115852 422.8812390439627 610.4686325419669 437.4130200813318 0.09214253723621368
421.5417514495728 453.22623632421204 428.3817926169948 463.9006584373311 0.09196662157773972
-1.1996145276055739 41.636512566263754 18.622365086375925 73.76942051452234 0.09193798899650574
546.5866659579207 387.9607910906069 573.2196085747872 419.34873956180854 0.09171214699745178
25.219699423647295 68.31938931845453 41.151249315986 94.30267773200221 0.09157156944274902
566.6039182481233 407.1340817890529 580.9560260811489 424.60039016423343 0.0915185734629631
354.2409482013706 424.8987926741781 365.88778771224884 440.6699679037517 0.09148422628641129
311.1681901429047 456.59236369787743 324.48613440794355 472.3651310815914 0.09144453704357147
525.4492078389297 448.4017633772911 533.7411579775892 459.778908794651 0.09127098321914673
26.38551330309016 11.637789631718519 80.75268953037347 96.32605308567393 0.09119168668985367
483.67129920213785 426.81013371467503 488.87203289401253 434.067157822824 0.09118729829788208
465.1147048824178 451.60930979512386 470.76937516152327 459.3883719248182 0.09114181995391846
637.1393728597451 440.6221728053748 643.3613438155674 448.2700048372173 0.09108307212591171
411.5639755827526 419.9401758394833 415.83578759487676 425.6975395279578 0.09101586043834686
378.0652001216437 420.79190455879234 387.67553726911046 432.7455589287753 0.09100887179374695
25.08787393660311 17.980401234352332 33.541108670585594 30.484571962305356 0.09097486734390259
385.6786014965464 453.97577420604176 392.5089074985706 464.1241690214093 0.0909663662314415
469.4827481869484 426.7277653211676 475.63278378799043 435.2638027840245 0.09092174470424652
528.6805496753861 438.79502843393425 535.3298141152628 447.8095089649935 0.09090632945299149
304.00783193597897 419.0600337404302 315.26650005206506 433.76988615027756 0.0908781960606575
381.40260891000247 447.3422671539989 388.66620388987576 457.2161546924832 0.09079570323228836
464.101106081546 425.06453752575004 470.65127329005094 433.7915683124934 0.09062273055315018
695.6899244435825 448.53841156354093 701.2457195386852 455.38747169304537 0.09055870026350021
512.4384284378099 450.70938008527617 519.6296022568711 460.84642724509234 0.0904727578163147
713.6653418103314 432.9876106948794 717.9195140097037 439.2938368768023 0.09039571136236191
673.8743914745697 481.173372960688 689.1716104369938 497.6003338985261 0.09035413712263107
479.40374613196906 456.56771963554235 484.1284058225391 463.21819140956853 0.0903363972902298
490.350931889305 432.9008459139179 494.8957924666656 438.77043453190447 0.09033288061618805
534.5916962085607 438.55327023270956 540.9886491305738 447.0187136735987 0.09030575305223465
649.6513992868759 380.5868796686944 664.1261171312984 397.1107852872002 0.09029321372509003
322.89227008195564 409.39219398708894 332.0802337360586 421.8373460794415 0.09028397500514984
922.6787399906045 375.8264147618942 931.8844467630513 385.9129589228526 0.09020870923995972
462.7237299957993 461.31177639337096 467.9676808235847 468.55092185192706 0.09015180170536041
-5.6876916202619245 6.84335337454782 15.902988971580227 37.90298377288167 0.09004455804824829
602.815646765885 437.1346324703714 610.0020884462974 446.3446692171565 0.0899624451994896
418.76037488426005 425.6616390335721 433.2837536343314 451.4908884391713 0.08989912271499634
298.01136250121294 428.46428551403886 305.84357869852374 439.4830479059266 0.08986981213092804
427.3524524864291 462.2715982517617 436.15636191731784 474.6965435681742 0.08983342349529266
520.579559162099 441.2791762165903 525.1352395497659 448.04639901374793 0.08962833136320114
497.87560349871734 429.433759893272 504.7400588196641 438.333766465558 0.089592345058918
535.1807437608394 434.3693834141074 539.59249287188 440.2000242961412 0.08948575705289841
450.10528941809247 422.9160505215491 455.7550322576852 430.34309516929966 0.08944348245859146
536.9405778405339 443.2922862069563 548.0307543082037 458.83300784933505 0.08937237411737442
471.71993431332527 451.2175014573841 477.6093024770923 459.1870537123738 0.08932500332593918
532.2366417777858 429.7342274438044 538.5887687675336 438.77244139357595 0.08925836533308029
621.402027473833 414.1831227491486 640.5352877147426 436.89777162850606 0.08924052119255066
486.8243898719173 448.43448088871855 492.95991959814893 457.2164718033047 0.08922427892684937
507.2078387091635 448.47785026645954 513.504022341689 456.5690933668692 0.08920951187610626
688.8912333572587 425.05477720626976 697.9470731719945 435.20957851244543 0.08918553590774536
844.3338048308696 330.3508933453657 884.051818145464 377.8282538231881 0.08918415009975433
44.337311172767585 21.275497753928676 51.4469889736723 31.97591938956552 0.0889253318309784
407.6304201479498 420.92416683909113 414.617557390654 429.8092903619136 0.08880329877138138
579.0488205341005 392.53142605082786 596.2524260920577 412.91954285863625 0.08878209441900253
575.2445796384146 429.9143790438681 582.8587109954703 438.9727164437244 0.08878125250339508
339.2597810682629 436.22818750389513 348.17273055923056 448.49751743857996 0.0887802243232727
436.77962890425374 432.74537040290323 441.0316353158918 439.0251716247019 0.08877979964017868
593.7624396439865 395.3113255509658 609.519314739596 416.0760226537105 0.08876695483922958
538.219552920914 431.8265804787865 577.07683179668 479.03727092613275 0.08874252438545227
456.25247739225614 421.6574748256988 460.4951697793335 427.3699192433581 0.08869878947734833
402.10620173289897 418.93689065388213 410.075904713999 429.23021688069895 0.08866476267576218
540.7469726316914 410.08956041852514 546.6244027830913 417.8955990497211 0.08864090591669083
881.0113299054076 369.77816028520016 922.52767260347 415.3404218086186 0.08862961083650589
475.465687326787 427.4387544653118 480.90927861949467 435.1897395963552 0.08856138586997986
608.9681386407428 407.98395002846917 624.6754260459611 427.82381759824557 0.08854608237743378
540.5658348474776 416.88868444838744 548.6267726794072 428.8602959448721 0.08853595703840256
445.8592597152024 417.69985058861005 454.69085335271603 428.9093177545417 0.08847203105688095
568.0503455386549 437.75514370493227 575.9996891117723 447.3243034503271 0.0884716659784317
458.98240611766147 418.75014817299945 464.14472462608853 425.44795124990156 0.0884295329451561
953.9379301039916 396.66521063590375 960.304909837659 405.08045206592413 0.08840811252593994
534.3747184680419 423.29111401042934 539.9738765470178 431.77757137095097 0.088394396007061
478.31994864737516 453.6522360083899 490.7045147845292 470.70753215171675 0.08827286958694458
387.311327861441 416.6745160574159 397.71391016249504 429.4902707890773 0.08818455785512924
468.0590873223266 453.9525769053936 473.44673222623936 461.42128863491604 0.0881308987736702
499.3740364285553 436.5011206027153 504.3980890258948 443.3556493501166 0.08811363577842712
52.63407391144916 24.320446922374387 59.35573408347801 35.046320204990224 0.08801858127117157
373.7114375320004 431.01198276657226 381.0123463535934 440.2648188866867 0.0879790261387825
441.0714195306004 427.7126329259404 445.2399551081314 433.7585002801604 0.08791498839855194
442.72273510813096 454.8068892252896 449.30358423287817 464.1618931214195 0.08790723979473114
683.6077516481841 434.58695400989893 691.9824282738767 444.0060576815433 0.08787088096141815
766.3812484483617 147.12070847597812 805.4886312924145 181.9389720279129 0.08786441385746002
443.49266756618977 459.96733138742593 450.75672053787713 470.2146519586687 0.08785984665155411
601.3441018227205 446.40441255299595 609.553752215623 456.8374801487512 0.08784405142068863
316.95947993202805 402.40030422993584 328.4407562455014 417.8498488968206 0.08783724904060364
453.208902094594 458.86397370376704 459.20599520644896 466.77075023001595 0.0877639651298523
309.9666177176959 419.32468993544387 317.3123088207388 428.74191468085587 0.08770675957202911
322.2550558102851 403.23559373709406 328.14512615104604 411.46869925827747 0.0876750722527504
322.73596530149916 443.6695793996052 333.09576926277407 456.76540026931104 0.08766438812017441
367.9343110849742 413.0405756848369 380.000345455482 428.3400074840522 0.08760308474302292
475.01821276873414 421.57121980442184 479.7222568860693 428.1746444190194 0.08757811039686203
561.4733343628972 413.93078731406746 567.1163637101207 421.851177336946 0.08756951242685318
563.4922850331025 431.8090844250094 570.8070844136857 441.62180634657363 0.08749395608901978
611.5365237450372 424.52024184243436 619.7034613655924 434.74999266257856 0.0874844416975975
6.695766146874681 19.964150002124786 12.859632179028774 27.810865283209147 0.08743834495544434
294.30261600569867 419.9592850039383 302.61087490191426 431.7726554653373 0.08739551901817322
397.68790593249315 445.91422116831063 402.67723750651766 452.96027837157385 0.08735620230436325
700.2276837734747 456.6625562048881 707.0723512445372 464.47373192103146 0.08729889243841171
446.67812686598506 423.40359021192677 450.85419306107525 428.9617740398108 0.08729805052280426
635.4468223754287 410.69406337589567 659.4399564578396 438.3136546517509 0.08725360780954361
525.2397529490624 409.1312834702783 531.8803148311807 417.38581564609336 0.08721001446247101
346.9308403872279 460.0523899397542 358.63115034868963 474.4364286232089 0.08713079988956451
543.5462308641329 443.4026723196754 548.9975440926094 451.5844122252994 0.08707273006439209
417.9092863162082 424.00218714091557 422.8563990727971 430.91476804574927 0.08706160634756088
594.2184466349212 370.14427301811224 609.1964189303993 389.28233294404 0.08701670914888382
698.3069506876529 422.6484514169068 707.8277240222633 433.7484214242561 0.08675739169120789
346.84847201275255 439.5187014065822 356.6929848763785 452.38957770076314 0.08671688288450241
564.0878029167817 410.712831025797 570.372499056949 419.24648073078976 0.08663974702358246
384.02416996294744 459.6206391502084 391.4464805902531 469.5984145700835 0.08636733889579773
354.12119236248435 462.19908525267795 364.73699132301897 474.8158834908782 0.08634106069803238
330.788800906789 416.06395769605024 342.758701919597 432.1339285217635 0.08633115142583847
847.2917691328853 409.72817739188366 886.008329299631 463.6274555069295 0.08615310490131378
571.1026095139968 422.16178302070426 601.9564585494865 458.73185230046744 0.08603886514902115
625.9866456345098 447.1357124104204 632.7258133854743 455.6285714415449 0.08581028133630753
626.1515240469004 435.05923228250475 631.7934347501123 442.3913899655875 0.08569696545600891
315.1556950073087 410.37764609532184 323.5452146755593 421.7169384179019 0.085675448179245
605.8566918228771 391.6110064470957 622.4403031875758 412.1926442326299 0.08559297025203705
977.3761626025115 253.29744190154435 1016.2225739791303 303.9493063149763 0.08553557097911835
440.9265771718791 409.21867642557334 452.27771840635927 423.42870017782565 0.08537979423999786
886.7593869790095 371.8758016405961 902.3432484536047 388.1430459553803 0.08536870777606964
501.05487553581924 423.4833962030256 510.1657084191198 435.59530472584413 0.08533710986375809
587.2532801485763 410.729964708691 594.6071707916394 419.67520722765767 0.08531889319419861
577.2673595851345 418.0783710669164 587.1368444724103 430.7719042624538 0.08524160087108612
614.2479640617235 379.81691710829443 632.8702094825908 403.25337276840963 0.08523063361644745
583.6822566554396 320.32640173501755 592.0995899013569 330.56242515650234 0.08519413322210312
332.390887011325 399.2401997595408 345.37649116470004 416.698735722142 0.08516229689121246
343.85684008228355 447.6978160812816 352.2093849607953 458.1992299270636 0.08514527976512909
797.7992664601187 197.00385022986478 867.4820931005527 270.63663337905734 0.08510388433933258
409.48039775814175 461.031477410166 416.1393265277306 470.91038802147546 0.08499817550182343
729.2976646991914 399.3933325728522 748.1436548866616 423.6257538135788 0.08498971164226532
494.41335766128685 422.7401005740143 501.6427751960252 432.56102803336523 0.08497074991464615
383.13055316542545 441.5918216320783 389.0966307005092 449.2716834585817 0.08489717543125153
16.40163160112194 16.986668982869073 23.487527180411732 27.285570959930286 0.08485466986894608
564.8482481152323 379.92036404681926 573.4573052750918 391.3354883084337 0.08484955877065659
374.37783672868494 438.66827609731905 381.50450179000575 447.6092722629581 0.08482212573289871
462.8878031659458 414.9671619733056 468.8042576938239 422.5220996932107 0.08468819409608841
607.4839193783728 433.13584191110675 641.5522255284586 474.71189252910847 0.08464066684246063
66.7609843313816 -8.092353018072657 92.16397790898489 22.377448715903153 0.08461134135723114
340.7936276925815 470.3803561011759 356.9171144373111 490.24929382188094 0.08456237614154816
363.3268980629515 437.91965326208356 370.6096534673517 446.23484912078544 0.08446943014860153
530.0920965090145 414.8108864389433 537.8877175771469 425.34562549961106 0.0843990370631218
532.3859148539168 389.24855776566915 550.4953020847447 409.95520241548707 0.08432032912969589
879.6308347639698 385.75872537129993 894.6490957073572 404.9665451791884 0.08416776359081268
289.8468427215189 440.34407507607233 302.28971137578196 456.80200827720887 0.08409442007541656
338.26354526602836 449.5171127910395 346.5224135838534 459.8549829173687 0.08409170061349869
476.55543806952886 473.531323154197 482.35930819491114 481.38272312766514 0.08399602770805359
38.86033938170472 34.707412146105575 46.870340949301635 47.54322926902309 0.08398093283176422
471.34525705980747 459.977660363547 477.5562254320609 468.6021990427053 0.08390021324157715
461.6693560704596 426.0868123364706 467.2440175765492 433.52726106356334 0.0838523581624031
580.5008531681701 447.8052995799144 593.4007376144592 463.4265917444182 0.08385022729635239
593.6595498894616 384.77678004744786 600.1482090736331 392.0764412851231 0.08380824327468872
632.1421630310401 434.261527580192 638.6979550275613 442.17340173238074 0.08374302089214325
552.4487622975081 439.9763297102851 562.9502456879818 452.98284064521374 0.08371707051992416
924.0627508944176 363.44736139591373 945.1840532368564 385.7286093030761 0.08370576798915863
520.3172196037634 404.7097876413318 526.5026414777477 412.4215154900733 0.08363939076662064
10.506557105482065 0.8863751150547342 19.363208583862274 13.387627852695841 0.08361402899026871
475.22679631687754 454.80114898878946 490.6022523928502 474.8877666801438 0.08353538066148758
363.43173104815577 425.81643239695194 372.91240290258264 439.04581548795943 0.08351351320743561
422.2209903896503 413.82044697189076 429.0596015652194 422.469755418577 0.08347199112176895
477.17820927737944 450.42166378545636 484.2739621852406 460.1165260233814 0.08344557881355286
414.0909740220586 418.46905260138215 418.47315086881923 424.2403316550876 0.08342797309160233
296.6673428715881 438.05414108520284 306.67458936525077 451.9714691043409 0.08332274854183197
478.0452792024549 423.80712081102837 483.6642542382619 431.96396665934355 0.0832856222987175
393.46050632013555 456.78483930021406 404.24851229849526 471.85660700677005 0.08320578187704086
530.8431053689505 362.3543766595585 577.8705664558946 411.85227856497386 0.08319735527038574
512.518033176082 393.18478720156907 537.4289183056659 423.4167293437967 0.08318714052438736
361.7800772173175 472.41547492764096 376.19037928734775 490.33675846013125 0.08314698189496994
333.2918718341046 465.70151566475363 343.88106710510107 479.34885468729624 0.08303038030862808
348.6211665509157 403.1824269403266 364.4819258549569 423.71618899057137 0.08296357840299606
522.0912365742362 415.40349779113876 529.3566715303176 425.5469570395216 0.08295337110757828
592.6492851057797 338.4586566227844 606.7627312197272 358.1716055148049 0.08294128626585007
501.1538697991088 448.3591595861808 506.9557169160176 455.97880973329 0.0828397125005722
533.904246292994 406.8137546348465 540.0675819043781 414.5050905413214 0.08283460885286331
403.5396655284477 460.0013921895027 416.6363515701613 478.60575417289624 0.08280914276838303
597.6825697774201 327.245902695332 615.4873110333978 349.9598978194134 0.08279888331890106
649.985975010666 396.99309766753095 672.332344216931 419.73583450228836 0.08265338093042374
23.266750809795347 9.451511999859253 29.286473441907724 16.923150401293206 0.08263243734836578
553.0926233608236 428.1330504470348 561.2641363269377 439.7258736393249 0.08259842544794083
808.8292653010498 369.89802244047036 850.3555989082271 419.9242410054849 0.08257440477609634
586.6738366631756 417.1690818704053 594.8645383227374 427.06239585293355 0.08253898471593857
666.6014247374129 410.57119103025883 691.3369551767457 437.2056028518103 0.08244986832141876
482.45748751210635 418.58825244297765 490.08299138109396 428.7599772520371 0.08242343366146088
455.1533127021243 464.5497894303419 461.1712359244822 472.53829666818916 0.08227561414241791
568.5509365839488 386.99311537500535 580.939349047486 402.5986540249357 0.0822235718369484
568.3376863271499 343.06119787785116 594.7737841258577 379.29627142591215 0.08220953494310379
467.09079399793984 409.3626950350731 474.628675688329 419.24426599230554 0.08218205720186234
618.4679715789032 438.9072254325402 625.2436990414664 448.1268838252685 0.08211417496204376
595.4985489552075 413.259149095719 604.8421762049866 425.7051580689313 0.0819716826081276
419.31282646328725 419.4022074636532 423.71367711023885 425.33220740257576 0.0819600448012352
644.4305014114666 423.8196816794949 674.1390608419368 456.12405120697434 0.08192174881696701
620.9770634349322 362.54555706379927 636.2117849671462 382.6559921860528 0.08169098943471909
432.61068414876615 420.57522324844405 437.1788666088535 426.905449853649 0.08166278898715973
542.2414554682176 347.0927326154417 570.8989018415662 383.19335947373276 0.08164861053228378
541.6605076986165 453.5139375333755 547.972673278268 463.8010235668935 0.08163315057754517
900.0702147951228 339.73063260089293 929.6561196500306 370.48776898276645 0.081619992852211
51.37294059981166 49.234411244430234 58.545757377743044 60.98930321882562 0.08154624700546265
460.00956067438574 464.59230322991334 466.20832489508626 473.001033822378 0.08154028654098511
286.89974646424 418.0754950057194 304.2045541567169 440.69946232524467 0.08152968436479568
506.24508863266016 415.77523889898833 514.4276472835274 428.30741800658296 0.08151789754629135
513.8298413622051 414.3707236336743 522.3735068040827 425.9890890818971 0.0815100222826004
369.62580426839577 463.0590287817745 381.0831671368772 477.0563162144451 0.0815017968416214
544.5484926176566 432.6177298871675 551.077328149567 441.91966469664146 0.08140406757593155
535.202602300864 412.59834974611465 541.7751121912993 421.7297553513843 0.08129357546567917
510.1541914946523 408.0210177250134 516.8585396034454 416.5451204649533 0.08120857924222946
643.225220247704 442.8189672151325 648.1669123515605 448.92119086768264 0.08115391433238983
635.5160979958794 366.40683696188114 650.8608389350887 385.78690416400934 0.08108019828796387
455.5744144762535 407.86955945766545 465.27530360427187 420.0407291848916 0.0810643881559372
471.3654495135598 468.5356581761055 478.3814240210359 477.881793472093 0.08098850399255753
536.7095899706828 430.6808129604081 542.6170121442073 438.9783815630305 0.0809156596660614
632.5480733896463 390.2209809952382 650.2529409907905 411.36720049257 0.08089223504066467
442.6963280708526 476.3854256569607 450.5417402133339 488.0969979325976 0.08083105087280273
495.82874463827966 451.73017696154244 505.9362897900221 465.9469697146933 0.08078533411026001
342.43870784558584 467.8741393445071 353.34101951500776 481.1739078528364 0.08071880042552948
437.241566801486 463.78382509610395 444.4127694588618 473.584307307211 0.08066325634717941
301.0857012555795 448.8948442696101 308.47377799919866 459.2921184533001 0.08060727268457413
428.19664700740043 410.4882227648089 435.98317539935914 420.5993865052024 0.0805957168340683
473.13993643192407 459.42400177011126 480.59062685672615 469.24114221483893 0.08056982606649399
401.9516340969436 457.133633075738 407.7041831391352 466.1049850745225 0.08054453879594803
452.6448332959165 465.4903801538363 458.58717886189305 473.64919330458497 0.08052065223455429
383.93522779869755 461.23729452996685 395.83215393765664 476.89498528032163 0.0804908275604248
42.135548416748 -2.430591636742035 58.87384861869465 16.443279018903933 0.08048442006111145
32.0041461092043 19.424605417234332 42.218536582183965 33.90301124444175 0.08043954521417618
594.5251102278371 403.01433151508866 602.833677721644 413.32840770400026 0.08043181151151657
568.8641274837227 419.39528504694323 578.066874963552 431.115547401434 0.08014197647571564
584.4318132517991 368.6490155603595 598.5572311081631 386.67243751495096 0.08013271540403366
516.5796659210589 409.3596528148567 522.3495565909741 417.26475550622985 0.0801144391298294
982.7166090834527 218.41868756984596 1002.495496042163 239.60267927193584 0.08005625009536743
394.9650215109827 409.8397843724936 403.24750978010076 420.08876169172873 0.08004313707351685
319.50976240216954 462.3633395471785 333.9186272057948 479.52283184022724 0.08002670854330063
355.70299814189497 412.19449449708907 366.90013812100744 426.99037857260987 0.08000265806913376
552.0518136759597 413.838513540151 559.5743133435902 423.89665529399934 0.07997854799032211
518.3521988426922 448.977908309073 527.5728642111063 461.8601376561249 0.0799688920378685
877.3094658108138 330.45849137350626 920.4355151004072 380.20025059056474 0.07977426797151566
622.1502941450149 426.2347526808524 648.5494428284721 455.18936209294185 0.07968535274267197
596.1169292385327 430.9576456360316 603.016871982945 439.481625102322 0.07962797582149506
819.1352894168333 318.74864235518567 882.9713940380861 400.1812119928001 0.07957763224840164
569.0076147914359 408.6518528873805 575.5391622425599 416.99385069162383 0.07957185059785843
633.0224476538092 368.99284774427144 642.4481832635194 381.5677619855488 0.07940326631069183
18.74087470153414 -0.504490058389215 26.970062044024242 9.500898302674695 0.07924345880746841
589.6590538324718 355.4343672466842 603.0620535569747 373.09449576395895 0.07906264066696167
334.81008330197943 408.84926374395025 343.14106315436027 420.6499744776498 0.07887108623981476
397.7569033974701 467.6328972809623 404.3942851143018 476.9540266096673 0.07882146537303925
440.2633231982 416.68813916602215 446.1534887840401 424.377667770823 0.07872765511274338
413.381392102855 463.04445162495136 421.35758749065315 475.04091334852484 0.0787048414349556
603.4733097423696 347.58319509093616 620.2003105965351 369.69484103088536 0.07868555188179016
779.8189327450533 472.59389537155533 833.9722192935523 542.3893615268868 0.07863493263721466
589.5188513306728 424.7528511210708 596.1536243425007 432.84796244355374 0.078368179500103
16.261470513677526 33.20660220425865 27.015511331998997 49.40960841099236 0.07836607843637466
475.0484252712544 415.2582485339122 480.27058096769986 422.16257371048636 0.07831871509552002
582.3336197020252 424.1528288092073 590.7081713968362 434.06675879713487 0.078250952064991
-10.126300798206076 -12.196727610800124 27.946699979769654 31.21780937197199 0.07823020964860916
561.144380606285 409.0532167349417 566.7684091856834 416.6342075856383 0.07820064574480057
430.06000960076517 407.68514085336705 442.1592939908364 422.815218144042 0.07814951986074448
409.98632378294377 414.45865880178707 416.1965627702045 422.5603452084791 0.0779973715543747
545.5279648492311 421.9724461646527 553.5969924436288 433.4430988961132 0.07787575572729111
326.7975759953378 411.57298160650595 334.9121799794549 422.5343333738759 0.07785764336585999
405.98143571331883 469.82618543701466 412.28263996988596 478.78967247448463 0.07783130556344986
502.111462786705 455.52664212164746 509.3076811090761 466.204301108758 0.07769012451171875
454.0203839536383 419.65980779605917 458.62694936632147 425.37812937217836 0.07759280502796173
592.8849857887551 443.9977910422008 600.6721258269164 453.4041033142075 0.07757217437028885
836.1843448897768 392.8467393984192 869.9620674024126 441.10334898968 0.07752981036901474
748.6352738413755 217.02754690036753 767.1573574920377 240.21114418645988 0.07748305797576904
611.2269955563647 445.4670121923789 623.1587688940228 459.3582022367958 0.07724562287330627
919.7421429398613 367.7197528179832 930.0281419395452 377.0769364553421 0.07717481255531311
622.5473372754301 339.9757689687945 636.9793204563628 359.80920317218335 0.07713909447193146
390.6421777105947 465.23657869482105 398.85759396960594 476.39025209883766 0.07713072001934052
608.7600080461532 374.64939543789353 620.8829565557568 389.73836424934717 0.07711537182331085
368.3965521567252 402.1374604043051 382.2835574181307 419.43949405452685 0.07709100842475891
756.0238847554407 390.6723181631899 808.0755618873179 459.1074634379684 0.07700438797473907
536.8482571556707 403.3708242063672 543.4224179506568 411.674650379896 0.07698322832584381
341.37646290272795 408.24899412752296 350.20526799682165 421.0110655947364 0.07695639878511429
923.5331467412495 342.734374398303 963.5254138844456 386.35776014623997 0.07680816948413849
22.483796396511586 35.47967643792839 30.039015954394426 46.71977579524719 0.07680128514766693
504.84726870220214 404.6247741199524 511.7361775988985 413.3270956511003 0.07679573446512222
299.7258520905247 401.80264090329587 314.04843074355813 421.50086510278766 0.07679004967212677
479.8337303242434 422.6301155935664 504.1790496918731 455.4321948545137 0.07672763615846634
442.98731962396505 467.0757104718378 450.47639574577784 477.4360608197647 0.07667087018489838
383.34933824629445 416.18152346132086 391.17351957869914 425.5018467217546 0.07642281800508499
489.7508102386624 416.17815017852337 495.9908050945039 424.6071989241521 0.07641194015741348
389.6814558944245 410.6525854668617 399.6341339118528 422.6500645486602 0.07629057765007019
884.3494154489481 421.39475990037266 936.3552446277846 488.1080455649419 0.07624716311693192
553.1408102708701 404.4740689516947 560.3408937581995 413.22666699003105 0.07620222121477127
841.6323581152137 223.29319639961793 896.522645642898 285.9539430959679 0.07611770927906036
544.1377553234566 401.99082229499777 550.1998967666273 409.79144377353424 0.07606053352355957
722.9931300805526 428.2553620540914 770.1440578454699 490.5493207072696 0.07593972235918045
898.9890542186326 364.39372116029 913.7526248460457 377.8016831305546 0.07591937482357025
404.2007841314697 473.6275096307836 410.8454031226339 483.00462536160234 0.07590940594673157
53.361096042540936 36.29303552186364 59.95647246921672 47.43908052262894 0.07587755471467972
425.49821124436266 474.34858585973154 433.2108013672504 485.35748445491697 0.07580088824033737
498.34790516870595 417.53972235041306 506.7232275977298 429.2992045047435 0.07573048025369644
893.2779092917912 294.0977806056407 945.5174600740912 355.4845117933038 0.07560953497886658
964.4053011447671 235.8699891764622 984.8302476364614 257.97375589606565 0.07545498758554459
565.7160252920838 443.66514900852826 575.6830210503867 456.7200423277781 0.07545096427202225
809.4729034165905 493.7484376812536 864.207045192412 565.2171883186942 0.07539384067058563
414.7263260592631 408.13478867868804 424.227532513369 419.9111462152662 0.07538226991891861
-75.51242933888912 531.5141424654398 160.49005233642401 804.7050135546801 0.07531151175498962
375.6935349921561 413.61770044639275 383.32390867581 422.3274838588538 0.07530035823583603
477.52587107475574 415.86104008942056 482.3079526623058 422.2165602410315 0.0752958133816719
501.4618382049242 402.32032004123784 507.905566108625 410.5065445253154 0.07526984065771103
630.2644329801952 392.17164048129246 638.3819126412455 403.22115304143006 0.07512980699539185
575.1501225674544 408.88201951993904 583.1679903685852 418.6731757432038 0.07512141764163971
636.3468923102037 358.79941487757856 647.2824244914233 372.9596913383362 0.07506541907787323
316.3561895766591 396.87925009081334 323.5990088721018 407.25278032049533 0.07490900903940201
909.0108699992716 367.9968458073084 919.799781816304 378.12772347638145 0.07454405725002289
523.7519840671484 456.66607853184036 533.6711678149211 470.1644120914984 0.07444543391466141
265.1540511870885 418.1320251409106 288.90742343006355 450.2705039772941 0.07433639466762543
661.498277030075 377.44153787312865 694.9572547774311 412.66879596889794 0.07433511316776276
314.33555260584353 404.5249411947302 321.40534267695705 414.6475428350612 0.07432187348604202
769.5361780624662 332.51459181223487 809.4553563551468 377.5737153259965 0.0742378681898117
289.0569919818235 416.1113554428021 297.47127955346525 428.80785662864463 0.07422264665365219
333.1772352936131 472.2797266719733 339.4849509238299 480.067493723767 0.07419691979885101
493.2036812935959 411.4007522616235 502.2973249480083 422.72267421846544 0.07418432086706161
890.3701799610524 373.3469950902972 897.7498962451782 381.9446217150923 0.07416051626205444
418.2647818717105 475.6661143934242 425.28665282835084 486.32437895749706 0.0741601288318634
733.8732707472857 427.2319184081171 741.0844274863829 436.552858861156 0.07403328269720078
450.1233045167889 415.2277653341145 456.07641716149095 422.79637292685493 0.07396527379751205
345.72888679455565 386.4241255789652 362.71325566439356 408.9973093825867 0.07385025173425674
601.7729990826444 401.82244837549086 609.4624849593174 411.9822171644845 0.07379347831010818
887.0906064558246 367.350784859877 894.8668976092833 375.5812834573496 0.07373833656311035
625.3482211947488 399.8648464624125 633.6616973169514 411.6504882482011 0.0734013095498085
511.5689109153305 360.78217712076406 536.7063945968772 392.48269589930226 0.07329318672418594
584.8713958752954 382.3423204332379 591.4957322165498 390.60829142433386 0.0732007846236229
301.73331200303454 457.90571497318894 311.7002683252657 471.4645123605056 0.07318754494190216
1059.2059123774015 227.5258199355247 1082.6605406627646 262.5802246469254 0.07306506484746933
568.7324258718861 357.03570690948106 584.0658420132221 377.0607636517736 0.07300347089767456
580.9282985795444 332.91240602449164 596.5519066694483 353.9946376633459 0.07297168672084808
850.22261450663 298.5394268017212 885.6357730200833 339.45019591645536 0.07287430018186569
401.64582905746215 412.2056459711376 408.96790129623315 421.6116793129165 0.07285155355930328
738.5968112327106 412.7744286050418 770.4846247898062 456.7579810190917 0.07256951183080673
545.8633149214533 407.9930678247021 552.7339806771843 416.89704855136137 0.07255744189023972
326.24576606307073 465.84076999856376 335.1655898364201 476.5667097700979 0.07246997952461243
346.32675996511415 482.48098535980046 375.11153275016517 517.6253195325605 0.07244823127985
447.81596211957594 466.0501276416452 454.8202235059367 475.8899132868462 0.0722840279340744
46.85014424732612 75.13719288227011 69.00484914946179 116.00806530714007 0.0721207857131958
692.8333380778782 402.1855873528269 732.9570211432289 453.82323835362706 0.07206901907920837
281.7266138790106 430.46062204215923 292.74328504177464 445.86794413793007 0.0720634013414383
819.4428875338872 294.77102303072644 858.7126223262214 341.57760019633974 0.07202829420566559
508.73655569365906 452.906768794768 518.2042251147654 466.1195014090089 0.0719420462846756
488.90652282557085 408.01286740457823 495.277794600658 416.65415809432824 0.0718642994761467
359.2521219353975 404.50475983898207 366.5679399432067 414.4045637549938 0.07176554948091507
504.4039945866362 468.253593959775 511.89147512364815 479.3836637672242 0.07172714173793793
771.8982843098803 429.90956782534073 804.1276404649998 475.6576063504492 0.07163655757904053
775.876946089686 260.6791145293735 836.0864293874307 328.4050741330836 0.0715131163597107
566.1145586353912 402.52389351515365 572.2349693080386 410.28957982680913 0.07148385047912598
83.29935704562634 324.8003967620812 325.7700673406269 584.3121014668196 0.07145541906356812
303.9533780488066 415.0305645620817 343.43381275982864 468.12495610666895 0.07142045348882675
617.9133999647777 353.63657916811593 631.5110669137922 371.10524828927737 0.07141804695129395
447.8584841430585 470.2642498584659 456.0131495187254 481.8072861875756 0.0713604986667633
488.7779416639382 457.57994956813474 497.93787489456963 471.8562107235279 0.07136014848947525
513.8208209011777 401.5217685458531 521.2184120522344 410.5986007866305 0.07133478671312332
491.37731400927464 402.7594927911364 498.6897138798791 412.5007283546052 0.0713207870721817
711.275929815703 361.6603961346534 758.1340769310544 424.19778634461915 0.07117904722690582
715.6053971453647 148.9235137541134 798.4668736924676 213.07624509364695 0.07104355096817017
994.8898403591036 416.2058917540296 1041.4960708392603 472.96105549619926 0.07101249694824219
380.8224109447515 404.7245606589542 390.43520941450976 416.57687959078913 0.07098311185836792
628.6745025606062 428.039148892653 634.8723157486992 436.560744250559 0.07091712206602097
482.2364499193612 413.8630903665849 488.02606445421895 421.96639809573645 0.07090967148542404
464.67434659675655 469.7902258718137 471.503463882533 479.47094702151924 0.0708555281162262
282.5490974546492 416.1258588766449 292.13819576142225 430.0910848483113 0.07083255052566528
931.3487847641203 432.42300716094275 973.9044655288001 488.41775189498156 0.0707056075334549
1053.0526531676721 428.99580619490234 1095.5877516059595 482.2791101124466 0.07069215923547745
547.0508851866185 449.7590015911299 556.174552667108 462.59847598412 0.07063795626163483
435.3945765354795 409.8755431296495 442.7796484874891 418.7920477811061 0.07061421126127243
507.8540717003794 396.1735405532465 516.0170180022333 406.2235232506845 0.07059917598962784
390.22020968024526 408.59509211793545 429.7162667519092 463.63768602921414 0.07047255337238312
968.9155410946521 340.8735655275512 1018.6494605265368 399.9359894029133 0.07046320289373398
402.8883162312899 396.05662191183825 420.4844607922144 418.1674340317266 0.07040747255086899
624.9348340075702 383.2194377581162 631.9983324824161 393.8967805227059 0.07027722895145416
546.1599645402258 400.76903170595136 553.9377680836757 410.7582865621796 0.07013192772865295
648.5391808142608 368.14416178469565 658.7562906740877 380.0067631309693 0.07000169903039932
581.6303025378635 402.72236109412233 590.1385473806654 412.30201608633865 0.06987304240465164
532.724328382113 455.44413655411813 542.0083757712922 468.30980320524355 0.06987137347459793
516.5282296388962 468.70890641423966 523.9999727453037 478.2214240948562 0.0698620155453682
408.47071311135227 477.0163672729288 417.4842809698835 490.0139291757922 0.06983982771635056
851.0653513228947 447.3292160490777 891.0965110498098 502.0335565007402 0.06979325413703918
784.663148179425 300.68907894598897 820.402350361597 340.1924173519068 0.06965061277151108
565.4082503562801 450.82576333718004 572.4885388063151 460.9126443581745 0.06935567408800125
304.58417144034144 394.2833337250786 310.97860370638693 403.4863780853211 0.06927122175693512
809.4785574372656 228.3247385957136 827.638414426422 252.92592598525408 0.06926024705171585
629.5021835618458 384.26712119714426 635.6796176543486 393.71788048986974 0.06922406703233719
431.2590230171103 477.5520142938572 442.65526806150905 493.45422757729904 0.06920787692070007
738.2087559278874 282.3827434494677 786.6040538911793 339.91706506878944 0.06915426254272461
495.76519097544536 462.1345975811839 502.6817354676536 472.70501644248566 0.06913763284683228
499.15750026202033 368.43999738398173 539.6629799144781 414.89221088549766 0.06910176575183868
306.25642376835197 467.6944548468741 315.04083611189833 480.53123439896075 0.06905017048120499
282.0002153743427 395.14691290975037 295.7352378303736 416.7076359814212 0.06891071796417236
326.76045427384116 394.06119018676304 335.47375601537874 405.73730118362613 0.06876172125339508
1038.4489767401242 329.6554091304795 1086.9215493722256 389.1680741625324 0.06870894134044647
76.77049959717293 41.25504473289815 297.5208469622683 284.2132993635164 0.06867039203643799
292.45769894718387 370.0163262410891 328.26385429463716 416.35277180010166 0.06863050162792206
469.37157113962445 328.65347365603105 507.5220759641171 376.67104117060444 0.06861995160579681
812.4257090673772 327.8940039780749 851.0444021473824 371.9625144053291 0.0685385912656784
227.6522630749068 410.19686180086256 262.5183087018783 458.81899183145765 0.06840964406728745
759.1594284081131 208.04722463768402 777.4435448371968 227.9501262341022 0.0683988407254219
285.904345077941 457.4011443565396 307.23435968974 483.8973527618744 0.0683976411819458
560.9080555563376 399.7225423169976 567.6673523933791 408.30367818416687 0.06835617870092392
481.5690986504845 405.2307792497323 488.6608181687717 415.09609356980775 0.06823540478944778
472.5055993824551 404.6219497385827 479.05516657573776 414.0422775148084 0.06819254904985428
35.4940196864416 66.92047709783945 47.83829692416412 87.20187218670964 0.06812459975481033
938.2400034963432 295.12780060696326 983.8095340452035 346.2555461270857 0.06808336079120636
328.6808550844258 384.13740861532403 339.7645230333386 398.9298766725984 0.06800595670938492
620.6959030844499 446.28555280633543 627.4180187772956 455.4252611498274 0.06796794384717941
575.3555830149494 396.71527290483357 584.2273811570423 406.94582271011814 0.06795947998762131
397.32284436210705 476.0919987468289 405.3178487059138 487.2968386530185 0.06755669414997101
463.87956079663445 404.1258513450746 470.96534734460465 413.98858504535474 0.06749458611011505
570.0304232705377 400.17165368245367 578.0471966166547 410.277860237455 0.06736710667610168
621.2272589575149 422.7408008251551 628.5309872054987 432.722015833394 0.06734279543161392
751.4727101048113 222.71012018338484 795.3020471946393 276.21754623949386 0.06732802838087082
345.9911411396916 332.0218308059158 387.4492010051726 387.54746605075246 0.06726525723934174
780.4954369154955 386.23659806874355 816.0131745713568 424.90569493978313 0.06726055592298508
527.2287036701213 401.68584156277655 535.5384148331887 411.6232108114974 0.06707902252674103
481.6927316023234 469.2983123549812 490.3753026910815 481.7198102609485 0.06706450879573822
454.6312202069601 470.437297690989 463.27346981166596 482.6545332608606 0.06699196994304657
719.2628245326275 484.83726929422056 759.9233687682623 543.9832755500332 0.06689924746751785
49.33672085954417 63.15813035962419 59.163269432579085 78.44083566987895 0.06688939779996872
691.2488267105387 335.70619768470476 731.7233504195917 379.48723821160837 0.06688135117292404
526.5756235901744 400.4241579135534 533.1804633372612 408.5546944943632 0.06682662665843964
474.69879374300484 409.7708315687432 482.153957477736 419.92800488666467 0.06669892370700836
-6.722055365233303 62.092710958101684 21.869521033265368 107.16434009646788 0.06669043004512787
489.5291244294771 468.8805734234141 497.00238439210716 479.7916837084563 0.06665857881307602
538.0147590145542 394.82346086478645 545.367499623964 404.0568281102315 0.06661613285541534
783.7087823101555 196.09508480955046 805.6409585542214 219.49466129613586 0.06654204428195953
751.4176250443346 365.66598954955634 786.5976947514846 411.87938518959925 0.06643494963645935
691.6439234947477 450.22767316164175 727.6007037686219 494.5762713337152 0.06635023653507233
563.0057724067904 392.8114893908127 569.6492460480117 401.8179311368707 0.06631246209144592
649.7273647781903 459.9868228080162 689.8631627597003 507.91595502099796 0.06623998284339905
499.3922699714832 395.04229854269545 506.09432876697537 404.1838054333415 0.06621938198804855
313.037876655791 342.82324069132204 350.35904887920776 391.94156879293286 0.06605076789855957
333.92021732831057 414.5836267758091 375.47202617957595 468.09650150408044 0.06603708118200302
542.3770507829377 456.8335027167273 550.9163314793293 470.6299817362919 0.0660243034362793
266.3114930087952 479.62040796866603 273.9907144076449 488.9508151405934 0.06599754840135574
618.0681837737297 430.79208833860736 626.147956905358 441.90722824664806 0.06589850783348083
626.8271254141913 342.3083666783745 633.7804132479159 352.3127254560202 0.06589003652334213
603.5772180626882 424.58035672017564 610.4993504953035 433.7260215435867 0.06583158671855927
508.7530851280865 463.58805188778126 517.5962444412312 475.5075015847972 0.06573036313056946
362.13360068036036 383.16217155219584 376.20253324285824 402.0437419586594 0.06565574556589127
-63.84146586778773 -67.50560501934625 144.2271885129219 161.67149339185536 0.06564972549676895
371.9135035754005 406.25608429329463 379.88789796773244 416.6322643559379 0.06563328951597214
619.4318520023253 394.04636459834273 627.0206772495832 404.26216652115016 0.06560347974300385
663.2654846616069 390.2733479342643 704.9738262533277 440.7631858351055 0.06554248929023743
605.7938875501693 410.1298451605265 613.4798649892297 420.1499853467986 0.06548140197992325
631.9526861486268 445.85819044174275 640.8583386321868 457.04368178226815 0.06547589600086212
338.6086700676077 387.5298671105814 349.21821884580424 402.67488637959326 0.0654633566737175
-46.062920312223895 233.8314043343134 149.51286967911642 473.2954090749503 0.06528417766094208
-17.56724130115065 -20.20283922237557 49.78193286278028 58.58880553789951 0.06523260474205017
423.68065439912596 403.03513685893864 431.8120532625107 413.63621933834725 0.06514018774032593
77.22093283734986 -19.454456016370337 129.00868897460344 41.474813604208926 0.0650830790400505
724.8409271362417 321.1044193327184 764.2577028324832 364.9110890559127 0.0649738609790802
450.6469932218062 391.92732981041445 467.22581129557295 413.7877205672565 0.06494300067424774
725.959294400035 214.2889719710992 746.1772577845038 239.90910197271964 0.06493962556123734
842.2708976878172 263.2094217529875 885.5341027687075 318.87443117062685 0.06493222713470459
797.0292025475819 244.38301275113287 831.7253722529985 290.05947372720107 0.06474540382623672
571.4334240182494 456.3502206415535 578.5216452708428 466.7214889913284 0.0646652802824974
385.10500483345425 393.5438012267108 398.34316826770504 410.25364768535934 0.06462472677230835
498.28915931248685 472.60356548817384 506.9892691776881 484.6173968920768 0.06460195034742355
529.9161638579445 469.4859647585432 536.8719793544825 478.4133311355629 0.06448943167924881
630.6555268237998 329.6555005184932 647.4917899522264 349.5091755275787 0.06435563415288925
535.2183989322485 466.62871086393113 542.9770829584033 478.1587580093667 0.06435000151395798
478.20234653105666 358.4801349541544 522.2139686699584 408.94460599122846 0.06429865211248398
521.4013329304667 395.72872238049536 529.1710669327687 405.0746433595392 0.06427004933357239
498.5860021740881 408.6676764485766 506.0842077476289 417.8244558726229 0.06418664008378983
554.892576050095 389.62361489750344 563.8405251838617 400.6319040900067 0.0641104131937027
144.8914746617441 533.5790323323828 393.10053383015077 787.6668646966987 0.06382898986339569
565.7664266164867 456.297958175435 575.8418117759494 470.81948172011425 0.06362371146678925
256.73360589408355 423.76946315830367 264.4719001441436 434.5271080886845 0.0632074624300003
331.0477605014002 478.41189860320094 345.4785305457713 495.82751456384347 0.0629577562212944
17.07329993133866 81.12748968066691 47.563089816522925 122.8629004937348 0.06277221441268921
424.2965373865776 480.1544173107547 432.9305063885859 492.5706360551292 0.06266509741544724
944.6142392878455 459.7881668819493 1014.1213149344811 553.8517464674728 0.06262902170419693
475.1234581394823 410.4694735409244 520.3405945082454 469.2804996331413 0.06257732957601547
1019.3653134543492 455.51245319238166 1080.8353317869214 533.1701140171451 0.06245417520403862
691.9034938163509 290.27021054878736 736.6509263724092 340.6925143067074 0.06239798665046692
275.199416406563 426.29360660826325 284.3912126227898 440.2294571327536 0.06234968826174736
579.0310143270701 387.5093219000046 589.1725142613473 399.49234186936553 0.06222090497612953
632.839048804883 383.51818759320844 640.4708162240186 394.6267678556879 0.06219898536801338
577.0315927559107 447.43309651919765 586.5947433315101 460.7989598757354 0.0618177130818367
367.10562113192367 395.3430133522905 375.80554542686633 406.97435019464785 0.061817482113838196
388.1183099128479 477.38542028989207 396.2626284015399 488.2464763661874 0.06176763400435448
316.50791017951826 476.0324899733625 326.7048100692335 488.7449138337353 0.061695680022239685
837.8172373306211 173.60940052239278 878.3188891341608 215.73655794831558 0.06166170910000801
275.80108594833786 332.49820511360963 289.25357951455993 352.45353469597245 0.06158284842967987
-3.4140896439286905 -3.17371292409449 7.571548510801428 10.1663244535636 0.06154414638876915
618.5427445052974 378.95981699554244 627.1850769451606 390.5722846246892 0.06139112636446953
397.28807797998667 402.1919570400636 405.9581128549679 413.5031278741554 0.061276037245988846
935.7427571377445 539.5254427838768 1169.1313234948245 813.818501983036 0.0612686350941658
590.9140494269207 378.33502957286464 598.5021601850156 387.305447671322 0.061032649129629135
281.54110101921555 456.30994724461675 290.02696333024625 468.71651917479363 0.0609634593129158
608.2553788172587 398.0091481463519 617.8991234513321 409.94484011098837 0.060813311487436295
467.0302509675988 480.71496537709453 476.9642682585389 494.6333917285305 0.060741957277059555
426.1713261161155 425.2071125134073 460.08137293570536 471.8482479539059 0.06039672717452049
448.64256106366986 403.41907755543434 458.2073107706755 416.13296605768073 0.06038827449083328
379.18495726234516 475.28642995521807 389.39953218179164 487.75694431291856 0.060374606400728226
66.01955271305279 83.8003449709322 89.52813385515267 125.84126445257995 0.06029442697763443
620.2348580037668 401.9896496758859 628.0317472601455 412.85365129502134 0.060243088752031326
448.590457730565 484.4711638195691 458.28990168167945 497.64873513962687 0.06008487194776535
294.6747927481659 401.15722089017373 302.8029178267032 413.46235835913643 0.05997810512781143
311.76832049209327 388.23304465265784 320.2215785743477 399.8815400399692 0.05995958670973778
642.6837340525732 382.2342207151358 651.0680847901576 393.9362967077261 0.05994309484958649
409.37191184356186 489.49936850822024 417.07841319622537 499.72233723655097 0.05977573245763779
437.6473843638647 400.0449063019847 446.67553647919146 411.80855490982367 0.05957888439297676
878.5054881630022 224.56382434651803 909.563476174476 264.9584892940025 0.05955951288342476
646.9724747947375 343.01231869561434 693.3552485740411 392.436812815991 0.05954828858375549
308.92925238273267 474.20770543348834 316.5685115216361 484.6815692478792 0.05953412503004074
-12.453458477511708 77.19735422268003 27.493930758696415 134.59049812477187 0.05947904288768768
754.3667962722483 443.5590906262546 793.5711888856257 500.2510307028401 0.059310734272003174
804.9618810596633 301.1269407429483 835.9579945021827 332.9845678115978 0.059202246367931366
458.5521600906486 494.73797800599993 466.44309644238626 505.1623629183726 0.059163205325603485
429.6674182075421 401.2116414594892 438.56192415074594 413.1396520415268 0.05913345515727997
996.1882090270925 -35.64913216691543 1103.4546230135213 88.0177901885556 0.059078194200992584
477.8900317397297 478.1861936161764 487.52907485351176 491.6391020389539 0.05901844799518585
490.4119927477381 391.81917887203434 498.27888636172577 402.69448924024493 0.05894773080945015
932.0232871534679 247.4371533057475 980.5043525679683 302.7446920786252 0.05879618600010872
600.2877282736022 475.23627004181196 607.1088969039141 484.07222172907495 0.058719392865896225
427.14765605438333 371.770916822632 477.760278563236 431.2206400464001 0.05870647728443146
858.2960650638405 538.4324409129811 963.5531302531729 672.848726852766 0.05868000164628029
1019.4554183815205 211.82562601982312 1104.3120265022721 325.48446328012926 0.05864375829696655
595.5812554485417 468.4408869429989 603.2867057221605 478.5756874942452 0.058538053184747696
809.008310433058 192.50467696198874 836.7123314007582 227.29498930180998 0.05847923830151558
487.98053545456526 473.23394644178387 504.0139674161786 494.5292389791289 0.05846342071890831
537.0722126616786 386.7557798384672 544.7182780946232 396.6205257785759 0.05844676122069359
406.82842773208216 499.7089974635055 414.22631158298367 509.3991336470108 0.05843440443277359
50.67747399446371 29.10628829658694 89.11288965707043 88.49175724239531 0.05828061327338219
825.8547434311757 219.52577236558525 853.0151696254975 253.98618472906202 0.058233052492141724
713.3188206465034 238.2676297160344 758.1869157885632 298.4797889318307 0.05807142332196236
413.8592717474653 497.2503310024111 420.81395596285836 506.2457642988806 0.05806683003902435
522.6260721956843 471.44223134270624 530.8476934339485 482.0479017949713 0.05806044489145279
652.3669124713538 306.9771487639902 699.4077831980528 354.32018728689314 0.05752741917967796
782.7299382254203 216.53184940018954 809.4900133093432 248.54587301697265 0.057385265827178955
547.031246707928 404.7143866425267 618.4750856601273 491.1960817335547 0.057115767151117325
633.335738798063 435.8488289983062 661.2104574561945 474.319271760116 0.056909237056970596
1044.9956122934125 297.8296211231952 1091.7578959921782 360.56467633054547 0.05690055713057518
263.34671212356386 470.2355466636641 272.2163492174949 481.9616987632402 0.05688789114356041
375.3296284963676 397.44617688303157 384.05800481981305 408.5535390378004 0.05686616525053978
550.4808496559644 460.02929178782 563.6171712462505 476.1711183164794 0.05670673027634621
818.5130011639677 -0.2049036377855811 928.0065590363873 106.35741260338195 0.0563848540186882
586.1711587525637 461.42949846149315 595.7806885803171 474.67178837673293 0.05620608106255531
271.193906136931 112.14062074788013 491.84361822930134 349.1508896709408 0.05582067742943764
713.8677041786573 89.21523662102328 939.853962547593 327.50619901127385 0.05547185614705086
655.9524656709497 308.8731921001936 729.481690366876 394.6548941131908 0.055344946682453156
626.4632806819611 331.12906090678484 634.1449308748827 340.944072937928 0.05520697683095932
906.7196930187564 29.849900451643805 1006.9910147759326 141.9062205609949 0.05517859756946564
530.4371282665843 476.47355113371833 537.6661675511601 486.3872934092709 0.05506095662713051
603.0099317718275 385.1045834213767 612.0910288498783 396.6398631204733 0.05472024157643318
943.3661788746025 131.05425767838318 1137.4356094808563 380.544073365444 0.05470913276076317
458.7345212136194 483.35771723074106 468.2054968755447 496.1855836801905 0.05455699563026428
573.617810377217 464.2263892835946 582.5988094895152 477.36444454056124 0.0544942244887352
562.3829819454318 468.22101743722624 571.2676839059795 480.42278660869215 0.054222140461206436
609.1503665370118 397.9113936283026 666.2393973246734 469.7538787206083 0.05412670224905014
319.289189463426 385.6533158714543 327.82583704850816 397.4964316216196 0.05387205258011818
495.21855333200324 493.529126874223 503.23185997285975 504.4000878384499 0.0538213737308979
595.585778677623 457.6587836307239 604.4559919130675 470.34684308821187 0.053413450717926025
723.4790902243842 165.40463781251327 765.1848726269528 202.60613533306272 0.05319936200976372
610.9857169654606 326.339249586678 669.8475098042867 388.89172094346196 0.053185101598501205
580.8619020966968 531.612048582786 759.3974318211027 747.4925702026828 0.05252309888601303
859.7968347828934 354.97651126214294 883.5697092169405 380.86987703653017 0.052229899913072586
386.4202804790273 341.7276730976354 436.9821075761277 404.99328511127345 0.05064406991004944
