773.8389712766874 347.7644641754814 784.4425458716855 359.6203712820839 0.9905872941017151
959.7926280578095 201.28078772429765 1051.8480165049032 305.7325793958336 0.5822935104370117
419.0710013599938 371.0793332092081 423.74258460591324 377.22794507387533 0.5709254741668701
723.0167820839739 351.7435059803247 730.2211365459906 362.96028516974934 0.48280537128448486
433.8440642788354 365.3905152324053 440.5230355860823 373.63986300602977 0.28914114832878113
84.90038296715059 7.545931989923181 169.1574056084278 93.74780979813198 0.27708229422569275
698.1204455112346 355.8403031037072 705.9608162179421 365.9061314224636 0.2323707640171051
262.1739395974865 204.0563354352687 270.8346812327367 214.64223866844333 0.2053222954273224
454.96160754306175 344.3734125980402 460.10669168949346 351.29045094043204 0.20101243257522583
566.6898748307524 363.74382083395716 573.4278399466659 372.90000521362447 0.19921989738941193
403.20613658743343 366.88568864747026 408.44118155779904 373.2235683165574 0.1807636171579361
512.5836633189841 356.1653485436356 519.9763075684763 366.70145125826895 0.17882971465587616
804.6690409303629 347.60575622345374 812.6563879465479 358.78528941376 0.1683669537305832
818.132169722951 344.6481191536778 825.6489217385614 354.53925575937996 0.16482552886009216
977.95553952994 68.83489742334795 1053.2051789370737 140.49754219798197 0.15978308022022247
412.7122619318615 371.0060191074475 417.87835822998437 377.6457081425464 0.1597074270248413
860.1939711491202 328.035837662222 868.6851098783695 337.96711309236144 0.1449747234582901
803.1607468561117 295.4563628957333 1022.5330060023475 560.8234416000056 0.14383679628372192
501.9154150395648 366.58275953350983 509.03848972011616 375.8148483581013 0.1362292468547821
823.7320480905282 340.68945430414277 832.3535617748288 351.70143573053383 0.12969160079956055
789.1148817431399 339.6588066999824 797.6238606510952 351.2170948255872 0.12522746622562408
416.0158115923406 363.6381580014434 420.4354966983883 369.18408639202545 0.12146349996328354
479.57872613708514 375.26861189496304 491.0754041845969 389.43021293247165 0.12126011401414871
127.47898835942938 31.548191808285946 149.4416443736561 56.56949279106435 0.1207718551158905
444.4883150860551 353.89515348104135 450.3833635286065 361.37260320471114 0.12012242525815964
-2.858654336312778 211.85235113312842 14.206544525159442 241.18170890020806 0.11803697049617767
478.0838721594717 356.68386635840835 492.4625703006228 374.58227845340963 0.1179007887840271
896.9175151771711 110.95105619251741 990.724914435439 207.06293531823675 0.11755385994911194
585.4999593636568 365.3573161720027 592.1479016874878 373.6971340774067 0.11701799929141998
525.5093364936753 374.7576794145468 532.1891280782287 384.87931977905447 0.11559532582759857
699.7727906591894 362.74107652284806 709.5632681565745 376.38118501679025 0.11491406708955765
491.68749789339694 365.24348817007547 501.77972426554305 378.91767078264087 0.11398585885763168
439.6487024741425 364.28578759992223 445.96592269758577 372.7033099513926 0.11281043291091919
825.7368989348506 333.61606507800724 834.5960490941616 343.74951279579466 0.11255640536546707
469.2531845244856 368.44491438459164 479.3593644721646 382.1104268470963 0.11191804707050323
496.92679843215484 344.4669161116639 512.6680221446065 365.1487827614873 0.11187408119440079
457.1257754809191 352.5413395490912 462.24025543115243 359.6083967663568 0.1112726554274559
509.11770570941843 367.903341889922 517.2293564838168 378.77195090016613 0.11087700724601746
427.72553649920087 366.4903003376012 433.5197733104378 374.05510457916665 0.10911249369382858
451.20133792207656 331.7514475357024 471.65275445069653 360.742454771741 0.10881917923688889
483.83300318535026 351.3224353362596 491.0687448660844 360.894132916775 0.10880514234304428
811.3890303265891 346.1878975733754 819.6180960576124 357.01707799244883 0.10876823216676712
500.5663921430949 375.10442367297446 509.4872589262627 387.1148466588243 0.10770483314990997
428.36395419007846 339.2553718999899 448.67045240106177 366.04544833553194 0.1064838096499443
509.9645723487931 378.12463650226647 522.0415671354408 393.04603814805324 0.10622157156467438
813.5241434149475 335.17713556767353 820.5145296100394 344.5135678221409 0.10602671653032303
493.1367987111884 379.4096243920343 502.2963611254677 391.8672479747278 0.10538114607334137
456.1654877227024 385.14339131526197 461.01783336206705 392.08978738180326 0.10475006699562073
523.7616596577224 355.4812100718326 538.3335265031018 374.96132250222735 0.10471615195274353
496.5421255588723 400.3052799823169 506.7336873910664 413.88258465995807 0.10440101474523544
779.6475106393065 335.9776253343936 789.0204819598183 348.12312276714744 0.10423382371664047
457.2463370224523 372.19594238065946 464.18288229067065 381.6970185977498 0.10422475636005402
490.84427064264486 359.73156715244215 496.410371868769 367.8537255313286 0.10333251953125
465.2345642869911 360.4452467601057 472.37118569659384 369.44074928479125 0.1031050980091095
426.46055906336557 356.545130025274 431.81710120160034 363.287923386036 0.10309427976608276
449.21832656171796 368.8515030076374 456.3982922544121 377.99230775583595 0.1029515489935875
839.0399095704086 337.1469849876446 847.5251055525434 348.0581201971423 0.1024353876709938
582.9695427700894 367.0773897815101 590.0183707808554 375.86256161764567 0.10197660326957703
809.7952592172353 350.6980371872497 818.4623882821203 361.94391158612996 0.10184929519891739
514.766119302125 370.8993308743832 523.0783118191085 381.08522673279884 0.10175175219774246
779.8026322124117 367.54634575800605 789.681750594813 380.0346186261334 0.10170052200555801
471.07915602696664 352.9639257596728 477.03583740237104 361.4306711939998 0.10126230865716934
835.1625275931706 331.14713424330097 842.0487849642764 339.04642172950224 0.1009787917137146
445.09702359978945 366.85397981943726 451.48798315998545 375.5253610325856 0.10093425214290619
725.5114552370519 360.03494826977476 734.8297094282914 374.18098974060786 0.10064375400543213
514.0586924342072 338.3243885781327 525.9643368343077 354.97657635360065 0.1006176546216011
457.62943845784355 365.829066830213 462.9809337160026 372.5816320707945 0.10056023299694061
435.4647764364122 373.54848987779326 450.64210454374995 391.74880687457306 0.10024053603410721
704.1796958694622 352.35495477691774 711.4540469514194 362.37525789743074 0.10013989359140396
147.73078194144833 27.1366251596005 234.0510504245392 128.73716076002964 0.09984005987644196
462.23699812743524 381.9003131654156 474.21028501020777 396.0550900502043 0.09981509298086166
780.913672065762 376.4203468306412 790.1243961789016 387.80188278430523 0.09980008006095886
798.9521030333906 344.7204200921693 806.5039111913785 355.3043887541019 0.09978240728378296
796.0498540273886 363.0358187622289 806.8799865100918 376.28463870586046 0.09960950165987015
834.6417526908198 338.0835697943075 842.0238513651547 347.2494428765703 0.09952607750892639
435.9827509692865 349.7821274881633 459.80171346237256 381.1677738873623 0.09937474876642227
459.93831050260354 357.4726475654557 464.6219054304473 364.30265048475593 0.09920412302017212
422.29477276647265 364.4990289657643 427.5559325337304 371.503587025183 0.09908176213502884
472.5805107545005 329.04969579147235 496.3046220235084 359.7337001955318 0.09905317425727844
464.8147209726798 320.07056793852183 488.80346079276757 350.3715194330165 0.09903392195701599
445.1569830033699 360.9526582820307 451.7289738318402 369.64170300362514 0.09834316372871399
819.3601479365847 333.94258622807826 827.1024774829106 343.4831856632371 0.0982760339975357
810.030059630016 339.73139723230076 816.7153369112016 348.89595972969704 0.09824477881193161
346.4204228473755 162.98636749734024 354.00710104074204 175.70884623524535 0.09810546040534973
797.709129282567 352.0900898653307 805.8639887218601 363.02009378209493 0.09787653386592865
461.9617842782528 352.35526387615886 466.3015077201111 358.55806052813 0.09781157970428467
426.87829318073955 362.48029045292657 432.9348573548346 370.2551738974845 0.09778390824794769
186.37073142196485 149.64173443595558 226.68799735768533 201.99495699320985 0.0975385308265686
502.163109660254 385.0926233053689 510.7263111972792 396.3736204915689 0.09742503613233566
450.6503144008368 388.79309737635384 468.81005314089043 409.43974570879027 0.09736659377813339
407.6789053622797 365.7676717995265 412.8845674471028 372.1507420298426 0.09731070697307587
561.5809968272029 230.8897723246165 847.270727797407 551.8349558698369 0.09708186239004135
427.0175884349642 354.1698475743047 432.2234940893806 360.67941139237837 0.09670933336019516
851.1555017694027 339.58390517013964 858.5497748256372 349.12048962880067 0.0966913253068924
458.75619921727554 346.0267768121579 463.4238583882613 352.47197363227275 0.0966682881116867
430.26586817833413 371.0050737346437 437.8949030837345 380.53708571048895 0.09658794850111008
803.4920890218766 358.79984632870685 810.3556142389446 368.0423143737713 0.09655191749334335
417.9148307431536 379.61432751307143 423.0121890174005 386.5393599460556 0.0961957797408104
891.2247135224085 209.55207849635477 965.3166947996232 306.0337686775955 0.09618110954761505
409.0545413968257 348.32033885251093 428.4492793919608 372.7873973745144 0.09588447213172913
450.5016187479786 376.6403246635205 459.2043061751899 387.4594870041205 0.09572980552911758
519.7199443472459 362.0718312854266 526.2925907506913 371.2441543541837 0.0956394225358963
394.34358490002046 374.01895680122175 402.9904502239191 385.08816739760044 0.09557029604911804
463.9436842323321 368.0737417258804 474.0659089649313 380.87951734470363 0.0953524261713028
826.8926731380747 355.077573454996 835.5855286691047 366.5828144519612 0.09522835910320282
584.1585408677754 373.9350537394156 592.9379576746552 384.5032114890026 0.09519266337156296
412.19827086869657 366.0746437282721 417.2703045823375 372.565785222266 0.09506023675203323
834.3816437280462 346.2758572982164 843.1782935856672 357.41621933888797 0.09498722851276398
446.6228853487386 345.67528921696174 450.5474955471865 350.89764316854587 0.09497680515050888
689.3317916427823 331.496042898003 711.2144887776954 357.52207233099114 0.09492207318544388
851.6335951405825 327.5914886566232 858.8041591007816 336.3901434371124 0.09465375542640686
480.98559836316576 387.1681774631359 496.67855031059355 406.3540620623867 0.0945475772023201
507.35553097179366 391.69283840628367 533.9059281427116 425.455395210316 0.09431462734937668
831.883538676263 330.46934917987966 856.707720439142 350.2251650044216 0.09390431642532349
826.5712693285012 346.03695103421944 834.2880848557733 355.80294382823587 0.09315359592437744
604.6383211129628 263.1238738694239 615.5507373664068 273.01423224181383 0.09311146289110184
521.1800450815723 352.7866004341803 528.8006492465778 363.64468823591363 0.09290079772472382
848.2659942707617 344.2748529445985 855.9625071460496 354.30938661672724 0.09285859018564224
490.63460178721425 349.9236226415473 498.0328611698431 360.6215250571585 0.0924307331442833
993.8554299786267 429.6420244415214 1085.8433835102305 549.3223143775209 0.09226687997579575
192.61019071536123 282.71394328390153 230.6113012833623 343.1760072781053 0.09209906309843063
480.95563382263015 408.119691473752 512.0660961269315 443.10163851317833 0.09205155074596405
460.56504395777034 346.8254655542371 465.8322359043239 354.1480742849423 0.09204766899347305
479.84815682285307 355.1692950786067 486.0519104267022 363.5871234348244 0.09194651246070862
416.2730372978952 386.17011469116966 450.37402012213187 422.59932322558547 0.09188143908977509
520.0710536998672 388.27331610591625 528.2694494376946 398.27467476404274 0.09181582927703857
837.3158043398514 350.9233717521906 859.3078633662678 374.97022694058325 0.09179563820362091
419.0096678034322 361.65064538172425 424.1797264874427 368.06996644285977 0.09175453335046768
822.776882602786 379.10482965654916 829.3623518720452 387.83688753959285 0.09173446893692017
183.16165175692876 106.16536789419749 220.38262514294038 150.55019890017653 0.09170584380626678
706.9340927921864 346.8883002835564 714.4648531405207 356.5721433143956 0.09170175343751907
539.9743626691389 352.6402319311082 554.4754120097347 371.7701563443803 0.09159989655017853
459.08035158124017 307.1541573795876 516.5992089559522 372.42220655176135 0.09159747511148453
413.6239728983384 361.935399497221 417.56137934143305 367.0247907602288 0.09159618616104126
450.2012765565204 354.004940972185 455.9937486068054 361.8168524811464 0.09155276417732239
548.9470561026926 315.2244701637619 556.5972058029447 323.70009619701943 0.09145572781562805
714.3663693608582 358.4297813283485 725.2646674911849 372.60784419881804 0.09122638404369354
844.3975593445024 328.7952308389097 851.1483296342768 337.18831077522896 0.09120525419712067
489.5007220815147 321.58778318446923 507.91413981505406 348.0459489705078 0.09102769196033478
506.15420963764853 356.2811023382434 513.23332582198 365.66416544060104 0.09088406711816788
395.19738105444793 357.3680464305465 402.7419402858302 366.7331616716105 0.0908210501074791
803.6804064797778 334.23052529837855 810.8912472488299 343.84117403415354 0.09077565371990204
509.35318097882123 392.09624575910004 518.6860896765427 403.40289839895655 0.09077424556016922
504.7095148647299 361.1238798343222 511.6024160936278 369.86358953378124 0.09048762917518616
496.4314416719664 393.0709854239107 502.77646837695227 401.2622311959735 0.09040272235870361
402.0338151850495 378.8270960172686 410.4841721542241 390.10048016445796 0.09037695080041885
808.9575377664105 329.71395491733205 815.3581116671219 338.38015691018757 0.09027606248855591
708.0049450885944 356.8849358148175 719.4582118607719 372.16367750942203 0.09017401933670044
487.01706478041643 368.29424069496775 494.16366629528704 378.0612691476603 0.09015896171331406
869.1469647215936 327.9444459081654 877.9771848087254 338.7477977215104 0.09006346017122269
531.6643314580731 373.3536454758858 539.5089876924046 384.7016362517355 0.09004264324903488
340.4606507889213 153.82908111750555 347.3577951272159 164.8275475111027 0.08977364003658295
466.65009475850184 341.86553446939735 472.9372183158028 350.6082514282808 0.08967800438404083
502.2975415177481 336.0424046604484 514.195785215972 351.5980610444405 0.08966996520757675
131.27630363135702 335.79316212113787 208.1350083127944 449.50440660499316 0.08966012299060822
840.1523957541741 328.6203112444584 846.81265645581 335.6449097504999 0.08964817225933075
435.9249120970148 359.40712142592554 441.390673782046 366.20094716100544 0.08936744928359985
485.63218745420335 358.40981511940436 492.1307311852531 366.5493476164578 0.08934228122234344
705.4046733714367 332.83022242908464 714.2219839256193 342.77253386003093 0.08931657671928406
809.2066460483805 358.06191750007474 818.3812413663328 370.19233256879124 0.08931456506252289
346.4626547208198 166.6162438184227 358.85914406402804 187.90760967608583 0.08911039680242538
466.6734214058064 352.27624366613617 472.37128185139 360.0410759884807 0.08910264074802399
824.4241113226296 353.1096936804503 831.7025715908983 363.07267840899647 0.08902948349714279
588.2969537698891 261.6402645984916 640.3408973746665 310.47668339084134 0.08895809948444366
341.0399544832815 199.78137832530805 351.40703311972567 215.7831130080624 0.08894561976194382
732.7532101117978 356.7860835728249 741.8033186563999 369.96423635022063 0.08893673121929169
436.93501117646224 353.07759303555474 442.743088981248 360.9260220080317 0.08879555761814117
835.9971230668003 357.3913960422794 844.3329991333774 368.85661166299445 0.08876604586839676
560.0598591896766 364.0944657456753 566.8844244292984 373.8339148144438 0.08852387964725494
430.8541481328554 359.2233730592606 436.6773257602239 366.4196660192926 0.08850986510515213
532.1417520580271 352.93792099359746 538.4732816725124 362.7024358891393 0.08836185932159424
463.8120958474836 310.44154243350516 485.1429414914675 334.579351036494 0.08826399594545364
798.760595350465 329.45571414222087 805.6226264530032 338.6262038806643 0.08826260268688202
464.38561589909375 356.6213716901914 468.83930423547673 363.23554555425676 0.088241808116436
551.5663636756444 313.9657259386753 557.197019506691 319.70586185382797 0.08810718357563019
402.7389907763544 353.74075266999637 407.6627244762094 360.0789187507837 0.08810578286647797
495.6763283268923 355.9568431045247 501.84326813222435 364.757408399702 0.08803107589483261
761.9051793763392 374.8163490531089 773.1668573020831 387.7816729331411 0.08766252547502518
529.7779536027068 406.8720771716053 534.7352976433909 413.8171018139428 0.08759881556034088
496.1594782865656 368.1972785608019 502.53575052905705 377.5645528046975 0.08759443461894989
65.25315060475135 202.4151287242252 108.41214667540895 266.1418453482323 0.08753184974193573
794.742089559531 355.65403483030144 801.4925859723254 364.12200770178424 0.08749540150165558
461.3158003090158 364.18770845416174 466.5673179315627 371.10244861832854 0.08744901418685913
856.9613754699991 330.72162143513145 862.164898158626 337.92127847463513 0.08735357969999313
214.60603575220733 291.92916868372043 251.48763051907295 346.9272389121417 0.08731047809123993
867.7040805775737 354.37816986963924 874.8410874495813 363.0284384721949 0.08727119117975235
407.87082121452886 371.03381868225506 412.7522852367066 377.0837940663446 0.08718249201774597
781.380898233404 357.27749807532643 789.100680126527 367.2732919657721 0.08704476058483124
788.2992844013381 354.23862064645226 815.4277906454689 384.7994959380505 0.08691700547933578
516.6564030035773 314.39587005766464 537.8080491274691 341.0908507693669 0.08681394159793854
453.2003102990932 349.4979832222999 457.6070181318954 355.6761852387236 0.08667036890983582
803.4888330617969 365.45231972340457 812.5168429635578 378.3766220211959 0.0865304246544838
527.1581821840989 337.2440181086563 542.5568209943651 357.4024136492149 0.08652327209711075
443.8377609756525 386.7474979743422 452.6119200616371 397.99384972449485 0.08643045276403427
298.93162076918713 298.94967372255974 349.77284962153624 366.5069954518183 0.08626170456409454
421.9059594760707 375.2952877175513 428.7359634090027 384.24769149274346 0.08621988445520401
455.06109839347727 397.01957904011056 460.57069629664136 403.3516326248734 0.08613959699869156
285.153035411019 134.1452678187976 349.11800114033406 206.65720968605999 0.0861234962940216
537.6728471353922 371.3407220049093 551.3822425435302 388.95590616903326 0.08609043806791306
450.2532720366482 344.79098676469994 455.39532991991587 351.6783933696982 0.08608949929475784
345.8746255120844 257.8023608632967 395.19432148810836 329.7482673111141 0.08606207370758057
791.4838885456555 381.2508429203259 799.7648617175139 392.028181256632 0.08571916073560715
466.2521853243878 348.4152190385944 470.73167661494983 354.6662941398309 0.08568095415830612
788.2173675826266 353.4881721727833 796.8960986766167 364.89486180168524 0.08565019816160202
461.4855182100336 393.89027756064655 466.37600859700586 400.0979326860983 0.08559588342905045
273.04885451022545 392.79639131429656 292.2234253352834 415.1565992132167 0.08558517694473267
791.9203817399409 367.42348787961583 798.0850229426638 375.9315891959585 0.08554375916719437
724.6775899072599 371.79114439123873 735.1311892503694 385.8917841883181 0.08548713475465775
449.85300337163994 338.18197236272886 457.0856394138866 347.6805392020294 0.08533637225627899
697.7950605971099 346.5741920036624 706.3410670236703 356.69718419280815 0.0851975530385971
440.57676556537837 349.6730409719233 446.5208312960186 357.51936887560544 0.08519591391086578
-12.449066185122826 231.48315568139532 26.822069248680915 300.9341797460974 0.08518529683351517
678.067694887903 329.97085305708947 689.9212448471712 343.4259345065936 0.08514627814292908
756.4438716974237 345.45717959564206 764.4151613545881 356.8965286386719 0.08508055657148361
455.00284349069767 360.0548621328837 460.7266547013739 367.45584894511285 0.0849541425704956
520.4246562293554 380.38393201599905 527.0264224555718 388.91672971566294 0.08491696417331696
468.39667185174073 399.71601295601516 484.2482938605191 419.1701604213009 0.0848742425441742
63.782567809527336 396.94900766643156 139.5263351696483 513.7061157741992 0.084786556661129
823.0592542619871 367.1183249938969 831.9880816646003 379.91381406282136 0.08478092402219772
575.0646193584113 362.3396164667946 581.821172569955 371.59251625046437 0.08476769179105759
281.9307527584934 189.92188728230633 328.3772004062553 253.32329348558713 0.08463837951421738
69.9184337100307 285.8449484635623 98.20203538467445 325.94515618305655 0.08459272980690002
714.0901657327338 346.2392739928755 724.3462567746725 358.38155010639747 0.08457404375076294
255.0052227799045 310.5589557446149 299.0715016405356 381.62040970440984 0.08455155044794083
400.47526521648814 405.6002520515141 406.1411434281958 413.13253948826093 0.08454305678606033
477.1872542994682 366.4306677389236 483.5826216645301 375.5796364108337 0.08453164249658585
170.66547106798822 248.92170641579506 211.5435623453284 317.9083842478321 0.08451282232999802
528.5343805629298 312.48585191812987 561.399133490915 353.25507613452635 0.08446037769317627
822.5967794562683 320.96388971685457 832.1449340349849 332.47406576334333 0.08438747376203537
800.4583370018918 371.7795942625476 809.6592987427957 384.2039900514221 0.08437879383563995
922.9302912592524 530.6585940343685 1175.8497701156962 818.6498800914486 0.0843377485871315
831.9745429285927 322.46134987702624 840.231771613855 332.46772302511084 0.084243044257164
432.55342997233436 351.3686525292032 437.8785465498468 358.665935477159 0.08422752469778061
831.6996719082124 373.6646023319214 840.4775428773409 385.2171868027384 0.08399804681539536
447.0308937596623 405.22570990902966 482.3971235649726 447.0578787265681 0.08399008214473724
693.8180350141561 391.9680120695697 700.0444041158833 400.2159480006334 0.08391138911247253
386.01539770755556 301.6520318856761 431.2037291449713 359.434533707175 0.08389633893966675
557.5764910378839 338.74394030627036 579.2928115427966 363.8925026131529 0.08385814726352692
462.32653799911424 330.22654119908964 472.27421702260733 343.9999410123206 0.08382268249988556
380.07486097806736 283.2902722599733 413.4711317483609 330.19079403591076 0.08374017477035522
684.5353496241758 341.0542168076105 696.9185106865584 355.45491102049 0.08372225612401962
382.4310028614557 171.76796897337795 400.17792243400476 196.91112284071065 0.08362113684415817
421.82856743321975 359.77010967085783 426.4479284795675 365.51061510365435 0.08361666649580002
471.71434186827406 380.2231878298907 482.12636126759304 393.36863852974295 0.08355528116226196
404.9252030559181 357.30955293467804 411.44947695014196 365.4780484479514 0.08353658765554428
793.9291743392408 331.3048125036839 801.9412554601747 341.2553336869093 0.08328604698181152
768.7127320228648 336.24240291021107 778.3065620007235 348.0050255861701 0.08325505256652832
447.6970832676268 347.84889717886216 453.22216398241585 355.22736120359133 0.08322075009346008
482.9899204752137 366.8259227848157 490.882488588433 377.4383127455751 0.08321142196655273
206.39013889414153 237.7766610398199 245.81496654907335 295.6979154727378 0.08317425101995468
413.2740566503891 356.7436919374742 417.24017261166966 361.9164876162555 0.08306072652339935
862.3593529425654 340.2756801536035 871.1476074986257 350.2061745153734 0.08296435326337814
782.9843855403111 342.18548558909964 789.8204781707936 351.5658342649273 0.0828685387969017
464.07917453032826 353.16559648722273 470.08492829058747 361.61915572735745 0.0827404037117958
672.9733527714233 141.32288400461874 759.6840069776235 232.2942587832349 0.08267650753259659
-6.878039816478508 310.22916835182946 57.020652879461664 420.3233764870344 0.08265116065740585
122.94255305655395 99.22839561885182 156.87225575146533 139.92917876889007 0.08257552236318588
408.01972685943986 233.70672652664857 449.3468009038377 285.15007478924264 0.08254224807024002
458.61725193192495 325.35414004723054 465.9081802438345 334.7676127452223 0.08249098062515259
702.4322714660161 340.12280793650905 711.4587524371108 350.41863266172055 0.08237746357917786
410.8231046796203 377.62862816320126 419.53601293089963 388.68619024838245 0.08232131600379944
443.1527421303994 346.0872950513729 447.76489518966275 352.2994514958766 0.08226314187049866
673.3859548312486 349.9184529303081 688.35739581549 369.5750545073627 0.08221467584371567
252.6711273287516 472.0793607805283 314.0132415312201 545.1003443338471 0.08219446986913681
473.2556273491461 390.7051345184083 482.3459229666738 402.8464111582977 0.08217443525791168
457.29240872850664 339.7596149578552 463.0348512835406 347.9127554303899 0.08216806501150131
357.4408777101712 156.70475945184717 375.67225826750456 182.75877143086618 0.0821659117937088
488.0286780105242 345.4786256793554 493.56567090300126 352.95874489722496 0.08208021521568298
732.4725354018324 370.8323966121026 742.0746946616657 383.42172885670465 0.08206412196159363
379.12188223201355 358.8739556931175 424.2013513628597 407.97415319304815 0.08205626159906387
443.7000189454888 381.8166006504833 457.1250306920727 396.9393962457378 0.08202815055847168
705.8275638644934 368.3619587782834 720.3696959576114 386.604837793139 0.08197896182537079
842.4571767088555 346.0484283855401 851.0321635328178 356.5080935935301 0.0819249376654625
480.92489194456715 346.6104660856327 486.105311302366 353.3240770002404 0.08190140873193741
822.4815003491318 361.7939700399792 830.0575477639616 372.3904111797828 0.08189082890748978
591.4667004020391 370.13308812385617 599.4353246989053 379.5939884306827 0.08187896758317947
815.0279273021308 380.782235774607 823.3567009321134 391.7610302433315 0.08186591416597366
348.40200156658966 179.63369265184713 355.81579433302187 193.06864471511668 0.08180204033851624
478.8104869956063 302.1966822644983 509.2467762251308 335.45045542172255 0.08176494389772415
812.685826130585 368.36013803924885 821.3717211445443 379.9505317380113 0.08173543959856033
788.742858129041 375.93868257829723 796.3377540300735 385.5526260692026 0.0816575214266777
402.70129377139267 385.15680456171634 405.85388724019134 389.1255612227488 0.08164176344871521
856.1257718504759 340.727677273179 863.6478596768414 350.274095006805 0.08159304410219193
787.9893554971704 365.9199184597053 797.2883827979314 378.67717926406465 0.08156853914260864
455.27879680617605 325.25949478896945 463.2037163165716 335.76302808824295 0.08153404295444489
755.599340985586 361.9288202927753 764.0462356544886 375.0945595677004 0.08146540820598602
551.5000951289463 373.75797784093106 594.5814439789559 422.63994114883496 0.08138614892959595
434.38416417281735 382.5007436021417 441.7632961166577 391.53173251433526 0.08135054260492325
499.66898828829716 361.0399704171907 505.01686432146295 368.18576661069636 0.08125736564397812
515.2237437138439 317.0700261143324 526.5812629840842 330.5460133845295 0.08123844861984253
488.84463561812623 338.4485660802329 496.2971985387669 348.27952668998665 0.0812360867857933
1014.1485994664606 290.3606028092757 1100.4173757656883 411.0769186538679 0.08113670349121094
480.82557335111176 338.77303539688404 488.94003069540804 349.235155039687 0.08113164454698563
499.64324266228994 402.41752643369847 505.6432631107126 410.4393494067488 0.0810486376285553
110.60040344683789 452.91292896539005 156.22198871083654 512.8389918816761 0.08092794567346573
816.6752390668872 329.2320384847149 824.2964382215351 338.71292558926297 0.08091652393341064
416.4797011233466 375.60151637327004 421.46539583432155 382.1945519155676 0.08088213950395584
524.9017825784529 361.5879754723789 531.2771853039419 369.9730067221627 0.08085162937641144
497.6650138854166 52.86669156051195 582.7922595615009 144.09398387120183 0.08079785108566284
766.0314701708753 355.7291441641713 774.8683144624267 366.9827159143744 0.08075911551713943
136.27710445971866 243.6769341715702 177.58764884615883 322.1617279713148 0.08074722439050674
343.5287631631257 174.31833239850647 349.4638665547244 184.0237106189384 0.08072089403867722
345.61596067315986 189.63080944894392 353.31830455653443 201.87957918798577 0.08061427623033524
689.5956376372401 354.70430126476896 698.5034062739519 366.4059369103312 0.08052891492843628
862.8832582641352 346.8604064658223 870.9998638330954 355.92770683069523 0.08051402866840363
341.46831558069846 182.22251137588228 350.39038538406237 196.59297768652291 0.08047320693731308
124.00985479320764 -2.0421173677886544 138.8942610231567 11.874865907313401 0.08046353608369827
484.8177281535679 332.8632966576785 491.27460357924616 342.66625830378496 0.08038399368524551
795.205470408371 344.54758343041857 802.0297208458534 354.1821543613117 0.08038026839494705
479.88405805434917 316.96302265002083 487.77071857234046 327.0947273856715 0.08036503940820694
448.62808276527437 295.9412518987265 477.17193697483856 328.1210094605435 0.08035288751125336
423.3949703332631 370.8219471402752 428.06704210706715 376.718538112247 0.08032432943582535
562.1046089862328 354.4923680339595 568.1746940713033 362.78879006925257 0.08032088726758957
687.5312012128913 362.5486803556598 699.7825854637076 379.41410130486616 0.08026182651519775
728.7250129255694 347.5432617181594 737.3338384331319 360.1762801771337 0.08024347573518753
451.2572984104844 363.9916261079955 457.99661938657295 372.2371817362099 0.08009354770183563
501.91396091909763 356.1965164980697 507.0884202336056 363.1791790175744 0.08004739135503769
856.4304248838512 318.2989290598465 865.8754563831448 330.11153820470435 0.0800062045454979
333.7867263509604 171.62533829912573 346.88395883531985 190.54233656777873 0.07999180257320404
468.18832940026624 323.53161961051495 475.720577561998 333.2849229242087 0.07998435199260712
365.0508398288478 149.39352192034025 385.7985358726167 179.8226598467077 0.07992443442344666
105.99393194175735 12.232949425545542 137.0621306672539 48.24458775201295 0.07991538196802139
195.39876651212816 368.160293699198 241.81787379978536 432.28599003534094 0.0798908993601799
859.0840712114226 354.6862745898383 865.97048965709 363.45067883258787 0.07985261082649231
440.5604837415716 323.7073998847754 455.20789467381354 341.8322894132092 0.07984722405672073
507.67096218915526 377.8863071222657 514.3879751206492 385.91823149871817 0.07981991767883301
772.2409853059855 358.4766550194812 783.5742191486604 372.1267951983376 0.0797862857580185
420.70801379077443 354.1727858133656 426.3605718031779 361.375045708079 0.07977806031703949
351.37948371355355 155.37208206104035 360.5238924225529 168.86084072978852 0.07965020090341568
841.1227979352892 372.8715092065409 850.2368461001382 384.9065696635063 0.07964365184307098
151.829751590041 121.8957999972062 191.1026327529644 170.6809325703035 0.0795627310872078
819.8360399295748 387.22961148055975 827.3873159287477 396.57761946954827 0.07947608828544617
468.52289103595047 345.7582456426602 475.3915231539384 354.94637338586 0.07940403372049332
473.78417388272544 305.7688284984347 480.861681296487 314.48318203346355 0.07936237007379532
221.07816003549257 342.0734277870756 259.9294235141543 398.4489070467364 0.0793147161602974
743.5566533032585 378.83090537492404 753.6965922922348 390.8747096926178 0.07926686108112335
152.41996969634673 61.47428100934048 173.14714319465497 86.58747871106435 0.07907642424106598
741.2320999195198 364.4710519264844 750.07553129072 376.2804036932084 0.07905498147010803
813.3150855622613 313.14222058245497 844.0199872614104 342.8927214478202 0.07905445247888565
361.61909900059624 180.72910648912531 375.31260910229133 201.3324055727373 0.0790538564324379
340.59566933917785 158.50606912217435 348.7246432440137 170.52921299987815 0.07905101031064987
456.5457581116391 335.5863199339893 464.28892220159605 346.9967585713138 0.07898295670747757
105.29147070349903 245.18569945271324 141.91637176178264 310.10766557414735 0.07898268103599548
526.5296924979579 366.0451181454421 533.020142769185 374.89142295089425 0.07896538823843002
697.0839630609901 372.54551442909485 704.9376449128404 384.1472083689581 0.07887115329504013
839.7482754485562 393.6405061509543 867.6898778387313 425.4821064348225 0.07880360633134842
474.42319102737684 340.0229793725949 481.5452763999138 349.5115133005682 0.07873431593179703
764.8870812299341 317.10723210831435 792.6419341900088 349.3557529513058 0.07863739877939224
561.6101627795581 367.29346019999485 570.1106109370071 379.3590783067501 0.07852049171924591
89.28899238790981 136.3304742443435 410.81707498321106 521.0062066584092 0.07848736643791199
861.0100423569106 351.0500781959126 883.7888460856515 376.1887274703717 0.07840611040592194
255.33499336120676 31.497777698004864 348.6758123831903 133.90611049641052 0.07840248942375183
260.2400383718017 208.31296167336157 306.67154616073043 268.30200583333567 0.07839398831129074
214.5599064292261 180.10007114298185 262.38106596612204 246.38127341159336 0.0783316045999527
805.3104061209499 385.4727922903098 813.9420401808436 396.1014677338337 0.07827004045248032
115.21748844202257 203.05447132813242 155.20995559976896 259.4546368272724 0.0782579705119133
748.2469103298738 353.720389345485 757.0400248999723 366.66823564924096 0.07824097573757172
839.033180439737 307.69310380875345 880.1947571705291 348.37574069029023 0.07822047919034958
67.95090915225698 9.254414752143493 97.29316664642393 44.385321451180246 0.07816469669342041
165.85125859127794 55.71659917276561 171.94015276565398 63.14976658556999 0.07806254923343658
64.2589103447062 246.11950000050197 128.8849761148517 353.5889590409839 0.07782077044248581
292.0003575227784 482.01419558669426 334.51592185271585 532.9282186802445 0.07772939652204514
847.8041581492071 320.17922138468117 856.3474846806483 331.4535515856873 0.07756329327821732
409.9668673782225 361.768559546953 414.7791963700735 367.76208621826686 0.07753098756074905
339.2392564232063 313.6521255581206 379.3409839698168 368.37238652183413 0.07738765329122543
532.9031306309158 388.2649706791674 539.3950378693639 397.22814769719866 0.07736364006996155
451.39872364451753 317.74320406480075 460.23255837279413 328.9930934722652 0.07734186202287674
316.8472460904503 158.4954406611543 338.58822460060594 188.7180950365302 0.07733539491891861
855.8426938293701 370.5712472537518 864.5083382064436 381.77612158245455 0.07733263075351715
572.9635430160467 349.2029243640343 595.7928117276003 371.6655680961062 0.07732634246349335
451.9826910124654 359.06321092654537 457.9611414699295 366.90473398258166 0.07730939984321594
474.5407595651642 361.12513609587137 482.3751772095055 371.6627791291011 0.07730049639940262
508.69837046378547 349.2133466887813 516.0383288892953 359.0519755888266 0.07728426903486252
350.3125974398008 144.70338326378217 363.32587115215415 162.7667087149686 0.07725020498037338
223.16430306880684 110.20161387884293 250.957878711214 152.98260846996192 0.07715717703104019
857.3783071367238 314.8787623047694 892.6893828686198 353.69159591699565 0.07714883983135223
69.70835523825393 292.22909688750445 84.87401801079949 313.9632758708523 0.07711143791675568
456.3918341210912 352.50245936587083 463.81328214132094 362.48085016445714 0.07710249722003937
417.5173207537973 355.3146393747706 444.3532577398491 389.250217583508 0.07703029364347458
718.1812165152515 335.9460038942066 731.014754032915 352.2646648820639 0.07694858312606812
707.1939121480017 381.84098220257874 715.774011779816 393.2646634563322 0.07690131664276123
553.8330677905186 364.7589713947046 560.3523249021405 374.1053557185897 0.07688306272029877
478.6380317551013 299.71430525097577 486.6614880247237 310.0985444818812 0.07677602767944336
520.4324169116363 368.25549792014345 527.8176301802584 378.39881199567566 0.07676627486944199
483.1487268477954 324.7299742285708 491.05069361419004 337.3235562528467 0.07674829661846161
538.6757751817288 345.9266209874731 547.5195638275308 358.8478986832557 0.07667264342308044
527.801734243643 380.4854553142822 533.1531285611617 388.535751680534 0.07657939940690994
434.0784160246332 347.5169526021999 440.3971409805052 356.00771047177636 0.07641168683767319
981.1778989742418 101.54340702067975 1012.1784583584799 131.9376370124459 0.07637211680412292
536.3325924731178 368.90567615296413 543.4356966126928 379.2716095192941 0.07633791118860245
99.59278600751128 51.522345005494316 124.46721860040512 83.73980176633536 0.07622391730546951
379.2419569962465 364.17070304412835 635.9072151802801 645.5478982579174 0.0761665552854538
790.7087165958407 328.11621044017556 797.3612399410363 336.2088046468707 0.07607340812683105
-72.71302185170615 532.6357438726607 172.46898566615565 812.9899575241325 0.07606738805770874
517.0283702072421 349.31744944890823 523.7449258100629 359.2049333278673 0.07605873048305511
475.65503101095265 310.5107420123851 482.72894973526513 319.1285045212977 0.07589764147996902
471.33838666344195 315.7230534748031 478.9577615912998 325.6670762889621 0.07586519420146942
425.7650413257232 311.7153732580269 448.82086819070815 339.26232044435034 0.07585880905389786
52.17045514522125 301.16739400118865 95.39039626877907 367.25508104233575 0.075844407081604
440.44835011809965 370.5464889179715 447.78418110299583 379.97587546843124 0.0757259801030159
43.97857844699506 394.93745344099773 87.59675810197497 478.0530003297763 0.07548190653324127
488.47475142983126 326.88174623228497 497.82984096373434 339.4630273550781 0.0754711925983429
402.5706955093189 161.54605975725013 433.15546340816303 200.71041831761775 0.07537974417209625
498.3673608929864 348.32980559328644 505.2168350312419 357.7969022567312 0.07534462958574295
559.792173557563 357.3430880749253 567.361577279907 367.9841631923194 0.07522132992744446
526.9777577493745 389.2487111270673 533.2533886258126 397.6939930267537 0.07520850002765656
437.2174020740833 340.60807985621227 445.88155746075773 351.6848448313329 0.0751330703496933
33.71566783890673 273.867586394715 70.32160938396463 327.7808833982732 0.07511860877275467
99.20710467965311 290.62977143227215 140.55729951482274 358.05995460232623 0.07509033381938934
491.8249311361072 341.01853071867436 531.6421535958675 390.4007218023313 0.07508330047130585
165.1834922504365 410.99736252922844 217.63096420305698 480.0074255811294 0.0749538391828537
475.76947669729816 346.8063505609901 483.5627412882525 357.0630881529163 0.07492539286613464
784.303255850414 347.8694648097696 792.4033327242713 359.1922664493083 0.07489405572414398
703.606446320277 322.1611533711844 714.8516240517612 333.6957950785172 0.07489320635795593
237.49210650293995 295.58595923164484 322.5681351054106 414.04389201344026 0.07484439760446548
565.4529942793156 370.68151457330583 585.6293792777194 393.64266111031793 0.07483812421560287
809.7992619501006 322.1927226006938 817.9295170866932 332.55750509457044 0.07475848495960236
-14.979019658729106 129.38487273427194 31.138923646170735 208.56380200221633 0.07470643520355225
114.34854398408416 366.33264543795553 159.67184562073962 431.91129132180566 0.0746995136141777
693.3744622615498 329.99147295927656 704.4091443393236 341.78231136764384 0.07455900311470032
488.5500389206263 281.6262996830343 512.701879041949 308.2614230522336 0.07445898652076721
489.29875360216 336.43333342759246 494.66857376121334 343.9166083090585 0.07443585991859436
188.57513882822673 314.10491742626425 251.96659714413167 407.4039583176787 0.07443311810493469
791.9770173917226 314.3715029938831 828.2567071259897 351.7233469888517 0.07441212236881256
435.21668573642967 374.9131857884894 441.9123955639767 382.98097627004086 0.0744093731045723
733.8341797319289 387.2436670077279 745.905936658234 404.5502756771903 0.07437784969806671
540.3426785155535 357.26494535028047 547.6062388616982 367.4735935842983 0.07433754950761795
322.47834104825506 192.20681625323692 365.16551413861885 269.19099378059343 0.07431089133024216
32.94246333115495 150.8909484247745 73.21234127910344 213.82190828851782 0.07429743558168411
689.4748005319486 387.35739585181176 695.890129345798 395.37308665746815 0.07419553399085999
569.5571411569179 353.2310726160169 576.8054930695345 362.75355222888106 0.07412366569042206
739.5073297241704 345.0381646406423 747.3426455226327 357.32507907667525 0.07402205467224121
276.6676295789763 234.07296202738337 333.7942834879298 307.7324210859276 0.07395927608013153
851.2082843601673 373.5012841022639 858.6650764667297 383.5869256281185 0.07394084334373474
386.7983179144227 317.6248193452685 390.0053653237295 321.93214017404216 0.0739361047744751
877.3170965220544 335.0637502771567 887.7221498325537 346.8437486450467 0.0738220140337944
88.99133651608471 340.30579943330304 131.2229450251696 410.4112595449336 0.07381056994199753
799.4421552632762 343.0867732245025 1216.2361249754117 852.6108245471615 0.0736745297908783
572.6024955588316 371.080015020053 580.4259629797697 381.3715618684117 0.07366767525672913
748.5758020460672 386.5652650623066 759.3186240556972 400.1422639531029 0.07366418093442917
59.059372312500756 257.398429491235 82.00744781486463 286.67740491330113 0.07363945990800858
345.1432758574669 152.39593230130922 351.9048264432678 162.29302502920325 0.07363151758909225
737.7647517503616 324.34028633310396 770.6668777758299 362.9357801371248 0.0735587328672409
579.2071783616981 338.21316555180863 606.1881428427678 368.79772000952556 0.07353226840496063
203.54186823440307 467.14201659499616 250.66930710533563 527.9207170511024 0.07352173328399658
740.2386880193508 355.23176834915097 758.1374174074563 376.5234124035825 0.07350832968950272
551.7804091067852 369.9671493399335 559.5419736863502 381.5369107296891 0.07337699830532074
465.04519469043373 395.4536205520572 475.50753820450404 407.60958092404724 0.0733286663889885
876.5384229980297 345.1922315275834 887.1175787396046 357.64579978756865 0.07332257181406021
16.589505708530258 207.79104065348062 52.02376307759328 261.9785563847358 0.07325157523155212
797.370701008606 386.8980839354494 805.82388799495 397.3833947205628 0.07321353256702423
761.3430151193177 342.65191983198207 770.6140769733623 354.87547250098555 0.07320724427700043
513.8447458447727 332.5814430854173 521.4851386637329 343.4043633702853 0.07311952859163284
510.1316797897811 361.02599376726454 540.817051084497 398.54055536890746 0.07310224324464798
829.4976154150786 365.2390923989442 838.8332723566904 378.46486566633257 0.07296445965766907
149.63902915155646 251.31562233260627 222.5021055416318 361.5660933899846 0.0729508250951767
159.08665995342787 145.457481776769 208.04264617385644 205.42604724727408 0.0729089006781578
789.742914344516 334.446115353885 796.2688702442325 342.26170947833265 0.07290878891944885
715.7049665891749 326.09820317923607 726.2917828892697 339.21632123274935 0.07289879024028778
805.9561972884774 326.23775481682554 849.1344467697393 367.5884653211795 0.07289279997348785
697.0916183499925 381.0785397133726 706.4185718917519 394.1637176119992 0.07286955416202545
195.48015872368916 69.02584980671384 218.9686689316934 98.72125731509065 0.07285842299461365
54.87222319384209 178.02418066841497 122.5801031829964 278.6009227105536 0.07279074937105179
880.1911385613299 350.8424758953459 930.5688523569344 415.34736432443714 0.07278263568878174
13.269924362051816 226.04653057883425 33.47246708885283 254.64914576870635 0.07269486039876938
425.4550760505561 372.6546424437107 432.4914789492698 381.6648255907575 0.07268449664115906
542.2469965006624 371.66711958912805 549.2788132632838 381.22947321253304 0.0726410448551178
192.94325542852502 -9.13115015840953 224.65585990186332 27.112001978151124 0.07261447608470917
387.6827406929608 327.7009624682853 393.8208631410479 335.6264577732974 0.07259951531887054
147.58490197995255 49.69760959690982 165.3265331114415 70.10880838927542 0.07255628705024719
713.8228163782246 376.9718328526001 729.7234882128226 395.9032271869395 0.07251132279634476
414.882131398043 355.81610221728755 420.6428918427844 363.11056645424054 0.07249792665243149
638.965986898116 398.76196952341996 644.8647074747836 406.24112874723954 0.0723542794585228
769.1577780512685 369.2479624096524 780.1392340781505 382.5363049812365 0.07229987531900406
678.615533076501 317.2792820331981 692.9951239858528 330.98837473886505 0.07227536290884018
531.7322466803012 362.97966855120677 537.9572775659461 371.89606060121724 0.07227221876382828
576.7816555167642 371.2502768910087 584.8849192995102 381.96638945104183 0.07221927493810654
531.116547690422 331.11869626153026 539.54555999965 342.3349665952291 0.07221430540084839
77.91742008477411 363.1183040822073 115.41116077454281 421.6834351747184 0.07205069810152054
585.3070102621417 357.37332240402554 592.3196603395855 366.28221541543064 0.07204990088939667
836.6690271323197 313.70078866133014 845.4627809569839 325.48569657224203 0.07204573601484299
41.08372393291951 332.46612835467045 93.01631918722185 412.96234822675103 0.07198165357112885
740.7866460922904 372.74944618931744 749.3958930143987 382.91193591561364 0.07190123945474625
564.1619159019247 313.2402453381481 597.5949452761936 355.3181055947541 0.0718875303864479
712.907826772498 330.9859692669999 721.8235009594608 341.7273656166609 0.07183953374624252
540.6170176767919 349.4222456679662 571.0479561624047 385.56058724996774 0.07181088626384735
549.6317173273391 380.4866670324287 556.3689433440118 390.2281633661865 0.0717087909579277
592.1525766660401 349.4605491323214 623.9672806174397 385.3744017077962 0.07166419923305511
411.4376310836139 45.17147234930827 654.6354613341921 309.0087650356178 0.07163531333208084
120.26108979379764 73.81616634335987 138.4766104061936 96.50325405835287 0.07159940898418427
148.30972483373992 -13.108315057276977 200.27379408650322 44.291725011681805 0.07144626975059509
680.3200404273505 341.29875017113164 688.2517850768171 351.2319171513297 0.07142563909292221
822.5534679730948 292.2777422435536 857.668245098561 332.3940851677747 0.07133224606513977
560.7506508564953 348.15404164182576 566.9815115602664 357.13124345966 0.07130952179431915
16.728594454071583 356.9022897835752 27.96769811362764 372.67576359480114 0.07130184769630432
750.0861259481318 371.540500155465 759.2515642896192 383.7106731903192 0.0712878555059433
581.1470928795899 355.88732882908073 587.6390756992057 364.218540472983 0.07114613801240921
12.694048318796918 542.049961076872 20.955330304691874 552.6064975395769 0.07114052027463913
238.2419987922726 235.75877000301892 284.3664210516906 298.4418097996941 0.07109098881483078
849.6999464156855 352.4993377218074 860.3526272642822 366.0295140629685 0.0710839331150055
546.6179012037322 361.7053335420768 552.5454876102337 370.43359546510715 0.07106610387563705
124.46526629598965 -8.721132227067942 156.80958561291243 24.767653159457577 0.0709814503788948
510.5279712064449 389.1456110301233 516.1841337071519 396.51131510594877 0.07094261795282364
814.725853786842 367.33583913536006 851.7605276152296 409.67206672800864 0.07090025395154953
614.1181577079901 335.56929321355744 639.7379761586964 369.1640171804676 0.07087454944849014
566.8404721439667 348.54340672982977 572.9490722482593 356.27959409807784 0.07086861878633499
732.3560557367922 526.7379466131496 934.512400756713 737.6890544592655 0.0706617683172226
380.5011587267891 234.3652391403496 405.73187280598603 275.94750460813316 0.0706079825758934
137.92865973174818 501.4134649600816 183.0326848333845 551.9540853827133 0.07049273699522018
431.048011355272 333.9119045702767 441.790197201755 348.2406830320946 0.07048198580741882
446.8509088223509 275.8156078753696 479.6773073976913 312.21494282412795 0.07046381384134293
793.2314427342003 382.2123734146256 820.8145003281672 410.8580109840132 0.07046084851026535
666.6596993982059 327.94417552421555 686.5358182015146 352.1250284409532 0.07045918703079224
408.5541752724832 352.1012102137696 414.5835072035194 359.72902551072724 0.07043704390525818
699.3093642701544 391.9073363524609 711.3686754766507 408.22446686976684 0.07037949562072754
729.6796138873049 385.8951821807546 750.757456479295 412.4517719356686 0.07034257054328918
19.062396515839392 536.4842737461929 35.99778790414332 557.425812185379 0.07028991729021072
549.9258945276383 353.0299554086572 558.5743167602642 365.7353126213689 0.07027316093444824
18.96045935898237 196.91801312837197 35.87609559971823 224.42623776962222 0.07021261751651764
336.6073339496051 165.32811197207008 342.66827376322476 175.1171914990117 0.07018647342920303
440.39238132938874 380.02414489695445 447.98047306182355 389.79636778865296 0.07002070546150208
543.7225255010585 322.3106321097069 553.8142928005617 333.97421716840495 0.06997755169868469
67.45796786376282 169.2425909409678 90.47489808674227 205.32468280707224 0.06995828449726105
591.4309867497099 357.4440888197993 599.4458397738293 367.8180142808805 0.06989754736423492
824.4448922558722 394.8929376999114 832.4736762652493 405.2584856116328 0.06984388828277588
98.10963024579053 138.52260401866675 146.2326562233259 203.15357260734734 0.06969371438026428
683.2791037145388 392.764420003297 692.4848778185806 404.20846189402437 0.06955910474061966
627.8368456727422 302.6492877434716 661.0040937767652 340.8908312202922 0.0694793239235878
537.6504397004232 273.136484587444 567.6177698996522 311.3705614728988 0.06945916265249252
94.06136303618443 139.89105959222547 122.12520141730015 176.79080121082148 0.06945568323135376
539.1719120766581 335.2999283591522 548.9192054674894 348.76854576040205 0.06944075226783752
824.5442953647164 272.5778748630508 871.9890284950521 322.32029395879766 0.0694209486246109
541.3650507790601 305.64932207332623 552.4537662792775 317.34569644770613 0.06932952255010605
670.3857708554549 313.3868339825714 680.0268118534548 324.5544446162064 0.06931250542402267
488.23367610255013 386.25751537406614 495.93933105116736 396.2999262772603 0.06929108500480652
751.0717774620346 296.3367879177904 795.6756468312198 346.96066026355084 0.06919881701469421
399.50246314630584 268.1551948942011 433.0996947957309 309.3895874033457 0.06914689391851425
425.05811665906583 382.86323698787197 432.0202458982798 392.42326491206336 0.06914214044809341
486.3782736047381 314.47011550312413 496.23525351768575 327.0273965347682 0.06908146291971207
428.3823786334307 341.7497875268348 436.2917552269567 351.98850599124324 0.06903444975614548
831.1381691060844 385.4517440669437 839.2364904382872 395.7973837228994 0.0689280778169632
576.8878863443996 275.2550799097916 622.7883198935701 326.7747054725466 0.06889060139656067
411.86504141738556 277.00719969439973 455.03484724950613 325.4738729355485 0.06887136399745941
111.89222388423376 222.6259452663042 170.4244156939057 316.1427426801962 0.0688667744398117
787.1836232092861 308.4373439178231 811.5757029563808 336.7996861445259 0.0688033252954483
91.688011451691 222.53836014068742 100.13546665835501 233.47792309961972 0.06879434734582901
426.6693238259706 346.8972067931494 432.4806198691197 354.4080284426341 0.06878507882356644
883.3718347505621 324.60119318842544 893.946628094262 337.5957909238 0.06874895095825195
861.5146769976121 372.3165202117421 890.0939700069498 409.6448009486334 0.06874848157167435
94.75243809694447 434.0688247226044 115.76412359593522 461.9610265580774 0.06874720752239227
1034.1662518384105 197.45477509788725 1089.1126277738317 279.0523325549608 0.06867396831512451
445.41404899101923 314.04942287977076 456.494710768878 328.4514534267039 0.0685914158821106
211.41184990620272 27.284502651791648 226.499377866852 51.965066998738756 0.06851609796285629
673.4633270469534 364.29242951130425 689.8268441178056 384.4515951333455 0.06843336671590805
708.6542958314426 366.53827786882556 761.2546826769718 430.49077719208344 0.06841777265071869
669.1122966164372 324.2684419349513 680.1461325241427 336.84359921583854 0.0683821365237236
465.14553611394433 312.3423059271391 474.9670405374848 324.25984298573434 0.0682726800441742
168.73776177141548 116.97907123470375 179.48598522132772 130.46718975062376 0.06813624501228333
729.3219057469937 330.8638127272374 739.217806191975 345.3447440114801 0.06813047081232071
470.09957952026434 292.93104580480303 480.8266783374819 306.13627510090066 0.06810709089040756
-17.99737287768531 450.74887902226646 49.75923767140019 553.7816282272794 0.06803494691848755
596.6463621606753 331.98447430596457 623.2427573284682 362.18076113298434 0.06801816821098328
620.4132489736678 324.0448276586714 649.6577675965619 364.65252084136023 0.06800423562526703
175.01603193448926 25.23800911127881 198.50765945666424 56.417852871049945 0.06799136102199554
635.2936398178738 340.4249531220813 662.0670843499905 372.29278706552543 0.06791601330041885
268.2694048805303 489.0604515132435 286.7262643562021 510.0304231497382 0.06790577620267868
889.481287292355 299.46273288443666 937.4552728367041 352.30351282991086 0.06789230555295944
599.1790476597232 369.7174219133293 607.0086759461723 380.04632739495406 0.06785532832145691
712.1847098857412 316.2629850344826 722.0516571395049 327.3507322027087 0.06778997927904129
728.0853846472305 340.1545017944537 735.6251525412067 350.9376260951018 0.06778189539909363
575.6832037426029 350.26651159501773 582.8132194637815 359.16642078226596 0.06774912029504776
190.5679320809989 400.94850712409266 266.9940208678267 501.2895548407033 0.06770876049995422
872.0717549691938 344.9443059351614 881.788565071446 355.92697386108375 0.06765644997358322
139.42093165153682 29.94370038509742 149.3112893588593 40.200144290878264 0.06764601916074753
505.4277727410023 393.50549859090677 511.75136611903804 401.79432585045146 0.06755191832780838
758.8381820297175 327.61022352264314 768.375388769367 341.32589867114746 0.06752534210681915
71.92228444184396 71.94745253354321 101.13289894116463 110.78432778545918 0.06750249862670898
493.8553692301911 324.37083061953047 505.93812102349574 339.25436151445933 0.06745637953281403
562.7140170152265 373.77317585944365 572.1519603925154 385.8982503166723 0.06744786351919174
84.81166976477625 42.68725187015667 103.50107695181006 66.56179501904994 0.06741715222597122
333.16270954916996 143.57908443949086 343.1447628101482 157.48888152373752 0.06741122901439667
469.216693448811 266.24010537425494 495.5834288077695 295.74362577242675 0.06738490611314774
549.5529519438456 335.2410149298899 559.1560999943797 349.1476562955962 0.06730896234512329
692.9508075560785 381.3178020275057 700.1739579696301 391.4329938944829 0.06730183959007263
456.4590094841454 314.2013953785358 466.39225566878804 326.00293002599426 0.06720272451639175
837.2937439661042 374.5817401209933 877.8645827340869 422.4171950321078 0.06718220561742783
189.45055127940012 49.66044484268459 203.39987708190165 67.65578526130037 0.06712982058525085
63.547517458328464 118.40673499274824 98.26120585706386 165.1720461109017 0.06709985435009003
553.5790501101691 325.76613433691125 562.012404212635 337.1812452018264 0.06709238886833191
-20.409247541843282 -38.31532773181657 87.33512997542745 87.26497839651516 0.06685899943113327
148.85279464162022 38.64219789214162 161.02809930621913 53.83768728670025 0.06684628874063492
10.040326225963351 495.50521176667274 34.49741770084442 528.5985620711022 0.06684566289186478
452.67278586227934 385.1061912009908 461.7232558955619 396.90575627844265 0.06683424860239029
646.6505167662967 313.10836997560375 681.4859492812886 351.33666989423807 0.06682539731264114
768.3658579903262 387.6133390639841 792.4063889255738 416.19234722597315 0.06660496443510056
742.4167463878342 384.5076926420966 815.8296462057941 462.4176366428299 0.06650622189044952
580.0344398463974 378.3562799124515 587.5127158523206 389.021496902686 0.06646964699029922
545.5446178564616 284.5180812535643 557.1465902070657 297.6016137331375 0.06643560528755188
825.1365023245412 416.2058182797356 878.1936692261876 484.8112212309667 0.06640854477882385
195.38958225300237 96.80249728662028 218.53084359704735 124.81535380273152 0.0663706511259079
542.2376060138284 389.8877983506913 550.9598297468439 401.05893192919956 0.06631054729223251
142.67460529851078 162.84945292419368 203.24312862491567 251.41357332665694 0.06611541658639908
794.5027583446126 320.0563735791429 801.744305392824 328.7206312390606 0.06590818613767624
83.55921998128161 -7.86568769928999 120.56161346147186 29.00814561802194 0.06587405502796173
276.2528250094063 210.62083011154462 344.42638770174784 304.6846261568489 0.06582667678594589
227.24676727203774 434.7854148865402 340.96831671799595 564.3930988302775 0.06578755378723145
885.1356484350761 321.3782256785632 917.2208129777549 356.4216441303138 0.0657234713435173
554.3948354632063 290.106043293442 585.7861191270384 328.3424482437428 0.0657016783952713
469.1422189497977 302.66524274003353 476.8628930960607 312.34916942381443 0.06564344465732574
879.5328706281445 357.244111875928 890.6312789535804 371.3523124500359 0.06563592702150345
169.20096007709654 94.27459130706715 188.30983292715266 119.39431295390294 0.06562606245279312
761.5498726504304 380.16264603790654 774.8819106527296 396.31220466644874 0.06548725068569183
659.3233313955916 282.18453243272 702.7242038797348 327.40825528301747 0.06542374938726425
860.6377235493815 367.6266847657345 868.966747808772 378.40347417149275 0.0654219463467598
85.19105558933276 90.37564833497636 130.47049496758564 147.48414461484384 0.06533990800380707
185.7341591337079 211.52662980791558 248.84323283804028 300.3618798209802 0.06532099843025208
171.18267183468893 82.52939376107862 183.79402491511155 96.31761459534974 0.06524360179901123
789.1980011250744 392.28513307444325 798.7100813044642 404.69627611315747 0.06519871205091476
-2.7428737790195097 186.30311561394657 5.871355208642217 198.59994493490137 0.0650605708360672
697.5178780711441 315.9414363760182 750.20318252499 374.83275155857547 0.06505757570266724
860.0187953650587 398.81418393989225 894.2909977497109 445.29305895405446 0.06496049463748932
250.04965670241646 175.00475305088491 267.72195803609765 199.52229281230478 0.06493735313415527
146.1739612490917 465.4872833129191 245.07195094271123 579.1440139408035 0.06478291004896164
562.4520741563625 339.95863422500616 569.9481403945618 350.9462748359327 0.06477377563714981
839.4455182839092 386.09739090653136 847.1585570962931 396.14581556575564 0.06469825655221939
747.458984719619 340.0950450957377 756.7778881225178 354.16626237189763 0.0644913837313652
672.6372855945585 341.73682190702795 684.3189707076848 357.18902575599844 0.06448691338300705
507.35024580241327 313.10561448603534 516.7363430255698 325.7889337935141 0.06442628800868988
62.03147179368278 8.879373649330748 72.67059999063672 21.75593230756173 0.06440005451440811
505.23459309527624 398.39346622904264 513.1314434108199 408.37807773142544 0.06438809633255005
504.1393184438392 268.44404738650564 542.1317843760885 309.9838182499208 0.06421211361885071
140.64965683863753 134.73062066598675 168.2897760809677 172.49307161288908 0.06414436548948288
579.1862895286965 345.1763165413629 586.0259363506954 353.6260975042191 0.06387380510568619
887.1543990582169 335.3085808247677 898.3933760525763 349.5634130669372 0.06377765536308289
374.7544982047649 177.81198127804402 389.26151396100073 199.35486077142784 0.06371601670980453
145.62611661491275 88.69680895745026 173.27241258524603 126.2462275115987 0.06362244486808777
971.7122775440803 24.991187104358325 1110.7794239161933 204.79662334400464 0.06359613686800003
534.0531985963522 378.93691778128965 543.0877440878322 391.86763471676073 0.06354891508817673
490.6844062494859 537.301710750065 752.147310681108 804.6296140814374 0.0634884163737297
505.7589758035603 322.00692812424967 515.313233087047 334.56401546550717 0.06345943361520767
-3.673884068691922 486.62809618827123 74.40969304933043 604.1575133111996 0.06345929205417633
766.4159752019174 254.06733376431998 823.0261395055697 322.02636041864395 0.0634474903345108
164.29687700252222 52.32867571992668 175.8235343282333 67.24871873594057 0.0633847787976265
713.3760780591014 461.96485955798346 749.5820575788684 511.0640137002735 0.06335017085075378
643.1940348077792 271.0488142573841 682.0340793761945 318.46919135015327 0.06333092600107193
136.64835433145848 257.1469025755075 143.28328819932264 268.15297707653264 0.06329677253961563
582.4769804726784 313.512172631131 646.8746578979162 387.3792683490037 0.0631239265203476
264.26289525395504 378.8841972691219 348.1510186707709 475.87228323011175 0.0630434900522232
419.9213819421745 346.1257908388304 427.76196042927444 356.26224283239395 0.06288111209869385
770.7524396416253 341.432141519356 825.185593647123 405.25281711898964 0.06286001950502396
824.2689827421681 308.1845841448871 834.2466681449826 321.268990322092 0.06279751658439636
379.4682801720268 278.4774007072674 393.8324290861049 302.859398975343 0.06277208030223846
846.2068327522966 313.3367228086689 855.7043637511697 325.65388711319855 0.06264765560626984
810.1306442987989 313.37053821370597 817.8161548102812 324.68142290605266 0.06262923032045364
136.30203150010783 79.15817591671573 150.96230110015443 95.79213191086201 0.06260739266872406
243.95114076427026 204.77611397836742 252.25301915606173 215.82306500448533 0.06245734915137291
612.0644745477216 354.1998508985003 658.6338927994778 411.9488088942589 0.06239394471049309
205.00311864669658 29.575619123941074 215.52439731266398 45.46296157683102 0.062351301312446594
555.9913889420242 307.59299403781006 565.331101625445 319.4486986772491 0.06234104558825493
52.379911280904004 53.44225834650753 63.74664546353924 67.95864985993494 0.062202293425798416
169.0450837821076 65.8630517953409 182.80420466694767 82.0712908031308 0.06209506839513779
527.3836485291021 312.8309400097142 537.0906358318348 323.4848362062717 0.062038272619247437
52.087102652561654 272.7903502216928 75.2972770889811 306.9180247962936 0.061986811459064484
204.01503620232103 162.42813133592128 283.57318931897544 273.185901687532 0.06197594478726387
595.8250845572195 373.9884317153519 603.6152436628456 385.49490990275456 0.061930179595947266
569.5588329947279 337.66510367839516 578.6484594688908 349.59599568767254 0.0618763342499733
27.60479408137819 357.98395740418925 37.521750173500536 371.9957475349516 0.061828549951314926
113.85580443681809 107.83444658796562 140.35186000460416 142.50100030907495 0.06178153306245804
92.5857979161679 254.5180592655645 100.18930441639465 264.52205356752523 0.061766088008880615
493.0480606369111 314.2992692322733 504.4707016133707 328.09116944359386 0.061640746891498566
865.850372071074 314.42858665346745 876.67885857263 328.46078593042705 0.061569053679704666
837.3246089610768 226.2924033541422 890.0693090512103 299.16997601066345 0.06153109297156334
547.4606718665427 273.94522608554433 557.1954852968245 286.27036756395563 0.06141848862171173
559.6714136691043 326.6423240263803 568.4424810062134 338.33824264048235 0.06139935925602913
761.7899838962971 391.1212308592751 772.726703554077 405.2417684841662 0.06139162927865982
676.5689683526437 11.2174872095418 927.3256932817653 271.12520023822293 0.061331190168857574
212.82784016200685 57.18714114714602 223.32224731634486 72.43860420959993 0.06128975376486778
248.64299232060208 118.86723259756216 278.72711229655874 158.2997792555085 0.061207301914691925
560.97024433248 258.18446187789857 598.8954651936548 297.4084726591991 0.06112327054142952
180.49437041972567 75.05556712664803 193.14971771052438 89.57846136934673 0.06093129143118858
7.277595229577332 354.0472900148964 18.454622804335795 370.0017281852475 0.060921549797058105
684.9419237391024 294.16154852731114 727.087389004077 340.1266638576403 0.06078360229730606
64.04136584620319 247.62895945073097 72.57388702642389 258.81439485138486 0.060671400278806686
586.9091608780833 351.9932729892011 593.2927164715101 359.6702648480499 0.06049526110291481
556.0708224164256 379.1166898409126 564.6344922105185 391.1228483960632 0.06041793152689934
549.5631401940643 390.43246631584833 557.567765077907 401.8131084790048 0.06030690297484398
512.1794694899103 304.9291124668111 522.4341611842478 316.72772431532263 0.06014254316687584
486.13299227631046 302.3521682252513 495.81594006780534 313.9624445722391 0.06003383919596672
110.7958726154032 539.5323055018009 211.3935786571387 652.5500603255184 0.05999622866511345
250.13447792872287 209.09937856539918 258.28288442107674 219.14059619976197 0.05973105505108833
659.595359606894 310.94654328786254 672.2451782824057 325.37187560676904 0.059703659266233444
723.1386603918855 399.7544477822668 736.1978859675393 416.58969348202874 0.05959735065698624
548.258208461533 340.22592676926934 592.312395055736 401.12846580187176 0.059527743607759476
41.437712122590774 333.88834409583836 49.5640756921519 346.83866716237543 0.059459786862134933
121.89030148031809 451.43827621016464 129.42991205132682 463.38939375303977 0.05939554050564766
447.8219520828615 304.2534279938597 458.65730217140754 318.0313601245754 0.05937158316373825
928.0311735581038 301.93489657919935 1010.659810356212 399.9915852359872 0.05921037122607231
43.962979179441746 38.187752246273746 84.12707283120581 88.73035973851717 0.059199873358011246
599.9136482285121 378.72861360363135 608.716013493464 391.81609895938703 0.059169042855501175
636.772184703585 295.98561247088554 650.6294006347966 315.5543314504866 0.05907458811998367
15.79691561911787 95.96816031994122 52.01215978127286 158.91840762797466 0.059065937995910645
325.29792315302245 473.94991949202574 434.92443857333933 589.6665612591432 0.05891939625144005
556.4472343605034 289.5487774292245 565.8682461208634 302.0370714579473 0.05890718474984169
575.2024254616297 328.7436954299124 583.8369351973537 339.589710692605 0.058740925043821335
738.3181431486177 325.2522843648429 748.1246191623654 340.6584333079598 0.05867431312799454
503.218940721817 302.5685511763393 513.240504190257 314.79759047655796 0.058624979108572006
834.2725036983 394.3860489852508 842.4262805707946 404.6646379705245 0.05809682980179787
43.011926715042016 200.69912138770783 59.3776546176392 227.01563434907158 0.05779330059885979
586.7243870832112 331.0971519557213 594.9403266775736 341.8163092800499 0.0577172115445137
588.4651558514665 348.2752102782517 596.5417467519951 358.5153565422169 0.05767349526286125
44.8691923283873 90.36510499545884 73.74538790886152 133.70649365595992 0.05752743035554886
527.2926115721601 286.0041056224848 540.0106909718708 300.5941054522396 0.05749756842851639
871.9472987110605 379.088416232874 880.976424878806 390.69909638955625 0.05733351781964302
629.6987869476663 390.00190387229725 639.0441252085584 402.27565129389177 0.05722835659980774
720.1517832399163 287.4408221874427 744.2594251968309 320.02036680779526 0.05706477910280228
575.821562847738 313.45323654100315 586.4313242004363 326.6410208866895 0.056838054209947586
637.3166247246324 383.0895204354788 647.1488554547533 397.2083725343891 0.056288961321115494
781.0629531782148 317.2104037490744 790.7910361114642 329.31101682913055 0.055947378277778625
4.996295892739188 268.0805443456483 40.7583398230241 324.91952153371466 0.05578545108437538
877.1920800034943 370.23620584811226 888.3200736719413 384.6163894787278 0.05529435724020004
607.3607526174512 217.4333842443371 663.9245024477196 277.1893556134348 0.05516832321882248
1012.0433240879404 -37.73219014708394 1118.5169756290397 87.41240712427945 0.05493800714612007
243.35724757397097 556.770843319068 422.28884560086766 742.0509885700399 0.05442942678928375
413.1476103510434 265.70698231218006 474.9456472416226 339.9509638409847 0.05434105917811394
622.1967772937111 197.83936241079135 681.8289887911006 262.0050814210454 0.05244148522615433
