583.467589217506 458.02821308230364 590.2885109621624 466.99812518598924 0.9894039630889893
443.82451847526227 453.6912698928908 451.3043149600303 464.1530558745439 0.9626813530921936
617.1473189964659 452.6228578200366 623.1290784156851 460.9783550536713 0.9363689422607422
538.1246150082995 449.4741871101942 550.4466529736451 466.29770507875696 0.6647706031799316
611.564006127326 462.71129514375485 617.767698840384 471.67509393577285 0.535423994064331
627.8566489962318 460.9938000201026 639.1481754026174 480.2517513019641 0.3340282738208771
603.7154949819754 465.5985857148862 608.6330413880096 472.78782119325115 0.2959882318973541
639.8039960454563 451.5054413995722 645.7053378347259 459.0211487469706 0.2837770879268646
646.3258762180193 442.1124839132059 655.2286014370461 453.4442825443385 0.2647634744644165
629.2110441396629 457.2140172054589 635.4024593327422 465.562402557545 0.20102567970752716
1026.3653683684574 150.43855158878932 1040.9446368641995 166.5559654658131 0.1896110624074936
944.7328779122979 301.0892059764259 1022.7478224595452 386.58379679708725 0.16487857699394226
896.56426391834 243.84312812650214 1097.850324701665 496.02397095805037 0.14900220930576324
972.9826034242194 219.47493876765543 981.8037630831948 230.20795666267745 0.13601145148277283
982.7396711768247 208.16315077778006 991.8738498925736 218.87587162686765 0.1359623819589615
1001.9957328092306 182.41546589855548 1012.4474086044859 194.9100902118048 0.13426625728607178
956.5865071079093 238.93071697373992 963.741034377851 248.07323887990685 0.13422702252864838
992.2257983190702 194.58776818814982 1003.1984908157118 207.90237860732597 0.13356643915176392
965.1640727764787 228.70581759530378 973.835298648801 239.3282689788444 0.12438494712114334
653.3985584036759 448.01798209060314 660.4528279244284 457.07527205023445 0.12251163274049759
944.7454041502463 254.16868621897785 952.1464372974054 262.9931441115854 0.12152805924415588
951.3477642757384 247.31211896103866 957.5494056295058 255.2818315139882 0.1203700602054596
73.56099374226596 374.537348526058 119.07304649832219 444.69680895765015 0.11960034817457199
632.555512576784 449.6050459982532 638.4683664581466 457.2401816734255 0.11958383023738861
621.7644944571157 456.2531559783659 628.5608484133941 466.01466703425734 0.11821460723876953
1013.3833054561746 167.93092689586078 1025.888187105234 182.68136246759457 0.11785364151000977
977.2513999297882 242.81355345119223 986.733538599264 254.33125402250508 0.11684852093458176
985.2843559263924 235.36088203760656 995.3027225910062 247.36392033237777 0.11665239930152893
625.1756081880144 445.1501782537627 632.4953051239581 455.4898092108902 0.11637338995933533
522.3240474948001 457.95136930683225 535.4340684127811 473.67844801234713 0.11569879949092865
645.9822158774969 452.35662855562447 654.3331782104509 463.09523583143846 0.11569593846797943
635.8763204421551 458.1784721874996 643.9590658127752 469.40524939654716 0.11352646350860596
978.109892538535 227.98692144907503 986.2884346688721 238.16413151089597 0.11347109824419022
972.7044523641732 232.0133275444009 979.1263654519919 239.59383701580154 0.11335314065217972
689.0184561391645 447.26363232539694 701.2427184698014 463.0645841703244 0.11327502876520157
655.9914446893108 438.29128055358103 666.3141013978277 451.63552986962026 0.11317317187786102
967.2203990260437 251.4824466175709 976.6612606864038 263.53388529491207 0.11207596957683563
495.20421255516425 488.6866523330751 508.23993374645283 505.4267213055531 0.11199717223644257
963.1488703733522 240.63019352751928 968.3321968839573 247.15061914887582 0.11179140955209732
659.9546459785413 446.0859336304382 669.9082301382324 458.8119419702491 0.11172135174274445
524.4967553175002 453.6043540194744 534.931444806418 465.6533908488031 0.1115308627486229
1004.7816181135935 212.81284458839687 1015.6088335999659 226.72578261879082 0.11139098554849625
640.2981203099694 442.94035215994757 647.4038569302851 452.76945741191633 0.11125487834215164
574.7447684884206 467.6920995934452 582.9865007651399 479.6377411892957 0.11052124202251434
993.7313537413207 222.896119062327 1004.3163154616516 236.28501044708167 0.11045972257852554
966.6381099682649 238.43842739763338 975.2421283243401 249.1745486799638 0.1104254275560379
537.3797835161927 438.1333075004263 548.681569350302 451.8698587528047 0.11039776355028152
986.2336639427283 220.53200013267966 993.2008715877093 228.2890268243101 0.11035355180501938
646.3113610185786 436.11513845449423 653.0368098541677 444.37636167261695 0.11014130711555481
1042.2645903458958 131.34694151642287 1055.1479336101122 147.01109155609126 0.10992097109556198
652.4172241307638 456.0565974913782 661.8029460012742 468.52161076022486 0.10969187319278717
519.3268571961933 469.558740196515 536.0333380216449 490.6942091505404 0.10948832333087921
631.4299576822598 439.2189129615986 640.7956115061407 451.0222090343774 0.10931610316038132
613.8733186101719 467.5263277529767 619.9537113828379 475.7982610548464 0.10866881906986237
652.2027104947773 431.493387267271 661.1253593945853 442.6545712041374 0.10858221352100372
964.0193858854885 221.69024573230934 970.1145020786482 229.4430969734656 0.10835906863212585
976.1959719067464 237.0638942974695 983.4660649834414 245.76388087207508 0.10820404440164566
506.92914554829366 474.61001285088344 519.962186946221 491.86815844706763 0.10764318704605103
0.6907668629294244 337.16936192407474 9.204062864905302 347.4122518976614 0.107256218791008
531.7933622880977 452.2198633750986 541.6855374297795 464.5110094877938 0.10722476243972778
983.5431085178051 197.6021134785783 994.6771358884566 210.9650605950136 0.10666383057832718
947.0256473173579 228.53239567101053 956.2207039232504 240.11952896230113 0.10654348134994507
637.316713826809 434.3587021077165 646.7460388956172 446.8380391073385 0.10641967505216599
995.1947448095501 205.10123823689645 1005.1370784891741 216.78599689474376 0.1063077375292778
641.8200345007516 457.48662456787554 652.3094335443154 471.177339981491 0.10596011579036713
737.4453282907768 476.42620986460946 747.6464829199514 494.48603108237813 0.10564293712377548
555.0229178467237 473.2114554162996 559.9246109357169 480.393229345298 0.10555247217416763
637.0039683914 445.51511843018676 642.4068991332748 452.6048700237381 0.10544076561927795
990.0419198326567 210.37799620615783 999.8016816717877 221.51719131627536 0.1053769662976265
607.8822990348533 451.7249322199836 613.7319301632114 460.17749407154434 0.10536491870880127
522.6749675377575 442.8905065544189 534.2970253737669 457.7579162688631 0.10490670800209045
955.706843648849 230.50402683311066 961.7560216254899 238.36690032461436 0.10476482659578323
1058.1863286627329 115.87631763710988 1074.104379485199 135.37644197108898 0.10464365035295486
512.169371416822 463.49164176495344 522.2660744130764 477.3123392974952 0.10439955443143845
531.9600923630247 465.267408632796 544.4860665316473 480.6793988388875 0.10411815345287323
512.5520299376841 486.77895927721744 529.560597208613 509.2444103695165 0.10410257428884506
972.4322459222444 203.64252206061803 981.3441387600972 214.41019969067514 0.10404931753873825
940.7012892999628 237.0180388567257 949.2692676205983 247.7690462957116 0.10400141030550003
994.0361428470668 186.08185779706747 1003.5489801567081 197.10783017849806 0.1038755401968956
957.5741197063837 245.9462835240187 964.9932922671425 255.00608686216398 0.10373790562152863
953.6243110419598 220.01730825119222 962.840881088271 231.87765067654257 0.1035052016377449
602.1089464083734 458.05312013023985 608.1268706469124 466.9623429828001 0.10340748727321625
-2.9374875997998497 -3.6500942344708167 99.02547563283787 115.6421395125964 0.10334079712629318
499.21955937434757 463.89957611854766 510.77172037755184 478.8376520458822 0.10328781604766846
938.0260064136486 261.11115441358487 946.2814745066979 271.54961467934845 0.10317950695753098
1010.20230205893 189.23699832406353 1022.7141531141559 204.5873180948691 0.10298033058643341
663.987824304498 436.4112378194764 673.7420653365975 448.8409525436989 0.10290318727493286
948.1564561623461 212.52202582540139 956.4348484624506 223.89169259958794 0.10279183089733124
628.5437224966792 430.253698945793 643.3286925909596 449.76169477823356 0.102756068110466
388.5766362085053 434.7556971981284 422.3855101575818 480.24968751953503 0.10229840874671936
580.8121657913222 412.0802090979746 592.7227685997419 426.6142821956751 0.10212559998035431
659.7538422619347 459.20952553526706 669.9299847308795 472.9052487411772 0.10207677632570267
641.0591890334302 429.0261298494315 650.5154649516246 441.1113362461768 0.10181745141744614
422.83362584651087 438.9675059818894 444.338430306756 468.0510485947474 0.10165978968143463
937.763639680544 224.63318405121495 945.9977159645358 236.14622501350166 0.1015096977353096
982.6081054110314 189.38278381250265 992.2196723595084 201.03285876756811 0.10114165395498276
524.7209691113875 488.5090644771318 538.1829918204013 507.0664196200759 0.1010633036494255
605.8032758171706 471.6779565924808 613.4586109377577 483.6425086759571 0.10104721039533615
953.7470473068662 203.03579509998315 962.8426203542704 215.6506783410618 0.10082103312015533
942.3339532272091 246.48636193148988 948.7523485266728 254.67800506572746 0.10075405240058899
973.6017635131326 192.71109783469723 982.5268733922743 204.04367271094867 0.10037758201360703
1018.0438258057771 200.42941444109846 1029.059039900124 214.5856810034231 0.10013031959533691
1000.7345604789913 194.17094212999615 1009.5501344732124 204.14782856313786 0.10006526112556458
607.2874675061325 461.66772420559187 612.6048207048742 469.34778858346414 0.09999162703752518
960.5987244538717 260.8562628451167 968.7196309212378 271.1129330575121 0.09986798465251923
1010.8237417645056 180.22624085149437 1019.8385097144849 190.8100598842665 0.09942658245563507
408.35591026138144 405.2927470062673 439.4206620786472 444.9374488552681 0.0991191491484642
887.4834945507858 334.8070864120914 957.4935714760302 413.1248614136615 0.09904670715332031
510.8612968081175 447.9908959658611 522.3976330609872 463.1241307593827 0.09894832968711853
593.4875642753439 457.28074370178444 600.5201485553825 467.58081429248926 0.09889625757932663
538.052502968986 474.22514262059184 551.7707278560791 492.45724577992314 0.09888461232185364
113.73143525804034 263.98877959449106 428.50649566939575 638.5139564175172 0.09884347021579742
559.3109697524411 469.2331148706963 572.3655929383315 487.88287492201795 0.09852185100317001
963.592818546426 193.8281415453451 973.6626861039181 207.04270981123608 0.09841582924127579
664.8802134350019 453.56648297864893 673.6523856560325 464.99868524449727 0.09835997223854065
984.7510998651558 183.03583614831194 993.3499528463229 193.61401036154558 0.0983152762055397
949.9961156069145 240.27947117349632 956.1595753475991 248.12003521280658 0.09807958453893661
495.5006318895489 448.81453933836474 512.4392079465985 471.23155815347206 0.09804156422615051
648.0549676040752 462.55440210622874 654.9808979562628 471.5043055793869 0.09794783592224121
460.31733029393064 425.5849477279525 482.794690103121 458.9130971212798 0.0977250263094902
597.2972704512624 397.22903466703383 609.9201078463335 411.08244105297 0.09766419976949692
647.0072608579983 420.0537695607178 656.3002661285891 431.621161295059 0.09754081070423126
492.77311930891653 471.10303724221995 504.27204484946907 486.3197221840513 0.09733055531978607
994.0710833313024 173.78430015267116 1004.0499167806379 186.15385795755694 0.09702010452747345
993.1051290125363 235.05112978409576 1004.0353915175465 248.48304052723722 0.09701220691204071
675.9347739957876 447.60075043963315 687.5814792294922 462.57983470463006 0.09690386801958084
1004.2026016016779 165.28104159829783 1015.5455390811914 179.01654508490935 0.0967283695936203
549.2848012763977 453.4200309380221 560.2973438460909 469.966612667175 0.09669598191976547
630.060311948796 424.2789080046991 638.392232494078 435.7221408820665 0.09642549604177475
617.0632408381975 467.20121855098677 627.2915095102377 484.8338674251936 0.09603127837181091
981.2870583209732 218.5809736609597 987.2863766303227 225.7349371773555 0.0959860160946846
556.4109355717352 467.2706620714159 564.4961417807646 479.0407094516362 0.09597508609294891
525.5454292299625 432.34921490504155 537.0097117022532 446.8321935835536 0.09597413241863251
581.7925316688905 468.1409072974673 595.2424210001163 489.50931022261176 0.09578089416027069
440.02737157339664 420.4018188111242 461.5434949169653 452.1233869273073 0.09557904303073883
383.57705158145006 481.52007199197607 410.2101968534308 514.5201789276343 0.09550632536411285
960.3280791924442 206.26363034720828 970.5168258332856 219.16139303523678 0.09549494087696075
573.6496326205606 458.1195489037073 581.1654624773663 468.80137400210225 0.09547926485538483
655.1562926608084 421.7157974687003 664.2805526030132 433.51918595330653 0.0954560860991478
625.3784767997672 436.0264686951793 633.1329953757746 446.24126399092927 0.09545232355594635
1020.7367396033254 177.505117077261 1033.5826044117616 192.32932884763827 0.09541776031255722
671.4518548973274 426.3154551294978 683.2465816249899 441.26641883362765 0.0953623354434967
545.2272071427341 467.7129787067252 556.4213594817772 483.38248096416237 0.09531623870134354
639.1571630162504 468.9856152660889 647.4852993619978 481.5221934497705 0.09512697160243988
661.1288537912974 428.2563734382624 669.1595268776721 438.8852778074619 0.095027394592762
548.6049067254903 481.4636630563335 558.2622498218257 493.9627778297354 0.09500405192375183
588.634236006639 401.29488837653935 608.4076787329311 426.9917583370239 0.09485281258821487
975.3183570215384 181.5418403136519 984.3846701797283 193.3075431354373 0.09475567191839218
562.1974538865977 456.911354230357 570.3609379340401 468.51839900593444 0.09474344551563263
428.6043057912568 334.15807455554085 448.08749802186657 356.8867226018789 0.09472852200269699
934.5373373577535 240.4064601385538 942.6790207322197 251.1572254084489 0.09471433609724045
647.9712100087385 428.59345416240393 653.1396294909713 435.4549222680459 0.09470846503973007
114.316059750659 577.7237144126394 192.51354979564601 678.101442217688 0.09450343996286392
616.1659898075947 441.1176346192279 623.5304552873408 451.50919973957247 0.0944383442401886
134.44288000973555 504.6185336978403 195.26889173824534 577.4201814707116 0.09436361491680145
551.666991463015 459.2264127842152 558.2107414218035 469.8926642750839 0.09424795210361481
668.7442043177924 444.9931566168586 678.2661439217823 457.40491931909423 0.0942084789276123
503.03618139766695 478.3410360227752 509.3235826110256 487.1274710500588 0.09413517266511917
1028.1349968635168 183.343840044713 1039.3999213015616 197.85335881943305 0.09408062696456909
638.5942511861242 415.52728257976383 649.3405955602741 428.69340343473306 0.09382684528827667
623.156877570321 467.66622015679087 629.5467843922239 477.2766122163224 0.09373578429222107
593.1805037883844 468.3712244568821 600.9181769520593 480.12340105649554 0.09370353817939758
511.8294906541239 432.4256293658385 526.5457473228518 451.33688027147423 0.09354263544082642
612.6970358952814 445.0424765053177 618.5213844130657 453.1339372244326 0.09334152936935425
672.0752009497077 459.96824259395606 684.0214281779458 475.5097531806484 0.09329886734485626
695.8045460616231 435.02080763398664 711.6908725485382 453.5577461942228 0.09328466653823853
969.7542252416702 224.28714661729146 975.0370103386444 230.6798249434541 0.09282995760440826
616.7236042365519 472.455067862389 622.5953738081771 480.1080461522491 0.0927315428853035
696.5259497796445 490.5651285412881 716.3176838785014 519.2156962855092 0.09271416813135147
621.1034372524902 410.6152055542522 639.9078934567083 436.03308142072194 0.09263677895069122
1061.8951607001206 143.26979179711344 1083.0871446750944 173.75194176279962 0.09263480454683304
516.7097877257436 457.6697780266569 525.5743489164468 468.7427595354297 0.09248992800712585
611.20107716271 472.38152718328786 619.2296264583761 485.65924833157976 0.09246931970119476
618.2235137007549 462.39777913392436 624.5834119895331 471.26776733654754 0.09215167164802551
484.94833887332385 474.21712085552497 495.9467956276984 489.6281787207897 0.0921119675040245
604.3681203569887 444.45871560974734 610.6317509868186 453.43495137954534 0.09201851487159729
943.313878208514 202.5111904777656 952.4282880984359 215.1486245713121 0.09200698882341385
1033.0702136580658 160.6916134656573 1049.681585355233 180.64961633936275 0.09199690073728561
662.7298291440346 419.9182632598069 673.9058959384818 434.66460078190005 0.0919787660241127
651.5115867721452 468.77246041205376 661.8504184024515 483.73113589638933 0.0919702798128128
969.6742801787457 185.61551476514094 978.9751913584329 197.9566092389935 0.09188445657491684
667.5193060196586 463.842145524932 676.3479496473229 476.2476116788075 0.09187236428260803
1028.994208224921 128.23156690636867 1042.886381847692 145.76693642652495 0.09177132695913315
597.6834263272883 477.718415025532 604.1847931259222 487.82562881366715 0.09175511449575424
469.0568675084881 447.3457518727961 477.87810699932123 461.8966170832828 0.09166988730430603
592.7807282477294 446.29460277554796 599.5418154871776 455.8349050923356 0.09162188321352005
255.06220060488178 167.2445926191792 327.3378626729579 252.62262221923731 0.09161582589149475
1003.325063100616 224.6635065166823 1014.7192846207055 240.3419655423634 0.09160292893648148
433.07070863703876 459.8567592866752 460.99795608689266 499.4312415586271 0.09153934568166733
700.9150631801814 444.84508645493975 712.0238157740114 457.22390580810463 0.09153018891811371
29.302879748246998 367.69086277292246 84.07827053241633 441.80356252271696 0.09152078628540039
498.51960395105925 460.491523201653 504.1242636653139 468.40796823277327 0.09148095548152924
934.5287270428553 213.19572056000308 943.66784142189 225.99625657512195 0.09141981601715088
690.6372271930286 490.2910662330821 697.9544771192994 502.1399069143917 0.09140750765800476
677.4124469293134 467.49387379906943 688.1510495204478 482.93806599388483 0.09140320867300034
463.7992571934274 438.75021389260405 493.7215120198728 478.7903972306438 0.09128261357545853
1016.3798444091145 140.8532776242298 1030.5309414125811 158.21937858930838 0.09126320481300354
501.3838135122218 434.6166626781161 515.8440670154492 454.87348489574293 0.0912071242928505
662.0948254357637 471.17296164000857 673.1875287070039 487.6728083865879 0.09118125587701797
1009.4524780040175 152.5295896380966 1024.1393324324583 169.71891446367056 0.09112758934497833
549.0336858336507 441.6653141319044 557.2456394987142 453.1243579594425 0.09111232310533524
641.5195356607335 470.07440568857425 657.0034502048769 492.9877562907536 0.09107481688261032
731.26913250462 463.2778841777379 768.1088377950296 523.9355505557118 0.09105753153562546
445.01927328422175 397.9467735452829 460.9134556059744 422.87889767950907 0.09099491685628891
618.389287818341 437.83616657231664 624.2974728707893 445.60321237919305 0.09099254757165909
1014.742751426791 213.6088393745136 1027.5023456062127 230.4354893930645 0.0908297449350357
54.3769438390997 354.79665044337696 87.30705989170359 396.81663492860787 0.09071983397006989
462.89590396170274 461.9695502557394 468.09629349419924 469.3667458219399 0.09070583432912827
534.0373092725576 484.11481166127624 546.6978412289352 500.630957062597 0.09068158268928528
598.014824164606 439.65541369801264 604.6178870972514 449.5577772406116 0.09062819182872772
485.43123002565403 426.65251221610526 508.0260999794708 458.54108491157507 0.09047795832157135
960.941037373505 232.06858927734038 965.9041530031282 238.47042017732085 0.09043055772781372
614.8796586628885 417.9275066958624 625.5933403747646 432.05356668533295 0.09036252647638321
642.8052855669036 427.43958656273855 648.295828125841 435.2038321467727 0.0903499647974968
620.4510674377318 446.7363104817583 626.1489118968725 454.6270176625938 0.0902533307671547
597.6973790900795 465.0912904266013 602.8578488320097 472.3811835194799 0.09008529782295227
985.8234226857538 170.7518917025855 996.6207141587067 184.57769491697377 0.08997247368097305
458.4627201028811 473.7003461969479 467.3962067378242 486.7873463981576 0.0899527445435524
49.54271890577617 529.2872524984016 147.10191322421184 649.3630663887393 0.08973091095685959
634.204059364853 477.98601015276586 642.7952236671191 492.15141532485836 0.08965151757001877
977.5381752887203 212.80690098490757 982.9222290451614 219.11421939639538 0.08962351083755493
599.8900419813681 429.10547951353453 623.4607787091118 464.22742641070823 0.08940350264310837
547.7764504847546 398.89186281134965 565.9618913385104 422.0016049245434 0.08937095105648041
625.2795451480902 461.64291988998787 630.6671938546081 469.63667132869716 0.08928825706243515
678.5153374785666 437.2538212478253 689.2457593119469 450.6775538426107 0.0892510637640953
1038.2461762164446 170.32539283590884 1059.3162660093267 197.56910191292567 0.0890342965722084
607.3758989090203 438.9476190114753 613.4393468567031 448.1400631598773 0.08894497901201248
555.8037311322989 462.0277590714282 563.717694636876 473.27572636361333 0.08883104473352432
700.0810241388128 463.98512389984097 736.5032436217031 513.9181875836169 0.0887555405497551
693.1030339317722 450.0396264686065 715.7161023923983 477.2610097381979 0.08874326199293137
704.2887357616802 427.7739803885134 740.45106348483 469.49823058512055 0.08861876279115677
991.4187515488629 157.47734082861032 1002.4160799521633 171.3060096047174 0.08854265511035919
709.259947993185 441.9362118659306 718.1321384498304 452.1388985812724 0.08849582076072693
683.3076918553235 417.76264565811823 707.5836083335215 446.94996975911414 0.08839385956525803
477.1338941253672 458.38218066332 488.74546473188354 475.5899119317069 0.08833456039428711
455.6068900018662 445.68556468748136 469.8388835417269 465.98311234279913 0.08827123790979385
584.386058065064 479.35451256745205 605.6750793116357 511.7441162717382 0.0882573202252388
567.3875575670452 429.38212374540905 593.1976258087162 466.5383171714274 0.08803766965866089
543.7564000660224 443.5780703052356 550.845397695945 453.0184446316799 0.08803007751703262
500.2742854761558 480.8577743385551 509.05882579517447 492.3315165522776 0.08793239295482635
510.9020185552981 381.31742580596773 523.2499113404103 394.36104358349917 0.0879255011677742
544.8024959523542 416.54656908169727 559.7292748416597 435.8483497485652 0.08785218745470047
503.29404107628983 492.9180941170059 525.895021786722 526.286205523059 0.08767358958721161
589.0739250352995 439.36503152071566 597.0116060442101 450.4282203407837 0.0874926894903183
368.6185199955939 433.0225466827997 398.76827384574955 475.4080029599105 0.08746075630187988
452.6401201473204 300.51672772967254 500.2936088146803 356.93663856245894 0.08727492392063141
439.78925407437174 439.63408083697277 451.13783896775396 455.5392465300418 0.08726444095373154
654.4604624499509 447.9807710725283 668.2439386301587 466.6230493531548 0.0872630625963211
577.0264677838542 449.9060387137481 583.8430768591022 459.4475753796579 0.08723580837249756
571.47019211463 403.89201184189324 583.021271728454 417.16098555931325 0.08721109479665756
601.8994249936792 410.5320664659636 613.628054794266 425.6327480279055 0.0871991291642189
616.0054914725079 430.1392159432858 623.5483283065576 440.4145407506669 0.08719021826982498
1044.8549466430177 116.0323014471797 1057.7300211070703 133.04797945230365 0.08716714382171631
607.5316108943208 423.9937577071357 617.1405756983895 437.2258143599378 0.08704133331775665
565.3674596474169 381.37132325253896 586.8320909945238 407.4972609710214 0.08697735518217087
684.2077897572689 467.4323904859967 694.5162864362019 482.8968135448249 0.08692263811826706
428.3605328735553 316.6933011830877 440.1606830619764 330.31509525954544 0.08686719089746475
582.4332404216414 396.4697045325051 595.5322061447466 411.19884032691704 0.08686411380767822
58.24803226409035 183.4360486267952 149.63097829019011 289.4330094605052 0.08679340779781342
438.71884333759283 332.57665419781546 448.7130677427759 344.3245326932982 0.08678552508354187
413.05139819467433 445.9183859767027 425.4801949897541 463.49998138008044 0.0867757797241211
624.0092114355593 425.0690785928946 634.8900642869171 440.0787909266096 0.08677120506763458
556.297018525614 491.484609185901 570.0098353514508 512.2326129210724 0.08669724315404892
490.85572545643 447.6230555658987 499.15106366287483 461.8963451283416 0.08666542917490005
528.20588765773 415.1435164457932 543.5087226888129 434.8995926842866 0.08652094006538391
451.7650531914665 337.81873620298717 461.66455376921755 349.7132037510778 0.08647364377975464
644.9293544892927 498.4380864226451 653.8634537051074 511.0835189047769 0.08647145330905914
965.8154037195017 171.34294241653913 976.8615346743537 186.56463458811518 0.08635200560092926
423.34633676511834 351.77659608094075 444.0670813791089 377.1618623223063 0.08625345677137375
946.0834582829018 191.60670468483227 955.8800421299453 205.1014084868063 0.08625324815511703
427.68318408126447 396.89398924929816 447.68462663559484 426.20863275628733 0.08625253289937973
451.1998755820844 451.77798819377887 460.8278135598934 465.4274052402604 0.08621286600828171
666.5307618235685 474.0165298327859 687.9419774571567 506.9901070282964 0.08598548918962479
907.0853904919055 506.96545718242123 1186.6718901027516 831.8928097068883 0.08592262119054794
1027.7238781558324 197.75229075684115 1041.318567222643 216.07708187912115 0.08591833710670471
957.6142651615983 327.26036006406423 988.0268360108273 360.87459542734035 0.08586451411247253
612.0229209441599 401.84239395948805 625.6597954217821 418.99167748138353 0.08584284782409668
544.1382075144788 488.04215093752475 555.6881570091409 503.8303209940726 0.08579174429178238
585.482301966051 477.29616893255167 591.9526814762156 486.05901490610955 0.08577203750610352
671.4653425714318 477.82790482197447 683.4599967710917 495.4783192949517 0.08569837361574173
464.65314189955234 472.7216575146766 484.97155754871346 500.9201800530241 0.08563923835754395
472.4269742955488 371.166819775477 501.23668612566496 407.77974620930144 0.08557671308517456
184.8255355697678 624.221291888646 277.76944223441143 725.9661318290403 0.08552505820989609
644.9017482248812 474.2869693414437 652.2921329578238 485.39103710351554 0.0854639858007431
672.4960660282006 441.4452566217142 679.4168885736292 450.78342007346953 0.08546005934476852
625.5139831190991 476.02952092036827 634.2256098550671 488.82509493171733 0.08535314351320267
603.477566110027 481.4191972434916 622.6934142093671 512.3294266079214 0.0853046402335167
581.2788036784632 465.3246225426049 588.1032223165835 474.47403570439997 0.08524415642023087
621.5646715341336 478.92845627091856 629.734508960922 491.60074810131835 0.08519987016916275
409.11184620480543 226.74269279926688 485.722729893797 313.24944260748794 0.08519123494625092
553.4676339838732 483.8199994314184 563.8305540493942 498.3413994576331 0.08510981500148773
574.5928554523966 438.3108763506909 582.0887769103241 448.8336401554723 0.08504912257194519
904.2304893503018 0.9101814751973495 996.137573791647 100.99278041477923 0.08494950830936432
585.1231007705211 423.75734037480976 594.368159020406 435.8794372193495 0.08491060137748718
536.384301548077 427.58348812238387 547.0908051780884 440.5404705304084 0.0848507285118103
567.6679551737711 486.7952009043219 574.6917669720054 496.9433106114534 0.08472776412963867
606.160934151888 389.2951413041574 631.2137053421668 422.1194805902358 0.08464523404836655
411.165228784532 317.45244502821936 420.8730195601536 329.57217911745397 0.08454055339097977
961.098210765109 182.80531985148718 970.8035105425759 195.93916619370606 0.08443006128072739
638.2950993517347 492.66471399402224 645.76069967535 502.9787880802399 0.08442472666501999
593.8473982378397 486.57895518578516 600.5973784257425 497.2221009754066 0.08429379016160965
683.3302576744209 452.33562580859603 695.2116805786699 467.91135663889025 0.08415410667657852
567.2640275857697 447.24090485889855 575.3510159625341 458.772205462802 0.08414337038993835
601.9739704871013 471.3036004339712 607.4374855917957 479.6975126586415 0.08414275199174881
556.3323643218941 443.0839647909954 566.0336691036113 456.87719224435483 0.08409144729375839
977.2473322202246 169.53567585057792 987.4217861524119 182.88602581141308 0.08399859070777893
975.6059566295429 211.17523839507177 989.8602515044173 228.9331641755726 0.08388206362724304
460.36715864115627 394.56616436495796 480.17867551524733 422.62546733240276 0.0838097333908081
573.1602797803512 478.85807242666954 579.203800216572 487.06494649965697 0.08377882838249207
465.7103762935213 464.2787468645958 474.9728164489835 477.90559912542795 0.08375672996044159
573.4389385008898 482.81643900910467 582.5223851463081 495.95866252442596 0.08374018967151642
637.8209250482838 425.66473343977407 644.2871270673381 434.6954829468336 0.0836869478225708
377.7598337218631 394.26217918594534 407.1387531027449 436.1655216519202 0.08359520137310028
439.0349024755909 324.3356342494351 449.16154203185107 336.22054621175346 0.08353418111801147
971.416956631261 213.9511087510197 976.2632482901557 220.35454884084336 0.0835249051451683
980.6964906281486 155.90421776799178 992.826295490867 171.74918882519432 0.0834202766418457
998.8802129602565 152.00593277670575 1010.693084568065 167.29443617633166 0.08341853320598602
445.0052860852987 330.6210442334854 453.6639281561249 342.13486664501 0.08337730169296265
397.2189324976408 382.66952907821405 420.6638242936167 416.58944534041314 0.08327330648899078
554.3270100377217 442.8911518593794 581.4311367241303 474.8896171789811 0.08320287615060806
303.69451874535804 433.42508346982345 352.5003490023153 495.01864424493306 0.08319155871868134
561.4687514513209 484.7730090334566 570.1909721917093 496.66863364710946 0.08315004408359528
654.9055751376061 486.14877235305755 663.7238327505206 498.4851439986371 0.0829385295510292
549.7883083776507 432.2561956005807 560.1880209944848 445.7468082587351 0.08284271508455276
119.1060919270737 374.4734583335464 189.16385869439793 460.87798708192287 0.08280295133590698
576.1383765372976 483.5169005303804 594.1835144645768 511.99501162198715 0.08280288428068161
1055.3636569322991 162.7380393577344 1078.6624204919233 195.13288760250833 0.08264172822237015
494.1955741459385 383.9508061811418 521.339354324776 418.91502906414655 0.0825451985001564
619.7931932962622 487.0306769584116 628.8553202456454 502.2839310878939 0.08233929425477982
719.1875789097006 475.75334849392334 740.4513866862018 510.0718681923819 0.0823318362236023
678.6926073117935 481.3151245003774 689.7990971383077 498.4951204201445 0.08228651434183121
514.0648759012744 354.2627825819637 537.1570052732809 382.8479038162524 0.08227255195379257
395.72642958275503 412.3729019062284 419.6540613643883 444.7513162457888 0.08222026377916336
407.21713126522303 298.62184759983785 445.59599015000606 345.0702210704738 0.0821157917380333
627.0066187852512 425.4825967948661 631.7730300831212 432.45550426526074 0.08205178380012512
655.208939437335 494.3374260950303 673.1417673094227 520.0102618802906 0.08202598243951797
-10.137389101845354 377.97524590156604 42.13668288848571 459.59404081406257 0.08199228346347809
491.62175216484667 479.8005956800033 513.9093064769464 509.2222655923694 0.0818888321518898
558.2186971095855 476.4465639931186 563.9980444253771 484.8431886213056 0.08179716020822525
603.4604264436331 453.0650862350162 608.5154706953315 460.2371459148129 0.0817718505859375
487.73752868436367 423.83366287367943 500.74942254913907 448.3133202507811 0.08176258206367493
392.0859657610766 500.77699818388453 436.3722926665587 553.3559365036798 0.08171778172254562
400.9199534538289 412.3726609978756 413.6762976571509 432.42387785009254 0.08170799911022186
455.1384260031095 416.00778766941454 470.554758717338 438.43625688676025 0.08167487382888794
483.0849028633244 451.7336928998007 493.81967632386676 468.4942565551457 0.08154068887233734
690.0499525452238 474.7973042624128 700.2543174651948 490.3030852987534 0.08145593851804733
705.0524804061956 515.8675216226297 752.3071608683521 578.751272128394 0.08143254369497299
507.32336203982715 459.5677196628731 514.800680128749 470.0883410103871 0.08139101415872574
644.5057619293727 489.1771291215528 652.153331590307 499.93323967905525 0.08127936720848083
647.6283947367068 423.28291543 652.1063546532285 429.4361628817499 0.08116043359041214
490.404884099183 504.06250303751017 514.1998558784867 541.3321100317977 0.08110015839338303
514.6547516766194 421.0664321644994 528.1806396722524 439.4418499956367 0.08106864988803864
463.3871620656212 377.14816847783806 518.1508515477624 445.9332292213651 0.08101868629455566
437.3909717324669 459.866190341113 445.9473950139062 472.5862973355297 0.08098706603050232
597.3692534136576 420.26528512094666 605.7553372039727 431.3139173926836 0.08096833527088165
523.198589200389 356.6246455909803 554.1225219300201 394.72193873998805 0.08086775243282318
559.9634141122602 452.64852211796466 566.2558966908667 461.819916404653 0.08075989037752151
411.2871297290405 465.7613324168972 438.9596254128863 503.2952877523957 0.08065489679574966
624.453840019113 493.3283957695265 631.2731639828361 503.67017395638675 0.08063585311174393
689.5127750258562 446.3139586078281 696.4725479323198 456.3293693721085 0.08052532374858856
528.5030514374207 391.51613066435755 550.4238254920344 421.2684549577046 0.08051500469446182
351.25250799678037 478.31117903484443 408.7399106912929 554.2857829817066 0.0804932713508606
518.5844597710684 383.1371623117221 537.7648780449507 408.3919611145487 0.08041823655366898
684.7230760151617 108.38222165721486 917.4088893683562 378.5744874072144 0.08035700768232346
1032.5388637452213 116.89469054485633 1044.086955612443 131.75747090097857 0.08025066554546356
561.4783108210922 405.36627344389154 573.9373270053349 420.1316550272934 0.08023730665445328
681.5003706158872 461.4799155930458 687.273587628473 469.69289201530074 0.08011370897293091
506.85681452439115 400.2296219844315 527.1090889129897 429.1115625856307 0.08009669929742813
461.64343075574783 454.85516090280805 469.25070506923015 466.63134710841484 0.07997248321771622
486.2630935979183 497.63484760750566 495.0134156256402 509.91847119670246 0.0799274742603302
512.9451146962958 450.83212783539335 576.3515351930226 541.8033796785702 0.07988909631967545
670.2867742999579 412.3625914723835 683.44938920659 429.42476634756474 0.07979322224855423
940.1010962248304 354.29330855316294 965.7636940691499 390.96680179846805 0.07944606244564056
348.66394338673086 437.6863032530034 378.56365885755565 475.47934824076316 0.07944107800722122
497.3004077014175 452.6704798184782 502.5246228583022 462.43253834156826 0.079423688352108
594.0234470594233 426.2499998316936 599.6550735608378 433.62533578763697 0.07941500842571259
479.37234293342283 416.8632355138621 494.95566535789084 442.0700615820347 0.07925577461719513
484.615827292706 491.1368722839001 492.94001332910796 502.9252679553707 0.07923854887485504
646.0305489895939 404.3763411425336 656.1844147916348 417.8561529583927 0.07919017225503922
629.3645465703954 407.670809005161 639.5060808040646 420.8729852535918 0.07912536710500717
431.1020231134728 355.6493361088684 467.743491960719 404.99264627212847 0.0791177749633789
594.9764210961904 475.30374982883103 600.3903743618132 483.30026423557564 0.0790933221578598
278.8550952756468 398.30676068860316 321.5749953380218 452.21691319954186 0.07908831536769867
571.3012041823158 491.4678267129739 584.4076656608979 511.8268719734948 0.07902400940656662
437.3055057779464 454.25099668122806 444.89829677740414 465.05267640751225 0.07901831716299057
455.2788822719278 468.9495213556995 461.9975570707778 477.684606315067 0.07901138067245483
591.1131265871484 478.59041785796796 596.1835622013251 486.0881109293625 0.0789416953921318
573.9314867148935 417.44975995918367 584.4069973843026 430.87856692500145 0.07882336527109146
502.217280912636 453.7951782063486 509.67497301892064 464.5962184380365 0.07876003533601761
473.7289990133886 345.41352067034376 498.44944918889036 375.3614277867982 0.07865606248378754
679.7363428979359 500.9685478686169 701.1701928955356 535.3772922933573 0.0786418616771698
494.4470834568523 343.1142518804488 526.0633322696413 379.0059437504769 0.07858473807573318
563.8538245821986 415.5659935228847 578.6337462566037 435.76316377899684 0.07856801897287369
427.4347052681957 469.3494694204878 440.51904154766345 488.1010820571925 0.07855542004108429
537.1182753892306 486.7386234297208 556.8947336637555 514.8406214767936 0.07854871451854706
431.55582142538026 428.84024479481536 443.7845863569077 446.7896701059176 0.0784115120768547
637.7055726374202 485.79478381102325 646.0586432414426 498.1426349224706 0.07819913327693939
605.2299901697407 428.628277440321 610.1376908847275 435.2184007485166 0.07809674739837646
674.490005866165 527.8152562656387 721.1125100914909 588.1660792847185 0.07806285470724106
486.2652896598594 465.040755377842 493.69236229727915 476.5123438202501 0.07799164205789566
494.268561826607 440.9705893921751 501.41639648278283 452.4666172442282 0.07790407538414001
681.7366740749119 356.8303427873877 920.9325904853197 612.3922167124402 0.07782845199108124
627.4234745412402 486.1532554445852 635.7289990813306 497.01580480394983 0.07771893590688705
626.9676188150816 494.80411333012694 646.2769329184717 524.4256668877898 0.07765411585569382
647.3929658776073 484.496000483635 653.630616973162 493.2745247521087 0.07764849066734314
591.5662407073575 410.8222822930531 600.0469925480817 420.7147879502675 0.07764608412981033
649.4993829071844 387.4618246493856 680.2228789156223 423.65973773337834 0.07758919149637222
363.245820727243 464.50801553274704 388.87276253851707 500.81536172097657 0.0773734375834465
592.9965165899894 432.25814613867425 599.0889817231212 440.4001699680009 0.07727328687906265
583.875812043594 483.1214949962418 589.654538794415 490.11603688949054 0.07717970013618469
347.67052191686093 391.31761944400836 384.78916197279733 440.11178801333 0.07716014236211777
504.68816004252454 373.04612888788705 527.5505695142785 400.67053761189663 0.07697150856256485
571.6745069683425 549.7358257307052 635.6441083959089 622.0829369412915 0.07696476578712463
649.8410156111424 493.0011818126121 657.5514566549467 503.5949550599149 0.07681652158498764
492.17352073041945 467.7545886374404 498.38162393858573 477.2845352259221 0.07680581510066986
617.5985453588117 425.1228147433236 621.9823329058165 431.27558807792576 0.07680414617061615
964.0189826774181 150.24774867178036 1014.527038404288 212.3209194586471 0.07678396999835968
413.53936192144283 395.614721585432 429.6936442453566 419.3839868739825 0.07676397264003754
655.7053531519398 414.80064801662974 661.4172188782087 422.3682277392389 0.0767173022031784
704.6460368880116 492.2345611704324 736.1920942627833 541.1424620359096 0.07662209868431091
560.8774019796258 431.3613468584221 571.1313401856917 444.7360268782924 0.07656780630350113
571.5523251514211 427.44736799923965 580.4417967412043 439.24443981365755 0.07605893164873123
501.33590971509227 444.4696681381822 508.9333961065883 455.6696543066272 0.0759909451007843
602.3719576114725 437.4509161281038 607.4779413516228 445.1020458492249 0.07569735497236252
624.5954481653758 505.7793034451382 632.0281389027508 516.683447176776 0.07566742599010468
179.69598363749768 396.3168383944601 217.77531601153478 454.659049338823 0.07555753737688065
514.7662725974383 516.1258470735911 557.706254995581 578.5982460781994 0.07545560598373413
585.4666261492684 367.3041677760667 604.3046977654282 390.0226928986944 0.07530029118061066
637.2086267642657 399.56407928130585 647.719937040959 413.2781416266589 0.07519347965717316
550.3175089110641 378.70837113182193 567.9643741210914 400.41643526935997 0.0751313865184784
543.8532164349062 407.6679818315455 553.9643790491064 420.18425299552825 0.07510571926832199
453.28223464776374 349.5866936188292 474.66728411910793 378.59971383922215 0.07502807676792145
1069.0000173600818 105.79696595644252 1083.5553989408456 125.22104642589974 0.07466574013233185
662.16382311923 415.00824567981465 669.50710692671 424.38410522695614 0.0745123028755188
454.679524331587 483.9004800893276 468.37227379446773 505.88573444571324 0.07433746755123138
-26.417435874929613 279.495997559056 54.581651427862106 395.5168140305825 0.07432541996240616
378.2770663479506 358.3683618592384 412.05816091187296 403.8065131870981 0.07432346791028976
489.529301656475 403.394633923957 506.52888144363754 429.02989340385426 0.07427680492401123
635.6764491288677 497.43422120198784 642.9019209359294 507.8225423293916 0.07421651482582092
607.638082022728 383.7133599157189 621.2295086363595 399.52145176622156 0.07418881356716156
261.90404762356707 442.750461627033 352.94164781889765 570.0703969731894 0.07412697374820709
462.6034466010428 489.11465004558073 489.2121640120621 526.3878973586886 0.07412487268447876
596.4858578660275 499.8678398459051 604.9133458188101 512.9460827138679 0.07409834861755371
74.64850645550838 308.6144406319854 126.78646379646918 383.51470086250157 0.0739797055721283
429.05129827337066 542.9404108748661 496.3127311597046 625.1826649804559 0.07394296675920486
617.7196533742539 512.3356828636604 632.0548155555531 532.3334570526694 0.07385879009962082
649.4670421231699 501.0029688353736 662.1042433552749 519.7608927337674 0.07365991920232773
621.9818075194308 397.99488416769185 633.0918432492361 412.10551404359603 0.07365597784519196
651.0900862746981 414.21576372786353 657.8092280876001 423.5886809886839 0.07355031371116638
542.4841792719377 396.649318068141 554.0708333536223 411.702329437511 0.07349450886249542
493.9523145420748 459.03245477300135 499.3757355506182 467.73952185063064 0.07330267131328583
610.0654444564475 510.6874573667619 617.4800856971879 520.4956940985645 0.07326456904411316
680.169741560542 407.38352204514007 692.5073555770149 423.5407706650304 0.0732383131980896
630.7050904916551 519.7918214602636 655.6788320545054 555.6353757180652 0.07304581999778748
473.03809886030353 361.81853409128234 685.2903329598654 600.7623685487102 0.07298875600099564
712.6544653871905 445.7883207329323 725.9308342820594 461.30474665954523 0.07294689118862152
520.9745162090162 555.6315163666907 570.3957958195135 621.532217674175 0.07283080369234085
477.62736091295056 444.5159256013762 486.6125358124173 459.4138181478403 0.07274080067873001
495.97407043101794 326.43497763334705 522.8155308671288 360.4229212061872 0.0724933072924614
603.1298880613358 413.27957253639056 669.9246823017199 505.07530204744836 0.07248763740062714
202.12300449448165 361.7989265503938 245.61782255903154 418.2089580219621 0.07245222479104996
508.0419404896331 447.07659820829537 514.7573356177594 457.6997207655229 0.0723852589726448
370.8382159260289 343.19423219713144 441.7398285888646 431.4205233578842 0.07223983854055405
535.9831493188062 370.87859359987056 548.8024688562717 388.41412141322104 0.07222577929496765
605.0320198074229 511.12070001004827 616.8055778027696 528.9753239037076 0.0718945637345314
309.6484517064692 377.6201494108451 346.0864158566693 422.2000292392649 0.07188405841588974
448.1302896387078 462.8302593656787 457.3492009858976 475.63483788879876 0.07179836928844452
594.0259748374319 382.36365878281686 613.005474378173 405.7568002323294 0.07161715626716614
175.06614737234804 460.73997187958497 224.5600078668491 525.0287314923465 0.07157076150178909
644.6214230413766 416.5643550192204 649.9979341505051 423.54343236538824 0.07141554355621338
610.6158042074474 363.95459318290426 639.1847164615014 399.70686086092803 0.07124248892068863
266.50881013080067 300.9471059888779 346.225382206572 400.2992698708587 0.07107663154602051
218.70474274063045 407.9621448820032 277.8050997094363 479.6997275974861 0.0710662230849266
465.59049471973987 435.14811113098636 475.4393433092416 452.03333110488353 0.07101701200008392
686.5144273600459 480.40668901414364 692.8657631651599 490.39057223795476 0.0707862377166748
625.1978393183136 391.76030881114747 638.2845344077431 408.2110689705319 0.07073938101530075
469.0824707172422 417.03006797722617 480.97934204407306 436.8430350369296 0.0706569105386734
334.06189000123703 327.3688558630636 385.2069356535772 389.8877918951432 0.07059281319379807
561.376292479376 525.8391688589147 594.568106382291 573.7172601615557 0.07052326202392578
544.80099799391 340.61344574954126 579.624754084783 382.74977956540414 0.07045446336269379
443.62239954355545 484.1113351429758 458.14681400544254 506.79986122179724 0.07039335370063782
421.6659415606251 326.0759422739028 451.84585903050856 362.1693590951444 0.07033620029687881
714.3502821694866 539.2530205934779 784.6372400498964 624.5387114637198 0.07021168619394302
543.1708042521982 435.20315144618985 550.2998655376042 443.6808501546093 0.07020116597414017
451.85425132912695 514.5608346361727 482.2573354728165 558.4121901993034 0.07011710107326508
662.1928372647668 486.9054821701468 672.8982432720084 501.7895346930976 0.07004772126674652
744.9123069526185 480.44879719497305 752.815765857816 492.9613206016863 0.06993194669485092
601.2017743868694 510.5072042548954 608.949330420972 520.9338524174768 0.0698818787932396
542.1611656728641 386.71365166735507 556.0753178666456 404.9261156170234 0.06971477717161179
-61.94498812001315 552.3351997342854 129.7760319391764 781.0674104161474 0.06966455280780792
652.4030174461253 520.1112436176245 688.9606016392858 572.7668135272672 0.06958028674125671
400.5917276272979 472.5782929863487 420.4103278283968 498.9194792222376 0.06946419179439545
483.1220296245314 485.04527778234905 491.05448519183386 496.8359496215237 0.06941325962543488
730.1902187702257 457.1475756145839 744.0651325233941 476.7816114695841 0.06932610273361206
194.31378551741818 445.6023725999994 274.41655468946874 546.6288360799903 0.06918000429868698
381.38207591980154 402.3221905069342 391.70790555208316 418.22193294524067 0.06899090856313705
174.7127908794412 263.3678482663194 253.42584031802906 370.81496963334376 0.0687839686870575
401.2173169753218 104.79503450834027 712.7304742321785 444.787204633852 0.06872840225696564
582.2824387686707 499.9200366899248 609.4009291784989 540.41524293883 0.06851114332675934
315.6365344144555 381.76699054077943 364.16223875003755 436.95084198084726 0.06833766400814056
525.6586943333465 498.4246392286272 545.6022598804963 524.8354918875278 0.06810314208269119
460.58659262867064 332.8085616331295 479.7240650432999 357.64205817705914 0.06803365051746368
565.8603470914782 349.49558634221387 586.3279563990106 374.77676620518093 0.06788258254528046
546.4388047996787 359.20840624216726 560.5227310706096 377.7822045232652 0.06786299496889114
436.3775445995896 307.2199487720567 448.3729918650733 322.78089754521125 0.06749424338340759
246.57065400948008 554.1015428377988 347.6833016009503 685.1595730946268 0.06747857481241226
169.25702306606905 549.4517053793577 266.1060972577744 663.1827517021845 0.06731397658586502
159.9066328027303 337.62873014348975 206.38768922256028 402.7272930291119 0.0672534629702568
566.967738105743 365.37672072762547 583.5819092090703 385.7735221884104 0.06719270348548889
242.18142679972647 375.19853009238284 292.7060343662223 429.56981378568605 0.06713395565748215
509.55105698644445 304.8152025379479 568.9482824372534 373.5321145570066 0.06708523631095886
301.8989438678162 550.6619241852743 383.91472850316785 659.0425238179345 0.06700444221496582
180.43155604571842 513.9256298790268 235.73732923375368 586.3897883795306 0.06670640408992767
962.6997367374759 356.77542774150373 974.9964170300624 373.76632032653714 0.06648861616849899
561.9244117784534 321.14356946368105 622.9676750043787 389.9412772716905 0.06630639731884003
423.1663985625169 501.893170377545 462.3696348818367 556.2645110034975 0.06621924042701721
505.9570821886709 362.93371299323314 518.0275700233279 378.6035950438152 0.06618568301200867
103.30404775389678 408.7925500046944 112.10039563854258 420.93852322607296 0.06598637998104095
670.0389320729236 501.02460283952706 678.7876614146871 513.5111274393778 0.06588181108236313
450.6439701172113 309.07751901376554 472.3214931311632 337.5354412434534 0.06587428599596024
692.276917746024 503.4005219723358 700.0600388732062 515.3866172760428 0.06580878049135208
275.3502741996277 334.7894182480483 325.6618090386163 395.4388173995053 0.06573963165283203
668.055740950441 498.61080260440593 686.1014049105293 525.248816587487 0.06572295725345612
636.6354496344594 365.8966611626518 696.5688707131609 437.40470059245376 0.06562691181898117
447.60734506729307 357.3126228312968 457.6991080269114 369.2925349746103 0.06556898355484009
378.2389479723092 432.38853246865443 389.1493512782686 449.2750885356487 0.06556069850921631
475.08009525324053 505.86781501354346 497.3230378724087 537.0588756389459 0.06554942578077316
592.1650744544029 509.2491283237266 600.4132712297726 520.6467014007735 0.06552312523126602
664.0494593207723 541.7730702682072 672.2364986551386 552.6991550772792 0.0655105710029602
892.6632530885306 -105.0830041906894 1217.810503302126 268.6325376386194 0.0651005208492279
-8.0524469308339 327.01543818077994 25.396169154062278 372.59524085229555 0.06508427858352661
442.382172055534 314.2303926726407 455.2971000535766 331.5047886604796 0.06504282355308533
661.7586512713203 528.2909931430901 669.6831016090342 539.2993698716008 0.06475714594125748
129.20062693944325 311.6531254807697 181.03774552742195 383.4619011280165 0.06455758959054947
549.4394903385423 344.44268359741113 562.7319512706505 361.8849042405812 0.0645115002989769
358.1848833042772 500.6615294724815 459.8533559243252 630.7512524535891 0.06444261223077774
742.1748998356032 483.7234145742589 757.4270478927023 512.2096939453138 0.06432441622018814
654.4365355703188 523.8311490919232 662.2574121675477 534.6953966878574 0.06429457664489746
481.16651013897786 309.47834569461133 502.2970026982725 337.4082505250352 0.06419742107391357
722.5845971347469 453.83335514337824 733.175322514552 465.48489033323136 0.06406605988740921
554.4047221064765 400.87122352626164 564.2802933769373 413.5143154694363 0.06399170309305191
383.7512294575918 379.9419768953921 393.79816758244834 394.71736680359396 0.06398642808198929
57.87197974538082 457.77428194497503 152.55456773535678 589.3353060574684 0.06340619921684265
431.8806008067212 490.2588569326502 448.97029685022477 514.0736967887707 0.06338914483785629
449.58381900094736 369.9468711743583 462.2162920294371 386.4022800559132 0.06336408108472824
655.2271396398128 538.7214384406142 664.6048684638416 550.9283863546265 0.06335228681564331
924.6256315372566 82.5617901397284 1083.6790398358037 302.1922080776623 0.06332864612340927
421.2184746266572 382.14235751868824 432.405274905174 399.268686701929 0.06325450539588928
480.56833120798944 557.6990733813489 522.9891780053705 616.4677068033587 0.06312383711338043
417.6600023535979 322.20443949368683 428.01285475489806 335.0344396835365 0.06307985633611679
658.749327364481 513.5801374087033 679.7367356221005 542.0229054219689 0.06297388672828674
1015.2290934050492 205.56484663147202 1095.5880508630544 329.20677815755624 0.06297019124031067
460.9803831961852 627.0397853023015 569.9152072989348 746.3191137649179 0.06275518238544464
524.4239769618908 328.4994904045112 540.6693331432747 349.5804887647568 0.06272509694099426
474.39938567096095 493.9520322864376 484.52562947831507 507.75351441961044 0.06268219649791718
142.6129746262793 268.3517406861989 192.56236505801368 334.067411236534 0.06251522898674011
662.4896780865446 514.5670088003274 671.3310550150941 526.8354526416548 0.062088947743177414
-10.996362334387547 438.6495984965838 64.7509427631329 552.4552853122685 0.06204705312848091
563.7949372410573 507.3636278481191 581.5436934382765 534.0791402214915 0.06188807263970375
720.8133744461883 407.0178086033058 781.2653511807598 478.12971534012513 0.061831794679164886
656.0854101161118 515.8275859727188 664.2640329373206 527.5469405902544 0.061703160405159
367.4844799176996 621.180801762249 472.0700424278111 744.6372149382155 0.0616898387670517
225.30789364149308 313.9012424636716 275.0053256374154 377.1475688135603 0.06156177073717117
506.0312394184443 296.90829045690293 532.537163395564 331.55120295315993 0.06124359741806984
359.8038715570054 317.96145239945696 388.5044946999277 352.8347352019243 0.060958392918109894
340.75288033523077 225.2222827301666 430.93751029917314 335.24537121235346 0.060586847364902496
1027.4375847663375 -24.143441306522206 1095.0888974957875 56.13050334326859 0.06056283041834831
424.82669619536375 303.6601382950228 436.1487021916587 318.37504738860144 0.059820350259542465
-67.56780863988877 -71.51625478328295 142.41788455232984 173.42925009288297 0.05949443578720093
416.5011186887399 367.5801167381097 426.88039687037667 383.31397706364584 0.059433963149785995
564.5574958386703 623.8256253083217 673.5118660225762 742.4172977866253 0.059132348746061325
430.2947712301741 292.59433903561614 442.46569567219643 308.7157350312392 0.05906767025589943
593.1986493695241 519.7258931100829 603.1153751729521 531.9295766887855 0.05879992991685867
513.8448476651882 329.61133418246726 526.6762342123986 346.85161583630395 0.05877380073070526
-21.006219758178094 177.7752283274306 60.33451021914089 298.1630389580986 0.0586288645863533
988.4373445659445 -42.54921764934211 1102.1309785843002 98.44732565571753 0.05839405953884125
427.73731118863736 368.17606071027495 439.2669864745209 383.74880913447134 0.05784878879785538
539.7791458085985 508.14083840360865 552.1153596878518 524.098202076193 0.057736724615097046
331.09038035535735 366.09068251821725 363.891440923939 407.4316561428697 0.0569956935942173
957.4151360855054 393.449737636659 966.6177859307286 405.84354523490344 0.05690605938434601
128.80177310298393 429.4552498039254 190.51198712654354 508.75173923635566 0.056784067302942276
109.75412328675026 30.969657126976934 350.5411934345152 292.57778226534924 0.05555004999041557
