763.7194695906329 365.23984627269823 859.4193413292066 468.3689089738472 0.9999961853027344
542.9934566876424 398.3449642530231 558.4564861804788 417.07174251130334 0.9959176182746887
581.5570119895825 410.71908287801597 593.8466172402775 427.0165594273029 0.9885530471801758
525.7715087942531 412.57384371761793 537.9396975859696 426.99720919278303 0.9398841261863708
561.894447081964 409.74614383419583 571.673868556559 421.8107197616976 0.9350457787513733
663.9529022683467 405.6958270602445 670.4533375162151 416.67196814089004 0.917961835861206
631.220504380973 408.5766797702441 636.8286410333671 415.6812681079447 0.5903301239013672
668.8568321233289 402.8483142441973 676.2354516192515 413.5102885106629 0.5296056866645813
691.6444936120403 408.26575870010265 699.917942249969 419.0137495898098 0.495247483253479
689.2861928036976 398.741369193789 698.3093509423608 410.8983218588824 0.455789178609848
588.4441538604024 389.903266817287 598.12413665392 403.6696120720282 0.28830859065055847
976.3599445804199 293.1539804447665 1038.260562885538 372.08387200524334 0.2778438627719879
434.4786389649552 588.2502924922995 448.1716795809578 599.7491746673853 0.24540074169635773
594.3678173829423 461.5787341786294 606.1715241685073 473.61782093433806 0.22904714941978455
1028.9685314993214 323.12436962215384 1046.9997201405486 343.99763305531246 0.21666179597377777
611.5171714665322 409.0895755805962 620.0636665630497 421.10249364285187 0.21239109337329865
811.1799122980173 279.5841196899207 889.398189465219 366.1189814485684 0.1724133938550949
466.7086217138316 405.4002144789216 488.29387535403237 431.4374034672819 0.15886171162128448
679.890464820506 395.02768653167624 687.0501883771092 405.2836078043017 0.1581164449453354
453.63976056900003 430.8253451429971 464.3908090564089 444.8163653570362 0.1388058364391327
634.5787902791366 451.01167907525377 646.8905547060264 465.64072503265027 0.13777461647987366
695.5621633229694 420.9874126676634 702.4687200414987 429.8576415203189 0.1275530755519867
288.87934851937354 517.9087883860333 307.7722189346897 542.8595939967511 0.1240096241235733
446.2937296974375 404.45991372866973 469.9465129233718 431.591825448582 0.12211008369922638
242.0554369153134 545.8194486727919 265.57007280142676 570.0566236250786 0.11749574542045593
232.46168717104885 531.9437066424553 283.81813211412157 591.0511088342515 0.11462843418121338
401.4051485821459 425.2778881112304 421.16573882908534 448.8780419166331 0.1142573356628418
431.01295299124575 399.590084179907 455.9860499996589 429.0234963871623 0.11333031207323074
576.7729653230649 489.43109203009544 586.1629008811716 501.3603989521975 0.11304917931556702
464.7707844382825 427.062395360496 488.3077157447682 453.3177381726008 0.11285191774368286
447.595754535753 436.13147697442406 472.7948805676033 467.16277611745386 0.11271999031305313
686.7206534851975 389.870757896603 693.7933380915994 398.63903712929954 0.11247320473194122
615.4743495403068 420.9612027851785 624.4379577937372 433.1190207638789 0.11205295473337173
252.83593886180813 520.0792328914525 265.803463588497 537.256193757337 0.11074749380350113
418.39410798223946 421.17333142135305 450.52946587398526 460.3683662713602 0.10957089811563492
457.293002272262 391.6820217616622 473.99603462439774 412.5063112263334 0.10921131074428558
447.2830233616212 424.6406300433541 459.25393619953604 438.98756763344556 0.10903126746416092
1009.2938184877252 326.10972218596527 1013.7862587735636 332.2655979920989 0.10865958034992218
272.1397315713847 551.1597809519046 292.7458160655546 578.5217402259211 0.10848942399024963
481.06076574127593 467.6563944799053 518.0346908978495 508.5469641009986 0.10779961943626404
477.9048214331449 432.9009111456347 499.18394808499926 455.6349722232888 0.10673238337039948
618.5374552688869 406.42609443365916 625.6051495858774 415.86681398810725 0.10643220692873001
513.1395746426421 412.6975825402784 527.0529550573289 430.0508664403148 0.10602612793445587
592.1917264350709 417.46653463651944 601.4946496853654 430.73512872123416 0.10590315610170364
473.7893941263792 388.5803742425053 492.64613348037705 410.6242053923679 0.10556109994649887
495.8667136212689 405.3055130744593 518.9176981698373 431.60895652323137 0.10512675344944
455.5458161599555 368.2707365064778 477.0382563559636 393.98724776364963 0.10508782416582108
692.3599750879047 390.56791652032183 700.4640087046066 400.98813238870935 0.1044754907488823
484.3292091415469 406.43704154673173 501.89054285289393 427.57571466086455 0.10442101210355759
280.383811845986 614.8924413952842 329.32500676704944 675.4015069544831 0.10431134700775146
533.6537965761335 402.4777883675237 543.7371763386396 416.5324213173533 0.10389862954616547
593.0269461305774 378.03856074529796 602.5269756226647 390.9270652236211 0.10386230051517487
622.6602569338614 425.0803222661395 631.3758644704708 437.89226925093055 0.10382828116416931
698.7831644921537 405.1958271255588 707.7967435643735 417.62581517554815 0.10301848500967026
439.0480396497811 381.2203877586818 460.53366368134743 405.60305979779633 0.10291072726249695
494.8674905722226 390.26746814631844 509.70839949822204 407.62829465996884 0.10255537927150726
598.3052300654648 388.72083135435673 609.0631579804943 403.84019954410286 0.10205204039812088
256.10722749861657 529.1047249811583 273.2260087795146 550.6786534585598 0.1020004078745842
605.7719729079046 421.65177966264605 616.1339701996334 435.63808474633004 0.10177364200353622
400.65805566203187 421.5985603314675 412.129229003416 435.35761481783453 0.101296067237854
624.1413058738558 411.67106249302674 632.5784734831449 422.6505873010418 0.10089525580406189
657.6035363136723 415.8065590823592 668.8748215487695 431.0780981678481 0.10075753927230835
590.773707482441 400.55448277257904 603.6137212157953 418.26053325220823 0.10032593458890915
690.8511473732173 416.28171829774976 697.4796136175561 424.7105363198308 0.10012563318014145
432.1821523082812 448.30637825351835 454.81725434923806 482.5792727404204 0.09927868098020554
679.5776975876706 405.09831593516896 686.7978698326864 415.721847618719 0.0992090106010437
392.1630321396007 432.6469974391891 402.7405119934882 445.6212765585767 0.09889955818653107
480.6128664250134 417.50413761499436 494.742654453343 435.1920577201365 0.09884077310562134
496.2334115007519 434.79579874227295 524.0901103062746 464.06060055697253 0.0984206274151802
673.6469618977341 395.6163602249581 680.5187801976622 405.1436884369535 0.09840254485607147
674.0091122290155 414.2015991286756 683.4217022129656 426.96774300409936 0.09817972034215927
229.77297919294801 573.8080475318103 263.52975927071464 615.9209409355262 0.09814371168613434
379.7886033510183 456.02164839923245 391.671146206389 471.6735211798158 0.09809859842061996
1011.3691019863625 341.31590287180785 1020.6490486748507 353.9608752043484 0.09766793251037598
700.4114130480266 396.7646955450446 709.2793085853195 409.31501300525804 0.09752247482538223
394.49153999133256 401.40106694686733 419.97169718606926 431.2631835958182 0.0971430093050003
467.74987606051144 376.61570209248987 484.4700901411653 397.04940683805273 0.09707050025463104
384.55659403106256 435.42287669745235 394.0535758873279 446.86150514759595 0.09700314700603485
602.8914897856143 410.2746724532875 612.154032625217 422.9377175618844 0.09677101671695709
1019.5666625051094 336.5502547405583 1033.0397819009936 353.54440079853686 0.09661021828651428
562.285411970258 397.41056644047507 572.4661389878016 410.5242115656225 0.0965961292386055
1025.7063630901064 357.8425869242359 1054.0863516867423 392.13749973250566 0.09639400243759155
489.39103129595986 419.5013433618874 509.5865335044383 442.6022946405574 0.09623721241950989
701.4573801020045 416.4925229108157 709.59306110488 427.53448587462236 0.09611350297927856
480.41187272720384 496.963954356514 520.0956703982304 542.4284371418593 0.09607810527086258
604.2601344997012 472.655802598729 617.8874755782109 489.765772366206 0.09569328278303146
610.2457476949155 431.77941567814906 621.9366166802024 447.35908785615686 0.09553933888673782
398.39074646770257 444.29072963141357 410.49193247649663 460.8471639426256 0.09551472961902618
452.9083552263543 464.0443092655216 481.88673759698946 499.2695948565689 0.0953216552734375
1047.2321385071386 359.34749889053955 1061.6607918945379 378.3407762387812 0.09504933655261993
996.823070470399 365.34949103206003 1014.7195140586646 388.00939226334737 0.09500136971473694
577.3686689880407 394.1566668750788 588.2186952961656 408.7332319961507 0.09478610008955002
410.36923253392143 397.6318438841876 433.87134252848756 424.87970820948675 0.09461457282304764
1019.3267907298514 361.4850680433111 1030.9750513996867 376.3195803151115 0.09454552084207535
486.5068558225197 425.3817233866959 501.97189866037934 443.2714788136244 0.09417799860239029
390.648498415799 418.1089552125398 402.8309586146641 433.8515703176312 0.09414959698915482
674.2975212868735 404.5939966703109 681.1151122159545 413.98162785046617 0.09404357522726059
265.2786093203755 569.3675044445887 307.89770889442104 622.8856558967168 0.09385182708501816
463.24752190886073 333.1803555685181 482.53742005590607 356.7423743573144 0.09372536092996597
310.7491640822833 270.6721606863692 565.5278938115521 547.1351968195348 0.09357838332653046
508.29422788721655 429.77635366221244 541.5651673043869 469.4478924746063 0.09339246898889542
265.3010976850513 514.7511038882242 283.5493785710374 536.1277140924051 0.09308610111474991
374.0510116598341 423.61864333321546 397.70287175863194 454.21539742155755 0.09307301789522171
434.51874762660856 363.4565146687599 463.41998840638405 395.6463663114672 0.0930686742067337
267.52572698681035 642.2968773431 307.4806233756782 694.3274409835869 0.09301728755235672
585.8642638872144 488.5287705009167 597.8741265251982 503.2167637948661 0.09298264980316162
438.71938101267614 426.0786475865471 453.3670607967637 443.458343430126 0.09295965731143951
603.240361525421 451.40829701374025 613.935831847852 465.0212184117 0.09285248070955276
603.2623866681296 434.7684389292638 613.1895376496885 448.9070251572614 0.0927649587392807
582.1175413499803 502.47425030640795 594.0656437609225 521.799546898864 0.09265945106744766
1042.662754502546 323.73769807977754 1067.7385095032857 356.6462184155437 0.09265835583209991
589.4587229880026 472.1152373234043 604.7282964861405 490.2730466539543 0.0925586074590683
680.5585311304167 416.16309541677174 687.8316462108154 426.2812823642906 0.09254319965839386
622.2477433988038 442.0734894362267 637.0100261587017 461.2171260486554 0.09248000383377075
1061.5486503721256 354.10124816851754 1082.7341709637635 381.58645990003134 0.09237430989742279
513.4924076158577 388.0988775731103 530.7023302294789 407.8866944128236 0.09235870093107224
571.694918847973 403.2169562777626 582.4793840693512 417.70647353071763 0.09233150631189346
219.10980087393946 601.4613538708912 269.5130613745884 669.370539497119 0.09208471328020096
376.13818950596504 415.0301431881193 390.46406677972004 434.7175976923346 0.09201100468635559
389.8467826619802 444.0872866292232 399.98108527946556 456.8113357520027 0.09200743585824966
396.3929184966119 463.07711046269577 430.0971768089938 510.3236907161066 0.09194853156805038
571.6093895506136 416.1381947561118 582.2706037653807 430.583984739306 0.09192843735218048
685.6072599376505 409.3113192590523 693.1090845236379 419.7176858982017 0.09185516089200974
636.4356467647084 431.6073806185142 650.4502775115874 449.7761321830956 0.09178515523672104
427.4979802878611 460.8081078205735 445.40373592123916 486.17890393277344 0.09156377613544464
999.3118813129896 330.7731090371477 1009.9638662389975 344.7155146996524 0.09143619984388351
378.46251824605525 444.04453084754215 387.15654369621404 454.3173372814906 0.0914347693324089
1031.8539822714167 345.3091107080364 1043.81067892401 358.91622170011595 0.09132364392280579
276.6439875316816 515.0776126267582 300.4727741880718 543.3971347487145 0.09127867966890335
621.7070330363875 399.5944055232122 631.471686719639 412.00092484417615 0.09121567010879517
875.5533140587067 76.67213399587769 951.379970879959 170.4780670205619 0.09112683683633804
306.3961241148154 653.4818078663736 352.0208035549893 703.6694719492585 0.09107258170843124
667.680737743436 391.7939673885069 676.9619262247716 405.162303965197 0.09107181429862976
228.3782646820675 555.2261953949954 244.52677454408388 572.1467879247903 0.0910656675696373
415.4001033026353 419.8528300352797 426.4727730131567 432.60545046989597 0.09103625267744064
586.2436848742367 482.1216641500058 622.3977938308354 530.6161933051911 0.09076928347349167
506.69108666068115 460.5411019552819 528.9573517627791 483.9024724180074 0.09055440872907639
410.13531125755287 385.41059446795316 436.0505396967396 416.03373464683284 0.09053352475166321
501.8480295436829 360.14271931295417 533.8068119039712 396.8467190184309 0.09052639454603195
613.9547391795716 488.46526304484354 623.8737138779187 501.6855707770412 0.09051395207643509
582.3422205843215 462.84873198355996 595.6306337574447 477.9510779098491 0.09044329822063446
266.4678822379803 550.8798315320382 301.7094635425179 598.401419992394 0.09003904461860657
606.8020517868365 459.12248676818416 621.4266748379158 477.34228857127556 0.08984898030757904
609.3663425479821 389.2170383432479 622.2632319076255 406.8024580766746 0.08983463793992996
214.3519245022796 532.3488555949191 307.22644627005764 642.9765533215557 0.0895368680357933
634.3519621229433 420.9697041331597 643.2079524777953 433.68694896705045 0.089385025203228
650.5839744628644 426.49010496240163 666.1147320737493 446.75659352913027 0.08929675072431564
432.2367672953943 486.2107550687726 467.2261282700498 531.7146150877427 0.08927256613969803
240.3742931738878 474.0774744610852 279.0654393302782 527.2728491795497 0.08926495164632797
604.2661002746798 433.5201953652096 626.3509590468308 463.31016819880165 0.08915261179208755
574.933333723784 473.40954897222645 589.7450578690151 491.7019424534984 0.08901630342006683
479.9387840088605 360.6691190446285 499.17148272184266 385.1286194783475 0.08889927715063095
616.6114578064345 396.20532240480054 625.1143007240494 407.3025646277164 0.08870857954025269
593.396251531362 436.2021859158024 604.7229830066258 452.31114025604427 0.08870644122362137
628.3048609403543 422.4539711871738 636.4191753960487 433.8583673902888 0.08860056847333908
1012.2591439871308 326.2347277403765 1025.066201795238 343.7652470621934 0.08845382928848267
293.73915305837585 528.6435916204819 330.62213704915246 576.5017672816859 0.08841442316770554
664.4767607280776 421.0188438095732 672.4037782155784 433.34729136451114 0.08838213980197906
254.8975383106359 501.15145191925325 298.4068362314221 550.8847526878938 0.08822327107191086
681.7043058871665 389.53191946284693 686.730718327561 396.6718101353397 0.08778711408376694
502.4746726693508 425.5540423868345 518.3316101097196 443.5013551800602 0.0877147912979126
655.2215596461557 306.11720041036534 692.4454285578892 348.9461215824662 0.08762884140014648
997.8599475577187 382.9140632021705 1026.364704189578 419.4822415031973 0.08759478479623795
628.394847243124 435.01037948318924 639.7972295082625 449.50268940415765 0.08747324347496033
582.9914074948458 427.0663648497925 595.5855389026557 444.4280353377024 0.08745311945676804
673.7972205872875 383.0693455885854 685.0716957164424 397.7079905586305 0.08728635311126709
429.6796884950613 390.1218783136502 442.11127896072486 406.3556302337676 0.08706477284431458
212.99003820231226 511.0841666425978 241.26981356084517 546.4557996423106 0.08689654618501663
446.22558945656493 353.7477953829504 541.629961391083 453.94480916343247 0.08687847852706909
613.7252254477465 452.8813839059416 625.5710831871763 468.1076468889597 0.08658832311630249
629.2419863983354 400.112621426294 637.0600249422245 410.0701957508737 0.08654246479272842
570.2992584747664 462.8903476736948 582.9644908149614 478.56415836155855 0.08653300255537033
621.3077008040901 430.5186706772365 631.7661730697316 444.9102762345407 0.0865204855799675
546.4206142593108 435.96789049944243 584.3687184942091 485.7358147750169 0.08650774508714676
475.82052181534533 431.320390644627 512.0094412315511 469.23941999830424 0.08647369593381882
1004.0844836225549 347.6274532645765 1020.1413778708021 368.0252221567292 0.08643952757120132
628.9004902101015 416.43133569812943 636.3167434980993 427.2820525934203 0.08639288693666458
427.5598491951955 433.5338842114521 441.04508455969005 452.1684862179781 0.0863046795129776
1025.9386433725927 391.0538045459099 1068.2914116938427 445.939262617226 0.08628996461629868
655.0982760007796 380.349921369691 671.4697058259402 401.13759527813716 0.08623913675546646
1037.944507296613 354.88809248217416 1050.795996409278 369.3591622442792 0.08619580417871475
638.9988149033267 405.43757111793366 647.4785664248525 416.61638635399225 0.08615238964557648
668.2458521398981 428.91597646599644 683.4325677800766 450.0170410403909 0.08614318072795868
573.2913128856146 442.23088118428274 585.8040116190145 458.6322752828401 0.08613959699869156
1002.8089631424947 340.987805918037 1012.5420145435311 353.9943312440265 0.08609869331121445
424.73653324834214 370.09084797902364 443.84338988420666 393.05972902911657 0.08602476119995117
615.6809281517959 462.07699533887717 629.4292791935974 479.68794775170727 0.08600102365016937
306.7786763142023 588.3793201713585 405.2248165295689 698.441030894384 0.08596017211675644
372.2249458467132 450.29637121233964 410.6099644858107 502.38100584322285 0.08595059812068939
509.40757028173954 465.4473652909713 536.2195928655641 498.3910511761018 0.08585931360721588
1061.4133739028073 307.24638904033577 1081.3659027634073 333.57315003383746 0.08567139506340027
682.690111878151 422.5025861964987 692.8334524246914 436.2053435919967 0.08560623973608017
393.2729320844323 451.69266720750534 404.2013095537808 466.37509953956766 0.08559709787368774
389.9655163317984 456.5695155583473 400.30049714870665 470.99876053057926 0.08558795601129532
432.6790546499622 419.6579664562374 443.8320926703984 433.9731953231209 0.08557677268981934
529.4049531810958 453.24278924027516 550.2411479490097 477.8671200771796 0.08556944131851196
641.0369565033108 392.2979675130863 663.3071946344144 421.3960436021795 0.0855541080236435
537.8079446032295 411.581426972228 548.7604016597938 426.0098544157011 0.08544766902923584
418.8166684582902 446.67369871660094 430.78490541485047 464.5107496086984 0.08543037623167038
701.9934039608634 437.71767430020174 707.5975858696202 445.0262063916821 0.08536088466644287
461.8826763622652 409.2372529536533 472.03992440936236 425.763714515918 0.08532058447599411
707.346303446134 400.0216721173645 717.3250607449115 413.74099885526357 0.08529827743768692
480.32930223128415 518.9358697865946 531.3655498288225 581.6295260728181 0.08528944104909897
1071.2021760288728 358.6413239665853 1079.637527489576 368.83293109864934 0.08527784049510956
510.09798437781234 477.8790376012657 548.0704639475069 525.3533421323903 0.08521000295877457
706.0635099429691 422.6412269482767 715.4276229601658 435.0752667633668 0.08511703461408615
1007.6819103758982 328.17284262579733 1015.4846950323864 339.6913575679599 0.08483843505382538
273.072317348314 533.878777770843 285.2693163459357 550.1019103128273 0.08482809364795685
644.9916597767867 576.3518696166632 740.7018641898792 682.4188855135924 0.08473677188158035
411.1733254220541 423.49931261745263 419.5728970269843 433.88574663489965 0.08473306894302368
440.65173451776997 340.65232505726533 465.5518649583029 369.9272068263791 0.0846485048532486
1060.0737284745496 362.3553278138316 1068.8531402871886 373.3079065672344 0.0845860093832016
404.5086397918196 395.2045973959747 416.23120769122914 408.8938136179308 0.0845324695110321
980.5562053478208 336.884733479996 997.1839527431705 359.11187524253893 0.08444035053253174
413.82270378401745 457.01704048057246 424.17384754301526 472.0543017945766 0.08437898755073547
525.8673374987773 425.80777050174004 539.9620413636253 443.49771160397717 0.08437590301036835
697.3985809616541 430.52733551237014 707.1647286154506 443.06974796009007 0.08432018011808395
687.3469490015088 373.260738792352 702.047238655325 392.2573326789803 0.08421575278043747
629.670425024802 461.7952468031758 650.2106092725975 489.683388141686 0.08420005440711975
747.7318278130653 335.08371328846954 772.3475820511728 362.51633533717467 0.08402448147535324
667.5662844513174 384.33878349923896 676.7052074379797 396.20949040944896 0.08396521210670471
563.7536010941737 476.8879252153492 577.7338015363567 494.6494856448764 0.08371230959892273
619.9240807323541 415.08472976152325 627.1213112143996 424.71894875550095 0.08366206288337708
544.7177030929075 365.8434513356252 590.3671200833118 418.2673846526364 0.08336157351732254
562.3686287886376 422.5557476263876 580.0210852450748 445.5330498187916 0.08327778428792953
642.1955400294845 419.104484955945 654.2192678772914 435.2376125105467 0.08323797583580017
406.801975191541 447.12630452833776 425.83483448431696 472.03030360843604 0.08317933976650238
535.1597830402519 367.34784118116784 561.2775683438583 398.8787466651492 0.0831603854894638
623.2798375183129 457.67166292877835 635.1068715349089 473.13036220703617 0.08310362696647644
1022.330689170477 350.32823744568634 1037.7506591245851 368.4742982549471 0.08306199312210083
1020.338466939384 325.1261306050401 1031.659248340087 340.08538905440787 0.08303354680538177
388.09655114276126 387.8621522493446 407.80546857977725 412.5072607713671 0.08302902430295944
1041.1730759117092 362.71784477221047 1049.0017041045046 373.11600191569 0.08302365988492966
534.1797033390262 435.90497045316334 547.7658451990756 453.86615784886976 0.08295430988073349
406.4016394592869 371.98630428548034 425.35768110481104 395.2114814815836 0.08291005343198776
275.6973195696873 497.11809456199956 325.6382412751134 558.9218201454353 0.08283897489309311
480.4632126671886 337.4411409849275 499.96006823673866 362.0789596009364 0.08279935270547867
1005.9994721856327 362.9526035366925 1020.0084919862264 381.1551008348773 0.0827728658914566
997.5495820996396 327.3368216661674 1001.8051814473 332.43968361946787 0.08264262974262238
505.57483651627376 398.66215521701895 518.486326365395 414.21615639567193 0.08250623196363449
272.83087775450906 629.9025078230294 293.56173452629105 656.697574705853 0.08241235464811325
632.1290645906648 388.6157345724153 684.4721570582367 451.23719919693457 0.08239955455064774
1004.5478942891873 315.60109016880415 1017.3235191062671 331.9828156632952 0.08239205181598663
257.01845337262137 429.07949623441954 297.866047480735 490.9373219108805 0.0823010802268982
603.5724934524762 401.5451894058622 612.8066819605293 413.7327019846479 0.08230018615722656
561.8224877889919 448.3632786248499 576.5941514503518 467.66533750079356 0.08225303143262863
529.6200764447651 393.8553830381942 543.2541609335668 411.8480793409295 0.0822032168507576
488.2030543520618 385.234600895362 499.1952332788477 398.22205696626753 0.08217590302228928
544.8070924861448 416.30136940595725 558.80117199409 433.2623342783561 0.08214528113603592
581.0109315107849 375.0597856274705 591.6328781577121 389.58059720340646 0.08212874829769135
593.7042558648903 376.9022708589391 625.5095985882017 415.4311999867961 0.08212185651063919
310.0792402199117 521.719632707606 322.36441258813977 540.5614140155963 0.08207842707633972
519.3983207800242 396.2776147914476 534.7520884284372 414.4265852118343 0.082047238945961
528.1621918919699 419.1672060971757 564.6221710992453 465.30441814258165 0.08174113929271698
281.8910672983619 469.7545293527139 320.49212282361583 523.066684520878 0.08163072913885117
696.3615488177958 382.941948292929 705.9270771644633 395.6179049579658 0.08154081553220749
449.15547364830564 210.34385939104425 527.116960386338 295.6930281008241 0.08152657747268677
622.6797772125558 476.05645452837075 635.1601934797098 492.73741465944175 0.08146118372678757
611.4685574290571 378.4877963494834 623.1706637896542 394.60429932109855 0.0814153254032135
553.772098132138 413.19811098207504 564.8594384007694 426.1876162728424 0.08139526098966599
1028.3593272738276 358.9164213252326 1042.6005046771065 376.25453277806156 0.08137544244527817
655.1727918390665 404.37138019648347 663.7693420550629 416.36287926113937 0.0812259092926979
367.8242918419903 456.38542869655845 380.5563232256369 473.32258222297986 0.08112489432096481
349.75664031535706 493.01045357494655 401.48331704589344 558.029447409341 0.08110059052705765
525.3790024617263 470.7576029479417 552.6352222296567 505.4483111764223 0.0809805616736412
376.33019803530215 390.2272260919971 399.1537895960487 421.70308053762415 0.08095932751893997
366.81146927793793 315.78975720446425 402.3111785206463 367.4894677293569 0.08094121515750885
374.4742569745737 433.6490316335083 382.5611133908691 444.42186186340945 0.08088819682598114
659.744446699324 398.32358645983925 668.0653538192012 410.00845328736676 0.08080819249153137
563.4477623652307 422.05166629116826 575.2274458988122 437.5309349528139 0.08079060167074203
659.6332215381184 412.2497381103998 665.9568906702924 421.6955346916344 0.08078423142433167
539.928679807531 492.94022428757495 591.0534549725561 558.1176099813524 0.0807701051235199
696.6244693869838 392.11942031064245 703.205651551187 401.383256746928 0.08065804839134216
584.1029403455497 438.1306052414388 603.4757411232695 463.24322069308107 0.08060918003320694
601.7957255769867 378.41585335146044 613.2433486944583 394.39002670915846 0.08060776442289352
155.974616846315 426.5895130546563 236.0821033753029 548.7589245600067 0.08054008334875107
394.0780167504334 356.0802497783699 423.3617740699381 392.7799385226574 0.08050061762332916
471.77304682661975 448.89584657669155 487.5988858414976 465.9398823605454 0.08031099289655685
477.0175231806523 456.3794285130466 496.18541251535845 474.18507891710266 0.08029034733772278
621.4584161715048 385.7798802251841 630.7235944309333 397.86553209394725 0.08026877790689468
665.6806312159572 361.885033154932 685.52829247023 387.7725605573319 0.0801541656255722
364.48993854205287 164.09526663990172 444.8589343201979 255.7445919849025 0.08015397936105728
627.0390203033177 381.25641135683577 647.1471010811537 407.17055617394215 0.08013409376144409
646.6119137969562 447.0805325152301 665.1117210278368 470.9552386539578 0.08009763807058334
1058.7926001785452 350.2803392485779 1068.4983092186947 362.4704309850741 0.07998206466436386
664.1998998794028 310.17751113621955 679.0128096295136 328.29895072972715 0.07987925410270691
503.226610018956 333.7119874317677 528.4730191846377 365.25411223050753 0.0797804668545723
599.8162451252211 496.90369549101615 614.3820851942805 515.1957848787405 0.07975783944129944
531.4275713689225 518.1767260252446 574.1194123647894 573.8286571765573 0.07970375567674637
689.5101462942202 419.4383858391565 707.151105069407 442.8107291632262 0.07969401031732559
614.6894876462721 477.67903368668414 622.9273417725403 488.7980263370607 0.07958706468343735
468.4799657039569 359.47512067271754 487.42701730755454 384.4935049400856 0.07957874238491058
1015.1364560918686 297.3878450562359 1025.2477659621766 309.65160631909237 0.07953678071498871
549.426278226952 464.13216110774215 567.1724417600386 485.64769885585565 0.07949083298444748
409.229394500967 478.13820841089574 435.5409775293273 513.8791547979163 0.07949019223451614
647.6753283828405 408.633114232977 656.3096582158041 419.95665288814 0.0794520154595375
405.8390157604802 415.7547193329394 415.8376312529876 426.3837229751155 0.07943477481603622
567.2036158017199 516.3472500734711 613.6578776026339 577.5101658530612 0.0791783332824707
287.4721852249532 580.6384512042371 308.56058994657604 607.2228118683116 0.07910202443599701
546.254209121996 432.20476150928425 559.5928414115747 449.57352209251457 0.07906627655029297
1032.3612578357104 374.79853943772434 1056.8124889551577 406.25915179020575 0.07905708253383636
286.750872195649 147.53588922765465 365.34301903383755 244.22818768108343 0.07902941852807999
651.8538685163633 310.44394133517176 661.4340438047586 324.07398338104883 0.07901838421821594
1016.5530574630999 311.52382455962925 1030.3451998043752 329.15731815764855 0.07900874316692352
316.0046835497042 491.62717945414926 354.05086596224623 540.4985121608535 0.07899155467748642
626.9973979895868 394.0018013212687 635.0243740380735 403.9811256452985 0.0789453387260437
334.76078586184127 448.74475688181633 377.6523249519904 506.75065373288885 0.07892316579818726
622.2941170507436 489.36672132758116 627.9743136864688 496.9696543161818 0.07890889793634415
361.14622842412314 466.57220604749136 389.38840757754707 506.91789650176764 0.07880616188049316
587.4047271715183 479.0859428045707 597.6127056045094 491.93829712089894 0.07860307395458221
578.2738026550261 453.72049839748865 590.2762140582549 468.7587837098043 0.07858963310718536
461.5000798128891 446.99270015230167 476.35712723595884 462.883323183435 0.07857976853847504
703.1334460570638 280.24000303056675 732.6261415143282 316.65981364734705 0.07844793796539307
731.0725839094112 312.8904460007192 753.9587927224142 338.80509750300587 0.07828295230865479
411.00549664494855 355.9469067052928 432.4908544503563 383.05044403703783 0.07827677577733994
604.6759300296417 463.5271004768017 613.0492030155898 473.38117404311964 0.07826560735702515
193.10137248798947 19.746611607785237 275.0730187482441 113.8823459384971 0.0780915915966034
599.6655674864118 366.92742393918036 612.6044028573231 381.87197095937984 0.07789161801338196
1055.2394031309302 370.9969108587915 1088.7644534508388 417.9036333128996 0.0778849795460701
699.6273737378847 444.01743539269455 713.517730129243 462.31654050641964 0.07778911292552948
201.7668986322716 597.5986448009556 231.57881259672044 638.347394471176 0.07770224660634995
576.6516276674023 424.21397595754445 588.6202472324716 440.35809101299446 0.07769453525543213
414.3808360424823 517.8156198311561 468.3238528179737 586.0501254368987 0.07761376351118088
600.757029400059 421.3980476668461 607.926334087374 431.73352327485526 0.07751171290874481
600.0035087061308 486.30104310006584 609.6440710920429 498.75646898200705 0.0774950161576271
361.2390395926481 431.2212470634094 377.3414465933407 454.01145490785314 0.07749170064926147
666.6823194632079 406.41129857864723 693.0230090574528 442.28358027734936 0.07749167829751968
454.64200753969754 512.9330345210958 494.3410912477386 569.0258086659343 0.07729090005159378
965.4948582422807 360.3652849687131 989.0074612168696 394.810997178438 0.07720844447612762
684.8551902009879 292.92832466517984 700.0663106662645 310.7856658491978 0.07705443352460861
588.6495634080045 367.0544863674385 600.427595867567 380.3843032329263 0.07699217647314072
600.3535616975653 481.9977398732181 608.0387394907995 490.93067224717123 0.07690273225307465
309.74629819713863 221.69593689354306 403.03669828829004 331.44568059066916 0.07683021575212479
386.6783034285713 493.6315907506058 429.4102546475576 548.2007858380614 0.07681027054786682
568.8392946198924 357.35623095135986 594.2880483838538 387.3567748355048 0.07680647820234299
934.5714538149604 546.2945976978386 1180.8961489093972 834.7986296330771 0.0767991915345192
338.7972336552987 410.7813254066277 381.9852381760907 468.70563677575933 0.07678559422492981
645.8687283571986 398.13341231080983 656.2771967618216 411.62537841034435 0.07674199342727661
311.08894999270103 524.249465411837 374.65225102573527 601.1051898284816 0.07640029489994049
333.26210507943955 353.93551369946965 380.5327142084973 422.38360389931216 0.07628674805164337
391.25030699843563 566.5136694190544 439.7037637541879 621.1945898135112 0.07627977430820465
438.61761065080725 481.43274629490617 448.8164482528308 495.60151248553836 0.07593343406915665
274.36751567281675 508.71027299991056 283.7380403592765 519.0322577760973 0.0758112445473671
682.7171944026996 380.2356990546178 692.5015806699529 392.7934917693702 0.07576879113912582
569.4515327848644 391.5253146706284 579.7833354813486 404.9832873891558 0.07571817189455032
548.6912800842088 485.6560208132474 563.3318650472515 504.19199456694275 0.07558623701334
564.968184771077 489.2817892953474 578.0109655821465 506.2820935381642 0.07558158785104752
237.0216811398252 521.1018010707205 253.04844577310283 541.5289014520112 0.07557008415460587
641.8381524103073 461.3215861832971 658.264610164925 482.70512110486044 0.0755482167005539
172.31997777875154 617.7529272569485 223.81761025782095 685.8293314734134 0.0754922553896904
460.6408314325229 299.63284331941827 488.9230371372914 335.4700121186745 0.07545199990272522
669.3948702957928 375.06934617846747 724.4082558493634 442.2443285983712 0.07540608942508698
419.9236293301164 342.26408968120097 447.54147724731547 377.1076068851172 0.07540220022201538
538.4901257128881 474.8648464459999 555.3073744725726 494.5857930039416 0.07536588609218597
985.543573236316 361.3319783944096 1005.2689587148332 388.2282791385485 0.07512728124856949
1035.2308159798476 360.0846681295818 1041.794500539474 369.17054217029437 0.07511405646800995
496.9667671684671 500.9541312568671 515.7612547730798 518.070495164549 0.07505207508802414
705.1404414033733 405.5675983216186 721.8464776909387 426.7940000568522 0.07488924264907837
459.7001817556568 354.6857653899128 476.27711483554464 372.7964277774768 0.07479680329561234
609.6668138542735 365.0654866872953 622.0183307526257 380.6120126510608 0.07479465752840042
82.10029695847402 417.00259943807595 157.43700441695302 550.1609689266699 0.07478892058134079
258.9780703372713 380.46397264364026 331.6115212541588 490.2674304963159 0.07475538551807404
217.2798583069122 540.4053955243007 237.11979867586453 560.9324866572126 0.07460217922925949
481.1656986216661 547.0674362272908 539.0671161915268 618.1887300939159 0.07459656149148941
368.0630281682948 420.50857180061973 378.89768854359465 435.73675165715014 0.0745868906378746
607.0486540811625 503.3608704039211 649.0752762813484 560.5696051018451 0.07450556010007858
743.2383499590412 406.6506352696542 754.1882462031097 420.56705920259105 0.07429057359695435
401.7855470366746 551.8922160692504 475.8396858368155 636.8807200824101 0.07425453513860703
499.2098116073284 382.25061423460284 517.8304424772411 402.92472464165047 0.07404603064060211
636.4566461622212 405.9642863806812 642.4990391714947 413.8754792275328 0.07403545081615448
949.4378554516707 311.09395048654915 974.7309967050409 350.99817322563274 0.0740182176232338
490.61381591218515 376.0105526331512 503.0176269549511 390.2511113045384 0.07396984845399857
387.2598264514528 342.05318319128 422.98563136025047 389.7662931988191 0.07369637489318848
406.52786420807047 501.9162740790757 416.09895645447074 514.0436954112678 0.07345414161682129
208.5915665012368 434.13301673526365 262.49607092351823 524.87813939108 0.07336894422769547
92.02003360653768 344.3589586454649 138.5084539552883 469.09727848614307 0.07332077622413635
683.6079803447561 433.77817239993817 695.8456588447273 450.48409405772856 0.07324454188346863
308.5431710888057 407.36953113281453 350.090141713624 469.36521518385365 0.07316314429044724
553.7683951676911 427.71712955593426 566.871300669154 445.06272016671943 0.07308313995599747
268.9209237800903 537.5844214716359 284.7144658796537 558.2268530337697 0.07288780808448792
638.3291281027747 369.2239665654265 657.9213250686787 393.2162161035003 0.0728316456079483
582.6082960920587 382.9707989431747 659.2114746485917 472.5471295436704 0.07275331020355225
604.5471213408699 356.56184423667656 622.4871433233068 377.29264923362143 0.07268107682466507
471.6695708555134 352.69007928327494 483.0576252106496 366.85716841414666 0.07253482192754745
614.954949393019 350.25135235043547 638.6285052628975 375.84381113970636 0.07240689545869827
710.6874930285082 426.59882708269794 724.283452363918 444.0152580650716 0.07232522964477539
554.5063274465078 492.76525001884954 577.861932165729 523.4497461210561 0.07206402719020844
578.1586689957815 374.8924838136198 584.6711025570154 382.00510537128076 0.07204601913690567
375.76450263145045 372.2896563246351 399.40384341892866 405.2241158363419 0.07203174382448196
420.99982422618626 329.4438279984987 445.5265320596752 359.17156142186894 0.07182636111974716
1050.0353414931642 319.1923470871639 1064.979541351626 338.54790629773487 0.07177847623825073
701.7678064142914 382.1764825910979 716.0319576280218 401.0441596243124 0.07171357423067093
124.37834628610096 556.3912191404194 213.5519810029926 667.7350874878309 0.07162682712078094
181.75826197318096 -7.2499788257932005 236.03728141569667 49.885681072915915 0.07156001776456833
568.1569461678987 376.4688787132704 580.8760994808983 392.8574802014449 0.0715215727686882
406.5091833495089 383.3277523392903 416.61020249250095 395.10138213083104 0.07134943455457687
567.9454421593595 401.7010855728011 576.0206506888924 412.7750564621598 0.07122058421373367
175.98749283715503 495.6480772249327 207.74770306962472 540.8554540930295 0.07121358066797256
379.2058607688311 535.4992272504917 423.58197709849367 587.8953063243207 0.07109709084033966
666.018947655029 440.6947012583206 674.4948875835007 453.20672655261353 0.07095472514629364
718.8422148847529 399.1792835561567 736.32438593431 421.4929371535643 0.07082533091306686
959.0698113130439 -62.9680024564587 1133.413534028698 144.91976095770204 0.07065634429454803
694.9586509726411 348.4773532075654 725.8548482011379 385.3327994440799 0.07029042392969131
624.6054011887185 362.8749154171212 649.5468114567643 393.732704689181 0.07018400728702545
202.0916656059367 552.131507072636 244.59443433292606 603.645842602969 0.06997998803853989
670.567124811191 448.7693988601594 698.5261861316712 487.4919523919732 0.06985671073198318
529.8350385995778 329.1881797307083 564.4148695626138 371.64307567326915 0.06985370814800262
157.7939480984129 533.7331054101409 210.19206147578302 601.9595118697628 0.069518081843853
556.4823374480051 571.9647597153103 666.7144040596204 694.9352518911679 0.0694890022277832
488.9062516990126 295.49086876950054 525.6381460429312 339.58737155464377 0.06938222050666809
556.4175187245506 462.4412509192987 567.7511836849897 477.0257463872529 0.06916343420743942
396.2778123058264 291.4481122605367 436.35137031859165 343.84110629435 0.06904081255197525
231.0290928587377 493.1266550702919 253.36761049840524 523.8456305559442 0.06863963603973389
437.64748802240206 366.7875926037135 451.3700130809766 380.7428115422919 0.06829260289669037
169.24387825884563 595.0517954669572 277.0655856551647 723.1682235679455 0.06808575242757797
-72.6059132077556 523.3469638526295 141.98831895101372 793.5513501225266 0.06792604923248291
617.5808951759144 364.5305349271029 629.5312645521034 378.4299926337258 0.06792224198579788
682.321985091188 362.51783233390853 694.018135216191 378.979874758866 0.0677398070693016
443.60950147064506 318.6516508571618 467.16110576359137 345.93878322435484 0.06764783710241318
1065.0213543586754 353.71664112688046 1075.8069377352595 366.3824830714274 0.06737162917852402
434.6853831656152 492.59063729082305 446.851520929396 508.8027960338005 0.06737109273672104
496.54773043844307 352.0249928328047 509.76663533042256 369.06241963233396 0.06731757521629333
51.10200622013783 521.2119007225169 163.05057293857678 676.933886672224 0.067259781062603
512.3676343318903 555.5428382750232 560.2205792407801 617.0896074974696 0.06705354899168015
955.8918435394505 160.66863847265412 1132.504872554828 384.9683269160776 0.06701163947582245
1071.2411833655924 329.69107541044247 1084.4539359926985 347.35079358377163 0.06681638211011887
649.8882362301567 467.4569708734346 670.1524506322868 495.0865857232261 0.06677686423063278
261.9724726704541 343.09541217379007 307.16628139933846 418.57445897365517 0.06651528179645538
1025.4754834138703 284.1212422182199 1080.9326155992244 366.1211147291708 0.06650599092245102
428.1652969754061 479.0635944328157 439.40708813888455 494.9242492690595 0.06649235635995865
512.6899684169699 370.89480988315546 526.4013490587276 387.2511250347947 0.06605160236358643
619.6429102558975 372.86386582825713 633.0663909479625 390.296235110087 0.06587594747543335
673.3322222232022 430.48084918946444 709.3601455593223 473.97904133985736 0.06564633548259735
11.28868827575566 256.19666687082514 80.07699963938644 392.43082318355704 0.06549105048179626
577.2703306090792 318.57113984151493 627.7524535557384 374.4185489111069 0.06537668406963348
626.3211073631359 532.9248153452925 692.9703829491962 615.5248439561685 0.06489928811788559
176.45744190582184 293.53122019642586 262.4161976722148 426.9472090645215 0.06463722139596939
142.73197355006084 298.01010383404497 226.0606455168126 438.18764248601695 0.06386785954236984
374.9877263868018 488.2619440825314 387.33192868699433 508.26495486907163 0.06378177553415298
522.2243161546176 395.9972946087451 553.551490657265 431.6771854266603 0.06372679024934769
513.2907925675142 289.11625931967075 555.3571999594075 339.73303763697794 0.06331302970647812
575.2708721048841 514.1663399226418 587.7273300764808 532.7914579678289 0.06254881620407104
115.29053665100581 107.84777007376302 250.47589209403196 297.48409435436946 0.06220412999391556
373.18756749438626 469.9176895555802 382.8874641025996 483.15627820962425 0.06197134777903557
-51.50855549068313 -63.794011268953405 128.7974141860805 155.60385972853203 0.06146887689828873
657.7959784514508 463.601945249236 666.3610772692991 474.51702611362754 0.05923398956656456
388.88577434096084 637.6898395358887 495.14261787923857 757.8640773494976 0.058749258518218994
633.3780062384666 324.0237031611508 678.8198722306995 371.36477532268225 0.058516331017017365
-29.50781572467626 410.596200898069 78.91686038441077 583.1375985564174 0.058411575853824615
383.89126290076837 414.74644362822045 426.2151810920098 466.72011578498 0.05810192599892616
574.8759528941316 401.9346040409343 606.3581367731105 440.73963509161763 0.05712941661477089
221.64921769747838 -24.55940737647057 311.33160815142435 74.31849534664345 0.05711464211344719
190.9476136372855 363.4283739922165 268.67322159858435 489.6899339912197 0.05598767474293709
447.7135117081442 617.3535061040535 574.3061995193831 759.7999494916593 0.0540645532310009
247.31431039509897 -44.8228260226742 413.9700737757039 134.5099132529043 0.05284808576107025
