417.6162994798557 447.13069127768307 441.62525014850576 474.864430404892 0.999772846698761
460.61184474574674 421.07173260911725 485.32955233075927 448.3888066779014 0.9997490048408508
374.92047405472505 429.42802773011846 396.97916964146697 456.03754074876264 0.9995384216308594
281.6079051136057 505.56484937792027 301.2347679512444 534.738768868912 0.9922961592674255
523.1784284867513 448.4112926358095 541.4877454353499 470.72516230398793 0.8034292459487915
706.9932863183781 424.49237867985886 713.3835688715022 431.68192761336206 0.7256118655204773
614.2347790467304 465.5468642598973 624.5891835863612 478.15091376851007 0.603683590888977
516.7277794116917 442.21979981044245 527.5171167703575 455.1287495223906 0.6032329201698303
637.2787099404884 428.13700531981647 646.623388651313 440.31001623180293 0.5167974829673767
696.5806693377176 421.8266294238479 702.6078126675882 429.5336970706508 0.3548159599304199
185.26777427118884 645.1684904018498 200.61156003145612 651.7880848117517 0.33249175548553467
299.07251234493515 509.70869100003375 314.78834632844945 533.0997359062768 0.31273993849754333
293.2016234667765 561.9037804130284 310.73072520087464 579.9849525732836 0.2744388282299042
560.4139630115945 474.35465968447767 579.152300559134 497.21785747127217 0.2319190800189972
645.4137860351568 449.19812520486744 655.4795254371529 461.3422532746004 0.2290344387292862
571.0771604052605 454.7173904213677 582.2399973431186 473.8125653894872 0.2061854749917984
514.4823210429212 393.6775131123821 536.7084246994217 417.7247737630423 0.20345960557460785
66.6522579434954 182.4606528933614 78.2865272290283 192.60341706124174 0.19828902184963226
93.69882369777608 418.0267096016788 98.68255692958208 423.491339153995 0.19320592284202576
280.8013271672896 415.59410166792213 289.6804094199503 427.16418401205544 0.16238775849342346
519.1588305820401 16.496099931472216 608.9076050102481 112.74298989879193 0.14866197109222412
73.01243554235727 346.21820647048816 82.33589952484331 358.37594660105617 0.1455237716436386
659.4762314067345 539.8343034864666 665.5811762316247 548.2704038827814 0.14348749816417694
670.3625642793952 444.4682324956846 678.6593419319198 455.7593045096204 0.13482916355133057
317.2932097029082 464.51867709841895 338.0577308241985 488.26378249821045 0.13364307582378387
731.3500113572165 489.5499506432498 740.2633539389396 502.1087206874856 0.12947092950344086
95.05784136156738 494.5256671401726 105.48957590169668 510.7496074042491 0.12571652233600616
725.6554055190782 278.9783888447235 731.5971157912089 289.23413093945254 0.125668004155159
576.9055275403243 439.32120797374785 590.9893798051318 461.5925782931731 0.12522666156291962
689.5841996757754 434.16376437913084 696.5305043715285 443.27233294236567 0.12220671027898788
372.64398883550666 523.2439261706295 395.6480743252995 548.5521075014029 0.1220889613032341
680.0605894364928 431.24249180128544 688.5718621069484 441.418892968479 0.12181069701910019
617.8211047925195 452.57157140464597 625.1920591245164 464.2040816892012 0.12153854966163635
805.5062736873044 83.27288506964852 887.1964571202533 176.49328515553077 0.11839405447244644
6.739625781571329 174.97189800744985 13.057989120167647 182.80638149740332 0.11665085703134537
665.9518376292638 451.9495075288499 671.1587707625511 459.3299089384659 0.11499527096748352
701.5169145927857 414.0229582538172 707.9393061836445 421.8453681866649 0.11488429456949234
581.4137400667285 449.25107524484554 599.1914054154893 472.9385318226924 0.11422040313482285
685.2780510234728 446.046625931958 695.9327834342406 459.51661206756023 0.11348274350166321
50.39567342169184 582.3693586179431 66.61931407291591 602.6670181420266 0.11122707277536392
216.22005328394476 643.8422527747066 237.97175040349236 652.7056820007498 0.11028783768415451
202.41926181605706 656.7566202068436 230.59953830868602 670.0350996556717 0.11000148952007294
674.9706086176781 435.2325580501731 681.0405895865539 443.98170771553265 0.10991379618644714
603.5572327762774 443.53750486507414 617.5261061692755 464.0385670757568 0.10982701182365417
594.983148991899 467.08645520730397 612.3502762696344 488.0877928738187 0.1087726503610611
676.4473860741012 453.8063895817026 684.8514210064975 464.666961767989 0.10868972539901733
613.6220214152663 448.093525356867 624.9491215014111 464.5612798514354 0.1086486354470253
709.2815373127562 433.77701668710614 715.7485495330501 441.931083010441 0.10721804946660995
512.3973501268348 357.0896175004724 535.3801483061764 382.2358468069478 0.10665775835514069
205.80322650694873 647.5440611173888 218.74036184558668 653.3301538349546 0.10654622316360474
679.5781839835837 439.65801057647235 690.1104659163948 452.8321652239154 0.10588859021663666
667.5958166192495 430.50789002335773 677.707268388654 442.8714491205821 0.10564735531806946
729.1821860219662 507.191550346376 734.8119050012405 515.060083080661 0.1055024266242981
70.88740614736061 516.8802056492726 109.00349727459803 566.2314810924049 0.10482379794120789
175.60510239535358 659.8966461897357 198.4447496960788 671.0194665197778 0.10461289435625076
634.6547291099071 445.5632713241589 645.4990180351184 459.80468879106644 0.10389076918363571
594.9633969224436 490.6894784470711 613.3216113116071 515.0983947762969 0.10371940582990646
540.1990458725584 471.88275388012835 558.0073784181267 495.1646741049487 0.10355175286531448
201.23977611994547 662.8446987577898 212.82930846489694 669.0146076529794 0.10351112484931946
713.2288407581318 439.5643495192349 721.1328149840015 450.1259745899961 0.10339578986167908
88.91653715532044 416.396152323458 110.12141325565449 445.95345218111237 0.10297741740942001
715.0229846401422 419.43340456326223 721.1648984236068 426.6606446516893 0.10293123126029968
581.0296290883172 481.0208921309825 599.7887392567807 504.6560754494247 0.1027977392077446
684.3718988111984 417.2293292719066 696.1937276128987 431.23434406003076 0.10243891924619675
813.0543931076307 594.851373574227 823.0552837034458 607.6784320643239 0.10225166380405426
685.9428185972466 426.8251385683343 694.0553202136498 436.1813904546928 0.10211913287639618
349.8305406716295 466.4611389205808 364.2062143960368 483.63446822089185 0.10136379301548004
553.0418108165181 443.23854842357923 569.9678719311199 464.1480921005549 0.10115940868854523
729.6711562454545 404.00749727940536 741.2779239012796 418.229540908902 0.10091941058635712
534.3246749073635 488.96363099458637 548.7437544628576 508.3139023821751 0.10066064447164536
694.2857557606569 437.7073573107617 701.694568788579 447.41433086575887 0.10027841478586197
698.4781959864748 491.5872437656376 704.8895829703926 500.2980934765393 0.10018350929021835
577.2081986594995 507.4063283881124 598.57806245049 535.6283727813579 0.10017561912536621
617.523964876986 436.3381255013189 625.3239722319656 446.15478002440494 0.10013985633850098
601.0218781817031 503.80665014015085 624.3837297548133 533.6085049233754 0.10013014823198318
218.0250585742445 503.46932687364733 239.48190720472152 532.7598207293764 0.10012602061033249
187.62743145372139 652.7190067645918 206.2235857109081 662.7227454077198 0.10009612888097763
612.3348633769219 474.9490912725966 630.6712056973809 498.63879868844265 0.09981916844844818
313.9911126548618 560.4857474823904 331.36765827120905 579.1886062993257 0.0995822325348854
306.5709894378948 454.98035373376075 324.63389920808083 477.45189973722705 0.09931191802024841
719.4344743106426 422.35609483961 728.5766209609915 434.4757215035874 0.09895498305559158
688.4142190252547 457.00458247658355 695.5465978129556 466.0709004363758 0.09880027920007706
657.7739979491365 450.15423991865276 667.7388987959581 462.94353029931904 0.09865514189004898
858.5473993935169 63.08714382893156 890.2085148379896 98.60975182892116 0.09861162304878235
208.48429440889274 651.5250430061709 229.0537199386055 660.7164994255766 0.09848666191101074
588.5850614621961 444.9494510416843 610.3772950759403 474.50846852511717 0.09792765974998474
701.7828656454606 421.2242467046697 708.2965023543284 429.5987052921524 0.09775478392839432
642.2518765948338 462.90659987456087 660.9240258800678 485.6481573298207 0.09772399067878723
704.7664526336973 443.9807421471352 710.5247194323221 451.48477668112724 0.0976489931344986
303.40038449067777 436.5471287221626 316.08219473180986 449.55522076075874 0.09755435585975647
293.2586862722126 459.8078859884706 312.0589399458712 484.8753652627138 0.09743102639913559
547.5870515058716 450.1918578509962 563.9639390590812 473.1298015886093 0.09735137969255447
342.34122456545623 514.6970500142058 356.32385714200086 534.4108946925483 0.09720669686794281
346.4156708253677 538.5766070903471 361.65251144433205 554.813781300709 0.096836157143116
192.43028411115003 639.9938849143783 203.6362679430568 646.4263717410316 0.09652652591466904
666.5221315800421 437.92520721517604 673.7513626911868 446.78222420369787 0.09641826897859573
692.5650366899771 427.31634136694834 698.9025569702312 435.49121290119757 0.09625149518251419
702.2378221200273 452.0247951675621 710.2089873708949 461.98125340471546 0.09609715640544891
660.6421271218453 465.2070468798933 672.306087566198 479.92686447534504 0.09605351835489273
559.0718058172217 456.0579589515926 572.170990639575 472.4889057924355 0.09596230089664459
846.9143893267493 107.78462250987272 865.0655052478966 124.74360273466333 0.0958285704255104
94.19472428140071 431.34823623339526 99.79984498219999 437.85448535792324 0.09541606903076172
218.05250624358197 634.0143756160847 234.78863190795687 641.4685018300394 0.09537818282842636
201.84532199304286 460.9305039762588 227.30362160197728 500.5648243204875 0.09530992060899734
11.888292413517222 178.08176871785767 18.501604228095072 185.7137110881605 0.09508173167705536
676.7623639994612 420.306464525546 686.8106606567078 431.97852346848606 0.09489714354276657
790.6399629288346 190.44248599551452 825.6477901820074 229.91545171325055 0.09489034861326218
707.9176354798936 417.1382718933738 714.6969435880225 425.32331164904156 0.09485504031181335
77.50697883147727 524.0533143116476 92.30934467620077 543.7546807238774 0.09482875466346741
816.5022429723535 115.37587840282808 840.3905276466136 138.2063371162656 0.09442651271820068
667.3386606506983 455.0154223587042 676.4388379982139 466.717135688414 0.09424692392349243
666.5499806934849 422.3195644248134 676.1745567904558 434.47082647916517 0.09403770416975021
787.4831287877615 147.20548353041588 827.2078323829675 193.36347186587113 0.09383682161569595
167.71978274641287 651.8702119753106 185.56598942579336 659.717074816082 0.09338852018117905
711.5065145925043 419.71771106901116 716.6484473149228 426.5443986613079 0.09308508038520813
694.5024834813318 402.5370932445741 702.9592323478921 413.26880686784204 0.09296704828739166
224.01033728806445 658.8205087249614 238.30758229567803 665.863379301553 0.09285002946853638
251.78264028030293 412.5948477890329 262.4736732936255 422.74767552012526 0.0927182212471962
217.02318499688465 664.4839272902742 225.64937956190087 669.8717610740748 0.09258310496807098
538.3464391151786 447.5851646803512 550.7443193268801 464.36148740995617 0.09249547123908997
242.5480488487264 481.71152994114124 254.02559736926125 495.56725271654363 0.09226536750793457
680.5583657647488 454.8426049832048 691.8522133021947 468.70306504276897 0.09226521104574203
619.2110183261256 436.7654151998782 632.7193157004152 454.6636058084824 0.09221167117357254
650.6925112365268 431.63032874905565 664.4118752327944 448.22337349378927 0.092194564640522
287.2783180812212 438.4260045458866 304.7802995478486 452.2297593294722 0.09214410930871964
693.9891710344485 445.9328766856131 702.2177208454867 457.0732152549307 0.0920359194278717
552.3761079103506 497.6600399345998 576.5294484967361 528.2674740918008 0.09201839566230774
573.4262135282062 485.2029231540133 590.1224537602513 505.574973205328 0.09196976572275162
722.5892216122857 508.9200883646574 727.4356865418658 515.5247863548886 0.09194990247488022
676.5794220462607 460.4696556851746 684.6664037999076 470.83615855570997 0.09181482344865799
727.1441818163281 520.4496732412614 731.6517223578618 526.7527815941589 0.09178758412599564
530.6641901816015 464.78946360021285 546.267797727867 485.6731082779081 0.0916607603430748
795.2946906324216 129.9384605393719 804.51353332645 140.0896459788486 0.09161533415317535
624.7845427704511 457.8043821629499 638.0222194934914 474.5131396034322 0.09153822064399719
713.2002552196412 460.9146453010919 722.9524339474978 474.3851601778253 0.09137015044689178
742.1843590570527 203.53474452675863 796.0592203344489 264.2188086321402 0.09133673459291458
721.0882623818262 440.43880191515933 736.0259913595428 458.9346840369205 0.09115268290042877
165.48884449659292 660.5880695581205 179.51265581020894 667.8086388116336 0.09113898128271103
712.0131862661865 427.5165827512906 719.9442749845563 437.50828573667695 0.09111254662275314
627.9533149160548 441.77416657702867 635.7099235445236 451.6871605251002 0.0911024957895279
709.2299862511786 398.85571093329764 725.1941129699942 420.4374097201641 0.09108654409646988
28.960960769561307 442.1908350859217 37.03082568554556 452.61402119073273 0.09098739922046661
699.5548140164813 435.5694839124043 707.1854007620299 445.25046136776007 0.09097945690155029
718.5849663057892 508.6840890803354 722.6495161534835 514.3670637883356 0.09083335846662521
55.0087187014813 494.5843249929007 67.82046372067869 508.6669732930116 0.0907922312617302
555.4496887389383 479.7839408605226 567.7801267770236 495.0960799221487 0.0907282829284668
105.425550040744 432.5619737332501 110.06939725000142 438.7353897110226 0.09069398790597916
313.4313062026154 432.64736055336795 321.91500840430996 442.96033438197986 0.09055354446172714
261.88042769389284 459.41633530549393 274.0662995460734 474.9940915289527 0.09012354910373688
156.3933095370052 644.6023961851263 173.90632863052485 653.3314360934212 0.09010777622461319
629.1953564197073 478.3523342343292 650.0458349390568 505.32280760811733 0.09004747122526169
786.316764118618 117.3937804062678 812.2726615483836 146.37306711481523 0.08996154367923737
41.509230928137825 533.4505953360664 80.68227778737153 587.5497807312888 0.08981286734342575
298.6720131959331 482.20617068486746 314.55826012291965 504.57450417371757 0.08970619738101959
175.9578973424423 646.6484499941363 185.87742394743591 651.7923007740592 0.08957966417074203
786.2940561819921 126.30013691053294 847.2842790779353 196.82859190675327 0.08936887234449387
606.4499224977475 414.2901595684658 633.792897075083 450.02381711945986 0.08926526457071304
644.4844288409296 408.23039118100803 670.3431518785695 441.94647284784037 0.08915182203054428
521.5597545734614 473.99186863453184 536.3314220915371 495.1743659164408 0.08910709619522095
403.62118356557346 507.99094401031084 418.7201151732303 525.0455859799956 0.08910099416971207
686.7444180955291 408.6069737684962 696.0815603708193 420.6513560651572 0.08909625560045242
834.2621830003435 78.23649748704226 857.0022123364215 106.96312182577518 0.08907348662614822
32.52087844282512 433.1271564039754 38.1987666263744 440.38870045344095 0.08892244845628738
662.1419456500905 432.15478811369496 670.5850027303957 442.1580074282298 0.08888490498065948
206.39751367991047 640.5440063660445 220.6181569956395 647.6063484678341 0.08883561939001083
230.29276443474686 530.6783409212115 264.51950012677054 572.1135465929423 0.08874472230672836
317.29186842831945 490.9101648477631 341.0480492086652 521.8557004840121 0.08852299302816391
359.0531298022178 540.4003309442602 391.42136401266896 580.7101671900929 0.08840085566043854
629.0960317437097 424.82099370141367 638.0965972428007 436.310529649257 0.08837127685546875
699.705906195881 352.84150138269285 708.7807799834696 363.7616520202394 0.08826705068349838
763.1470722677067 248.70358145064418 827.5036793601956 326.3827086212788 0.08816477656364441
681.7948178022763 469.68627295690317 692.4893154704436 483.8702140924788 0.08810046315193176
623.3400559316192 450.87300583526354 632.0032975051621 463.2793489567935 0.08806780725717545
262.5966721012142 482.406880305067 274.425957468051 498.5564938020682 0.08803731948137283
721.4286646985115 413.47959443463594 729.540766009956 424.0157246273684 0.0880206748843193
700.2468315450031 445.61126049749686 708.7224928718088 456.1488667451528 0.08781314641237259
562.2591148337066 470.7057006529033 574.2032652081499 482.1194354667498 0.08773556351661682
671.2140541279202 422.54607658966074 679.1556637798896 432.91965650289245 0.08770305663347244
313.0876837758659 579.4595219162939 340.58119262376437 612.4612845002571 0.08764128386974335
650.446522726603 177.47159438740744 710.6385516593639 258.612122785556 0.08760836720466614
256.01617012175814 652.9980087776008 264.9110366678557 661.7971556685274 0.08702590316534042
733.4265886618166 115.91442964187164 783.3468509025333 174.43088281721867 0.08700544387102127
216.0783545957448 660.462307513026 224.39739633525645 665.3612219356013 0.08698806911706924
696.0873938918977 457.19562269504866 703.200225265521 466.9481179106381 0.08698747307062149
357.4224922623587 532.6841532112271 378.59489067591755 557.415073535326 0.08697440475225449
894.8769785151474 91.91414115346338 979.0383748287137 184.08957555017577 0.08682325482368469
100.40669528711614 432.0669180007847 104.98925536020704 437.9673060733343 0.08680210262537003
310.1906549052047 548.5204235007949 322.05032526602736 560.5464934209471 0.08672411739826202
636.9612668913375 458.71119476619225 650.4687278358123 474.9339108981154 0.08662457764148712
844.8237817831593 30.27732168155687 853.0526427292548 40.786569975898395 0.08621836453676224
151.84365198214974 650.842675977722 168.26416083309076 660.279130439297 0.08620769530534744
39.11885206042703 192.17742913997986 47.67777047990446 202.40164237175514 0.08616962283849716
585.4619561298211 431.3055939309087 603.0960731210345 452.6127152479152 0.08614905178546906
267.5553662498171 547.0727100731216 291.6398243457708 574.3700409495481 0.08608293533325195
311.7890344243909 538.5170784608401 329.60405320797975 558.823527425424 0.08606455475091934
674.3148312296901 437.17353199690797 681.1520221774987 446.9313839789962 0.08605621010065079
695.3523664264925 414.05262151667995 701.6330874060702 422.14388388033797 0.08599197119474411
233.67332571999492 485.5726416917093 273.61045755677566 535.5934709758415 0.08579376339912415
326.45680616990563 557.0507179543262 348.0661979062729 581.9105657030922 0.08572591096162796
267.54088633463306 19.181084374497004 354.3745877443649 111.58934890930088 0.08568701148033142
44.28517808913825 185.43981572305606 54.5955651286352 195.4762278834638 0.08557900786399841
555.1548775827332 472.5575607590424 564.9709983340421 483.7943437976492 0.08554254472255707
209.92656858975732 662.4376116114228 218.83405302666702 667.5109759161322 0.08543607592582703
544.9404891142092 435.5066885057543 557.4466837249578 451.442140722478 0.0854317918419838
197.22537814346444 647.66373446444 208.98705340881085 653.875790277115 0.08542478829622269
692.6048149079948 404.05385153172006 707.8513320375399 423.6371711567787 0.08538457006216049
672.9910828168537 408.62250245358103 683.2638267221186 421.57270365514495 0.08527853339910507
236.45865224268584 453.17556952251334 259.5028961958759 484.20590479861795 0.08523427695035934
758.919044696796 159.06585535126752 788.5675291460219 193.75207143107303 0.08519050478935242
816.9198495310648 129.18627924538282 826.23683961515 139.28977823817792 0.08509200066328049
269.1331726887403 442.7710481331895 297.1691855448868 477.9940536744511 0.08505294471979141
73.0463815398738 187.67978943990775 84.61231257356935 201.56468137144554 0.08503811061382294
721.6049293940322 504.68179464627 727.3915776913699 512.2090424905938 0.08502175658941269
850.3870500882247 324.5248547240234 904.7830525338893 429.91112108963705 0.08501291275024414
17.732700268680365 178.17379375309864 25.865479503079428 186.91459445512524 0.08490987122058868
243.00769311915985 393.9962076581105 279.5146478227873 436.72210123337356 0.08485241234302521
193.15715622744514 661.5869557863068 203.45161128141967 667.5381317995643 0.08472755551338196
683.1402155787841 420.9408902611597 717.1873401714762 463.1935816356476 0.08471705764532089
412.7749134892738 364.87542793319113 467.20229407483896 428.72393787586117 0.0845131129026413
371.8785201359479 361.0779065505591 411.4164635254285 410.66857279289854 0.08448489755392075
190.50790468037724 545.8401752690136 233.5422427305725 595.2417924985709 0.08445779979228973
620.628511469649 428.5283409129223 628.7357523326842 438.6332491225247 0.08437713980674744
319.7411481688098 447.32159260039447 333.05209962097666 462.61557910496373 0.08436516672372818
334.7115330594232 527.3529634492741 347.2053596958313 543.8525357279157 0.08425194770097733
355.04241970598645 510.5249813485829 377.03303324557726 537.557535780602 0.08418241143226624
845.7540917078526 398.6344971187298 912.1240045069101 524.1950444491649 0.08415119349956512
821.9626255806467 121.00594556590417 831.8828064951821 130.20372601318948 0.08406927436590195
656.7112571100351 444.0730213996718 665.6991986740144 455.01762540456684 0.08404497802257538
698.47158614535 426.94677921922636 705.2102290208646 435.9436219120949 0.08401741832494736
695.9726925177224 430.20446578760925 702.6798675409666 439.6635750802251 0.08388404548168182
-0.45679198702231744 392.2809884844425 31.513735419078294 438.52949003302433 0.08381885290145874
621.4864944093054 422.11573356730094 633.9542429835634 436.6196441676742 0.08370067924261093
635.9344491837791 437.22798675002696 643.48462355775 447.32159419122974 0.08363517373800278
328.3978142986486 542.9145906310546 343.87202449493026 559.6214924380153 0.08360957354307175
181.41091066405423 641.6567935646312 191.2253630640385 647.393543500756 0.08358927071094513
195.29581560055152 632.5928002488657 209.90010293963527 641.3837104294323 0.08354771882295609
560.5627355679803 417.9512975052066 583.9575686170643 450.0148790014938 0.08348681032657623
524.748998073553 429.61895232041377 542.2707209520241 450.91554988400037 0.08332018554210663
644.6949017600508 433.71475605417714 654.3255782792089 445.3730372356558 0.08322280645370483
35.42093828488572 457.7058031369654 46.57825216158718 469.6946231797011 0.08320043981075287
809.4034641379519 134.22968710047206 818.9693347549103 144.21740502816272 0.08311881124973297
241.05683894978017 513.8116819532345 259.72312982596816 537.2107997983996 0.08294302225112915
700.127443467729 461.5677681369374 713.8699151591177 479.3061956162037 0.08293813467025757
3.2111300834443752 175.07644089046875 8.017592557123006 181.34392394151337 0.08292850852012634
305.5517590723064 474.1396324809944 336.2559050330168 513.8387848886874 0.08292542397975922
196.15047031621393 505.67222506184066 219.35704856568472 536.7267795074032 0.08292323350906372
786.1365731269888 319.0868946586682 856.7818810832472 424.40826608469905 0.08283436298370361
638.7838313454923 499.9447591163117 677.4743303673955 547.8694093096186 0.08276598900556564
280.70996158063593 209.3707942998598 373.5519964002206 315.38010890050026 0.08271799981594086
233.81280603069882 419.7514015105914 311.36581710185953 509.07148227211377 0.08270461857318878
288.2009466829335 420.4894712164572 318.24169001057606 452.73828588834346 0.08267943561077118
317.3259446579048 437.94678997615733 329.8581103577488 450.5028394539589 0.08236665278673172
836.5427827307769 608.5954332330958 849.9041319878996 624.098258163655 0.08220518380403519
565.9533431659297 442.50387158662033 578.4246673707028 461.3844855429345 0.08218863606452942
969.2654440662567 185.8045430132054 1055.5371026145742 286.45509128499646 0.0821443721652031
88.01086143270432 534.8678251651138 131.28353936546878 585.5882920813415 0.08200837671756744
315.13859289784006 445.89670324448485 323.0862932558843 454.9957366380732 0.08200686424970627
104.24697390842633 495.1647260812438 122.90149440070017 519.0326833547192 0.08196823298931122
659.097059061649 377.49788286650454 703.545139792525 432.35580088294927 0.08195259422063828
580.9030780962806 462.7766277448726 594.0562749333274 481.47022631698064 0.08194576948881149
587.8276557326411 420.4293506394911 611.4776364124114 447.6924962139818 0.08181337267160416
85.73185083908953 437.2089084513825 89.84153977731415 442.8294809549825 0.0818084105849266
722.0906561587607 407.09693594998765 727.7423265749219 414.97617860462117 0.081737220287323
219.7328014332856 398.306234603168 252.23690278818756 438.6555775608307 0.08165549486875534
306.29637232195034 424.5308355011226 317.5631183872807 435.7010847826523 0.08164916932582855
301.7355251729688 549.4274581586305 317.44028052478154 565.6111274463548 0.08151624351739883
809.3842616084461 78.35748305558413 835.8435372843657 109.57552630020093 0.08148427307605743
878.3750927000726 386.420868544186 884.5591099921098 401.5413142624823 0.0814480185508728
710.1588267701177 451.02522034743225 717.54990362112 460.4554695302231 0.08139684796333313
826.827710672461 390.4900577067108 871.3385078654265 473.9487857490327 0.08129002153873444
600.8755536583897 483.2577226202677 618.0884349658385 506.3915066937082 0.08128375560045242
820.0071276525528 115.27841918097627 826.6790667115811 121.9390438660205 0.08105520904064178
335.4616833521872 390.4934094423204 385.4032382093774 445.4515820960457 0.08098749816417694
821.2428424292779 41.61898419224514 830.0679245657748 52.45525673765307 0.08097569644451141
342.82195294157714 503.5661625542305 352.33917043511553 517.3352756675944 0.08094106614589691
884.5030131939682 385.34031188764476 891.8421023270364 404.471250361499 0.08092592656612396
551.1000327275398 420.5127907140689 569.9867887555647 444.1182015488827 0.08089153468608856
61.754855613486924 506.38606886172306 76.73610584977422 523.8258236964081 0.08088395744562149
320.6598104305747 364.05046630668573 363.10534887151135 414.65038869793824 0.08085045218467712
725.9991264008128 488.8766645583599 732.8676110721141 498.6712784483479 0.08082138746976852
80.7893050168901 519.825545323414 88.14230630297504 528.7704913837435 0.08073129504919052
729.9742230495953 421.9426050226918 741.4768963289303 437.03884521947833 0.08072453737258911
197.97476672664462 668.6886896794945 219.9589280357666 683.7477938250963 0.08069219440221786
207.63821269587015 436.8133178414585 255.32356763528333 496.788991519679 0.0806381106376648
718.6612030684736 477.02806688531547 730.174592501078 492.8417876173465 0.08062665909528732
131.38372094625888 648.272086540057 183.23038108910953 690.4000086239244 0.08051002770662308
756.438812699287 150.71025577063358 779.5145198951096 178.08556986884236 0.08045712113380432
700.4371183479504 402.1377016336586 710.6206013615463 415.15720180512795 0.0804222971200943
735.7142506159294 456.23444791341467 743.126255265004 467.8558284391902 0.08036201447248459
468.9293895507275 492.6706634074051 505.0291964569353 539.4797738360937 0.08030413091182709
342.2115773028164 211.0628324220248 428.96891826469715 309.44236602988775 0.08027525991201401
340.2565150031304 552.5116934683622 361.10518061560543 578.3768144828517 0.08026651293039322
167.9392709886902 635.1824257714517 226.07988889450797 681.6203087640893 0.0802624449133873
724.1801210903021 399.8361384003419 731.6012361886493 410.1435881870495 0.08021146804094315
667.2941529463902 445.78112255836584 672.4236250107786 452.5954660543375 0.0802064761519432
62.99165073918639 526.6877978819971 73.35147916668842 540.5457530770869 0.0801621749997139
628.9444567233581 437.7796418621523 636.3979471849281 446.96324355440134 0.08013405650854111
715.1040000780843 516.4982612651621 718.9562362685502 522.040714121318 0.08012069016695023
711.3009860775811 413.31606464766526 717.7194452057819 421.00995902772434 0.08011148124933243
292.0183153701153 416.4234254659941 303.2301877814493 429.1168595781536 0.08006412535905838
121.58667724526178 616.3360238267155 166.46727461187652 654.9302017652182 0.08000414073467255
881.0873914008623 11.983060685551967 964.4909488152282 101.85196809658899 0.08000195026397705
59.17850213226469 487.9466799321101 87.80858587087955 520.4718337931023 0.07985762506723404
624.9392118033018 437.1464654416031 631.5318869970417 445.66088978897875 0.07978038489818573
715.6003780089111 386.3314870040354 767.829644562551 452.2152011610274 0.07970823347568512
268.5046456704575 485.9382138156079 286.95404244594863 509.77297984688204 0.07969138771295547
17.081341986277927 191.6616201541858 84.70461390093607 276.41994802402684 0.07965879887342453
299.73554062482003 446.6343703970634 313.2426902219709 463.2482929489969 0.07964412122964859
718.4156987480771 315.2000125826321 801.7660870210353 424.2192137487744 0.07941259443759918
320.51940096575856 518.019599352039 339.70291386276176 541.4774554314092 0.07940991967916489
650.6920317786335 456.6991685078914 662.2752371955592 470.41340670458624 0.07927242666482925
294.1871358027692 406.0668726800438 321.9716488375058 435.7751482495223 0.07921736687421799
394.34677476915306 526.7466636531891 417.6679190001768 554.7052729396931 0.07917481660842896
173.65430974683912 639.6423528341929 184.76003920154378 646.4446189308458 0.07908941060304642
90.2815840410982 531.4407028396228 95.57086912362722 538.5097157220539 0.07901056855916977
718.2723671981962 453.28332131665815 723.1370756273906 459.76444721265136 0.07900163531303406
341.59523595583755 485.8757313064234 355.45027277376914 505.81064626522783 0.0789150521159172
825.3933429805013 113.75327477434679 834.9312584006245 121.99425671672623 0.07891073822975159
693.7129052800472 470.7486550081234 701.4343150165251 482.0861761813938 0.07889989018440247
572.840718766598 471.9675689427073 583.331223316311 484.81757274264515 0.07884775102138519
176.76157838734193 521.1242587725166 203.28980832757645 555.4017511009403 0.07881707698106766
810.2476792640693 118.76554722622778 819.0280808423253 128.5317062691639 0.07880014926195145
734.3901855208437 479.67629168204604 742.5607859274438 490.67941996330865 0.07870179414749146
808.2958240482199 52.81836980043907 837.6433930892101 87.3683765455707 0.07865677028894424
633.3425324673893 404.14466100408976 653.5830358032127 430.66702762737197 0.07855406403541565
274.1656988993574 424.7620447701168 289.15466310993827 441.5645880170037 0.07853782176971436
433.4951634329036 478.0282001368516 461.39121097873067 512.55196996272 0.07852675020694733
720.3614910147273 428.59437171478197 731.9906584404912 443.5093438552688 0.07833442836999893
599.7231284670867 484.0345788079513 655.951458624264 559.6327312275637 0.07825063169002533
685.5983795171304 463.1079347694718 694.5675796896046 475.4638409490873 0.0781358852982521
866.1851623134872 386.3402179621259 873.8785175222703 404.73780823224536 0.0779985710978508
199.38816291204313 510.57549452058043 233.16180358799542 552.1437029068483 0.0779583603143692
77.53190617856568 491.4278636161029 97.39842140254855 513.285415684795 0.07793676853179932
177.92550502564237 481.84353054481926 207.30656233937998 520.9670130298883 0.07782997190952301
335.1851539426494 463.54868927957983 349.1710713147895 481.6922380079679 0.0777873545885086
821.9580313206538 588.460378596301 841.1315418173343 608.6676744094723 0.07774940133094788
657.802235393247 420.417385910253 712.4961538670723 486.3116183739587 0.07772041112184525
251.97069096199988 555.8998088219081 292.0918323872019 605.8784661641923 0.07763247936964035
674.9109088990933 427.6930513296881 682.2974574042238 437.5520208764125 0.0776321217417717
708.0111795928809 454.64834278755154 757.9946607465766 515.9605802195375 0.07758738845586777
337.63634453976283 438.3159694564936 347.13474783631807 450.212897420619 0.07730117440223694
89.56652632861079 416.68229842099515 94.68046188030728 422.4723833705496 0.0771554633975029
286.09691763079303 402.94489746170325 297.0025483291665 416.6869883402027 0.07695566117763519
529.364962963306 411.75958918490835 567.455966526821 461.8036333537947 0.07675006985664368
872.3713516351189 395.3147883712361 878.8899363855256 410.47549754097645 0.07674296945333481
817.6199840913166 230.94500909092972 866.8949053385414 298.17487544774946 0.07660172134637833
345.0900822482649 596.2068987534961 368.0468695859862 626.3506336110212 0.07656674832105637
532.7445030138318 410.6911939890867 551.8128410890938 434.7659373466797 0.07652923464775085
674.1770637908453 478.42648889087855 683.8247855719 492.0073721194945 0.07648878544569016
775.7446351042623 423.7825902447885 827.6334036537127 498.97360072964705 0.07648282498121262
242.69355690634208 519.9545096518757 251.98184418612618 531.8644962476391 0.07644736766815186
312.09848317098545 589.0349302892824 326.13049616563706 607.0806304879594 0.07640869170427322
661.6102877488973 478.36503299545103 682.1573734739326 503.94821976975345 0.07634898275136948
819.7563429972985 24.99514359318185 827.0887969822627 34.02950251026951 0.07629907131195068
512.1806398714949 456.07355204488323 525.0431663276261 473.5504843749783 0.07624617964029312
131.2032520749195 449.9466579509474 192.64390225622853 520.7372391033498 0.07613399624824524
288.6513607174997 416.7562971941838 297.49065317748347 427.87223715003 0.07608228176832199
615.0618690263436 493.3076963558807 631.967436542886 516.6359804794884 0.07603803277015686
494.6073560861781 411.8061827091001 539.3308728553894 470.686620700078 0.0758558064699173
780.6224025137828 155.10284340007527 790.8687071974538 169.2871449153011 0.0758100226521492
264.73356151737994 516.2097234917624 285.17362466304974 542.2141181961229 0.07577075809240341
702.1622383845805 393.19263069512283 709.6349342312313 403.20490855272607 0.07575097680091858
568.0732164800492 400.41362508032813 590.9888480286999 431.09557849587685 0.0757502093911171
330.2188918097695 481.6297898636062 345.89176149020955 503.28056186453193 0.07574594020843506
557.6006518172373 434.0333164061795 570.9625504852354 450.43184344897867 0.07572784274816513
728.0492131336309 448.5304152421455 738.5501314568675 462.323488298097 0.07571105659008026
622.919657208235 470.1399567526676 635.1927320414101 485.15429518482716 0.07555874437093735
896.1538386713191 485.4301108241931 1220.0461493941475 869.2301292101265 0.0755215436220169
272.6778721191243 402.4583627708323 284.60731046730086 417.04182226376673 0.07544617354869843
397.7416905857819 496.47508313368166 410.6979802435674 512.4858200353601 0.07543518394231796
254.92443901090675 503.07119494301725 283.6551984418684 539.8183296830599 0.07540217787027359
123.00869016675782 516.5487996580481 174.84472850322288 579.6771919425328 0.0753101110458374
502.64055552302017 479.33262533531354 526.1666550213079 511.58181079634255 0.07529376447200775
789.4904992504587 119.01338067482628 799.4020084417541 130.7336510015724 0.07527737319469452
803.0503887640986 129.80885864635079 811.3490115031042 138.7877965195702 0.07511628419160843
644.999219702556 423.0290772026508 653.614160012464 434.51032027830115 0.07502071559429169
356.5282679172065 347.2856437060112 383.6250071791917 382.51988901195654 0.07498611509799957
428.0655257392237 515.0393034299079 454.13906632123985 545.8941175572743 0.07482767850160599
378.60306034223777 494.1213202294192 403.26670654005 524.0611275606315 0.07474382221698761
788.3867044295131 593.8509111286589 819.5676740530233 620.6601899417376 0.07466119527816772
557.8337906894702 491.16796194656786 573.0467480388829 511.2744043748928 0.07461988925933838
652.2651735868989 481.84697397626275 669.2728235116598 502.50677352037167 0.07458803057670593
872.0550945050136 373.5499886807198 879.1281414901518 391.2876715438879 0.07458216696977615
223.91633429537373 432.35176738849543 245.16989653112213 462.0553256802849 0.07457884401082993
761.8278795189917 122.66293724346815 788.5192863183453 155.50492957464144 0.07457084953784943
355.94427625967603 555.5965991122907 373.59839997109026 578.3716991328894 0.07447121292352676
883.5415119822666 62.88111814274169 900.6803791248091 84.72396924202096 0.07440558820962906
684.6308490504695 372.8181961544658 699.8755346404015 391.2390250009314 0.07437872886657715
96.54186757331105 635.6826545187607 137.4614203438245 677.8444628124518 0.0743158757686615
613.2984618646707 425.46341566196367 622.6309329497727 436.59974976814874 0.07431071251630783
705.5069122311922 477.1255378527036 788.0999243317123 567.6879744487692 0.07430385053157806
352.3455575862451 523.4826757383494 368.39849453200475 541.9648622569193 0.07422380149364471
878.2230543578942 372.0259993959795 884.5971454726491 387.9432261334947 0.07416945695877075
436.8213639275383 426.5426082119276 460.3122827502205 457.2570576951628 0.07416167110204697
714.7998223637576 148.99355077895584 753.8009697112863 199.6878070556775 0.07414708286523819
579.5079108251911 424.650551350222 593.4273176456932 443.1711881946447 0.0741138681769371
104.83129373787553 480.30355710911783 137.78158963360423 519.4639828812363 0.07407793402671814
676.9086844594735 477.0258107765441 701.941133726892 507.95713008874276 0.07406903803348541
505.7059647940824 440.5897159770868 517.6715447012626 454.95132529964786 0.07406461983919144
796.4468629037906 137.63504566154788 812.2191108798088 155.0374069325566 0.07405294477939606
832.3044058525294 121.61375887491954 842.8411161598606 132.93031796024385 0.07403938472270966
580.3741755298938 528.2436027443986 609.0862520358897 564.2900108358987 0.07401523739099503
108.5862665175334 559.4157257552364 181.87734877443637 641.3500292456799 0.07399071753025055
353.10603045208245 490.1262772897783 374.26713032859675 517.9031967318233 0.07399007678031921
586.2388095407654 406.6499904311634 668.1365110676278 506.9366831092674 0.07391367852687836
93.34004015907391 521.1379408627398 104.8159942555422 536.2376478360017 0.07389895617961884
769.672129221063 101.73718265420966 1041.5997309330176 448.20505342081424 0.07389536499977112
718.6018638302147 378.91889276640933 728.9024494068367 392.08520802051925 0.07378531247377396
696.2738823232477 464.9184739558917 704.1481084259595 475.98155957756643 0.07377082109451294
803.5998189215126 82.2469128244999 836.9020878599571 121.03577191799346 0.07367955893278122
672.700903436377 468.0108796875367 681.9403297073725 480.4493279260585 0.07364845275878906
663.0881378543656 411.1485417190786 676.426882278362 427.38949661351404 0.07351032644510269
655.9275910243455 395.12250382111523 690.1015158801993 438.4746817796022 0.07335589081048965
928.4097125890906 358.9473411045544 948.7119927877319 409.47944507601613 0.07334713637828827
692.3075329823056 303.62660559557463 755.3465871353076 385.07819389124836 0.07332863658666611
284.0760886556935 544.8566846864815 302.02975323859107 564.7267991373222 0.0732312947511673
424.328249255038 322.7124719010964 466.189165416608 381.3717233313658 0.07317852228879929
299.18079194197503 576.1649555342738 320.1645292418363 599.1595164075516 0.0731760561466217
706.7850065621744 200.0349071522276 741.144474658762 246.02585947459295 0.07317369431257248
364.2677020953359 453.6362417911896 378.7298146214118 472.99718039909993 0.07311426103115082
545.0033747175243 348.8249249748663 581.3038132711881 400.870074642987 0.07298752665519714
311.7371286143428 515.9947066521241 323.80836922571916 533.0739880190878 0.07280387729406357
250.90455289945947 550.5194292119191 271.75328431771146 577.7626783345249 0.0727463811635971
277.9256118865622 583.8396029320854 312.9977343540672 622.8890377159155 0.07266028225421906
715.954601313061 494.4336967207358 724.357390293039 506.2277708735465 0.07261349260807037
526.3933344879002 503.7951047888461 551.8322758694079 537.2140141225017 0.07252247631549835
829.1052487498456 229.88979746973257 905.004705080005 356.42693982716725 0.07247098535299301
590.6296476646581 514.1026773488932 618.0797242203674 547.203744132512 0.07235797494649887
329.37809559949267 584.5560209809126 345.3663212398315 603.8819026849628 0.07227785885334015
859.9312272268256 457.7890208145895 917.5750407034274 561.552962079686 0.07210420817136765
58.850086393137175 442.8226039025204 122.66908303153886 521.9879363733558 0.07208441197872162
877.6620965595177 407.07237508391535 884.974464423719 424.96809756064863 0.07208236306905746
437.8830313390557 451.79269064585526 453.3672920665145 472.2138906779158 0.07207342982292175
154.9366360799799 504.2205915287072 190.06311660513538 544.674857546984 0.07183386385440826
217.13547595969675 528.5962671913679 228.3675589417448 544.6448767290237 0.07172680646181107
721.3476039566075 458.95486174494494 730.8224780198129 471.9494205965161 0.07163283973932266
866.5121161039672 406.70038728934276 873.0994745358585 422.39355301188414 0.0715908631682396
648.075109593299 341.03930834672025 740.8503894791932 462.06336283951885 0.07154236733913422
876.9385244644872 10.194895545641561 900.967489935877 40.094296954330325 0.07140031456947327
716.4246986649599 448.61131781441856 725.4481676333291 460.73639601638445 0.0712379589676857
301.2682533565582 531.5616734361412 316.74825920467816 549.8041317967767 0.07122871279716492
804.4581800055275 119.94810033046294 812.4600005100183 129.32195880124 0.07106762379407883
215.7643498822462 533.2154759051278 237.15805378336887 561.8389567088258 0.07102467864751816
820.5690604081129 473.6979193768009 876.2563747583213 564.9392663266693 0.07097519189119339
112.51641183480768 505.3988224414374 149.09858968396122 547.9595446851134 0.07095646113157272
729.1655195116757 502.04145703116797 735.8051068851104 511.4673449007724 0.0708514153957367
331.23084647578355 447.28753855243735 346.7524784382114 466.98336732995136 0.07081245630979538
271.8829615186684 568.5507127337338 293.51660681336153 591.1668964207526 0.0707416906952858
690.9524741137128 382.74399842439226 786.8900538963244 500.1092727566159 0.07073698937892914
701.6465583769163 232.3999287893991 761.7110578298245 305.3115777996291 0.07072072476148605
227.54849811691668 478.2429915944119 251.6406444290148 511.9112267528485 0.07069612294435501
401.7445048282387 502.47360360139845 520.6390680087668 638.0783430010907 0.07068365812301636
605.158860116546 435.2053874297433 614.5459081728061 448.9286973306196 0.07067587226629257
709.9181140327458 464.9263721672468 717.8541347995534 475.2314214707473 0.0706423819065094
752.8303556547403 163.22518991052047 766.2045504246523 178.6760607202965 0.07057918608188629
312.40093700208485 425.40364590364845 326.1724130558743 441.15880103019356 0.07055706530809402
910.1903795443664 378.0692421324171 973.5312106580964 494.91990041746305 0.07053837180137634
343.48032089810084 576.9860712276087 362.8157738730434 602.0763431216724 0.07051925361156464
631.5735349810786 466.745448894491 643.2421974761282 481.2731407783618 0.07050635665655136
779.367176915369 93.66241504861478 809.1093942498944 125.47176626981089 0.07049461454153061
546.1158780358028 387.6353257466674 576.693508404869 423.34403037864104 0.07048393785953522
594.7868913905901 538.3219867345018 604.017788560887 550.1982680274741 0.07034441083669662
588.0515284230618 381.9533630785926 629.8114611733331 434.49042368693523 0.07025361061096191
806.072653620558 41.4469788994568 814.5671751682435 51.422542994420645 0.07021621614694595
754.5029344933362 489.3330346866038 832.7043357111776 586.9261479661517 0.0701281726360321
763.0443340991428 145.8924379114808 775.956710236254 159.2943387247262 0.07007361203432083
717.8492604140946 476.24058677859125 723.6472323932861 484.1998755660246 0.07005439698696136
145.1332843136044 559.9367358234227 199.73460865971245 622.2562983524755 0.0700347051024437
703.0595593940075 363.2144240684558 712.5441713184376 375.88394915645586 0.06994841992855072
857.1808094380023 370.43796405611204 864.0575273104147 388.10179493116755 0.06993279606103897
681.5251689476233 389.4220874843969 696.9470988011027 408.8237151748083 0.06991630047559738
268.38317885763627 418.7738757767403 282.28259039674754 435.26871144991355 0.06950019299983978
780.6805612417805 170.23056394381942 787.6959959203435 179.36340244359607 0.06931789219379425
836.960883992243 136.44205639746505 892.9396611978937 212.30300986549022 0.06923933327198029
238.71960606123793 569.3394145277571 258.4696135315496 592.6342112453082 0.06894536316394806
696.0331501751692 349.5372687164644 707.6881822911378 364.67796055933223 0.0688919723033905
461.54823162529135 393.00596377841924 562.9639250327052 511.67981612206535 0.06882601231336594
709.964557016097 473.5474142835659 717.5208680200493 483.6440629766809 0.06879401206970215
802.8729911364977 116.89678668899543 809.8873829533911 125.06607427688739 0.06878284364938736
887.5576255567278 364.61458026191747 897.7551450142639 392.9499417273948 0.06876280903816223
618.4809282232192 416.19126695122276 659.5441187792146 465.33324564082307 0.06870459020137787
372.63512594630794 548.1146063346847 393.24468880033766 573.3249755843817 0.06867332011461258
387.3029033995191 318.81806984335844 425.76029378032723 370.0919242309376 0.06866808235645294
691.4471110791304 388.5112748374514 703.9009067492719 405.0164464518984 0.06866569817066193
786.6346920107924 131.9960341435952 795.8303235867734 143.81350525381757 0.06862091273069382
420.3312942976559 541.0854468318188 452.7079405597852 581.5022057145842 0.06843436509370804
710.0373222509863 373.1103865086716 718.917391479476 384.55581376326865 0.0684114471077919
79.95865330041242 425.7522035179378 92.13868640969578 445.97379021796877 0.06838955730199814
735.1375563526628 470.04852198388386 741.1518674233628 479.1157869433171 0.06834924221038818
834.1141171406925 114.37127568758747 844.254490249422 123.48004092933168 0.0682421624660492
130.35491102294 675.0659180525043 196.8311356868745 744.3226888884378 0.06815162301063538
707.3522762244282 382.9241022385131 719.0902274080994 398.1502375489744 0.06807549297809601
719.7440854160283 369.86752423224857 728.8263525846321 381.5801164941488 0.06800172477960587
318.8502005837131 419.95918275766985 332.11622602857426 434.87834772004294 0.06786517053842545
825.0053820344676 129.2550072224719 835.1031717780755 141.08940535711483 0.06783723831176758
701.1440254523876 475.44138132697014 708.7938933646478 485.9357939381154 0.06772100180387497
731.231507452268 464.28023275184967 738.583976513218 474.5391990386398 0.06758203357458115
492.60390160317894 308.39470984466556 542.7862678668226 381.5571462149409 0.06755197793245316
629.9967222208377 414.78009499044134 638.2142613590734 425.0178451308348 0.06753486394882202
344.46618046000475 444.58696234304176 398.6951132134889 510.14868012534276 0.06747720390558243
730.0973121205659 383.2981204171903 739.8581676453991 396.63381342646113 0.06744035333395004
-66.77138135898919 560.4131600001233 125.78278394505465 789.4934880515046 0.06713222712278366
860.9084040996228 380.26116000199437 867.4759312281642 396.9938350070134 0.06711471825838089
931.3442769112711 538.1171922212902 1143.2774555971341 774.3796271372657 0.06693961471319199
88.25248663768114 394.2235309650229 106.70444984316923 419.9106207350472 0.06687669456005096
255.72711427083524 430.698178989975 269.47409918288685 444.9090217184313 0.06666488200426102
208.07104317496984 360.5548371787068 246.1048033163891 407.890640389753 0.06644405424594879
170.02786720910112 320.1803529380544 261.7501143587017 423.7527516081259 0.06635542213916779
715.2187084794197 343.4877827710861 723.41869195004 354.5698520917223 0.06625521183013916
712.1585862197476 388.49775439460365 724.6202078158985 405.4654657848737 0.06625264883041382
-16.442719446463826 428.8266498725272 39.14251243736981 509.1015290566274 0.06614240258932114
253.34902336413182 522.9385379178972 269.4354608098718 543.6570337324265 0.06612174212932587
695.3565097037548 163.88682330520433 735.6331520242242 218.63469427577996 0.06609416753053665
289.4185543797868 480.6950007452639 298.2415434561711 492.5771126707302 0.06588917970657349
832.6656123154161 105.7689776022536 843.4916154282579 116.28308075021738 0.0658876895904541
622.5662919432156 418.18556198562806 631.3193048934274 429.03630473416615 0.06584719568490982
244.86679391041875 496.0800721200946 260.3457989415465 515.6147880708194 0.06580228358507156
329.37924581120285 321.66081316542926 366.9819269385924 370.10570052064264 0.06554023921489716
332.3362275737316 607.336018209636 342.31138132142473 620.8636696858762 0.06551280617713928
508.89408812853947 468.5960388132347 519.7871858100312 482.6854703957888 0.06543165445327759
701.1618428998693 375.51076893266486 710.7527730055799 387.79054628498494 0.0654197633266449
860.0705482121064 401.19401979002794 866.7624947335795 416.3989856711691 0.06540882587432861
713.0395575354578 422.11054752578195 720.9213363816096 432.2111340436986 0.06518130749464035
165.7858949731907 548.6836344521008 174.3791545644102 560.1726128350979 0.06487074494361877
325.03475153244443 432.5476313404282 338.2496233722533 446.45175311529215 0.06483360379934311
217.68508168226242 462.84353321654675 224.70433661606086 475.2922492793703 0.06474334746599197
651.2274228603682 424.7463828357619 660.8547035575533 436.8348886418678 0.06465619802474976
715.6287773896108 430.70139021682854 723.5324914169046 441.0350170186089 0.0645906999707222
165.14119102395188 531.1610063346284 199.28611543994566 571.614862470733 0.06444977223873138
549.4399302140237 -35.089479147794904 704.5644662889694 126.70622406086117 0.06426208466291428
511.4190085194391 426.81530722336396 521.3759494074197 439.71906703325 0.0641355961561203
823.2257278782333 33.06918703272628 832.6914304958015 45.05444656729369 0.06410574167966843
209.57345270924256 556.1464821260736 228.44747723737373 584.8958053534525 0.06405095010995865
710.3647170686429 358.39395745396513 720.9282793206229 372.3356348505356 0.06380585581064224
859.4804620517547 95.86634898792296 897.3692931079885 155.53005142681013 0.06379101425409317
641.8565134748585 522.9480010409187 899.3866702150768 827.4133905971282 0.06367361545562744
457.9371942763287 277.7059844666607 499.52656532432474 342.4612696739467 0.06356773525476456
573.1329939860693 563.3459074282691 581.7207602822904 573.5854025571049 0.0634547621011734
447.4151953980638 403.797394741886 462.70118004859194 422.50613347840437 0.06331220269203186
309.46013231684736 329.4649788123109 347.0278901427836 376.7294063940971 0.0632680281996727
780.3998260710068 326.02452356831435 787.6854948958469 335.92260160918283 0.063176728785038
812.5144777209647 35.793977821729484 822.2142708755644 47.355562544874836 0.06313464790582657
358.5646187572733 596.4655861318238 406.8457021324912 658.5334174706574 0.06303456425666809
708.2357521924182 556.3429673240207 799.6179099849728 664.0831700659727 0.06301656365394592
297.41528632719854 397.2735429555674 312.8757803864551 415.13075954282203 0.06275707483291626
911.8335593414844 300.484247708206 1012.3672791247834 470.97321427926863 0.0627337247133255
587.8987852733749 289.143758249203 677.8626260352398 406.54903285672117 0.06256300210952759
516.1800245612886 420.19297521095103 533.1720263916627 440.6638016359229 0.06241954118013382
367.1597879366139 571.6231827320162 389.6478323503625 599.2650559733265 0.062366288155317307
348.8683511454258 448.6520364373196 363.07260706584697 466.05226055293394 0.0623369999229908
504.7645359989272 395.52788166799814 519.6415613885989 412.52374744758606 0.06233444809913635
341.5590465650121 557.3657313821697 436.7846788991774 671.390357676873 0.062319643795490265
704.4012471674585 486.23610632044625 713.1055821168626 497.9084427231989 0.062289077788591385
721.8054699130605 468.6099416477871 728.9753222352808 478.5588713758325 0.06226528435945511
229.47895916203268 493.0632808862747 238.5297490787556 506.2276639312292 0.06222827732563019
525.7408799311263 374.77515323710935 549.7520713595708 403.0524468572858 0.06148039177060127
427.5819918185288 500.74628919126303 446.12603068249564 523.0874038301397 0.06126243621110916
396.20079186787166 556.2064833334623 421.5760527040101 589.2212271922814 0.06079459562897682
795.3186401678297 43.3227677041875 804.2495551963995 54.44255694416717 0.060577988624572754
404.7796823618325 456.62098575828065 421.11325142548066 476.5843595884444 0.06039891764521599
951.7734944639391 -68.36047185636488 1139.0312766380914 149.2801958015576 0.060378290712833405
704.3941116189083 338.0718957786764 713.8544557551793 350.68684737799396 0.060238976031541824
-3.338865219452242 459.23843053341926 320.1067212649155 850.5217180012947 0.06022907793521881
-37.6341093905208 617.6060652111837 71.37032902686911 751.079558038813 0.05978475511074066
421.24384644804815 379.0741646442574 444.39608065078704 407.6826143796926 0.059781938791275024
795.224501594943 10.912849003663352 804.2154194628318 21.746512897691222 0.059342119842767715
212.99844162696462 487.9819645777503 221.2696064978322 500.75162843073474 0.059180036187171936
385.6485515768325 387.38160740826066 407.4836190411897 414.06932272134725 0.0587201863527298
742.379362651847 177.37009437366544 789.8851014812273 227.66946497765016 0.05871158838272095
-14.619130746974703 -32.27794503411949 88.77617309917798 93.38419187080473 0.058664072304964066
361.2280572843148 629.6956774981322 485.9038947926276 772.5419175282909 0.058597300201654434
171.81162693904767 414.94027608135036 217.90039342352546 473.79935398006813 0.058042630553245544
407.90031963765296 483.7116430945715 428.3593596204395 508.1608061770738 0.057847760617733
737.203492384457 251.08694489395867 789.1272260987931 315.5002824656167 0.0570407398045063
104.08302666025574 424.0339244524692 128.623162307261 459.09079622067196 0.05651085078716278
799.8186858072854 171.64489800414174 836.4272633039036 212.97393951320882 0.0541464164853096
554.8660238211912 176.19191707735996 655.7570817102793 305.8974495587956 0.05404909327626228
