872.0350030506393 361.08453754169693 929.1140473545964 428.50247119534583 0.9999915361404419
742.3583801539869 362.82655605777575 815.8369204981168 443.3104413404013 0.9959496259689331
794.4880186367232 327.9187067443194 851.9531940197593 399.4390177564515 0.3164295256137848
923.8127101930545 338.4002513705365 963.8276343166608 396.09722312764626 0.19669808447360992
191.16600046538392 94.7934698168972 713.7929477685547 715.1427062670471 0.16436797380447388
1073.884361854247 339.02761264012554 1080.3388435121535 347.57463678158166 0.16416624188423157
956.2483625026 214.2932290679747 1015.0231014369429 279.23349083049834 0.14490565657615662
998.180367764159 263.8241242870347 1003.4725328899234 269.95532374382503 0.12532681226730347
1006.7232110924837 337.3109820949719 1014.8136834082422 344.0998115722791 0.12476304173469543
974.1753081177933 349.4121165657383 1047.2456582766233 459.95951793739914 0.12145785987377167
971.6202331739321 258.4377265082293 976.8680099130627 264.57776534356765 0.12114842981100082
985.7064788227157 267.6115375497329 991.3560349446503 274.1120788750321 0.1182059720158577
982.2338385340366 260.6224071597513 990.240871819108 269.8950490205744 0.11755421757698059
972.7667299093553 269.24473714034383 978.9434170071466 276.56492901717536 0.11693381518125534
962.033378086634 273.9005141259563 967.1095478467012 279.7770560833869 0.1161477193236351
982.0679785536482 273.62069140905504 991.3066054951838 285.31184182468115 0.11607947945594788
960.4234379287968 261.1358188331289 965.3626221174377 266.9742629557682 0.11531846225261688
992.8641295923364 270.7769717149276 999.2962486206394 278.70438446012673 0.11471769958734512
968.9002973119783 249.67179769697785 980.6553717279886 263.52447587958375 0.11457885056734085
89.56409370820758 261.911176836941 98.06445207495965 273.8416979769512 0.11303836852312088
1027.7269522140955 394.2293095396791 1042.977588277513 417.83918137420784 0.11244533956050873
396.36597150478497 161.11539346355133 467.2336788643403 235.4217279449033 0.11241252720355988
1010.8579672069839 260.57193415702534 1016.4593772233493 266.8892935643886 0.11233729124069214
702.966424786894 36.58403015950427 777.0206752459359 121.995069482395 0.11214199662208557
970.3769257681598 264.09824854375904 976.6034611982909 271.36554642932833 0.11210836470127106
983.6611272921372 255.21327116240195 988.9802859789195 261.26189585100724 0.11203241348266602
1010.0331385264051 247.82455560924856 1015.4137843392202 254.04238273174772 0.11142893135547638
967.3813534356591 276.64868347737485 972.2808918739746 282.6190852901117 0.11136440932750702
1005.4978674301644 252.97662964791175 1012.9620518032614 261.4994092318089 0.11089999228715897
978.8463753325848 244.80708923071208 991.9898587315627 260.06536883953385 0.11077116429805756
396.3411756857864 410.3489063616588 406.8350614286966 425.579348626373 0.11048906296491623
978.0773391464743 270.1890781869423 983.2970770438145 276.5816140587645 0.10989325493574142
966.2813947852712 265.04903784018836 971.3260769163827 271.3436627580761 0.10820905864238739
974.0607112183076 281.67289978984803 982.9719325177371 292.85030591826006 0.10811297595500946
981.1283330224744 274.9633492079823 986.2734277270415 281.3816254150307 0.10810603201389313
948.9972240758752 264.3604128949743 953.7361601356812 270.3121753916864 0.10786457359790802
84.2328574707392 244.92459592607605 93.08566303336367 257.20858703226503 0.10761468857526779
996.3585111425886 252.3237266443766 1002.3223732561644 258.9301789081762 0.10703712701797485
971.769740642619 275.5518917764696 978.4987561348092 283.5054310256138 0.10677755624055862
958.573665921254 248.9658839661762 964.0618578259688 255.27579325049356 0.10662258416414261
1012.3008880289813 273.46478552012184 1018.5382022207882 280.64559493331404 0.10655932128429413
1002.1318196032759 237.2801766658604 1013.6500486548434 249.86454986602237 0.1064101979136467
992.0402060500492 240.3080784181028 1005.8932247903564 255.8427176979509 0.10629426687955856
1005.4746865917838 266.8328872067738 1012.3622849656294 275.27684987888244 0.10623585432767868
978.076504144695 231.8838302821545 994.0463020675187 249.59031215014124 0.10610005259513855
950.308801932999 276.99104956864795 955.4744646258769 283.35458231319586 0.10605515539646149
991.7752361034517 257.17122656960674 998.0069239220136 264.5911377441069 0.10488522052764893
999.3932910591224 271.969145227849 1005.6528041578385 279.207917038152 0.10487928986549377
990.0377020170603 266.8574023686481 995.5616632957848 273.69412928334924 0.10455238819122314
960.674825096674 266.0297790227676 967.4033381468527 274.41737947597824 0.10435804724693298
962.5866082132651 233.61866940959447 978.8334120192033 253.11791387142847 0.10393890738487244
977.504297359279 260.55580311159065 984.1156911212106 268.5697500317567 0.1039113700389862
975.1909739449743 283.25909560757276 980.3363611816623 288.967162080991 0.10309100896120071
1018.7847606346955 203.81150431171355 1070.2877907676216 267.0426216374003 0.1024128794670105
999.3731423694936 276.4285926391056 1005.1127496873338 282.9132840101763 0.10174983739852905
957.833614217963 277.0430555528887 971.3395910297718 294.48854261842564 0.10160046070814133
1008.1093548964694 386.8921535453768 1046.1107182295593 435.9056127200312 0.1015879213809967
1044.6355047557731 402.07087493951684 1073.732942793079 441.0467412673156 0.10157261043787003
962.5531744790932 285.3258519154445 967.9741145566742 291.54640652877157 0.1014224961400032
77.16910540329894 278.30570582768894 89.55497259817179 294.6329439205943 0.1011253297328949
62.73964763601202 256.5215387386961 70.4995187401386 267.5456914727544 0.10098931938409805
967.9667243622575 270.8015733803603 973.4603833562313 277.2684138440282 0.10076167434453964
79.0424066628849 258.5912821683312 87.78823402022033 270.6466494464006 0.10024058073759079
1037.2082645684832 338.27591904346656 1043.817256581987 346.45281919314385 0.10001755505800247
965.8987958160168 257.6482645217458 971.764966167255 264.41737408921927 0.09958609193563461
280.2981233965617 230.77717390488445 381.26175430549927 351.38034146025456 0.09877445548772812
1004.8309434713649 221.0611773840535 1015.9236516887016 234.93236597022462 0.09867304563522339
71.66495678043242 255.7792626159022 80.16337767889846 268.00777920595226 0.09848369657993317
956.2366336826511 279.655812129523 961.2560185573186 285.6734759517832 0.0978274941444397
947.5354073875305 253.22585251020013 959.7051943147671 268.9655687584379 0.09780813753604889
984.7434986190985 285.7365073164317 996.0807335858502 300.031514764037 0.09716064482927322
86.55817095639927 274.27908922636016 95.71722594987811 286.7639903067512 0.09672083705663681
993.6578174065394 264.4046259835483 999.295731160833 270.814843049594 0.0967201218008995
76.17182936591185 237.94824853779767 285.6593930124372 514.2149116433878 0.09667018055915833
90.06116433472553 207.92796399825653 98.9000839695728 219.96781544572087 0.0964645966887474
966.1340477345975 282.2438338143495 971.6477484111031 288.79855087486925 0.09636934101581573
1068.5307135882854 258.6045704905039 1075.1310190150102 266.62777692385936 0.09593792259693146
997.6769860824753 257.1474121226862 1004.3483520332705 264.4655988673124 0.09591325372457504
1067.1160784841877 243.805616921406 1073.7349523630833 252.690493402326 0.09591056406497955
1065.263188495721 228.57356389813629 1072.6429382699682 237.2186847620244 0.09586463868618011
1016.0725772606821 243.20065853172673 1031.1954047701165 260.86503835463037 0.09585515409708023
962.1631653944684 279.562210124789 967.4759081637098 285.6859768401159 0.09575037658214569
74.69247523499925 235.775012438863 84.53722457024956 249.24518171172963 0.09556999057531357
1036.0483830788055 332.6138349601459 1069.8017810488611 380.22711308417445 0.09555782377719879
1011.9844649645621 266.59826619735543 1018.6474287477507 274.21764378698407 0.09544259309768677
986.7363323026825 279.7581975928058 992.9132996775948 286.74825755958864 0.09529837220907211
956.5285241158942 274.6495170633713 961.8896287512085 280.99134599888816 0.09525500237941742
420.54829011447447 421.10095907522464 432.9880312992747 440.89828645574823 0.09480079263448715
419.5373599709045 409.2430577077164 429.67960943710693 422.2481158937653 0.09470177441835403
981.0190072176512 283.1292266837031 988.2839606885328 291.65112444680193 0.09468399733304977
998.2359845607187 281.3544275707106 1008.9717820632864 294.415695429497 0.094600148499012
90.64219539958815 249.07273195530865 99.93251909003409 261.5852914057882 0.09458142518997192
887.4217046212898 597.9219213137467 974.1787259447568 701.7770113568357 0.09449944645166397
1017.2958329949565 261.77870342243517 1024.0166413811296 269.631548039162 0.09442812204360962
1052.0973207497652 331.5708460209131 1060.7090487172052 341.11930536352145 0.09435300529003143
956.2208943392436 268.0296903769208 961.7410780568273 274.5940613648365 0.0940452367067337
63.386308381273096 235.6202526355008 72.04314129842098 247.59718768205553 0.09370765089988708
1020.0410923218706 342.0352932754374 1026.7518511079425 350.4931546407374 0.09339723736047745
988.6453338150276 255.21819651108277 993.709035983677 261.35699734842376 0.09327781200408936
1074.3176141270771 247.91007635550432 1080.5000633987802 256.66610636890374 0.09318993240594864
1002.598753235804 259.27554499562046 1008.7231120949809 266.68776324728265 0.09305340051651001
969.7038207030726 286.6893966229751 981.0013241689554 301.7994132627309 0.09304090589284897
993.2992540396102 277.8170825743242 999.7546344760241 285.3020714995357 0.09281764179468155
380.78847993071656 409.41666869511056 449.6705392044659 490.27169935020936 0.09273470938205719
511.7105582138051 206.51956776646702 593.752563000933 292.591861311672 0.09261354058980942
64.05501300509687 267.3315303155048 73.02749280334243 280.2701798161957 0.0924384593963623
404.1219090200181 410.025967604268 413.55573098706054 423.0847326682022 0.09220065176486969
969.6351305904944 326.5884489489175 1019.3315429326504 389.0611137929332 0.09219272434711456
1063.3511773009734 239.09533652675282 1080.551221610511 263.31239755063126 0.09178345650434494
949.0512320851403 284.7602909516492 959.3570136197994 298.16653238488436 0.091693215072155
1016.1717343983007 226.90971605794317 1031.6576856228032 244.3236857807895 0.0914929136633873
49.68035727253304 227.49404998348695 62.971657492615954 246.30355816982714 0.09123124927282333
80.73135048258524 214.13011259904954 93.54508101339586 232.83361515510018 0.0908862054347992
1008.0864966063053 273.10096346957243 1014.3882124960811 280.35927875943673 0.09086715430021286
100.8976773672726 228.80080853000746 120.93060739523696 255.90181711658252 0.09078057110309601
109.5938555845108 206.47810618209374 121.96367778447382 223.8529591738672 0.0907757580280304
328.5868841567032 185.79739265950485 399.05601732141224 262.1404051862392 0.09073425829410553
44.759299583639596 184.81241828250987 86.2496593459901 244.9233953413257 0.09045618772506714
94.13351276841676 229.92943823878943 107.05465515774894 247.63268796988072 0.09028401970863342
1010.5835164738642 278.5705112017855 1021.0498443383245 291.65961081325 0.08994191139936447
957.4859895860004 256.2289582976762 962.3440279450299 261.8580902008754 0.08991266041994095
1066.9516670509272 337.9617949847839 1074.2438990944163 346.1617998893111 0.08935236930847168
81.04552634912328 146.04188994195138 120.97114131517158 200.39939566746773 0.08931201696395874
35.118746066405755 135.55948065997055 64.59391506834704 177.26794953234207 0.0892949029803276
72.46185968500284 225.65484688211345 81.48055203320808 238.2608045959976 0.08928211033344269
402.0935527269265 420.71801221058996 413.2110597197363 436.73563055541433 0.08865063637495041
387.5686226671102 334.5654666159888 456.23465981034866 420.0234523501285 0.0885302722454071
424.2310652157404 397.2934837991659 435.5775258144005 412.0725997477503 0.08849145472049713
180.7499917702734 172.31384723646295 255.03071454377272 264.6385969257306 0.08845999091863632
1005.943534274335 326.09839559876616 1035.1359431307656 359.2290745355802 0.08826640993356705
1028.9999101873893 337.6437718063274 1035.891205342017 346.3341042000461 0.0880308598279953
1061.2857262014534 212.49991638171812 1080.199888286002 235.884022692137 0.08779871463775635
943.008754016597 236.46647129226258 959.3244641447034 256.51339788712664 0.08775386959314346
1056.0010977991562 340.8002495106864 1063.8038179529879 349.23085816917967 0.08771511167287827
1025.1196417821811 374.2565230170269 1044.407966141869 397.3874445877335 0.08764281123876572
409.4305640447483 410.85094941635634 420.40599291764994 425.443820919502 0.0872136577963829
1013.0384934458731 250.7658872447319 1036.2360791770375 282.2560075509449 0.08709405362606049
1026.847514825192 341.266777484816 1033.9447128044326 350.3969311426851 0.08681493252515793
1011.8786868114624 217.94071074555916 1017.6267334447385 225.46394561480895 0.08662263303995132
1010.2633481493863 353.5329164719422 1017.6410874811223 362.1678049271918 0.08657778054475784
83.11875318669433 201.01461959363616 91.6993862712277 212.7386774318061 0.0864512100815773
1028.6316993518328 407.6529311670768 1060.818841998052 463.84457818997043 0.08632200956344604
76.76128763906019 189.67931609132611 86.75111977488862 203.29517896403192 0.08631937950849533
1061.882181127827 342.5969604705661 1071.3242104192022 352.75962808057056 0.08620376884937286
1017.4711856257704 213.05769160334486 1032.5719729147806 230.778049446635 0.08618716150522232
96.87286486889732 193.24201795855916 111.27852060806308 212.69355933609103 0.08576665073633194
1059.3509562066822 333.59860144673115 1083.9831199705638 365.8220051438396 0.08573203533887863
946.7940627521896 121.98702078529973 1033.3834541981173 214.82456777917477 0.08538992702960968
1000.6915243538547 297.11913857312237 1017.8415963402368 315.4018898928012 0.08514711260795593
101.25005569456111 251.79425633064662 110.57629190658554 264.98839601401926 0.08457256853580475
50.12257229786634 115.11727279413923 88.83685405694034 166.18760102256402 0.08456221967935562
1028.7581382144474 330.4382206383431 1035.1285749749422 338.34574854355213 0.08445720374584198
962.2617383653834 289.6618762422437 972.7198960007822 303.5001457934336 0.084394171833992
990.6318006185769 224.29650934014342 1003.0092283917015 237.46833464465897 0.08438802510499954
635.3867670219817 581.6738121000948 713.5639048760194 686.3433150972286 0.08429607003927231
1061.7045526047184 378.48570568813733 1077.2828738500548 396.28215355132465 0.08429037034511566
947.2901446932372 271.3505633501874 952.7083111906321 278.6458684377468 0.08426486700773239
61.432930004233945 220.87994352997828 70.32654378849446 233.50850810455293 0.08421743661165237
398.12006043235283 382.7371509354344 415.45291518203 406.3101568073816 0.08412176370620728
1006.4391180907295 342.1808491172873 1014.2679392015017 350.7832301974325 0.08409051597118378
89.5337142225763 147.94937463992858 102.4771468419213 165.5436046753838 0.0840541198849678
1062.437986337549 368.06545947347973 1087.436290367714 399.7633472897246 0.0839916244149208
1028.1744937288481 262.31481897686785 1061.3541112834546 302.2799910091956 0.0839129239320755
326.97305981154165 130.92184957755126 411.91789788326787 216.34064023749409 0.08387478440999985
46.001173271171936 256.1315440665589 54.56950047793034 268.340061423763 0.0836159810423851
1014.7654815679543 289.07728196263486 1031.1565945639265 308.15987219054034 0.08347144722938538
62.31862778030374 188.16575294412843 71.3869220959116 200.68908590275663 0.08339953422546387
424.3641147411297 390.52835440309997 435.4375822773913 405.7283846625549 0.08307496458292007
1014.4221125516291 337.4179041969327 1022.1813533389653 345.4647851521435 0.08306148648262024
383.9914111473178 411.68667568903777 395.95283828844845 427.84575873352054 0.08287374675273895
1017.2718363303002 272.18243765711617 1024.65308690597 281.26650708250156 0.082835353910923
51.3433026765344 246.19460531845394 60.1188784333668 258.19424233830534 0.08283388614654541
429.2105485531192 417.3349758591088 438.27804022535884 430.3802827650645 0.08277018368244171
446.8971742022789 392.4366126720566 464.4872911656459 415.847484464168 0.08275088667869568
172.63359157223087 346.36072014558806 225.2811017858088 431.877020453541 0.08272942900657654
935.0533783993018 258.5318362380269 953.7250108050233 285.5881425052403 0.08269987255334854
1074.1484177815057 348.2910698772875 1081.378343652826 358.29670009774674 0.08254247903823853
835.7455996961114 338.97741212896517 881.8193937545741 411.32618675439466 0.0824597105383873
87.18715231532362 256.5093596289572 91.9696349974165 262.70649611008946 0.08201035112142563
438.71514979132536 416.10606344320524 448.75179353561845 429.88750517950086 0.081648088991642
1022.5378487638856 264.0698846900262 1030.0197639633798 272.84570939231236 0.08164262026548386
1015.0582025319211 217.4056219720596 1021.2348099129696 225.39695255818995 0.08148933947086334
116.86609456133043 243.7856958223915 125.6567283726102 255.97546064119283 0.08148270100355148
182.49317955137556 401.49040203999283 270.8225282895636 509.5691438178302 0.08141617476940155
957.3214207449308 399.8429793889595 987.2515512451049 438.2847517436555 0.08132627606391907
1043.2114760122117 375.5362882614602 1063.5950192421997 397.836284493249 0.08124507963657379
66.16374631656025 168.18438280847602 83.72912236587051 191.94535633163224 0.08122476190328598
1014.9387178863752 346.487543180818 1022.0575056738791 355.0410275304244 0.08117178827524185
1016.9613665331362 393.798843330191 1028.0773150820432 408.4913238956758 0.08117111772298813
993.3092580996079 486.6768921084219 1041.6657044411356 553.5770267322786 0.08116147667169571
1049.4098827575042 338.17246086375917 1056.602451605378 346.64478810006034 0.08115049451589584
949.014400650798 300.31713517023445 987.9091616460369 347.5236396879926 0.08112795650959015
1067.1523162411706 394.9810213540572 1081.1931204709363 415.8261080446 0.08110342919826508
1049.1132971478382 325.2039679374246 1056.0344450561442 331.32163745118794 0.08109927922487259
395.93693645444745 397.16104287606737 404.4659721515389 408.37638375659077 0.08102848380804062
73.24966501443527 218.29901231741266 83.4717263288363 232.73400023963717 0.080996073782444
83.92261607080631 181.37856122880135 93.73578951746876 194.82640911962613 0.08073242008686066
17.49999297923585 265.02055918520415 95.4129070979957 367.3743254886006 0.08047151565551758
998.321872441419 198.8289795234331 1019.9947738669837 225.19209260494335 0.08042523264884949
1011.9626034995189 368.72652416005644 1029.2992228789415 387.7016027506375 0.0803750529885292
1051.3254634026096 188.26655958053803 1081.0756266563585 227.20074642299124 0.08037222921848297
1025.0095425159286 302.6536899938808 1056.0993829782803 336.07443046142885 0.08032984286546707
401.62935684303386 403.56972431594744 409.16830051656547 413.9119920090963 0.08031762391328812
318.34451737167507 447.26511696395954 343.5456716530745 481.7773873033169 0.08028694242238998
29.687724421664225 243.13836298483736 48.8871010312773 270.4019014740196 0.08028145879507065
1025.1582495319587 285.2367787124933 1044.7412613822385 307.26988738441327 0.0798923596739769
1045.3922274937765 330.69879277133356 1052.679522458311 339.4014457470743 0.07989179342985153
1065.3775228423096 235.63237095800216 1071.6720522752041 243.7074719955066 0.07987400144338608
373.36891042129537 228.10193824657566 470.73892391700133 334.9564235634429 0.07983865588903427
1060.2399475402215 329.7706341447149 1068.2424096404347 338.46160843523666 0.07978900521993637
989.6325254691501 249.19704734513135 996.2462628887404 256.5746885363207 0.07972533255815506
954.7475066708641 289.6229418119406 967.3709540054892 306.5273611465671 0.07956817001104355
395.2091348560992 427.6347379469898 406.5639380252565 444.8061068323349 0.07945327460765839
384.6591250067782 392.28449951442553 395.2372208262877 406.2575199283167 0.07941288501024246
1076.1994950187984 230.44341726110983 1082.2626400058268 238.2144141295848 0.07926202565431595
1056.3307192179957 349.4523161456852 1062.4227508336044 356.9996153623381 0.0791659951210022
389.9547953690194 417.70604551176297 401.1269468921407 433.3356003840263 0.07910014688968658
30.657710482787508 169.65597682640131 108.68338276642561 269.0494023818462 0.07909680157899857
303.8588989514284 22.728505583228504 387.76465881035233 111.84469212693125 0.07897629588842392
75.70114741587447 274.6683413476067 114.99759473861769 330.1860296172061 0.07896003127098083
451.7621295227341 428.49075417031327 464.65245038753324 448.76411234366066 0.0788736566901207
1015.1418860305514 245.73179824317563 1020.8051261847161 252.607961272853 0.07886757701635361
1004.6920792587375 352.4044386893742 1011.4353679476583 360.8542515137881 0.07885181903839111
56.665115242690426 206.00712886561078 66.0835695263464 219.3891248931429 0.07880287617444992
1.87439672402893 189.87295656976113 42.23604849716579 253.39597830694794 0.07868731021881104
434.51866584690083 408.83932181385836 442.9215471665899 420.0777890969369 0.07868438214063644
1044.2703908440608 338.2023443632768 1051.4964539273226 346.5188512877413 0.07864479720592499
1034.209936120899 665.005505777159 1094.8546247286079 734.4719241381956 0.07843608409166336
441.15220089820576 350.29285883696963 476.94410533167695 397.40220710177124 0.07835303246974945
970.1787911227736 284.4493116672777 975.9060939733483 290.9296016015625 0.0783316045999527
1034.4774578460049 654.3330009571608 1078.6702830431432 705.321541819344 0.07830306887626648
434.1186806201302 388.2856660943052 445.97366817012573 404.9770486909611 0.07813653349876404
1025.2685544485987 389.32257968083263 1032.783812219978 398.00787706164925 0.07809927314519882
984.3833790692688 302.67024043695983 1000.1329396101212 320.9435211661522 0.07809485495090485
1034.2533563570682 355.94777697819234 1044.0458656264523 369.4047956460082 0.07785358279943466
1021.6771222581865 334.4387458163333 1029.1125326948754 342.80155861134875 0.07739681750535965
987.8860140314148 392.70205863992595 1010.5793046822008 422.5286255318252 0.07729280740022659
1017.5848771658428 355.919829127558 1039.2458905342141 380.67725695597056 0.07695562392473221
1008.215937090857 358.7758821484236 1020.4555260639431 373.9807096818109 0.07670065760612488
1032.0885342634222 346.68662293093684 1041.8541875553951 358.075749685498 0.07621750980615616
1001.8608132589119 232.84094399727513 1017.4831018203274 252.4316955466611 0.07615280151367188
1007.6791798034016 366.07199295089765 1033.4370287529925 404.3422065350981 0.07607870548963547
1056.7354548308415 403.13260739017375 1086.7215814058354 447.1499186038912 0.07605297118425369
1002.7472463303845 294.9007932792228 1014.5911721553214 308.81389812087525 0.0759153887629509
1070.2792276689383 235.41606270624024 1077.0432213068125 243.83534173181252 0.07578010857105255
1061.2289957481 308.4580363710052 1089.4688721899724 338.7341646776763 0.07573693990707397
1075.657889584998 259.3820765711489 1081.655171844258 267.6923842790642 0.07520540058612823
1038.215656698458 410.3449719993393 1044.942578406093 419.20852392942 0.07511967420578003
460.4801931887823 390.0689493062052 488.66468016593933 425.1347981979177 0.07491660118103027
1075.8584282610148 239.8963112621798 1081.9127031952153 247.99170569542372 0.07480046153068542
1034.276307752185 343.5938792981737 1042.392481403906 353.31536353689137 0.0747918114066124
944.6500117535128 278.8873565901517 951.3087361041928 287.82207877431006 0.07472869008779526
691.9992491398866 344.1198710670254 755.2260714781613 432.6703930328535 0.0744108036160469
1066.21402356838 329.6624471670138 1075.3008924581068 338.38442804495065 0.07397402077913284
1025.563080695954 346.18904915978874 1033.2633605465874 356.3811042772894 0.07359402626752853
966.8358850026792 318.6976907732038 986.1337242772565 342.5658660313266 0.07336954027414322
1029.4518721122558 353.7915199093192 1094.2405611612774 439.9277706182157 0.07320712506771088
973.7981332731111 300.8158642530215 986.465452238322 315.97550905901744 0.07319201529026031
110.05998089496318 235.57547224070643 163.46384475407243 312.3123427470013 0.07307516783475876
994.2912837021088 341.75183280708956 1005.8296129017237 355.2290385279973 0.07277153432369232
1034.5871543956537 331.2462479481822 1041.8975287898236 340.13893242373035 0.07261396199464798
-74.70522270413835 529.0958521254929 156.9177003661299 810.9882443774092 0.07245498895645142
1036.743684209283 444.50028410556524 1092.589475647142 520.5111584042439 0.07221323251724243
1040.85516508635 238.1164035229484 1087.1622944541161 300.2558263545425 0.07216455042362213
214.43291103760592 534.9211772599058 299.58104411043706 630.8125887848104 0.07212446630001068
804.0957933512448 395.7865402995295 853.2425794076622 456.2362178472856 0.07201939076185226
248.61100908423688 421.65204395296894 299.302165466859 488.4310113522782 0.07184372842311859
1064.892852384214 252.34679737921874 1072.1887144072348 261.5682941817822 0.07175891846418381
211.2613197597857 42.84397830541431 422.2302271779147 271.6630242719867 0.0717104971408844
1050.6925913721993 346.2392689964346 1057.6976028362517 355.14868996849486 0.07127641886472702
1001.3197115785222 334.9905114657538 1008.1356641790302 342.4370089313675 0.07124894112348557
490.97288001374 396.17967350531427 518.74704689457 431.0586255325663 0.07124299556016922
968.106332198946 424.333853061466 1019.0332761913369 486.42082584429636 0.07114271074533463
1070.8804512349116 321.00237178443194 1081.0334046296446 332.5371478169044 0.07113155722618103
688.9286477413689 539.6581955958904 907.4429431761899 791.4414295056985 0.07110784202814102
936.9077907773079 311.5871345749988 959.8656812076671 341.8139589025198 0.07015576213598251
995.9183852016353 312.9171306622631 1014.3654623040406 335.042700497128 0.07011617720127106
938.6589744274726 536.078804092799 1172.0033943066014 818.9146758587142 0.06983625888824463
1034.2280952581555 412.54348483254597 1049.5414557822407 434.43481959641656 0.06983288377523422
1072.3013645236238 358.1155442724256 1082.8229106908732 373.5823367782898 0.06970161199569702
429.7303336773263 425.21870671434453 442.6403718106983 443.5250116234366 0.06960649788379669
1059.2806516242522 244.70131476702855 1068.6244171125957 255.07051136954934 0.06957768648862839
1044.4276433320629 327.35916187215673 1051.1158744153645 334.6615322439338 0.06949322670698166
1019.8837261580945 329.5063121753854 1027.2414442164886 337.68176816702686 0.06937913596630096
999.1266466354199 381.83321198716556 1013.3189486124688 401.7352739278945 0.06936007738113403
1054.757289574593 326.96997540950247 1063.315712484564 335.66619068543775 0.06933518499135971
237.86875899662866 341.7360955188702 434.1898489411963 564.0240081294594 0.06906833499670029
-11.325736965485516 160.81728834119951 31.332246480927022 229.02243267224043 0.0689958930015564
1066.0810036851933 256.0955539862557 1086.8105218076107 285.8425200488438 0.06890502572059631
1073.8318820586296 331.7844712986863 1079.8864894755047 339.0893771327696 0.06883586943149567
96.57685383592828 484.2848252621472 304.120121465179 723.9373242573889 0.06876612454652786
296.1640636566613 426.0060429859347 319.9844025705836 453.3062231850115 0.06873778998851776
1004.6201950552546 363.6789024268707 1010.5002147407298 371.44865860751395 0.0686827227473259
1074.6989878636166 220.69494091342128 1081.2766604255294 229.5384349778595 0.06826678663492203
827.0603128790233 388.07957475918414 874.7756461558209 448.7370065496656 0.06824207305908203
1023.0396089551009 411.7031526480516 1036.9866099026117 431.82251468583655 0.06822136789560318
1021.6336648535951 412.0918165553534 1026.913199178739 419.40439312735896 0.06817370653152466
1019.7251423739742 278.5446379791064 1033.3984080923346 295.4812194425215 0.06810173392295837
119.10809221536847 388.53964355791743 173.03361820597445 472.1471123534663 0.06807436048984528
387.52849726834506 425.00144550539244 408.77013258016177 456.67018036245645 0.06789945065975189
1019.6966093865019 350.05144286399286 1027.9507798757884 360.9129030395661 0.06786166876554489
849.3037271207265 238.94622737078348 938.8575983401097 369.74348444672023 0.06782209873199463
1062.9259196357318 259.8246775826257 1071.6103947486747 270.42250142817517 0.06778544932603836
1000.6879963037163 355.53150318599245 1006.4564131179303 363.2288193852083 0.06775122135877609
1019.6305299706239 276.5787547089467 1028.0769350378118 285.8587831526085 0.06773838400840759
409.3828746399568 427.2546275712648 424.8719586520188 449.7180536581935 0.06757357716560364
1044.679308741719 345.32265906565107 1052.3623851679295 354.53410512044246 0.06748413294553757
1035.642605861523 226.7076554769387 1047.003164834551 237.70887828664743 0.06729094684123993
1024.537265938312 258.22189865199806 1033.5255247908478 267.6776607729063 0.0668235719203949
1039.914927773427 330.7898094274305 1046.8719109009787 339.2531051654923 0.06654012203216553
1039.757819847802 349.5692429107909 1047.938060753536 360.1211429482945 0.06597191095352173
1004.3057935912841 345.66416882664146 1012.1572204219834 355.2307401581111 0.06569395959377289
989.190128411335 356.0617069084064 1007.1832049937922 378.4632758694898 0.06562724709510803
-10.128626735585923 33.040944374962834 199.82172427786253 287.28754348326515 0.0651484876871109
640.3534177674894 370.90812625433597 707.2347928492446 463.2162067105937 0.06513062119483948
-26.431697884227543 631.8584736715111 56.848358214669574 743.4282116234713 0.06471344083547592
1006.6370871150825 378.05290587598427 1020.7481150157569 395.81674600762125 0.06457100808620453
419.48108930323235 366.77717845794024 441.9355615187521 398.282145680602 0.0645311027765274
383.74179800100757 401.4212950838991 397.23700416761494 419.2359898743143 0.06446651369333267
221.53214733874538 302.13049359871627 267.42242107167846 385.77481156338337 0.06433503329753876
1042.1634188339933 253.8949229391221 1059.4778892979277 273.94943122316175 0.06409250944852829
963.4078686110926 346.8429533992791 983.9210855504061 375.25038367889346 0.06330069154500961
379.4755341418165 385.47007990908895 395.2931086805249 406.11377725227953 0.06317804753780365
-9.570924737343343 -29.94865607718561 77.7181121349611 76.08083011707537 0.06312918663024902
808.288314767413 265.8762498928845 865.8893710530764 339.496583162657 0.06295467913150787
1054.6532046841803 346.0745280855574 1064.143278135853 357.13778490248166 0.06290250271558762
947.9575376186858 -76.73919854482081 1161.4611810064619 161.16053991377183 0.06288889795541763
47.02491935755054 396.9294284542319 108.44352880582801 486.5148043387867 0.06276228278875351
1056.4674344782527 359.690902395543 1064.1020369717246 370.02120741925955 0.06264399737119675
979.1690148186773 344.73222450737404 995.9582098497342 364.19675797924714 0.06245811656117439
1033.347647229948 325.40097362743575 1041.3542813792337 334.37308498673514 0.06227241829037666
370.4549078628098 416.02446450205497 389.48039811110345 441.75763473050085 0.061932921409606934
1030.310872911226 266.3657066164555 1039.4520140321865 276.136097992582 0.061838299036026
973.9319635899993 276.92073399574775 1044.5610483542605 367.1404405935129 0.06180129572749138
784.9472634798867 426.8003819260448 842.983009506297 504.5159566753397 0.06165977939963341
314.4270425597438 409.7010336122087 344.8309650695357 445.5668206121912 0.06156265735626221
1048.4080073120062 268.8649319129856 1097.0743639196746 339.9155456607932 0.06154995411634445
1051.9293436802152 214.082788497218 1064.542891110595 227.306058257598 0.061539966613054276
168.89711258744208 539.8949991861691 220.6904463398478 632.9884980611323 0.061151109635829926
1040.2688441745095 389.09267656732817 1058.929406205323 411.964020939594 0.0610668882727623
557.8151908146749 362.54745999601073 638.1444163386957 479.0037090571365 0.06102195009589195
453.0033731518632 411.8420567077084 465.0181120719875 428.3712988722888 0.06076640635728836
1043.6544056982361 356.7373156846442 1053.4529729908047 369.6255656020877 0.06072990596294403
1072.7897468947838 233.7744083404967 1081.2752935634996 245.09082430037196 0.06066957116127014
236.68362471251285 458.84690236457885 297.16772429886447 537.7071712837029 0.06049225479364395
882.3601079522493 310.1132894800517 922.6903686153264 352.75883334763637 0.06011934205889702
1052.641300917105 322.87485785620134 1062.5505025412801 332.33927001686874 0.05976039171218872
1048.4279251081475 350.23749179786006 1056.7793768836043 360.605598761916 0.05971682071685791
338.80530393464466 432.24964586957157 372.8267849188973 473.97602083128345 0.05966104194521904
1063.1284222518755 354.3770224070908 1073.3117832100365 366.41663162392746 0.059651486575603485
477.58306701246454 414.7357805304609 549.0625804797576 513.8451556729535 0.05929192900657654
1031.9092346279076 317.8704486740061 1041.7782793995088 328.95022538792864 0.05925127863883972
405.4909980939423 180.49330485936562 417.92100051103915 197.42538366073447 0.05916145443916321
460.21844183957734 331.8788167790524 524.4184381640604 416.4586061865171 0.05892971158027649
850.1750907058198 308.0125487726724 895.6497433669381 365.2564277821578 0.058881975710392
995.9263357870195 296.19491625337395 1002.720579349095 304.2872974392084 0.05873819813132286
-14.495286975123042 375.94858703648106 95.2829237389919 550.1209095737449 0.05861053988337517
934.2101261067453 420.68983913758575 968.2862985193257 462.3225531011561 0.05824052169919014
354.1156636594832 182.63454333453612 395.60793270446777 228.9537255236243 0.058210037648677826
669.4944399339889 364.1131694628829 715.2758609794507 424.8605291858126 0.057771291583776474
1007.0228671434332 347.33178133192195 1026.9953656474079 373.6048214695527 0.05760350450873375
988.4009627179588 335.2528801371609 996.2397922617467 345.4807718995465 0.057364583015441895
214.15721132891215 294.2704381831715 244.43119347467595 336.6158566298242 0.05728462338447571
220.04849439289384 193.10030533453516 275.0698106074207 282.47076798708696 0.0570506677031517
711.4238522559597 290.58620230735704 769.3600832775867 361.6163290008156 0.05703930929303169
882.4006554247866 269.0866549987502 940.4135207613182 333.4292266320569 0.05664984881877899
256.1411377783433 528.1317576802072 460.6589882761428 757.608103348489 0.056632399559020996
735.3419355474716 434.90491819045377 803.3644806766422 520.6163477206426 0.05654026195406914
973.7107076718352 370.17363127274643 995.2546416718246 397.87364375252866 0.05601765215396881
-16.73119021700311 451.5070894105313 54.565606429397725 574.6478776657207 0.05549406632781029
575.9746105770878 271.1353990820526 660.5750977949267 391.46498050974793 0.054997093975543976
33.27563484057351 494.92803966234897 95.9450155259043 592.4999377691774 0.054951637983322144
309.31887247024775 171.79021554869598 351.0515342509038 223.60730897585296 0.05470328778028488
434.01459382849976 2.777327136149551 537.4855275874243 108.10548292576576 0.0543295294046402
-62.78366129928058 -76.94312488405063 141.08640783931946 183.2626381987784 0.05430365726351738
342.034416413062 -26.99855194663556 485.5253089516794 127.48639973442437 0.05382143333554268
998.3480232137772 421.8705309351417 1021.4576032110065 453.1886381076468 0.05331549420952797
757.1914569787066 326.3325364347119 804.9587919394945 377.5835674948281 0.05321766436100006
189.81001540298564 -20.80561013218773 272.88238414596117 64.29577591896684 0.053041424602270126
-17.82968306673092 349.9874885882071 50.292173313572704 460.3943863926003 0.053003907203674316
1031.0104099344994 208.21379881361153 1041.6877151104786 219.50151016756956 0.05258072540163994
453.46519449741226 -28.619523067992553 575.900155593631 100.43274721077186 0.05231672525405884
1034.0779038189978 220.316506912086 1040.5673577674486 227.27615861583283 0.0523165725171566
57.25712364397202 128.97714948851254 133.9412777706854 233.1058678810715 0.05228973552584648
776.2130077684346 425.6139564883253 822.6327377680178 484.0954791298662 0.05205325782299042
1032.1637054160021 114.5279986741608 1097.3881620172217 196.9027574992909 0.05197175219655037
951.6484777810549 369.12762955499676 979.6721438522762 408.11118364779855 0.05059751868247986
706.1076392535485 403.50911339840155 759.5628655587324 469.4613089005637 0.05010141059756279
