567.6919761118434 388.83510714312314 589.2169574361666 412.73008268890953 0.9992159605026245
510.2743104374366 385.6145332028898 533.3778744723002 413.78068363124964 0.9982831478118896
302.82782611295414 398.9470018176804 310.8963338140494 409.82279222055064 0.9980880618095398
833.6252486210034 370.3713872098876 844.8405059892798 385.5476920012199 0.9950293898582458
262.85376870517894 404.1743876052269 269.99783485379504 414.97345699916474 0.9941816926002502
441.84096967506497 404.54039800066533 446.0872304494246 410.30352143207057 0.9509974718093872
486.98306188745795 396.72597562350927 496.90571840345365 415.563621551226 0.9441627860069275
354.39703288938404 401.84129033457236 361.7524451609863 412.23290036602594 0.9198347926139832
395.5135784648729 405.8707159312222 400.9703504456806 413.56280732551437 0.8463783264160156
722.5674854095951 388.9090354682069 727.3055739369165 394.707157910233 0.8339145183563232
372.094499736042 405.3757550514625 377.1612288099352 412.81512018270865 0.7559042572975159
901.1127231527157 391.2286544392023 911.3698881246601 404.54131800728203 0.7228512763977051
333.9865058319257 400.1958920482477 340.10923210956554 411.5114497598479 0.7022356986999512
456.9124644492126 403.3556654335591 461.60650583030593 409.70988926985325 0.6335167288780212
423.3275631844738 402.35815695835055 428.7654821019522 409.02178785216347 0.5604373812675476
909.6527891718018 402.9895749661057 922.197755795867 418.01844208872114 0.543373167514801
391.88161444919336 391.12161080653556 399.88330102646734 401.98718514506936 0.4636774957180023
954.3089627737842 362.9655059560025 969.1227591259196 384.01794774219394 0.31841346621513367
490.1510101499037 380.38289303083667 506.76206225810716 404.6851649321601 0.3167397379875183
316.9033848557848 404.008036916918 323.8048604149389 413.9076546779713 0.2892274558544159
323.947352191135 404.2671160268673 330.69470415081014 414.36874654279956 0.27705657482147217
468.69191247019427 399.53963063266104 474.26426156317666 406.7084342126022 0.22768987715244293
434.1577442022554 402.26576032947366 439.4593891305459 409.8889864394213 0.19625338912010193
316.1982161541717 397.9329264909016 322.3358675258584 405.9544547574267 0.18827590346336365
97.86163359996323 455.38307150517153 108.39222918745111 469.8502597663047 0.18539738655090332
590.1460494350194 378.00339900300344 601.2883821985974 393.9916137750698 0.18396227061748505
601.5771292908078 39.32298751576118 669.992156445429 126.89493556483744 0.17738942801952362
469.82884230683493 404.45749150808064 477.7345875685531 416.54342180814325 0.17655369639396667
664.4322758599851 394.7646233417453 677.4165237211225 411.98376984236546 0.1728784143924713
945.344931709337 35.37554464735899 966.9610012886229 71.4211890235367 0.16066519916057587
142.59871665116117 200.54922407245346 217.36681852551334 276.75695489859635 0.13662511110305786
443.0792672555486 411.8260772468041 448.97493255224384 420.7114136657007 0.13548395037651062
448.857443545836 20.459584921655026 522.0454760115358 105.96489623342724 0.13423830270767212
490.21640334954986 396.92355728524865 495.03690417367636 403.4305727078519 0.1341092586517334
675.3971911140204 399.30344439675 689.5991649204146 417.7893232842786 0.1327783763408661
498.09552882786136 388.4868461166108 506.8585618416988 404.0817166453319 0.13271251320838928
415.3213435513233 413.34213781556633 424.7022232060008 425.38026213222065 0.13053447008132935
373.43522736499796 430.41619294187325 380.2544378452047 439.32773834388064 0.12828537821769714
339.3521353790779 421.05650360030154 349.171802718511 433.57518661374695 0.12792903184890747
383.77881645701655 214.3058007913833 464.4286541443097 299.4773760854758 0.1274183690547943
370.5357514964748 410.9624578561196 378.0792302480833 422.25941003564435 0.1268962025642395
693.481423074519 390.13417516118665 700.0333477866208 399.7531746298754 0.12605048716068268
338.472424691501 431.7053907443968 346.2114296925518 441.57199472950447 0.1239321231842041
546.6822723317372 395.2291558085371 559.5449076480007 411.9571109643394 0.12376396358013153
418.9435008607077 408.27692968268326 425.4577187212207 416.3780196077085 0.12193571031093597
473.6676462207222 402.10586473950946 478.1943681211781 408.1665144169865 0.12191192060709
314.94902281661666 415.45028294016606 321.0401379545958 424.1943272535882 0.12027238309383392
131.6819573975616 474.4174395519654 142.17012872400986 488.90981060950526 0.11686711758375168
365.574271770303 396.1953886623479 370.6727324155734 403.2385725160515 0.11644671112298965
281.3899942165834 412.2489971273043 287.29719771002897 421.6038799079692 0.1151307001709938
438.60466613612 401.90277552111087 443.0093344398185 407.9988841463343 0.11507435888051987
683.8190472083838 375.3444263636326 694.2452766595118 389.638971468995 0.1145222932100296
283.2028083332294 398.7432862698664 290.7026958979515 409.63711678249825 0.11444205790758133
124.9498038207405 466.08934755607515 135.60588580030154 477.8349087122169 0.1138891726732254
440.2168908851047 406.39613682402523 448.2833097323314 418.0028859208646 0.11380806565284729
58.82396485020546 78.40880826296475 258.8974013109374 307.94061198526435 0.1137671172618866
327.6970643697243 399.6312015752317 334.58349100420196 409.9781607880565 0.11344202607870102
330.2000996831747 435.08135400583836 339.3991737091512 446.6644657858485 0.11316946148872375
298.5383258579498 408.45000029379185 305.8296313131431 418.42363367185516 0.1130637601017952
432.9754075632303 396.2722525890727 438.6529402338054 403.6001056749057 0.11266683787107468
397.78253451625255 412.1647558131612 404.75329897716364 421.7693261077995 0.1126575693488121
655.9070393428232 390.3042035868539 667.2402532942349 408.1487331530087 0.11263184249401093
460.59008916254635 405.0854276661919 465.0894542019154 410.88607881305035 0.11247529834508896
340.71246421155485 390.590721975331 346.2599776085883 398.2746072102336 0.11231425404548645
365.74661183594554 401.8086207104736 372.4646327748189 411.2051727649311 0.11202950775623322
338.1793618193029 414.7386980901982 344.8906089683602 423.80236114123926 0.11130958050489426
970.3215635314674 358.90237085280665 993.6997909465414 386.82012748963325 0.11119447648525238
698.1783585066139 368.53405049166327 711.2801677559446 385.4791572408846 0.11001367121934891
695.4537767804441 374.45512489210716 702.3737259428765 383.81027740527276 0.10983709245920181
476.420160455578 389.40529381389644 484.3947908760161 401.40343404633757 0.10981298238039017
331.3545955881901 414.15811856471487 338.35950231254685 424.3829983124068 0.10973842442035675
347.74033220568043 429.51697314678813 355.16129565282904 439.1373815407098 0.10972920060157776
345.6370183332732 414.8915036173232 352.7100609772031 424.5935857801868 0.10918783396482468
415.1206584342702 402.6341618511033 421.3008729480727 410.3394467495736 0.10905924439430237
382.86912227313275 391.2604429274914 390.5320897034324 402.09942492310836 0.1086261048913002
638.9769466614096 376.13752674016547 652.0270771507353 395.586979199003 0.10854320228099823
376.7384714240769 403.85680209674155 382.8940015890836 412.444838415506 0.10837123543024063
287.3656798933929 408.53769742621074 294.25906568086896 418.3968180931662 0.10818435251712799
420.02602424439846 400.4488627277179 424.4508948147569 406.0360655474241 0.10785357654094696
340.9330030825197 400.03621975202566 347.8664172977405 409.99844333031876 0.10763418674468994
123.11160771257546 448.001151293979 133.83008121014342 460.7278108106262 0.10748124867677689
424.0421203928993 408.9256643417091 430.77906116600343 418.01826318058914 0.10730628669261932
323.1066664095733 396.63641498927143 328.9249412940643 404.72949162743345 0.10723599046468735
477.87414382252854 399.45925490573876 483.6802355388114 407.2747192256459 0.1069340705871582
457.7643392966377 391.79321613332615 462.4642720048652 398.5697408627617 0.10687192529439926
440.76125847826364 396.881798746662 444.2578419342262 401.8310705330357 0.10674531757831573
14.270537760893491 465.2500692509421 50.72884375216515 510.85244282490424 0.10660731792449951
411.81720094856877 400.97965315401404 417.36947967338017 408.04385921671377 0.10612958669662476
431.89476797318474 408.0663797858267 437.88586058291435 416.5836354952295 0.10607241839170456
325.96827974629997 412.5808029057913 333.3639141262362 422.8668792348291 0.10599643737077713
303.43781959695 431.9685744609239 308.58821782705434 438.66369178841137 0.10595004260540009
376.27000103689966 392.85393870139717 383.97440615913763 403.56670474375494 0.10586907714605331
494.7008708708043 401.760938082036 501.6886490009576 412.5637763436998 0.10565020889043808
381.2514959302166 394.0340720758729 394.88945799622445 412.9467727494275 0.1055227518081665
278.81062826867196 402.23181456785835 284.29231960002915 411.2370083729744 0.10535276681184769
409.3644298675213 406.15888513982634 415.4853343360627 414.30713789237507 0.1053190603852272
423.08186321427115 396.03999516987267 428.608504950526 403.1131728904452 0.10527949035167694
370.2257086402813 393.05999370427594 376.6746486029664 402.4844909799472 0.10521789640188217
428.3767421531128 397.3585246678917 433.42455970563117 404.33859784724433 0.10517969727516174
299.2569097216735 421.5758635015598 306.9054640085987 431.9257323458048 0.10511738061904907
681.013759849884 391.1988400646061 692.0651287485045 406.96313613559306 0.10500634461641312
437.10519634964874 396.2294786695984 441.39173476891773 402.0570519197084 0.10496706515550613
689.2224277979251 401.39734961371005 698.5200721582731 415.8587386413726 0.10458102822303772
450.6766191497018 403.39328721051504 455.6920326102044 409.9797569347374 0.10426550358533859
430.3462812049273 402.5812066319713 434.62636019689074 408.3619634751171 0.10406371206045151
430.6212848962591 409.39832426094176 435.5738530861584 416.1788812929847 0.10401751101016998
331.1925247750758 391.34704810060504 338.42727126297655 400.8185062062867 0.10384976118803024
305.8556737355165 416.70168688647965 317.69690828653916 432.94883857046665 0.10357348620891571
383.2131502754809 406.7821099310999 388.7231264992425 414.5866912636393 0.10353983938694
288.2548092899737 415.95318577578894 300.6373829897904 432.6459800590145 0.10332409292459488
148.88996490182828 451.4497459305978 160.94530838170067 467.51289731834953 0.10328995436429977
403.8526159168197 404.5047373407874 412.0979312155715 415.2526907408604 0.10324151068925858
328.5787592821161 423.3539031095941 336.75666320754914 433.9794325189123 0.1028129979968071
700.6418700246725 381.8556662240342 707.3595396114857 390.45954025901557 0.10268940776586533
442.55191149709907 396.6634898353283 448.64527686375703 405.1715585370043 0.10254677385091782
400.618754262993 395.9610093984198 407.99711935171825 405.80443583342435 0.102516770362854
641.2572283875643 399.86250104468206 650.007976162415 412.9151999238828 0.10247167199850082
388.16316848005084 406.8293645769445 395.88815465608525 416.7911410686362 0.10238204896450043
967.9570784092828 327.1406658671604 992.883813574136 358.572171509676 0.10214777290821075
888.3186773537457 415.2849683699094 897.4842510856606 427.4526106615565 0.10214155167341232
446.34389811862525 402.1827198295973 451.5091657156464 408.9381820142186 0.1021159216761589
423.7576793695175 416.83280067204197 429.86888010755206 425.44299361453375 0.1020529642701149
467.598774282203 392.46885520906517 472.24020064160914 399.05791719366783 0.10186948627233505
106.49134090506078 463.9853872251919 116.90751863828461 476.2668112809194 0.10179896652698517
204.5717465674638 162.01220283256038 543.8889573437314 521.5698252472524 0.10177425295114517
706.1988371293039 389.11774759825096 713.4402177794524 399.14396708340746 0.10157302021980286
333.1336949585133 384.4371864893958 342.69021797785297 397.117563637638 0.10141762346029282
657.4623992263192 374.5130342285346 672.6763808408962 395.63476257918114 0.10122271627187729
947.6536961645024 330.25250236965474 972.9160761388312 366.24508464106407 0.10093463957309723
320.59983814908804 413.50346584333886 327.7540500591141 423.9956248390042 0.10089730471372604
461.55920328577497 400.1428110951351 468.4967025244185 410.670478706719 0.10075291246175766
391.2653511946572 411.0479500939959 398.82508550551313 420.982114124458 0.10074029117822647
391.35339246994147 399.2147782628091 397.84836823160254 407.7005844657515 0.10073959082365036
310.43512609842963 428.8323023505094 317.5745547263293 438.367762054243 0.10061735659837723
683.7365004147579 412.9662024108914 699.2679595504122 434.042448285443 0.10057000070810318
988.3214287463734 333.6712618018924 1006.6546797411511 359.1887794949025 0.10052967816591263
413.8192090256489 408.9346691791483 419.22909827891874 415.59407619330193 0.10035974532365799
632.1822171800505 394.4478324365971 649.1591029294966 416.6539632753474 0.10031948238611221
671.0480620485099 373.95438651109396 688.7260862229195 397.3651388315558 0.10023166984319687
117.79626893406781 465.3055689548343 125.84129387815763 474.43530374596276 0.10016313195228577
328.462206275593 431.002259200437 334.4692473435802 438.7546500235383 0.10014793276786804
925.1242067593166 403.8676262261944 937.6613494129206 420.1855363880524 0.09999394416809082
437.68691100027735 394.3070156958199 443.2532761406086 402.3071090109705 0.09993937611579895
1040.817504940542 327.87736656748876 1067.1436436140107 366.63279771097103 0.09986836463212967
347.8974116753908 397.95945590925965 355.6206435004872 408.28393833669423 0.0996571034193039
619.4579123061184 351.6010933917542 629.2994726978674 366.8889657560436 0.09965251386165619
912.3235944914995 388.26118902451196 923.5003823909078 402.7145554933216 0.09964960068464279
695.6825395456647 382.9935807188602 711.2864812100694 404.86293520179095 0.09942272305488586
899.0031040876981 411.3713429466424 910.5451030910541 426.3228203734416 0.0992901474237442
110.41839217124996 478.3604207580011 122.1572690683373 491.27598723373325 0.09915316849946976
344.81773127182953 384.4429389384115 350.23729779787107 391.6897247045505 0.09906070679426193
480.28126285758077 401.5925843100823 489.0081781002373 414.34914405283035 0.09899027645587921
377.1350294816156 412.0685549082217 383.87489631379344 421.4764361496683 0.09896180778741837
699.4243572995102 398.38960498366265 709.9624524683944 411.94529244011983 0.09881439059972763
419.79263279870815 396.1221048286037 424.0439299492219 401.6593983724646 0.09868599474430084
360.82692478617076 400.6885930132854 367.6812519768701 410.4172298785034 0.09843803942203522
989.7489542034439 352.75527986160114 1016.8283656220142 388.98873458881354 0.09837023168802261
453.3516112472218 399.7244853433802 458.25219774973664 406.2425234589258 0.09836781769990921
374.3825746113113 418.3160013483458 380.15356187176263 426.4663149433148 0.09824099391698837
129.98732949687988 455.82536595800826 140.73327065605886 468.0167737192484 0.09780002385377884
280.1382053110911 393.2158551629492 286.5484024532215 402.67759654122807 0.09774360805749893
696.929634768719 406.6760580067788 705.3470590267933 418.0913363219628 0.09772220999002457
1004.4893200071932 303.9765515953153 1031.6471436242525 339.95995297299453 0.0977015346288681
347.50335640790104 383.46719409315216 355.90786308610717 394.60207658532227 0.0976976826786995
334.49639061962915 426.63415098731167 340.50113176070266 434.6155353783073 0.09760971367359161
655.1222528269385 375.2386411618688 665.1662302577375 389.8108474323722 0.0975407287478447
304.86590722226265 426.25442653146644 312.2005626807662 436.02111609700967 0.09718836098909378
663.2155853773788 21.199440758626732 694.44079015079 63.79993829747235 0.09718772768974304
415.5955257407769 396.2701403260772 421.59379376421094 404.16943272361175 0.09717842191457748
309.3429650174263 415.675000750722 315.736384143837 424.0343856063401 0.09703811258077621
99.313945656746 473.4650291123894 110.33853017042229 486.1329816767316 0.09701436012983322
647.4172442503441 391.6624719556975 659.7451804467895 409.58058957383423 0.09701171517372131
21.80906117588147 321.98558263604264 28.898436261705783 334.1259505925867 0.09697578847408295
608.291024987679 376.9592297946822 619.6791932742818 394.9842334434615 0.09697411954402924
669.6067278040986 372.92053676182826 677.7244169280773 383.9814083020286 0.0968748927116394
635.5449108767657 19.645518948037225 660.1386384648883 53.870831316765965 0.09686616063117981
1014.671131785126 352.9660953809345 1037.0874525690324 387.4312695446417 0.09678788483142853
454.3091186933039 392.83569542144596 460.29489042341567 400.9105540881701 0.09662242978811264
710.7122798319022 382.3075556314001 714.8489441843726 388.11199355312255 0.09656194597482681
350.174067377523 410.04849880549955 358.4146827993505 421.5490625313875 0.0965389534831047
689.9340807723459 375.69461854594743 695.8104107810634 383.848070473278 0.09636610001325607
326.846336263358 394.0152519938388 332.80989896925416 402.45247474756184 0.09635733813047409
283.1823209823222 443.7411161132114 289.81420969345373 453.3358328403132 0.09633708000183105
358.2997655749434 412.52161525700296 365.54559974876577 423.0197744282127 0.09630350023508072
366.77569057144564 384.8983089358869 374.03635455959056 394.57688681750017 0.09626021981239319
902.7908035709295 402.1541694673302 913.4576889948147 415.5284393522604 0.09603435546159744
363.9001987743254 385.34634205058256 368.2674839271056 391.1411126593143 0.09588278084993362
458.15424489130646 398.6805842022005 462.9050297101997 405.2913351365664 0.09582052379846573
476.8809144436162 380.8885200645996 483.48012166464355 390.27631636937974 0.09564507007598877
934.6357502729074 357.39624938221823 951.5468604185857 380.91555947074374 0.09560071676969528
320.95031431643264 429.8069941078661 329.7879723180088 441.19484601745813 0.09552139788866043
293.4319975398581 398.3857208934276 301.1741842384702 408.6676232098464 0.09549181163311005
370.7305134097631 364.4416513578436 377.9463736343125 374.17834641068464 0.09548165649175644
960.6637741979058 217.2125288886347 977.409603775239 236.45668347668388 0.09545779973268509
688.4216426946074 384.9805051315796 694.1506603258475 393.29221891008467 0.09536778181791306
618.6404165589397 378.5526359178942 628.5254045947024 395.22339827864624 0.09535041451454163
337.14190398016206 397.5581944545653 343.6230656504107 407.5088634259801 0.09533901512622833
713.8432295312739 390.77309402623143 721.259294675053 401.40824090580986 0.09533128887414932
346.7610090536664 406.83763011597046 353.91122223242513 416.692191142853 0.09519414603710175
247.678221647905 405.20741783555115 253.9246852410446 414.5865419358978 0.09510796517133713
320.6061423224832 409.08470346142013 341.3827058965609 438.00611884556287 0.09501276910305023
422.640962895305 390.8361603977721 428.1894258161092 398.41891443724063 0.09499142318964005
383.5178063056533 412.13945523687744 389.8539205465536 420.9690194001352 0.09497465193271637
407.8866772072278 394.37174234832287 414.28084698023173 403.0805325717408 0.09497112035751343
710.7143165398471 387.8264482666555 715.2379197356889 394.31616617146636 0.09496773779392242
318.0244221605307 419.5652042302901 324.3824496599665 429.0724422270228 0.09491899609565735
290.6604071671906 428.53150982048265 297.6116015576273 437.65515864988566 0.0949176698923111
353.1614461251377 422.4450400194778 363.48837781771397 436.5059360262441 0.0949067696928978
393.22391590973626 382.5046993425469 401.526616941963 393.2608081122729 0.09481348097324371
862.2768944635147 370.34796467464287 877.8931546383056 390.0466886822799 0.09441245347261429
702.5448395708748 19.923973783131704 749.3469946496328 71.1597855753363 0.09432683140039444
460.72382375297195 376.44951217790015 470.05267787089053 389.67828723455546 0.09424897283315659
739.2785864370908 383.791301848576 743.6707667315368 389.4881900100895 0.09419263154268265
367.2434268067281 425.1347603473117 374.4429531872242 435.32834522950003 0.09412743151187897
418.10945323339746 391.8683938367578 422.5550583927277 397.72044482420813 0.09398618340492249
310.30739868841255 400.9292959267028 316.8445484712688 410.1017380319626 0.09393010288476944
447.66786011489523 407.62784619445915 454.4017564896796 417.2483148170887 0.09393005818128586
669.3856112096287 62.006103340988616 692.6545233461512 88.76458343838655 0.09389450401067734
297.30759739994704 436.46348909464325 304.443023509207 445.0442305641307 0.09388711303472519
655.9714145983834 62.33029517944606 739.679742130729 159.8349433913146 0.09376481920480728
340.0317943025548 439.4409111007232 353.2948498909275 456.2678098210325 0.0937240868806839
324.1430312270953 438.3453865654082 335.5789810997207 453.01280092971285 0.09363432973623276
1027.5731216981887 358.8790025592257 1065.1549939595661 412.760898361839 0.0936322808265686
399.93693121550984 389.09595661049315 407.52175586983725 399.79109789299326 0.0936252698302269
890.4347628777248 396.5730707936066 900.7716030237553 411.6469151178235 0.09359181672334671
379.220292405028 421.19300234606817 391.4157894887777 438.0036256042362 0.09354347735643387
471.74855937829705 393.4781268322227 476.45543142793764 400.00966398034853 0.09353341907262802
721.7059823677016 379.86960830248023 726.5393882241613 386.35551429598667 0.09330200403928757
113.28491549865714 445.345314080213 124.46868966349356 457.31826036345586 0.09327732026576996
437.0988890846015 410.0999775484234 443.2488834668131 418.9857123535351 0.09323389828205109
486.55593643203787 377.08579736429243 497.30702650019236 393.9139013718442 0.09319868683815002
433.0981830000158 416.2208757670908 442.40486374930964 428.8705428544558 0.09314791113138199
963.1665632189475 306.4787189826563 983.6781169241433 335.26267533134995 0.09311605989933014
427.7252237559846 404.47919477288025 433.2430974906512 411.79934426096884 0.09300878643989563
410.06624372375927 387.03987207584527 420.9050970875462 400.8732472203997 0.09290740638971329
453.81459705172244 407.64250347570555 459.322882501405 415.2244367998662 0.09288367629051208
340.866207628586 441.49988178509886 348.27427011282447 450.7163005408629 0.09280062466859818
301.8175618510338 415.9036566731997 308.27921726228203 424.94432346899583 0.09268500655889511
1040.0881392549802 304.6099186889672 1066.1521178535336 334.2064928655896 0.09266699850559235
346.13213750577137 435.35292948807864 353.3097379998776 443.8896019950916 0.09262432157993317
826.9374520557667 381.56377288818476 837.6234889522452 395.8752420685483 0.09256447851657867
431.0000376912119 392.94351134443974 434.89477731298086 398.3869866931483 0.09256438165903091
347.4349228537281 446.76340112001446 354.2227114913437 454.81262854580774 0.09250235557556152
314.5180665579957 425.07732740488854 321.64466208041733 434.9673018748497 0.09249471127986908
405.96789117683005 412.37506349798826 414.5567633535617 423.76594699640333 0.09242939203977585
668.3298571166131 361.67498426297436 679.7842176890898 378.1591183352508 0.09242397546768188
350.22695632067695 391.12245684905776 357.17419917655354 400.44751714451274 0.09230828285217285
273.6106845837694 363.17783100494023 321.49190070633307 430.4074715142285 0.09229398518800735
313.40935699698366 379.888478457535 326.1282894553795 395.53931302596186 0.0922597274184227
461.16678001166264 389.4683102177655 469.2278869784965 401.39635989634326 0.0921577662229538
118.09796424116051 453.9890568279537 130.00881586215849 467.2582530105802 0.09214352816343307
449.7406204054222 398.43403959399126 454.35814785201967 404.1742842212198 0.09211359918117523
720.4501198803291 393.35398269013837 726.2758576068604 401.4982528712217 0.09210610389709473
288.97358942890014 392.21113192908126 296.3225867598542 402.27618295982774 0.09205158799886703
409.9850992096124 418.30918423317746 414.5543716049114 424.643854622635 0.09198085218667984
402.0373912870292 403.45563734498074 408.4855756266094 412.1766002817213 0.0918504148721695
290.3518092030395 374.5209394950081 297.6917946366204 383.62528215616527 0.09178920835256577
345.3035876244047 392.5298041266936 353.50904796993666 403.58891227695545 0.09178066998720169
251.7378365872924 371.6914571542185 276.3650704242838 405.9268345103421 0.09166944772005081
305.7306094887916 409.2145219726127 313.19887083759096 419.4633569602491 0.09164993464946747
423.4993207929288 386.8160964307341 430.55468583011265 396.04500735801383 0.09163007140159607
92.00588727291532 437.19993964462145 113.52551201683346 457.8499147090919 0.09156128764152527
714.1262864670023 366.750982548862 729.2909566625627 387.92609727751 0.09149457514286041
917.0728646953684 225.53912927013985 933.6428602789333 247.8010683011737 0.09139243513345718
298.4020714978256 389.87067773652814 305.76286545641744 399.61101710115736 0.09138863533735275
444.95007528274544 394.4351049248789 450.5358150116954 402.11089367717045 0.09138024598360062
468.0196909158843 383.7747574913663 476.990959158558 396.6283304629892 0.09124526381492615
331.74330095279976 370.7214157018728 345.65285936366195 388.4291479636351 0.09123183786869049
358.8934441470931 382.2292310933444 367.77673064479734 393.7869501424328 0.09122652560472488
308.0997537632822 391.9068166439206 315.56165470634875 401.8295515186578 0.09119585901498795
913.9832020029452 343.1924554997812 941.3016295439435 378.52785210155537 0.09113822877407074
357.4167306273138 391.8912074140137 364.29005805047825 401.37697730705895 0.09105900675058365
333.50394344847456 408.7962076749244 340.3197013978393 419.7689678910239 0.0909985825419426
325.45697092257984 387.17607059093007 332.88516227211375 396.8549150205493 0.09096655994653702
372.28529334401117 379.0346325973098 378.64997172506696 387.41130805265954 0.09094894677400589
342.8255459310247 409.75248269566055 350.5488067083303 420.48184935973813 0.09088890999555588
362.27651237496684 442.48355370484217 369.02922202764256 452.11357986870576 0.09086791425943375
311.5054594961142 407.01724457278243 318.37647801891126 416.66626608070834 0.09083608537912369
964.0018490991797 374.2927851460289 989.5829354049072 406.1142203222902 0.09071064740419388
251.30084225692283 389.3046587891412 257.7600505328357 399.91872461683175 0.0906958058476448
347.46493225946995 423.27080049665824 353.4421626318049 431.17706203576347 0.0906333327293396
916.6975064576625 412.5009945496171 929.0187111311984 427.4652768740952 0.09053151309490204
1002.0580916960836 310.0188214036213 1044.8280752784465 370.12563088904784 0.09046828001737595
364.1592410672547 411.8214483893789 371.4201453491711 421.6720077311357 0.09042559564113617
477.29211503212423 406.7505336605393 486.3189714653801 419.8414855694232 0.09040652960538864
298.1923893793869 430.1578697556969 303.8117801579368 437.7134341969021 0.09027594327926636
712.9006250289141 381.38592428554455 718.5221965071255 389.3262390125451 0.09016302973031998
660.3868110958811 415.1068232740676 680.2286491824729 440.0162100233057 0.09015706181526184
107.53970329172566 448.9970451196686 119.241040203474 462.2712621713461 0.09014567732810974
292.34105756323527 407.9164728084279 300.1096139303086 418.3825797390922 0.09011092782020569
460.7807784593332 410.00402508159647 466.51721479705134 418.1513532212894 0.09007212519645691
934.5070542835981 216.9095354119263 946.1434912743129 232.32421337410392 0.09002998471260071
709.0959645613052 401.70832998981564 715.2481880677072 409.74734204046734 0.09002280980348587
363.6952151953086 436.3238959998109 369.42475061464864 444.31238304475136 0.08996736258268356
442.54599520394714 384.9787812334596 453.97455330109676 399.89269851277754 0.08988424390554428
723.8733639660135 392.9257536633013 731.308809253604 402.9543643652311 0.08987441658973694
125.94397202420717 485.4223601253133 136.71049536080847 498.747720105791 0.08983798325061798
385.1930203425366 381.2546297868886 393.51241404186345 392.3592784452959 0.0898282378911972
210.0128547534686 329.9629260693269 254.10951093793534 385.8389357761948 0.08977312594652176
237.5974154814294 402.44659283647644 244.39073461559627 412.62196357454206 0.08972644060850143
430.28638567822014 360.42464132666504 470.8317271306997 413.4526452573358 0.0897166058421135
344.6609422054035 448.47511409770254 365.72591307199855 475.9216419508347 0.08966051042079926
294.03201804967335 383.80969703173037 302.44032862265254 394.8484980108835 0.08961580693721771
322.8131732523031 380.33539133359335 332.85750067491654 393.3837801111004 0.08960297703742981
932.7394182731102 411.9521592312586 941.7388271809268 424.9376063130764 0.08954443782567978
397.8035943181963 418.7171988138675 406.17471482382143 430.08409380675033 0.08942369371652603
482.28168669038865 384.0423680823162 493.4639237873549 399.68364020706014 0.08933572471141815
428.2851747264474 383.0613239189075 435.9481329395589 393.62867855957614 0.08930149674415588
305.84653089670684 378.2948410820478 315.2335851724013 390.2170800628864 0.08927971869707108
64.38477005816124 10.66663492608358 163.05581458061968 118.27593398078409 0.08923760801553726
513.1553607475544 33.35275273247519 599.9276403700361 129.96220096491112 0.08922898024320602
983.1391204278515 272.54529518861546 1006.6413169522664 301.5922731755673 0.08899898082017899
1052.8214351286754 304.8504758128613 1085.6717123889625 349.6402923985585 0.08896789699792862
446.83796312114737 413.40725941962995 458.47246062035805 429.744165827523 0.0889425054192543
866.3726258118558 388.8650159176724 879.4102983859281 405.705619097449 0.08892855793237686
942.5948077744952 381.4417351156285 956.8272195278491 401.2229856735147 0.0888049378991127
429.4368802545128 413.1591904172963 436.86005470357696 423.4039412009204 0.08866830915212631
282.60787564576987 434.9003541018713 289.54047031934545 444.65464999814844 0.0885152742266655
979.8924039997903 314.0638687370439 1000.0826109782348 340.66417637745604 0.08826810121536255
348.785048497456 371.1081063438932 360.96743589796426 386.81033360610763 0.08824485540390015
377.85035366241846 436.23702703860835 385.61579848222686 446.88094351292284 0.08819330483675003
736.2039338766036 401.18116641409205 743.628783552482 410.9347895899045 0.08818631619215012
869.7982980393272 377.82681299962104 877.971957601919 388.1679917897441 0.08816882222890854
249.70642666683193 382.1388183963129 255.93002937949228 391.588457426046 0.08816661685705185
78.32123588754166 453.3602366337089 99.51614332676708 474.108610452333 0.08811568468809128
282.46655813532334 420.2696467282796 289.109849162647 430.55753682604524 0.08806872367858887
364.71074364991716 419.8175913572973 371.13028769999465 428.9343900468891 0.0880405455827713
587.2992869813721 395.0041728568083 599.2976460406888 412.84883478736765 0.08781148493289948
1020.7874358866176 268.3362712627543 1082.5234117157809 356.9759508800504 0.0877792164683342
880.1731584979373 399.14488499042096 892.0297436837589 414.9509529463546 0.08777573704719543
649.9470590725261 360.4671339373471 665.1353919729783 382.3883636564724 0.08761215955018997
290.9417347233528 441.0761385901254 302.0189781299918 455.883204091558 0.08755454421043396
379.5588407385714 407.7111460929955 411.0112806952096 451.160861318958 0.08754600584506989
272.7291538652561 419.3071263634587 282.40107784605993 433.20318369224157 0.08743550628423691
640.1913021525173 406.2272339201513 654.2648852592921 424.0985306172157 0.08742868155241013
315.1815580388847 437.0453955337766 324.4888738689405 449.68775624336706 0.08741933852434158
314.5603518003005 368.463450067776 366.78365245014135 441.1747670160143 0.0874112918972969
365.5870136695202 377.48213125095856 369.8855889386295 383.3667080547378 0.08727017790079117
899.7865644179946 366.3140748581676 910.6666445059954 379.7326740177183 0.08726633340120316
232.4083611303998 386.4739176702551 251.41877465340116 413.169304254963 0.0872180387377739
412.76188436705075 396.214200362659 417.53011674046326 401.9593441526334 0.08720862865447998
257.70292538078473 413.65824231554046 265.95280765516657 425.3601523110702 0.08718499541282654
302.49852609702594 441.5357514810335 311.1034131304816 453.3999872349642 0.0870915949344635
708.4041794405108 376.32994739931604 715.0409680101374 386.2750117538985 0.08708962053060532
378.66164580620796 376.6231102720267 388.4584554418264 389.48663238750214 0.08706488460302353
860.3153123341218 406.4142478578986 878.9019697582827 430.27334909382347 0.08706130087375641
89.03136377300454 478.20327312528724 98.68203834410754 489.65784076308256 0.08704084157943726
693.6082317024606 383.91672713626247 697.7477160557469 389.7164739838 0.0870404839515686
878.2209141533575 334.9346551320135 888.9458990791953 348.2805252108793 0.08701871335506439
375.8385589657802 421.686206182981 381.6374203569746 429.97670864980665 0.08697336167097092
374.4086388871561 384.2083616661376 382.56650693222844 395.119496041477 0.08693619072437286
353.6332650659582 433.47462248099504 360.3858078220838 442.6897203708373 0.08690270781517029
280.6315049484588 425.42014461369314 289.75063780969964 438.8582984628629 0.08680381625890732
675.6311357666572 421.4244145741773 707.994407156658 466.7937779773594 0.08677959442138672
407.61464512566255 401.296471104781 412.3002360275739 407.38211823325435 0.0867728590965271
143.07289640180636 466.0271880643282 154.57655093660725 478.46932487752446 0.08676910400390625
626.3134499167851 374.4921050639483 637.9175685161077 391.6535334613721 0.08664897829294205
349.12271948519776 381.8440467147319 352.50797315524585 386.7401307105073 0.0866234302520752
421.3248754963011 420.2687361358433 429.55385345467613 431.2364560890162 0.08652891218662262
369.34015157543735 439.6964246821247 376.3732015739598 450.4299259310503 0.08644590526819229
340.1491097215969 396.4317609845065 375.69831622596763 447.18739667971295 0.08644029498100281
381.86885640165383 415.66153507205235 390.34019069947624 427.44879804678624 0.08641354739665985
929.1679765578016 268.992836459957 952.9730251644006 298.648872416326 0.08638577163219452
536.154054848796 396.16170762342875 548.1248575093613 413.16484553494246 0.0863175317645073
431.63234180131036 388.1961895055812 438.155096448508 396.62460724038806 0.08630634099245071
952.1183756676988 215.7939624444356 957.9105126753408 224.12630845164335 0.08625956624746323
649.719023484813 50.77689981764894 672.512892437522 78.99192980721544 0.08625388890504837
366.79302530933825 374.534137625453 376.56177031981025 388.48059980134065 0.08619625866413116
907.3747300475475 383.62970321184156 918.6490462894972 397.4033719986902 0.08613001555204391
331.5414281511782 445.6286384024446 340.20040747795434 456.56124826223146 0.08612687885761261
928.013618009663 248.92994228559763 947.3087842394694 274.7947279613895 0.08607621490955353
47.46232004583606 139.92724591134592 127.72036321865089 234.58393483948112 0.08607121556997299
914.7050424057136 253.61366662197148 928.3641220863689 268.933660929405 0.08603131026029587
905.3843299283587 232.105762633646 918.9401615410596 253.27571111228676 0.08602144569158554
943.3456833955402 342.3550750631425 954.3298305838059 357.4111432242614 0.08599118143320084
699.780270601902 415.512135326575 710.3811778313391 428.44649118611954 0.08594469726085663
269.35675861986243 398.4668776901942 276.5726968896088 408.97551155257975 0.08591743558645248
388.63056774455646 373.4608562714384 399.19891468142674 388.7796351033219 0.08581167459487915
469.2364285751932 413.58766880824675 478.09341909854857 426.5895881701915 0.0857662782073021
439.9379237033549 419.66823831929986 451.84204701442167 436.7587460212993 0.08573541790246964
991.3844110318199 378.6378501734639 1016.6037774590965 413.5469377918728 0.08567588031291962
499.2650058774601 402.7060358770088 511.72935321145593 422.2941392181671 0.08562792837619781
859.5227387480071 364.76388754482446 869.8334983214855 378.9274929363298 0.08562671393156052
353.7802504059251 394.07875948900755 360.56257191176826 403.4812540197635 0.08555033802986145
352.7411134642204 382.5215772474721 360.08323382690844 391.7047241405687 0.08552282303571701
708.7571185127848 404.2600313526316 715.7944237204688 414.72340260485765 0.08547158539295197
259.4923189061535 392.7882987053693 266.6751287659425 402.65843108305364 0.08545956015586853
459.530364534607 420.2147376897581 468.385001212948 433.2400618165523 0.08545484393835068
401.0291285059243 377.32979050403685 412.56914459208184 393.2862160847595 0.08535527437925339
251.87079678939867 407.53528820293695 258.147633141919 417.25024308571614 0.08534286916255951
926.8544173375298 240.82858495220356 935.850209471802 253.6819058877804 0.08532220870256424
302.6634003699196 386.2469143828284 309.7930402397142 395.4010234798786 0.08531007170677185
348.8489527711868 376.2562047727131 353.30293793661343 382.4360538506115 0.08528614789247513
357.66847110536133 448.99170554982817 364.8804169027394 458.7384727391683 0.08527293056249619
418.637715248174 384.5474917797938 425.41943912972044 393.97039483233317 0.08523842692375183
466.18912215597237 407.6207138160735 471.96810443358373 415.71476008128025 0.08519525080919266
921.3358537505744 386.35367282325035 932.4458215858549 401.10960481793455 0.08518698811531067
919.7021228163501 394.5234336946903 931.5733489242685 409.9796842024188 0.08513424545526505
348.5379249158855 436.6354643681002 358.2022034826175 448.1136046050377 0.08511946350336075
621.6743311913248 365.948261911394 629.9213415365175 380.3465512739881 0.08509577810764313
1007.5954279972576 333.9530934876893 1022.8357899588242 356.1700492667992 0.08506684750318527
721.3374780268153 404.36958564095875 736.2168129612068 424.4531810132773 0.08504044264554977
106.02535966845883 260.0079375407893 177.3147822454288 340.2799066711493 0.0850081741809845
454.7733990881961 411.4244101894235 463.4761663931773 424.07528464364816 0.08500012010335922
882.1547257911205 387.74003478966495 892.7282669537153 401.3395724076593 0.08496259897947311
316.4257994691732 389.79836798293724 324.53509955948886 400.22155887951794 0.08495254814624786
438.70000883050915 387.2542368075286 444.37032442711643 395.45182142594587 0.08494947850704193
620.9865963955529 414.93313474408137 629.2136997243996 427.59054395183057 0.08478712290525436
956.5022098858218 258.3085007737869 979.8100306759587 287.8583706765058 0.08477161824703217
711.5007957509354 373.750839692835 717.7285717354064 383.0570730529439 0.0846908837556839
75.28681572321887 321.15756995387613 140.73911584537802 400.32059646793726 0.0846891924738884
893.3370686571564 387.4376487399577 902.2394257025601 400.33349283618446 0.08458327502012253
910.7015343342622 291.8301725499755 933.1178089331413 322.6080018087298 0.08458226919174194
302.8301589276367 438.6980257665578 308.2789173827667 446.00078134479503 0.08455931395292282
307.48645523830294 434.91479854809404 314.26204054362 444.00807380977176 0.08447719365358353
320.899355031923 389.81882402035234 327.8442488647306 398.6041320899658 0.08446944504976273
896.8616418353299 253.96752994455633 918.9588948641883 283.61810835372154 0.08439034223556519
938.536378144794 298.54612620962223 963.4045045484977 335.31273160961325 0.08426639437675476
650.1658417998627 403.86129880286796 664.6230651357794 423.9398578490846 0.08421072363853455
402.7025875150529 426.6133728920767 410.31518631950763 436.96540205055373 0.08416406065225601
712.030261961718 403.20308082146505 724.5699202502439 420.969443301749 0.08407256007194519
943.6690883823525 361.0695848093107 955.5185289272869 379.553063296538 0.0838845893740654
271.34924711496274 389.6398390802699 279.97951544344573 401.68404676992833 0.08387631177902222
378.7061640440718 379.2831956746709 384.40882694711354 386.80753806430505 0.08383503556251526
555.9238825827273 390.33471620721747 570.6677685198011 410.81427487136017 0.0837864801287651
876.4728217185858 393.6411305524567 887.609263405536 408.11917138476514 0.08377734571695328
726.8987084173524 382.6995017176321 733.8254577091363 391.8295914241823 0.08371718227863312
283.7103119717396 389.391059398156 291.2788756551142 399.90548265541145 0.0836658850312233
672.8038358044239 413.4388468441072 690.8045416741544 435.2888920331796 0.0836213007569313
366.77725948836957 387.178133303291 385.75582075386154 416.2208098309578 0.08361507207155228
837.5174411513872 383.0409851620254 848.0158940387951 397.61080403291044 0.08355201780796051
160.21954837367116 389.901811730061 187.3374835022633 437.01049964107716 0.08352929353713989
936.2741074204254 395.6418670785984 949.5269398441138 413.2841848956371 0.08352728933095932
311.8166115937544 443.8186134595656 320.4677345771655 455.77421349518477 0.08351413905620575
608.7868037582601 20.26447869522836 639.7353847070568 62.00979888685913 0.0833633616566658
360.831787821029 380.8603660439704 365.1138724777439 386.754263646416 0.08335186541080475
687.5958588163668 391.813894501948 693.2101687305928 400.22776711693484 0.08329177647829056
985.3046058775963 227.49950434980303 997.1257907626537 240.97718325053108 0.08326849341392517
731.2624841840208 381.87361684974115 746.9958590400154 402.4588602912904 0.08309192955493927
633.3845002967512 412.83345057921156 650.6869814054315 437.22004199709926 0.08307729661464691
259.1502446446361 398.6996946398271 266.21164259888724 408.57736735954364 0.08298877626657486
950.3691303375705 234.60582075152396 968.4548646309772 259.25030812026444 0.08298337459564209
481.3687414439516 409.7838331453169 493.0220151666528 427.48607876271785 0.08294355869293213
355.2863962612057 440.36780534178314 362.52991950233815 450.36372207750117 0.08293226361274719
717.3231002491111 381.9891379023254 722.6963516330393 389.36357509935 0.08281870931386948
391.3073761795289 373.07902374823453 397.3943605711011 381.1235140023781 0.08270027488470078
582.0504795604533 369.07074877837476 594.288966084556 385.5405507807785 0.08268345147371292
814.9632364529919 384.69193571571435 823.7267766428057 396.6457257290415 0.08268103748559952
1023.0944729574295 331.3627231581687 1037.8222129747464 354.55050117047176 0.08266419172286987
897.7862104274469 386.3856765224964 904.7999427521186 396.96988240175676 0.08263272792100906
360.180335129391 375.86398250385594 364.6266742605236 382.14117460259325 0.08261903375387192
709.642477486827 415.88736458351195 716.7431001410959 425.41431809387217 0.08261143416166306
865.1607266985824 345.2765175107782 885.1224870098966 370.6241123634615 0.08260620385408401
631.5324601174156 346.46756226504056 649.8148565005138 372.39727576659067 0.08250583708286285
454.309518113186 434.35855408433764 460.90980794731774 443.4405805112289 0.08244265615940094
425.5461141147015 419.0132822243145 441.5438080807226 440.7153069136323 0.08243841677904129
379.36359405934417 446.19839055014586 385.4905551196049 454.80574799981525 0.08227130025625229
321.62430703078644 442.6377890072872 333.2374758337266 458.69152270568435 0.08216507732868195
940.1784192196731 405.61632862031877 957.8234094180658 429.81375134934143 0.0820968821644783
847.0169012527886 374.4661681464785 857.0549138165754 388.6661225726739 0.08207990974187851
469.67479269608344 426.29398986928993 478.2897822134931 438.87280456558614 0.0820767730474472
880.5698243853496 376.4745508241065 894.4450344518013 394.3564884458373 0.0820184201002121
408.60179340618157 422.99552499213127 420.7718364935494 439.5540212016715 0.08201772719621658
933.3498177264202 339.9701056146457 946.2590127016903 357.84654374079736 0.08198725432157516
907.4312261573849 418.5143611962742 919.181752661215 432.6442223098943 0.08190830051898956
447.3783262171217 391.67249718633394 456.2194327548408 404.4157499077525 0.08185353875160217
880.4225856533598 364.66646406328664 892.3657569228902 380.2836815709803 0.08185167610645294
237.7624356821063 418.2449663872972 243.20817955870322 426.12586230696974 0.08181776106357574
878.3944182421553 411.45748740641733 888.2708342915048 424.6759568819318 0.0817694365978241
288.1023385270533 381.40299891300634 297.18102548266796 393.7550970776904 0.081716388463974
984.5243500377655 405.6161601804701 1053.4687447362405 501.52943961808126 0.08169090747833252
290.18274500517856 435.55872696268716 297.5304806111222 445.09653677310746 0.08165765553712845
343.06218116194407 451.4440306904286 350.24508456312606 460.8910010522243 0.08163491636514664
380.7037809508795 392.3722955866579 404.22627942878404 426.22882507012866 0.08162927627563477
248.7150766394542 411.39023388750604 254.51340193750494 420.5119835855166 0.08161663264036179
219.09339687170564 362.3449770312037 252.86990818154436 410.144743112638 0.08158562332391739
955.2593261938634 329.16979230493985 964.6783485670029 342.6584230459443 0.08151880651712418
608.0738064505332 406.0003416868284 615.4986202602554 417.12496458765276 0.08150263875722885
883.4385399524839 333.0352329609151 922.9778128477368 384.7404237184593 0.08145290613174438
175.8631919491564 363.5133762108482 214.38186255442372 419.1267940466814 0.08143254369497299
404.83522862641615 416.8552016304488 412.0001608422868 426.3408489634457 0.0814148336648941
373.7033725163363 370.12894680564375 381.3730717754474 380.4230070820033 0.0813145563006401
470.451827932317 317.04623103621606 535.0734905415304 406.21279248265546 0.08108261972665787
361.9931179059587 428.96579884475443 369.83711224489036 440.051480891652 0.08104382455348969
632.1224488499582 384.4797033078818 642.5387006615395 400.35690445158514 0.0810144916176796
611.0116977419033 362.7383360190638 621.6697172947037 379.6104843496841 0.08095117658376694
733.8390299180061 388.8551961821368 738.7362742182548 395.3020885562255 0.08092940598726273
617.7262607388943 400.0407574180482 629.6283240602129 416.9629842937392 0.08091162145137787
976.5584486532451 250.8300003036324 999.5568890823465 280.5873332825786 0.08085740357637405
271.3325673545606 428.14424795185244 281.0039757706148 441.7169631433177 0.08074148744344711
337.3649898237884 450.0885883747216 343.23181893826353 458.2615768429832 0.08068839460611343
271.1717120175742 412.26405234046905 279.42133286958085 423.7238502917201 0.08066482096910477
560.8261975097735 138.7256588283837 929.3159423492459 554.2321039167011 0.08043781667947769
367.73337926567757 374.91512153276597 372.8630070316745 382.077855551228 0.08043240010738373
342.20797111859764 385.0304244789762 346.6473549595463 391.16019299085997 0.08034560829401016
355.4782941944971 370.1829437081319 360.06909266061245 376.61496620540277 0.08032859116792679
896.9853751594777 285.2137979963135 916.965622446235 311.36623311952155 0.0801796242594719
683.9424782314543 356.86554338721 701.9060854182734 382.8564083107833 0.08016432076692581
379.06365739633395 363.89951954134244 390.35830660314423 378.5888166566549 0.0800863727927208
282.628570926166 379.8847334203576 292.37382051435645 393.04447909400835 0.08007136732339859
910.5463116190249 372.0298274097691 920.9046302237947 385.2197794048421 0.0800202265381813
911.4117746638938 429.2671017023941 924.6432602035765 445.9749295363735 0.08001824468374252
256.0282162068402 406.3102559737582 263.80276456507164 417.30583977245743 0.08000095933675766
820.7471670448922 370.67384991507276 830.6318055616384 383.3554063897006 0.07997187227010727
970.2134343096847 393.3968413857865 993.5079167376165 422.6049129600481 0.07991274446249008
950.8323213335075 386.5653797533018 966.0764246145841 408.583819260889 0.07990624010562897
893.0288037402083 404.6086096068887 903.0155609944962 418.7923499302062 0.0798952654004097
273.29621696629937 402.1873090461316 279.5204044274464 411.5091755519266 0.07976368069648743
372.3475920869754 449.20331381913 377.12066419491526 456.19214676982097 0.07972810417413712
914.655315644016 376.39530530670856 970.0732510978034 461.06534523557406 0.07971306890249252
856.1678582152762 385.6023711476858 866.4738390668007 399.3582436213832 0.07965803146362305
700.4344284553358 355.3368815717324 709.0390033866079 365.8325069559248 0.07963656634092331
704.8490362355093 377.11153815604104 710.1687331185653 384.3798286746958 0.07958181202411652
991.6347331272515 290.09004162881615 1021.8632380513011 330.79548502239635 0.07957081496715546
895.6857026061001 430.39527190546374 908.9603356131277 447.23936328192127 0.07952114194631577
365.326426892383 448.5816088870282 372.53689533163595 458.76626094454673 0.07951241731643677
841.0368300824682 362.05393409540096 852.2126024390938 376.67974904736064 0.07939364016056061
424.84972510971835 375.1754303142079 436.5727226641414 390.2394397448058 0.07933709025382996
893.5557902097829 371.6300507582381 904.3957688516143 385.46610720957614 0.07927665114402771
390.62143081586754 422.070731485355 399.8119735680025 434.9875819626402 0.07924583554267883
919.9533156859488 374.64015541832214 930.1819706306718 388.0479662442242 0.07924247533082962
845.7380053459971 400.8068564018902 865.7157029130678 426.6324791880989 0.07923829555511475
932.7945357957631 423.523006493733 943.4733352627145 437.9858107147268 0.07906506955623627
1048.764254530597 317.1647104469692 1056.794752443803 327.10765060361183 0.07901214063167572
930.3750361679572 375.4721851494718 941.3886796810609 391.04984643002473 0.07895912975072861
805.7850477199879 394.8676231201504 812.9604806207337 404.9368667300372 0.0789245143532753
310.83045019029095 370.88123065675467 321.93267697274547 385.19397231064386 0.07887676358222961
1005.3442611714474 268.24388657126565 1031.6623761329065 301.3648962510644 0.0788729265332222
900.5460581200751 357.2458914167091 912.1007387822337 372.5457688808288 0.07881966978311539
405.7495101983181 370.1352908893178 419.10004410282545 387.1815961674252 0.07870513200759888
241.1757759892336 411.59307853184384 247.86744788318086 421.0279570867101 0.07847515493631363
811.0509141552003 372.4802790475244 819.8135495327577 384.87168697638793 0.07847272604703903
1055.3082334864216 279.7383617020175 1086.7588867174995 321.2239703240949 0.07845710963010788
347.27729772115083 366.0425465650706 353.1677133839747 373.6175905958288 0.07843615859746933
449.87929466739297 372.47029442206883 463.4790434266165 391.67329824120264 0.07839476317167282
409.93476485553856 425.574224918665 431.2470555751522 456.0066346463215 0.07838797569274902
640.6548136560965 363.27529919640887 648.0313591703136 375.9360165986003 0.07831491529941559
516.9328456230472 379.2605317699729 588.724670375246 478.4996975843472 0.0782380923628807
614.1767500132728 371.31432417630015 646.8332364361914 415.4319219480425 0.07803899794816971
716.383790529318 374.40416677840994 722.1063981940898 382.3964531129007 0.07801713049411774
243.7689466496114 307.38426188562164 287.6994478997339 362.1935527082743 0.07801460474729538
445.487607603065 413.205416616508 469.5711466997097 446.03603111668514 0.07800661772489548
949.5045312915851 337.6049050798254 956.2852463451705 346.5668199753939 0.0778895914554596
398.1336324952111 379.073766172324 404.6406669143535 387.88393578246064 0.07785031944513321
305.07984271438175 348.87997348500716 327.16882338134474 377.27714183951946 0.0777730718255043
924.3625797724904 430.4238512031777 932.7639346868017 441.0721845397136 0.07775086164474487
828.3308575215551 430.572034125318 835.1689663827547 439.6547744470648 0.07774817198514938
894.6264592935605 343.78063007228224 905.8491055064047 358.0338435805875 0.07772805541753769
662.179048739612 367.9668800815343 670.934962060567 380.9680841389909 0.07769100368022919
431.3402720619291 429.8661174671718 447.9796233373265 453.17507462218566 0.07764510810375214
808.391693575368 388.6308105746732 814.8290058664485 398.21420616295876 0.07762598991394043
87.68870196439262 482.4749663649227 145.09531184570642 550.8626974191952 0.07748296856880188
925.3541931278164 340.6428104655776 935.4055551335254 354.323134395297 0.07738129049539566
637.7452196658346 424.68686762448715 648.2127406462048 440.4517737346083 0.0773802250623703
241.82565364207582 422.7282066803401 246.38951637206995 429.16114935515964 0.07737951725721359
237.06656143832302 395.49632519437745 243.0392396151901 404.511176505342 0.0773787871003151
993.9247034611342 398.75899453465513 1021.2613703435072 436.6579773059835 0.077334463596344
320.47231926900986 367.5385954823426 332.05364672185084 383.34947018561274 0.07727053761482239
736.8567799887853 386.5028426305738 743.4008259208764 395.25860317757963 0.07720281183719635
850.9875920516872 381.6617926232402 911.9908239933623 464.1870776455632 0.07717029750347137
600.9185486742336 390.40314419935567 611.8778395325215 407.8066328907764 0.07710223644971848
265.4824301018988 392.49748918344625 273.2348246096577 402.9952371545686 0.0770971029996872
696.1226513116535 427.80535634078564 708.0661046966949 442.71209337333613 0.0770551860332489
307.6951845147413 441.5845719512599 313.7847699717805 450.40968035147614 0.07697641104459763
245.19594012066884 420.24306941642095 250.81666914049526 428.54487775234725 0.07694867253303528
933.3734153395204 451.6106120471553 942.3277492128107 463.51565576912816 0.07693366706371307
933.6200469806564 438.08005599637687 943.0382164012976 450.33028075901757 0.0767911896109581
361.42437117369286 369.7420480600175 368.1768263490646 378.87574826006886 0.07678496092557907
569.3681347276029 452.2751908214131 592.0868584759618 484.6636422090788 0.07655145227909088
344.10936056245856 380.75456942739976 349.04293577362984 387.6073606585431 0.07644274085760117
906.8280280285835 504.2275545726591 1189.9193845173932 834.1935176743078 0.07642520219087601
949.3118451250252 410.1386114261504 969.259656618414 438.2207913406083 0.07634300738573074
826.7483625615589 360.6266131438178 837.3029673463444 373.23719136826924 0.0761512741446495
943.9418005691958 338.7691714961194 949.4224550359465 346.24947632649065 0.07591718435287476
340.22450042594676 381.1257881026136 346.69736650191544 389.70755416473094 0.07579220086336136
275.61763318153527 436.376404578636 283.9801998428409 447.87650256375736 0.0757681354880333
573.3936277198313 364.0005071255713 584.9149360349872 378.46959793736 0.07570161670446396
648.6405405037974 413.82599326681526 664.6430358464379 436.8280000312909 0.07565900683403015
458.2903812315232 363.4746548436537 468.69280505582236 376.5505466192625 0.07535574585199356
293.17243712838854 377.7469288923235 302.7867083960309 389.70298472033915 0.07512852549552917
825.6509336410012 389.8071569397817 847.7622993449899 420.75491123142115 0.07502810657024384
480.2740615349544 425.6442581698799 515.526313791491 474.8471033838046 0.07497502118349075
598.2027358562132 364.2587572401897 609.2079631360324 381.18165078890183 0.07494625449180603
240.40316124234207 350.72392569250854 251.51861752304822 366.807340678974 0.0748363733291626
802.7087704082037 384.5473321330962 810.2893808720236 395.1199441265157 0.07472293823957443
707.89590965601 352.663271888076 744.6448097910064 401.6401864828332 0.07456240803003311
108.35310458533992 265.1902001830492 129.3044222597962 292.0160059822542 0.07452402263879776
396.7080761894107 427.80972256273526 405.37990164291045 440.30615376534956 0.07450898736715317
635.7539166559466 369.20598223118526 642.9622237139556 380.62436565152143 0.07434015721082687
249.78314149455494 416.93940196606906 256.7950323643144 426.8730055315436 0.07430542260408401
885.347997691354 426.8389057557278 898.9879222912094 445.05296170051565 0.07430323213338852
624.2164008813756 389.4550595639321 633.2875714800525 404.6405890201333 0.07420903444290161
743.4015311218694 395.31244349713404 751.5615647051919 407.00407806200315 0.07418642193078995
733.1775746504665 408.56746411752425 743.0268377783343 422.3640467339879 0.0741608515381813
259.00197112891544 426.1521459582424 270.8249882770049 442.6060855758847 0.07409199327230453
829.8183643782828 421.0694672459689 837.4484584909983 432.05286786483737 0.07406361401081085
579.6796524960806 435.6321701895941 600.5992386294598 460.5631636330106 0.07398849725723267
718.7558299319196 426.3557873586288 727.0326364845527 436.37708010158974 0.07344585657119751
366.71869283776226 457.2158958882999 373.0755795039111 466.2469209574466 0.07342148572206497
241.2079038314196 372.3899866605012 251.75704846474935 388.394850187966 0.0732552632689476
644.2288785092102 423.5526076023221 670.6105334357596 461.08766401458206 0.07315288484096527
871.0008844886961 296.41797649397756 908.9638398500313 350.0686352959515 0.07308855652809143
516.2463558706482 362.8354448025907 524.2174197282384 372.53974195103496 0.07290703803300858
286.29619169900377 360.2987362472145 302.2238453126568 381.3474068992679 0.07276635617017746
918.0683189893575 442.3891733701939 928.1463575310405 455.53214735499677 0.0727154091000557
819.5764132436476 430.13701154787526 828.6232524375022 441.6287962280552 0.0727069303393364
-103.94963212542518 482.86028344044144 252.4351568995652 893.0688235179063 0.07231980562210083
715.459389111045 417.8466765324734 721.9687424693658 426.9113684325335 0.07211067527532578
745.5021826369108 407.84795927876115 752.3008762841308 417.1977886965786 0.07204857468605042
726.8713584140526 343.1540624499114 785.0125462978843 412.5895606832749 0.07186070829629898
815.7685984015355 393.60020519072947 825.6972006364798 406.8656167777467 0.07180079072713852
473.5746589920446 360.9657817174603 489.11083288268077 382.4494841632148 0.07175808399915695
819.8336660359407 313.2093057946264 865.8290412605179 373.1882317591264 0.07170159369707108
811.702719551681 359.49793641680964 820.0054684379887 370.90360798534965 0.07169147580862045
275.58623098882447 369.2942115648927 286.54110282868123 385.0232707213103 0.07165349274873734
384.9457864066446 442.2002083531167 394.0101155915908 454.72939870459663 0.07163342833518982
675.9128727777713 343.0290228144137 730.0392630429482 408.11082633466276 0.07152596861124039
523.2013171299445 360.57909284078136 531.6478361540126 371.20912591845814 0.07129312306642532
537.5888342843383 330.1745373992145 584.7330751429522 398.9837858820002 0.07121332734823227
676.7216543966916 353.9763027689282 686.6943837144902 367.4378982573361 0.07119033485651016
-67.78538182965869 538.6990326018199 147.52348242060884 775.9161155441279 0.07109146565198898
826.0955205891262 451.1583655772108 837.389599104896 465.7353786127841 0.07105425000190735
364.85164402485884 360.679598358842 371.90654204028436 370.2844956441554 0.07100773602724075
836.4649119415428 422.75376649697864 843.3187859817949 431.9951652788354 0.07086267322301865
1040.1950834612737 316.9433710143175 1049.6140775424612 328.24695902987366 0.07082727551460266
268.86500184040545 352.66420736697256 282.8220114545834 373.19694138193387 0.07074027508497238
869.2752214604398 425.750619566874 892.3609921840667 455.91573980379223 0.07072622328996658
127.54843082910831 242.17918979927552 166.44026562476373 288.40466632984584 0.07056115567684174
480.2290216724149 373.38315135124657 489.3568589185733 388.78401295974425 0.07036565989255905
938.923524615402 376.5716403409368 948.1627568821955 390.6850618395009 0.07032941281795502
834.0030586595178 413.3659032537126 841.6198444610918 424.42753805454936 0.0702795684337616
842.5625263079951 422.7003005501313 849.7669840608844 432.28922072425377 0.07026945054531097
505.0953977959317 367.95232933147355 516.6067445370023 384.13038560501457 0.0701918825507164
731.6095090974011 377.308614903938 739.7670256846245 388.00094109358616 0.07017217576503754
-45.92413636174342 246.20924084754023 153.74923101923133 495.1311679760226 0.07014115899801254
777.2141510516275 315.839375968856 818.9925581209603 370.948197704704 0.07004454731941223
711.9169271906896 431.16220842926964 720.3986509980499 442.0267033767789 0.06986154615879059
965.8775996551982 408.83748983735313 988.7260045026311 440.7400437863926 0.06981334090232849
824.3331204408222 441.27235389117396 834.5848962840361 453.36014808568234 0.06964904069900513
797.5613761419719 394.59059973991486 806.6610336625916 406.88537678912377 0.06959203630685806
835.0310420390673 431.50132679363094 842.9753851520568 441.73988486832263 0.06936383247375488
614.1090122740582 416.96128465468564 633.3290057898798 442.73280655484655 0.06932798773050308
577.5349163018034 416.2374503401957 598.8509076002755 441.9814838328092 0.06930440664291382
372.3747504397392 362.36856113680614 410.5925497641723 415.75765201357825 0.06928068399429321
944.3610762653694 331.7318513945198 952.9540268401079 342.8670208657 0.06915810704231262
939.3182691188417 417.37926384610927 948.2685110081934 430.01043706490333 0.06912810355424881
669.4855084722554 352.2711311934788 678.3906677735772 363.66422374175045 0.06907103210687637
253.1040529702699 395.94566302823455 260.7762916696133 407.6002915467156 0.0688706710934639
799.8925398711531 367.6824228918396 809.4800078143868 380.50566556856097 0.06882239133119583
601.8409816469302 330.6633839363034 669.740819837843 416.00469168226016 0.06869468092918396
918.7638497914528 449.01370731145005 934.8956386872658 470.45645162685037 0.06865131109952927
820.5495333142859 413.52874596870055 829.662094155362 426.3735283030818 0.06848840415477753
35.58402402320665 313.021041648502 284.0189446061386 606.5873698232668 0.06801578402519226
796.269368033847 358.53812706735187 804.1230612292115 369.7008918166578 0.06794937700033188
595.4782139140602 402.9936790652478 609.7431152350595 422.69721734814607 0.06771522015333176
776.227152975274 377.0579593434579 824.5863129893154 440.44282904031405 0.06769770383834839
163.50472437924864 292.3962291165411 214.52334081606608 358.64036559695535 0.0673978328704834
880.3874637482087 352.9784607416034 891.2125281395223 366.8520800333182 0.06737007200717926
-23.166485553713525 -24.394126739900027 59.53087775969177 98.59641443283292 0.06692343950271606
529.1224897955478 380.4401114840486 542.1693608844744 400.10040545304037 0.06675544381141663
604.5991831904955 424.65092195821103 614.4342839048694 438.55979597227997 0.06671538949012756
933.7583433703094 359.0814031229101 942.97083584528 373.5833106515296 0.06669390201568604
608.7025972792278 347.37129436345197 620.2588226126398 362.87491810548096 0.06663724780082703
817.2521030153935 353.41260077370197 827.3279088045285 365.96604375603 0.06659979373216629
559.0874707185649 362.6299928808341 573.3670048803077 378.5909263708437 0.0663086473941803
204.18942728886427 210.32320286548673 245.04769214937636 270.16971869507364 0.06594610959291458
869.7037868987599 48.42149420695652 1144.9000506680125 373.3319834374123 0.0657622441649437
148.35089400800103 295.8216250900962 174.92188618157863 329.0715587170737 0.06557513028383255
712.2922205192035 353.23818679282584 723.1064131510473 368.00267270469715 0.06505464017391205
540.3823989997286 378.97639472449504 553.1794543985876 396.9626201305921 0.064869225025177
682.3975439439947 428.052615197442 695.641665088166 444.34641483131685 0.06473629176616669
562.8730703757076 417.88981708740073 578.8677096604265 437.9217409293888 0.06473005563020706
915.4306602964537 360.9014039561253 925.1589406689789 373.40828593395264 0.06414613127708435
849.2162011343657 437.91000023552647 872.052645136592 466.9564945192534 0.06404430419206619
907.6837453092498 346.9514977050744 916.7277731531254 358.8313607772961 0.06402622908353806
281.1903194373853 319.36425180604584 357.2586207752374 410.7940740414048 0.06390657275915146
296.6021905093047 214.12798256440502 352.0387049761457 280.5191305566242 0.06350656598806381
449.5996387523655 357.8090471708171 486.18858116916556 407.343203004017 0.06330897659063339
854.8939957330596 352.69956717217104 864.4566078866337 365.1508752473402 0.06320684403181076
91.9612690314902 199.05143417748084 130.37545522119206 246.98968282016708 0.06301327794790268
537.5158363328947 364.27866425046614 548.8344979444178 380.5966562700683 0.06293094903230667
834.4828629879383 351.45400620451414 846.4469221937376 364.72324207917734 0.0629115179181099
924.9151275044078 332.20065410633936 934.117938595125 344.0095612076108 0.062353335320949554
508.85007000329114 228.47368591955373 596.3721229062805 331.92917792274045 0.06170954927802086
933.7301001822444 329.8034264665468 941.826181390003 341.08012214651393 0.06161101907491684
957.5312621601256 423.43762891583447 1003.3364740304278 490.60475993068434 0.06150810047984123
916.9536654875051 343.5532421754368 926.6783583049098 355.6746764160789 0.061475303024053574
724.7894326481897 283.00301741887967 798.6512162080458 368.7241229022799 0.061342302709817886
78.11216294288624 261.1666974401324 106.46418289378667 295.52062144635454 0.06133546680212021
163.41293555180974 227.1340952690721 195.7255185710695 271.49995069463836 0.06132252886891365
533.5018944780736 358.4190675817714 541.6674770904409 368.89266886767194 0.06113443896174431
889.035736508695 457.3943252413801 926.8776183765034 507.36118186189447 0.06111382320523262
95.5665288752124 285.21927937361966 132.0305403417571 330.67987167252403 0.060742903500795364
227.51539888121022 264.1593989044251 287.28497365236126 340.73108774678803 0.06069224700331688
702.5736446208202 396.2103875308505 782.3439641710381 492.09526959359835 0.06063792109489441
70.86100533538527 290.88796425560844 99.2977514232794 326.51211640339767 0.06010608747601509
56.716244079735176 206.30670691834777 90.11756199421421 251.1998740114028 0.05997302755713463
770.9582978565381 419.5656001276673 817.80158537605 477.58243407015595 0.059751901775598526
-19.18680709975839 108.42804902001068 86.37307833727849 267.8595686527423 0.058989766985177994
282.9835917992323 -1.7264941983994204 395.4213385833007 124.02228186185259 0.05847114324569702
411.1317677573117 284.6457761152009 454.47558646572315 335.99847218291615 0.057512905448675156
803.205994607488 226.197391627552 884.3242581358024 314.4740713780523 0.057443663477897644
597.4334560961296 222.8418295425833 686.7209617665463 318.6643103034726 0.057438261806964874
290.6041652362775 119.44981974131413 377.6240130588557 229.96928503377757 0.05484951660037041
