533.0392946636294 361.4152013224881 541.4583032323675 372.7115497773181 0.995067834854126
567.7968746855122 353.05460953686804 577.3389278923921 364.5300880519568 0.9941826462745667
578.9205258915168 352.96381317570734 586.9882702342215 364.1947875940721 0.9891487956047058
542.5289823829941 367.01860226940653 553.5031461154693 380.61393702578005 0.9876469373703003
630.9072448176973 348.7814083509632 643.179933950643 364.04076685330864 0.9867395162582397
511.2539687162422 359.3488568623937 520.4153770673896 372.18681745499055 0.9390157461166382
823.2965729064609 331.420599234376 849.8680740811459 367.4465033385679 0.9384765028953552
407.8551779677045 364.0963914641095 413.5855317746695 371.7807767742439 0.934387743473053
434.54288298424996 364.89546010694244 441.46386732745856 373.57721695205845 0.9236186742782593
697.3345771751169 344.0024780868143 709.286659727821 361.7424049340803 0.8132144808769226
471.33277074405913 361.2766475505942 479.31127504460943 371.73361778602987 0.7433924078941345
396.4144990637147 367.049917614865 400.8812975863486 373.6120160190394 0.6922518014907837
477.719047366256 358.03534134826003 483.81884285057066 366.61546833186515 0.560247540473938
485.37261421415974 348.94738180679497 495.3109968653728 362.5623426811896 0.4091024398803711
775.0198805949009 351.59188283774654 786.9429122070537 377.244605092235 0.4060268998146057
469.9059055828441 367.48780917935426 479.18593564534837 379.53329712855947 0.34911686182022095
688.2421563451994 355.5384780588764 705.868445035381 376.28486244117676 0.3409297466278076
644.8360270660817 337.4151594338699 657.9096532234157 355.7213034867143 0.3056737184524536
809.6788960003872 347.0066193386778 826.0783058503478 371.53199479389156 0.2570754587650299
91.44920650228714 11.456320702546458 171.99645761616782 95.3637270416242 0.256964772939682
444.56160565120507 353.88234822033013 450.79148845533115 361.7008227344669 0.22372233867645264
461.10711447578507 363.0225229592497 467.98453530422614 372.19140450770766 0.22041893005371094
496.8056553520095 355.4278745657148 504.6034662979174 366.62801806523566 0.1938256472349167
802.8464448157904 345.1863197796619 815.4849806807493 365.070872506779 0.18796223402023315
525.5575257573921 378.29148516232505 536.2116549611147 391.4209725619118 0.17586027085781097
92.12756827245833 223.1557816799104 99.60650495902517 231.30299416759368 0.16747832298278809
262.0783968654119 204.1649494385982 270.75843445122047 214.82507336554042 0.15761834383010864
728.2741452790676 366.15214647607917 742.3526279314477 389.44005411705655 0.15642015635967255
426.28444402500037 355.21028443238424 431.90037970512566 362.42766863824545 0.15091858804225922
446.42351014330256 366.77605779634854 453.88235013155054 376.3060912095278 0.14912627637386322
434.3809483748347 372.95801405146864 441.47226859679273 381.14829928540416 0.1413329392671585
461.3139100441677 353.94136894308895 468.2528840581742 362.65688110512605 0.1375073790550232
860.1010110218081 327.5395282581583 869.3835434936404 338.69514784786116 0.13596317172050476
795.3874599489562 344.1724170481302 805.4553868099393 363.19474794280535 0.1327376663684845
488.863372220471 366.0272636827708 495.5544928307296 374.99088169686 0.127098947763443
480.9952214214253 377.13083266456914 488.726644603724 387.50089291272775 0.1257389485836029
478.1563805812587 369.50185075441925 485.3534370464255 379.78634350161605 0.12487393617630005
428.84036101910436 361.6019423374197 435.38487305578275 370.2124780069833 0.12369956076145172
494.9224045906712 364.46827826278536 502.686343238482 375.3130289565041 0.12266622483730316
440.1765778106835 369.4966283506011 446.23195938482445 377.77694023404416 0.12163012474775314
424.00063615929645 366.552380888761 429.04077153322737 373.29038655059026 0.12132800370454788
488.36602232893875 374.3452322324819 496.4216196499924 385.4679000395274 0.12074442952871323
550.1574104595697 315.10867893080166 557.2336366793293 322.54920594881816 0.11993201822042465
490.8624247998002 355.9544221834009 496.65684456822635 364.7597446979805 0.11886016279459
1051.8741527968527 289.36289123519725 1063.8854993793577 303.5231601217973 0.11796530336141586
459.9568850419113 369.00328770656574 467.6445761164851 379.5532979027983 0.11730389297008514
702.4303443999341 325.3920280069756 717.5237411765378 344.30154012913584 0.11682495474815369
745.2690527234356 355.4743900549549 759.5135446594938 379.293984346361 0.11530598253011703
661.308157240426 331.29432441220894 673.8313404464552 349.6092736196014 0.11368920654058456
449.31585766088256 370.9826939533916 457.62224063815506 381.2535913131539 0.11288825422525406
476.96578835287977 321.74722800247355 486.7090590848713 333.9931499210593 0.11169309169054031
126.15551033079198 31.469309333867184 148.99632084053198 57.24109423229414 0.11103608459234238
453.6683466996613 364.35091608473914 458.212873482917 370.8551875470108 0.1109638586640358
470.80679504639846 354.0156263784818 477.7225087266958 362.98838534272153 0.11093467473983765
455.2957542848923 381.53975552788324 466.6731237732707 395.6185835789878 0.11087966710329056
556.0346079783809 392.05903699460066 563.884479781598 401.26637722610553 0.11073978990316391
540.5160346675478 358.2730173509834 548.3890997537075 367.4032498771045 0.10959772020578384
493.90631819901444 348.4153818613751 500.17857346162697 358.4407812729301 0.10947293788194656
453.85507008877374 354.317401617881 460.2390096596196 363.08189304517873 0.10880866646766663
487.35951598125206 360.45103497451447 491.96707389666057 367.13250425659015 0.10828810930252075
477.36787736613945 381.8790576704658 485.1965395399513 392.81518218741724 0.108072429895401
387.8317335003075 359.717454188426 392.7440384593268 366.60101670528746 0.10751283168792725
428.65788835124 388.503519204147 435.0466178621259 396.36719410499705 0.10716742277145386
483.7977123726266 365.9945759810688 490.10102745888173 374.75088305492756 0.10700280964374542
773.6660732588708 349.30444127228986 800.1944639986227 387.39631296173167 0.10680053383111954
519.2197330991444 363.2490597359047 526.2229211570532 373.29396408019596 0.10626784712076187
525.2839384486898 362.173029802199 533.8864746961142 373.3766715882725 0.10623698681592941
502.7023749451502 362.2807432589812 511.9657589847654 374.55644516739767 0.1061178669333458
604.1544301516292 262.43080551256304 612.5269924891971 271.1631798421336 0.10594496130943298
414.06921760768273 362.9945771973936 419.86756191650494 370.70311443529124 0.10583607107400894
464.5382253171012 321.11459736103365 476.2085606479093 335.27745698371353 0.10579685866832733
521.8827551915762 365.60180550223254 529.8957987711481 376.04883641726485 0.1057649627327919
338.6174375055409 154.64483195852722 346.15050846464874 166.36070068449786 0.1057620644569397
671.3082718680939 344.03887725017836 684.3862102494883 362.8308027325901 0.1055009737610817
819.6194968952916 339.11440876723674 829.8793853226133 355.6860604336786 0.10517124831676483
475.50330210949244 377.81132778116836 481.9466854814245 386.62697491240004 0.10511702299118042
421.02200044067087 362.73968894211 427.1724123965099 370.8937063217367 0.10504879802465439
787.9246907312845 335.1348586490472 796.9946267372047 349.1916627527449 0.10495851933956146
444.3252039850137 360.64182069259925 451.10919365559585 369.5390337086401 0.10420502722263336
415.45919328893655 371.0589761448985 422.1367454786363 380.0622101280853 0.10357274860143661
1070.1571974945377 282.02704931575596 1080.7174361554785 299.3046101060598 0.10349338501691818
121.96950159383206 452.5070485545224 130.3545042171163 463.81056203649695 0.1034303531050682
492.87116319864805 371.1127705736639 501.8984444074082 383.26253120318233 0.10304977744817734
454.6720824094751 344.8740439290229 459.7544912965873 351.3512289855723 0.10285516828298569
397.1115652599829 361.5352585230373 402.1597636667729 368.201929371152 0.10222673416137695
433.35478811329654 375.2299022867366 443.77900137365 388.26535338092907 0.10217568278312683
384.2130354114917 370.1410602866719 389.12252145729354 376.8818072106591 0.10198109596967697
787.2971133547927 351.1588864824097 799.3731475592269 371.1202199319057 0.10188284516334534
501.97059065361003 374.6033712682077 511.3138857388869 386.802453673495 0.10187315940856934
640.7718221919048 334.17719544829447 651.4805597127207 350.1343183115613 0.10182802379131317
482.40214086658574 359.4254123842657 488.6673761585067 368.2920338059302 0.10170648992061615
437.6150496480492 351.6609274244727 444.33385306878586 360.67814595503654 0.10165322571992874
346.0717956834096 162.6667416913096 353.31993065637033 173.87234725188975 0.10127429664134979
507.8864364475607 372.05820872672695 517.9515684589346 385.11945932155805 0.10095453262329102
475.5957593779824 351.58053712478267 481.93769150196687 359.81891667752683 0.10074742138385773
420.80204285760954 359.6032603928892 426.65853164612497 367.2044312959939 0.10069931298494339
348.9507974133413 166.41450986460677 361.1337529041252 185.25117489039954 0.10055159032344818
423.52435589112656 372.21400305275756 429.9017985031854 380.6332996298387 0.10051362216472626
466.11599730863344 380.25324729196365 475.9883488369493 392.7840166715095 0.1000690907239914
155.17083779553897 26.807622623201425 243.1671366611386 123.11457090649634 0.10006362199783325
759.4674704814232 380.988460842238 777.1925525143004 406.33888793490814 0.09991687536239624
464.27776951364547 374.52922976431984 472.5710036807584 385.1814852562241 0.09970591962337494
400.4360757213241 363.37820433226267 406.08596638007623 370.801427723936 0.09958334267139435
439.81279354326955 360.6287844740933 446.1745404263663 369.19870822019215 0.0995233878493309
405.52223010053683 371.44385184554795 411.79263194398203 379.9693892683209 0.09935441613197327
474.9555132399564 344.86736325357214 483.7774156134596 356.6506160509498 0.09923690557479858
404.90935132204487 382.83493511815067 411.81395633630865 392.4235106796429 0.09921461343765259
456.6820507066572 372.2873175323492 465.44113081545373 383.3573594078402 0.09921102970838547
473.89606106653196 328.4002073515696 490.248575418561 348.9042171940737 0.09908987581729889
784.2087809573695 356.93442527421445 791.7201126741427 370.6398943843494 0.0989719107747078
516.1678428531096 377.2890989378087 526.1083551529481 390.6605310835805 0.09895984828472137
456.3144752194114 347.54666341174135 464.02538569793 357.7314462573728 0.09887794405221939
1053.2050025402175 333.2741294884088 1057.832386044359 338.5843012691914 0.0981527641415596
549.9746428795102 352.0780302678878 559.3997943955301 364.35353838961896 0.09785651415586472
488.36865974944277 349.5364556161799 493.1513240908549 356.2353049515747 0.09776511788368225
392.0904953348509 363.13276410137007 396.74985846577886 369.7310339913587 0.09769462049007416
462.5397685272299 343.0974430144728 470.67993175255 353.42562507720487 0.0975348949432373
471.1992637120522 350.0399232673891 476.015996846064 356.324003795034 0.09752381592988968
416.9252005233269 354.64328963623205 422.968928763476 362.6247909165008 0.09738582372665405
460.0622700278062 392.6556941491646 470.8727676749836 405.22291668299096 0.09720136225223541
470.9643244696026 397.58198307986453 482.61594810637575 411.61290041151335 0.09717446565628052
532.5461621025939 350.8522101440457 541.449572255819 362.5246960596349 0.09715957194566727
482.29310941798553 349.25149442558535 488.25245943687605 357.5924651541764 0.09709692001342773
421.5454424527812 353.40942760325396 427.03854016762807 360.7348758841974 0.09704816341400146
849.8985550047432 338.7628917571533 859.6616450917678 352.2142726399859 0.09687359631061554
433.07581233732026 354.2080684748303 438.93349061387914 362.25534548733174 0.09681542217731476
432.1481111078679 396.65368525808566 446.6171514223878 413.38402649722883 0.09653440862894058
678.1084892802098 348.7530948925941 693.1804745073174 367.3937128508571 0.09641296416521072
395.2240592798794 373.26612755194117 401.275793547454 381.73947303604876 0.09637216478586197
493.27354040227436 378.99840833250664 503.40971637878533 392.5587660718425 0.0962359756231308
713.0391771657717 387.75601470250484 734.9023664214394 421.738193090895 0.09621097892522812
456.1640843482055 363.3567507739035 463.9299217958444 373.14209347941676 0.09614794701337814
1055.7740819332414 268.7623807456903 1067.708546933822 284.6211825622057 0.0961301401257515
402.0481822655851 353.66277876681306 407.93054789081106 361.21152801602494 0.09609255939722061
392.64670689745407 381.08013949581033 397.5804562489282 387.900675990378 0.09601625800132751
491.94885678620733 337.72144002012897 500.2334253146787 348.4631321012112 0.09600179642438889
408.7277387326416 354.9173675010881 414.8614384943417 362.8139115372245 0.09595583379268646
509.9680999915516 383.7620944477854 520.0477357726347 396.33358999162266 0.0955781489610672
430.3138947903167 403.4159393006018 435.9400300903689 410.5909907256473 0.09537526220083237
750.3285023343775 363.56063728078243 771.6541982141617 393.8075997806923 0.09525642544031143
557.7690892645345 360.8154658369035 567.3388388060818 373.3487545755148 0.09524669498205185
485.40338360846584 331.1186311893802 493.7849155437294 342.6162001319043 0.09504637122154236
1045.2705368420882 281.965963533938 1054.1809107793085 292.87342482430944 0.09483758360147476
467.2589986771202 347.1239415963587 474.55363135757125 356.72169707461 0.09483035653829575
504.8302218662511 350.77091500258126 513.3736854794822 361.99822194547374 0.09453392773866653
457.3430299333928 322.98281153411784 466.3806915739845 333.24165078283926 0.0941571593284607
421.2150389881258 384.6701105395261 425.2618668903425 390.1204707646891 0.09410346299409866
498.1510356760722 343.77291331037196 507.0231608432123 355.49678236700805 0.09407253563404083
419.5467914425616 396.56824478385215 428.11434156915277 407.3213044037674 0.09406158328056335
280.2896071392305 480.5172631314392 329.799270380143 537.4920110464313 0.09404706209897995
503.39483952553996 238.3707726853185 734.4956271161839 500.0023446914059 0.09374523162841797
468.4615432307833 386.6840351882358 481.1086770864192 402.4074255422545 0.09370452165603638
438.3908921021353 382.62430652867033 450.89521689785744 397.86837997149763 0.09369384497404099
401.3685609476536 374.764285982556 407.24771963748 382.68428385691135 0.09359115362167358
379.6657097249393 351.00341210670905 394.6003136522851 370.80926219608335 0.09339430928230286
443.21015605761005 347.23081698469053 448.4409178288331 354.05856456627964 0.0932052731513977
449.53178195718164 360.14781296524166 456.295826791341 369.50324612215286 0.09317179769277573
201.7573959127267 285.87398773737306 238.93329908279145 342.26346086033413 0.09305999428033829
677.2291185824638 331.13647177167 694.3155512568452 352.52629604227604 0.09300236403942108
427.5893119767076 368.90874519094376 433.6205987809622 376.90760277039755 0.09289161115884781
656.7440079932361 336.2607470001938 675.7703630148873 360.3358084590701 0.09284646064043045
426.679592229219 381.9794775616797 433.59991322430426 391.06834366639583 0.09277671575546265
485.6472966654154 386.69990894231586 495.48576080905775 400.2142474895192 0.09262030571699142
717.5553884324918 367.3099213725464 729.8527883278508 386.73050791405063 0.0926118940114975
827.8186551380177 332.52784870575056 837.2893227579464 345.9505599412238 0.09256348758935928
409.76747458193455 382.31639683459224 416.09492706666373 390.60811497654885 0.09228331595659256
405.56388519191813 355.9640418676657 411.05306510708004 362.9037874099382 0.092130646109581
390.4169177369098 367.7399637287285 395.6187641151062 374.967788683818 0.09212794154882431
445.37366760488885 336.92975470961096 477.4525497478213 377.84926919324175 0.09189815074205399
760.824368244013 351.6531976803779 772.5274818093652 372.66911468046465 0.09158410131931305
417.1986098820584 382.9016039344889 426.2080508486504 394.6292496108822 0.09147386252880096
712.848323517114 345.52933685089323 730.5154636445822 369.5699308492657 0.09145496040582657
497.666017465432 386.1379039620843 509.34882017790915 401.62408083524633 0.09137334674596786
457.38618578929163 332.47461095175606 468.2920015851817 346.32521904733125 0.09135795384645462
435.2043608600167 344.01409411764865 458.9364181689493 373.58122789320703 0.091231569647789
528.269434923905 371.35316113067427 535.7307047003791 381.04073857487197 0.09102282673120499
516.007429411368 324.88251546477505 523.4165158426338 333.8310247913987 0.09073057025671005
851.0869571213541 327.8167700113239 859.2781896675426 338.36082351210877 0.09068750590085983
782.8797402804161 388.7618145781747 802.871625843201 416.1346943734185 0.09068244695663452
403.1412734533427 369.8601630616444 407.9035497378833 376.4441964999446 0.09066629409790039
519.5551556638894 352.73965716923186 528.1849182300432 364.72727889599366 0.09064996242523193
449.3479510561506 350.67343350108376 454.67003794318674 357.7419239895095 0.09054369479417801
447.2682637290194 385.3647453461552 456.63590636927825 397.39840839613754 0.09045761823654175
465.97155241720327 333.6778082692881 476.97288098938793 348.0461595393606 0.09043994545936584
388.2244037232319 323.7947069783478 394.9192730861196 334.01076518008045 0.0904245525598526
540.9708858433628 330.5373798996288 551.2602343292172 344.1431009192335 0.09038322418928146
431.80688605569924 403.20203396650004 455.95841234814833 432.3524910131817 0.0903579369187355
418.9604630709842 367.7922367395804 424.3843423408216 374.9083239822575 0.09028757363557816
484.55663200531353 381.38080997744726 505.9952040142561 409.76156834659736 0.09015477448701859
348.3228288875144 177.6115998709333 355.3915671001936 190.68773666230885 0.0901218056678772
439.65644219996346 376.6656452227284 447.59453923766563 386.50379184416533 0.08998513221740723
391.7238525182046 359.6378134446584 396.67201590910133 366.1162837590342 0.08988681435585022
438.8525792562265 395.74309785626053 443.4621839777964 401.3824922267938 0.08981658518314362
445.9582799447542 342.25590022347427 453.7515958222118 352.41189490322813 0.08979832381010056
480.5223047103183 352.8706164332681 485.51725799139575 360.3648942819459 0.08958180248737335
459.9014945182088 312.95262332972504 485.13721237779515 340.3307371290398 0.08958158642053604
340.12130593471744 197.27168533244804 352.1099003917324 215.6002333034073 0.08956842869520187
795.705273519337 361.1620833835248 813.6426828849129 388.1074172499281 0.08951367437839508
809.0245183296355 382.7001916179723 831.4288074329156 412.88449125626124 0.08947817236185074
525.1893921905455 334.4734975326905 535.7587956882154 347.8870199746599 0.08947775512933731
516.3204161722409 369.6630281143494 525.3033701980431 381.4760542728946 0.08946257829666138
404.01049512931894 341.1767732419065 425.5493070678334 368.9841624188753 0.08940304815769196
400.5304201263559 392.34944137353193 404.50963914792766 397.4616848010382 0.08934562653303146
441.3026236751534 391.18325951048604 450.61811701501 402.344741146823 0.08933869749307632
434.1483420004376 345.08451826890683 440.9663210526046 354.3789864626561 0.08931230008602142
519.0862994145388 339.5339459784047 529.5069942104303 353.1607188720835 0.08928412199020386
435.74354869901106 400.74343043058707 442.3140521077156 408.58172360444195 0.08907806873321533
779.4923979014835 328.7962729276119 788.5658240153988 342.98406667953196 0.08900251239538193
783.8538647865898 368.4653979101216 798.2381165387832 392.14809139364405 0.08889887481927872
834.9644481057509 329.250117199547 842.1945824571619 338.6020760283903 0.08888541162014008
840.4396412641892 336.8942419512776 849.9264738967976 349.3050035957239 0.08888097107410431
779.871006139377 341.0129163038344 788.4073171257479 356.214690081397 0.08887957781553268
522.9890326494145 391.2981972503533 532.8102052681238 404.41185748269606 0.08887139707803726
453.4192188359299 376.2455967526133 459.5164934207546 384.8188133602244 0.08865994215011597
429.23794858655594 348.4491484893864 435.2538586202935 356.5069236209407 0.08862300217151642
484.92310048668475 396.7355069500479 493.13731744168547 407.8534298007656 0.0885944664478302
445.37463644447746 376.7540226669016 455.4323961605162 389.0311591972274 0.08836016803979874
421.9785587999859 339.4056623549941 444.51840138226055 367.31680771353047 0.0883408933877945
868.7714320660657 327.1964039949933 878.6022811198156 339.3613937792058 0.08816128969192505
442.6178898933123 331.7159795423694 460.99523754977616 354.22277519004 0.08804934471845627
497.6305793660341 369.4610961747811 509.18748172049794 384.2832685525912 0.08784462511539459
155.59825258906588 249.51262535151085 203.1445660011741 323.1190965199021 0.08781137317419052
451.2370607236963 395.33499629558173 460.7541594711397 406.86379027989983 0.08778765052556992
408.2414743853618 392.47837297099886 416.6232369044605 403.51055947317246 0.0877220556139946
431.6877362547309 395.9703875395918 437.6807155109751 403.0190886848787 0.08750004321336746
703.3744698644562 374.63437944812404 718.1780799702028 397.3624656085205 0.08743209391832352
430.7908875686035 379.60612400121323 439.50725939118865 390.5057380738146 0.08741046488285065
396.9761779717829 380.18036109679383 407.6632280316151 394.5728566055493 0.08738137781620026
423.3936711099021 390.0690811652971 431.03643593104096 399.77232339150396 0.08733419328927994
345.13955244394276 153.19240244761897 352.0421515788308 163.1777007910095 0.08715508878231049
404.49100692973565 388.5504935797492 413.2823916530771 400.66652542712296 0.08711479604244232
70.04780698126963 269.05302873053023 113.2876867347123 335.43331241191146 0.08710455894470215
568.3973568932605 343.8295365424344 577.0646722255187 354.5314904023514 0.0870920866727829
766.1361564310282 338.1798403706667 776.7017143339878 355.6190461967867 0.08695990592241287
470.0090320699996 314.36439287588587 478.5024225494131 324.6861295380585 0.08695138990879059
116.37277051472832 94.2199738325115 154.02160867431652 139.0858190187175 0.08689749240875244
524.2122273172114 330.1016947156717 554.2880536329699 367.55506201536775 0.08677595853805542
432.7913387408611 389.14471080565113 441.24300614223097 399.40016634898245 0.0867476686835289
383.3326861612061 366.8120651013508 416.3214043219436 409.53721632358895 0.08668410778045654
587.8714769853995 356.10849521531634 597.3116629072988 368.6056232079396 0.08656449615955353
687.920847094093 336.9437647481643 733.6573307757166 411.6553836350768 0.08654718846082687
385.5324740042884 345.55299375870544 409.49616210992644 376.73172888665 0.08654237538576126
735.7829210392503 369.69170294650917 757.2864216130152 398.07152559322225 0.08654189109802246
707.4699884155635 362.30285591367283 725.2310980975799 386.2959530413874 0.08646278828382492
480.51126251569167 419.22934637858367 487.2362309387949 428.9161286064365 0.08645648509263992
285.5952198164392 183.3632673763623 338.6128389188378 258.96782190366173 0.08645104616880417
420.67280488682604 347.9924875707684 427.32338248739416 356.6267951024433 0.08641788363456726
736.0657643477512 380.95518039126375 759.8347635584303 412.30481386943814 0.08636965602636337
1074.858527027373 333.6691859687658 1080.5672977687802 342.05682461296476 0.08635933697223663
473.634955386018 419.0625655214413 489.7340789506353 441.80639654197535 0.08635552227497101
417.64833497860843 375.6538680201535 423.69078430126785 383.7139751572973 0.08617447316646576
844.8389148828641 328.30923396494006 852.0491295041797 337.54493970362216 0.08616450428962708
426.7134234821711 376.9430749770044 435.01410923875164 388.0377326091659 0.08612717688083649
489.4325734719946 337.87203591667634 495.315311135009 345.42092553556313 0.08585114777088165
522.7167333672352 397.54724090202785 531.7195826926209 409.49077378968576 0.08579026162624359
674.2025242292111 323.94633758123183 688.2374740321026 340.98110512832545 0.08575978130102158
783.2609785718372 371.4252835932198 793.7617599158228 389.62923623877913 0.08550411462783813
343.3123588445815 173.79455651607222 349.5098823724738 183.5431274414741 0.085350401699543
252.84287644375675 472.61754481091606 304.6905808382177 534.1042164038893 0.08516162633895874
450.32549326164616 330.6714678101571 460.57576419296845 343.2744485890622 0.08513429015874863
478.58815755615586 389.2505645131363 485.43525460886445 399.03720214126076 0.08511946350336075
333.87227645152564 168.91218394210392 389.06135034452484 245.5858026590354 0.08510461449623108
358.5400424062711 153.96856210183435 379.5767861058881 183.42791769887253 0.08508096635341644
393.11952042884616 352.703555694318 399.56856366069445 361.1162594529339 0.08506812900304794
329.8936068576217 157.00014853923562 338.54381018629346 168.11344529095902 0.08505982905626297
479.8120301827963 402.04253171886165 490.90469537375066 417.8016820466666 0.08500301092863083
309.71326972347305 169.32955945141788 323.6307745441334 185.4712939276722 0.08494150638580322
511.47156420672866 337.9367158335277 521.1581772970562 350.6020031244812 0.08491102606058121
26.954834010536224 292.80326382095274 35.30299542344384 308.3200741371475 0.08472172915935516
339.86129376311555 181.57745400642034 349.938865869534 197.0489779972353 0.08458543568849564
477.285472265762 405.6505839181176 484.43847695514455 415.5457453017876 0.08446658402681351
541.2615056682794 319.5248193035159 553.0673188544058 332.88408294404695 0.08443024754524231
394.7876201984992 388.1262046493954 399.43024090371205 394.3865694457786 0.08433478325605392
1055.3524875894234 366.8423965145244 1064.1588664603605 377.22462816081065 0.08426731079816818
1063.967947029285 308.27391979984185 1082.7044541950163 333.0553268729187 0.08414945751428604
686.5821438706188 335.02190932415607 701.1717312341789 352.2423987216284 0.084122434258461
392.81369727139656 372.573660399717 397.30957803648124 379.32946638932617 0.08406662195920944
256.58006690009404 326.9366460143662 291.48161875531105 393.09315887033557 0.0839807316660881
1027.4151602265667 293.68157083472784 1037.4709149716746 306.3258454110668 0.08389302343130112
433.14851053086096 339.7855168556454 439.4552845658618 348.4462913234239 0.0838576927781105
363.6550211916859 179.85624353636993 376.7488379689167 198.86511458035073 0.08377692848443985
521.3261347152755 373.2183179634942 528.065477336951 381.4262576699554 0.08373716473579407
660.6298214096493 355.7880733138844 676.3084893952991 375.4245747904021 0.08367903530597687
773.4075208812959 385.0741568040723 787.3338900419105 408.1482372244988 0.08367566764354706
504.40806714192667 340.2541491035562 513.4936504214157 351.9421419321356 0.08362828195095062
573.786563964107 380.40841251004423 585.2035655434997 394.7791191115293 0.08354595303535461
415.7125179925273 399.8008096112001 423.13768355790927 409.33921888366007 0.08353165537118912
635.5913854158423 299.5817332628592 647.1030749939973 316.3213350429805 0.08339402824640274
192.82201705926764 383.5341922294793 237.3549762210851 443.2589946356752 0.08339031040668488
561.8522267946863 344.0529542833238 570.4485992681994 355.0792112584109 0.08338404446840286
142.93739427714397 385.5405218294836 209.99499977508378 472.1115121524135 0.08338313549757004
681.1769136460555 373.79525262284244 700.5344874294703 399.924995303216 0.08337974548339844
396.02937902254877 381.76322745233944 401.46198166852014 389.4418064174965 0.08330167829990387
334.31371862477954 165.0677800777411 344.92898483758205 180.2036446311675 0.08327099680900574
101.30831209052937 438.49448198196615 146.30002250622073 503.7069212276199 0.0831843763589859
164.530868158169 114.38619558057928 205.59160177500647 160.43419541713914 0.08309915661811829
418.1361340449322 391.334496664733 423.6679091340343 398.33583732415 0.08297157287597656
369.9517832729856 343.9116495656568 385.1033944817481 364.8383776717538 0.08293374627828598
490.1462260412644 326.9700156818495 522.2667948387219 367.17253589308945 0.08291374891996384
527.0123334238758 379.615938605394 554.7944170127836 418.8211096913023 0.0828917920589447
845.7238722203772 351.1289772139895 861.5904094676022 372.96216931257374 0.08289021998643875
36.2948964654822 285.480811200002 62.70313122601493 324.9122244713687 0.08288823813199997
374.2694175463191 374.68383088863527 381.6701697522226 384.4232540653156 0.08276193588972092
542.7126558674737 344.0968651390141 552.8770625992559 355.996088338053 0.0827169343829155
460.32094453049757 399.5278456414645 472.6608740818518 413.00967021392506 0.08266550302505493
1048.7364366659413 330.78751970429494 1053.1150470487357 336.3139893391991 0.08263736218214035
732.2753327739974 339.4607415108643 750.102014216395 364.0848814592541 0.08251442760229111
1041.5019245201572 292.27663633006927 1051.0022622432507 304.0992811328226 0.08248405158519745
33.81923678811253 364.6666824001592 82.48116272873321 433.46605093132143 0.08245095610618591
600.8495307907513 374.2966854735641 623.5307283816148 405.32065455767133 0.08242069184780121
482.09555691443114 400.89215208071283 488.05073474583224 409.30652966977686 0.08240165561437607
755.0077167470454 331.1785291630706 769.5764092756647 355.49264052619657 0.08225801587104797
1041.9798725850019 341.7350060095063 1049.191170222083 352.1597257073585 0.08220763504505157
531.5400061111931 318.6620020736639 566.1394229687664 362.11153182886716 0.08208063244819641
215.21945743813092 108.15172251056784 248.05385214157147 152.12439877604024 0.08202555030584335
721.7277455578127 310.60228350451604 753.3229809076776 353.44422712141426 0.0819820836186409
487.1203114242425 317.4528520797792 497.10448671474256 330.22188983267034 0.08196238428354263
187.29515911433356 307.1780164583419 259.31790617048244 414.31115927382166 0.08194900304079056
807.4856562946247 331.9999678721622 819.3957011062299 348.0245835031768 0.08194760233163834
1041.0534478251059 331.11839455787015 1045.733898997759 337.304388198164 0.08191557973623276
498.84024060779535 391.93992678279636 519.592091288333 419.02430573852894 0.08188334107398987
398.200511570329 411.2978331131895 431.8957021356485 450.2459489500917 0.08183074742555618
1038.3748953984252 292.1477136990064 1044.8163340374217 299.8928415191434 0.08182482421398163
721.4029612102486 343.583445960187 733.5362254013327 362.12365683479356 0.0818101316690445
609.9397368873847 351.69886665218417 619.3773974900432 364.76052557768196 0.0818091332912445
385.98541362458167 364.023456925487 390.29068179434006 370.17312747921807 0.08172471076250076
380.2561317728419 377.6943251763407 389.058580970418 389.2886605995841 0.08166643232107162
430.23961653977364 411.5465590333766 439.86970870676606 422.7003475905032 0.08162228018045425
355.2021740975217 173.17083959183583 361.6971053675861 184.41382322869177 0.08161874115467072
1037.9850401382755 336.22646830911634 1043.752817795457 343.9781236447936 0.08158858120441437
1052.0587203945438 277.53866203714153 1059.1544824718108 285.8114330754918 0.08152399212121964
865.2808653250673 353.6545699053913 881.687842673969 374.90256342776837 0.0815201848745346
1044.3371097550778 333.30968243977895 1048.6435574923617 338.6851721873939 0.08148263394832611
400.9251849675424 342.83303170047895 408.3029252196215 352.38842704511075 0.081455297768116
681.9317035144828 310.5896164322578 712.5507092926703 348.30619287290017 0.08135262131690979
779.1381604320594 299.60197070350085 819.2008978586699 356.31020213094035 0.08127032220363617
1030.094761661662 335.1622539364548 1035.2346529196482 342.5593450592163 0.08124973624944687
71.39440032939342 224.81214557136846 93.51354325952822 253.60726353718871 0.08123620599508286
209.12881200498194 215.01169335914904 256.6924520969077 283.6262825459981 0.08119885623455048
274.1482438275029 393.8435104433529 292.5164969709193 417.2445232287549 0.08119455724954605
514.9155049210113 347.41763093472 523.6808055292668 359.7592683575438 0.08117830753326416
107.0311614439011 446.44144204002737 113.34141314143722 455.30101742800065 0.08112206310033798
855.7261357738253 366.2915511405115 866.1451659948644 380.4678751961018 0.08096684515476227
442.52794116508284 401.7146026549982 450.09150777864335 411.0838871780238 0.08094126731157303
771.4675400484479 330.9453805891722 780.5497318574033 345.484401608491 0.08085767179727554
480.76252219455944 393.91432211285166 487.0840602688695 402.9454785340761 0.08084116876125336
386.7620337739619 372.75755244475664 394.0903694526434 382.64841227754954 0.08076196163892746
673.9875892417531 360.71426349509164 689.3789001280911 380.04946299399825 0.08073543012142181
505.6985709987367 387.25073085567794 518.3647466347487 402.17666981101894 0.0807231217622757
243.52779436495655 291.15283641558705 304.9580993367869 382.0401213347402 0.08071688562631607
334.5084083380929 180.83190975740828 345.57419815084745 195.23699631475748 0.08069305121898651
497.38527318865073 52.79700113039134 583.6711360157541 146.2262296533075 0.08068177103996277
803.0175367222081 367.81284708785904 823.0226005617717 395.28833602611655 0.08062494546175003
768.515574757609 347.7274748779975 776.1561926380817 363.92322019395806 0.08061274886131287
435.10948743705757 388.45859061815594 441.0857198164969 395.39064896491675 0.08056604117155075
150.52071410995168 321.8590088730583 197.86199769187806 391.90949344762436 0.08055838197469711
596.2854329488857 354.82766442744276 605.1732713956765 366.7901195613435 0.08053387701511383
112.45200077958901 427.7376522443629 135.10385097238125 453.003723439263 0.08051799982786179
406.4987494661625 347.77354485857353 413.4968762268326 356.6071049091077 0.08051459491252899
489.6369562887273 403.6632976104757 498.3350040391827 415.2764909258772 0.08045753091573715
486.23012462727667 343.6633249136746 492.5059986402214 352.35736242312277 0.08040779829025269
566.1245453327783 366.27416181834855 577.3358216206157 380.3137736755926 0.08039969950914383
385.66300636274804 350.7968934675902 389.5816136558912 355.66026308475193 0.0803220272064209
436.35627616354276 407.4057862327392 442.6910137742443 416.14096633122364 0.08031724393367767
541.8167802410761 306.50884299583436 552.2605941939909 317.5021075022313 0.08013784140348434
421.3746490450182 394.4387082539543 425.09356351932166 399.255870662914 0.08013058453798294
388.87604940709866 354.8844989074111 393.5200651925066 360.98077168646154 0.07994362711906433
552.4481085004915 323.99188639873245 561.2832167920434 335.8637992967632 0.0799235925078392
350.3990126159447 145.42485093256465 362.33188797603157 161.8086076875871 0.07988882064819336
1037.8263467256868 332.7805306841586 1042.4428396331596 338.47473994471903 0.07986753433942795
299.87968492510703 293.02756355329177 352.5517041028077 364.996507185419 0.07986202090978622
36.48571066651872 446.94197594205605 86.59729928685998 515.7976943482217 0.07985865324735641
696.3405870094917 398.7650585296669 712.7106084876033 421.9890770437346 0.07980421185493469
863.3249920041778 338.40839317233804 874.3307314066716 351.29515654458856 0.07978645712137222
116.30252271174665 200.21290638243178 156.16929638764427 255.5938610731223 0.07975564152002335
775.0615650148274 346.13633283414515 780.5606046465634 357.8195337096135 0.07974915951490402
448.3617466873939 402.12838267122925 464.6227789209094 420.7137257892038 0.0797349214553833
534.7874364337545 371.2034206910389 542.8297538660423 381.48827211580084 0.07972124218940735
388.8703907733254 349.5484522629075 394.1844829576698 356.53595948571194 0.0796569436788559
150.9106138330867 105.18484772378332 528.1738145983339 519.4942311613287 0.0794973373413086
441.93764533074875 320.55381204109307 453.9385673973134 334.77699802544424 0.07949314266443253
530.51607437059 321.7627497221563 539.55415059734 332.86697459559923 0.07948506623506546
649.9913915466976 359.07740326110576 666.5554730316405 379.2891327929229 0.07947142422199249
716.7427114328442 386.0618250477841 728.4928095528567 404.41996036777476 0.07946377992630005
255.31285486928584 31.075150642635307 349.04322328642166 132.29038608456167 0.0794406533241272
575.6977539329224 338.49047810785527 584.3811083093117 349.53666533191256 0.07941846549510956
832.7699133372065 360.32811987582727 1210.5654506403328 810.795569543268 0.07939442992210388
439.33652394397257 329.4457253495865 449.3329344205396 342.20813400903245 0.07931451499462128
1066.5977774881542 264.10027653763564 1077.3737575359605 280.5792483650659 0.07930257171392441
565.2439818195207 333.1178330067363 574.7146497033417 345.47128060080865 0.0792684331536293
58.25143563905553 264.7025407758778 76.4162076438547 289.5253332144203 0.07923547923564911
408.38523234611665 360.27935056899497 445.4649630539045 407.48487180429254 0.07910266518592834
130.51631881293608 451.38255619532276 138.15351749342986 462.2549301820282 0.07907317578792572
398.4290939364118 348.5008385939528 404.4352017026754 355.8329312475554 0.07901626825332642
386.24370557891115 388.3041649654405 394.2729572067731 399.47911140772504 0.07901585102081299
491.9305131685947 325.6433712953633 505.1841490113279 341.81264548860935 0.07898370176553726
448.2863041262866 398.9265821364183 458.14667079800785 410.8747876298922 0.07883846759796143
152.3414475430871 61.07134438495059 172.7492145369611 85.69435624917614 0.07879730314016342
1042.1961403379935 277.5437870046326 1049.0130718599557 285.62142430154904 0.07875609397888184
514.7294285452028 330.2705672438869 523.0337206869152 341.70974537615933 0.07874059677124023
728.488551077617 400.3461130918769 762.754946256378 447.0166270729696 0.07866035401821136
386.7205802759485 380.5536656561668 392.7497332855041 388.91014223582664 0.07863210886716843
86.89192362833766 321.80617547764064 132.50877887774828 401.5205208018122 0.07847152650356293
513.9473899221033 312.077544338637 525.4292766850306 325.15765045190955 0.07841747254133224
165.83112451884796 55.80126684775794 171.88862582032274 63.20261975434012 0.07833890616893768
661.7270262967575 317.3799992620203 672.5850946475432 330.2061524097095 0.07828545570373535
854.4393210737212 320.117019635748 863.647241475479 332.07729727606085 0.07817765325307846
1051.2035294626335 335.2161878382547 1058.7454064979563 345.0055558729856 0.07782051712274551
800.2819525312284 332.6815373038023 809.9537746186576 348.2810538654589 0.07780823111534119
744.2719722027329 325.02394694553203 805.9426906558242 419.3447934981151 0.07772895693778992
766.8150100876197 404.22307546702365 789.8347445170537 437.3595819588652 0.07769683003425598
379.95112603050615 369.91134934433745 384.34983805389834 375.4678288652826 0.0776955634355545
655.4062552086673 307.4638079541141 703.4140713641331 372.6450777906403 0.07768968492746353
498.8478382031906 397.81009086502775 509.37817817392613 411.243631776331 0.077604278922081
526.569793713523 356.58267220494963 533.5460739770724 366.23147812946513 0.07758624106645584
518.6778733083966 415.6632974705068 528.0932032402098 428.5712181900524 0.07755060493946075
424.7472820729097 337.05864880977504 434.4562709575068 349.8097510596131 0.07740088552236557
109.09277007296552 235.71771557972016 152.59741535865192 314.7904646417359 0.07729579508304596
826.2215672251206 363.82679616829444 853.8839995052547 399.733944397773 0.07727260887622833
547.6175554303032 378.6754450318373 558.8938607945994 393.03442202132476 0.0771825984120369
1046.3899810141147 302.2922042002927 1054.7155276353735 311.93178069764036 0.07707452774047852
50.0037493874915 306.56669577118197 55.82969796165681 316.2242501825523 0.0770379826426506
800.0064313611744 318.6230463433029 816.0264974026437 340.29188760101283 0.07697513699531555
644.9523590570477 345.7868600517612 693.6169470009418 412.65601120549906 0.07696596533060074
94.27905527080678 332.4410266671636 175.8540423765762 458.94445614587875 0.07692417502403259
137.10954954928997 458.62097165000307 196.22788085249948 526.9590203408071 0.07688772678375244
396.0956247881523 395.54797877171035 401.2889290741527 402.4067665102506 0.07685833424329758
1074.1465757611322 321.92342415174045 1081.4587238174852 332.8212192506696 0.07674121856689453
400.98051087349324 392.54622530102563 408.73495355054246 403.38083915027124 0.07673198729753494
617.8494802395313 291.23805777142894 640.7263178014451 320.5447166926546 0.07669375836849213
510.1521430162053 384.8144503569265 528.6359695307966 408.8174526049639 0.07665843516588211
238.76922273091017 378.9447668942987 291.50742843078893 452.97997694520416 0.07646680623292923
506.41852814950676 318.14667899799105 515.4719383586431 330.10205391630325 0.07642403990030289
578.0683611123377 296.9803646649115 656.5355358202632 390.3824295511155 0.07631274312734604
524.6191560333899 313.51487885865 534.8217538204809 324.25849077036423 0.0763082206249237
49.458112132365954 293.5058153710261 55.07557113604466 300.7747719348103 0.0761694461107254
788.2487548081833 404.5447865455718 819.7250214031347 445.1903632639533 0.0761134997010231
718.2311476733078 405.55426102923303 730.4735467534814 424.0926196377889 0.0760612040758133
536.9380253569313 375.940133376347 547.2056148399402 388.6955418228217 0.0760040134191513
852.4718993047624 369.3499084339555 861.9185410808369 382.24693908983164 0.07594510167837143
99.95642606491539 52.48341815808116 123.63715456265082 83.01884276539234 0.07590746879577637
748.2566812453473 328.23694037428027 760.8777718117796 348.4044177056208 0.07588525861501694
396.8950464526893 163.82871828142032 424.6177778463031 200.08718890270973 0.07572027295827866
620.9925443438318 364.1355515248127 654.6316408966184 409.0302839752622 0.0757184624671936
362.4872019661749 340.19991782529013 373.27290898578724 357.62726881015936 0.07563964277505875
1049.4107713565536 268.13465370126687 1057.1110793256623 277.9642049283002 0.07551122456789017
1039.7038706043343 284.7174180597606 1047.3258891815462 293.2287772283548 0.07543031126260757
589.5469341936441 391.80060249984 598.9138765726536 405.3234870448628 0.07541867345571518
382.88660377186824 292.85493886313606 408.5877013584801 330.72498193467976 0.07540640234947205
1032.133394752857 282.53966376150294 1041.3650537323751 294.1514925031084 0.07539300620555878
603.9357605206825 406.0713660844311 659.8040853732168 473.61966975665797 0.07525584101676941
510.5265045209854 305.7385388267075 518.7397149678955 315.23595290195277 0.07511289417743683
622.0074811733587 344.4850004107435 632.8909610698929 358.2589134085137 0.07506324350833893
591.9514797557734 320.7506984751751 632.7512392417224 371.96659790886207 0.07501407712697983
271.22523359262965 233.01449479727228 328.5133632028591 305.0515637147984 0.07499208301305771
484.323028491952 322.2955118600102 492.25911779399576 332.6822299571888 0.07497726380825043
860.4759867912419 373.14166456316724 869.538184506025 385.3225756260798 0.07497250288724899
423.8073543089448 399.5414063393899 432.95177203397446 410.6400328443915 0.07491342723369598
100.82016689724156 5.637616979227574 136.4672393486449 46.092366181983834 0.07483284175395966
458.0505621915222 409.1251601274156 480.49961404825945 435.8619900770169 0.07470720261335373
663.5290225180345 408.1028642334034 721.7333121056554 487.121099054775 0.07466389983892441
162.09357527411424 133.12823832105127 215.32020826559662 198.45192182558756 0.07459663599729538
415.5197163116847 342.5153688785195 423.90483892625434 353.2372086527875 0.07454399764537811
415.66894518972856 407.42621896635285 425.3352936457849 419.92666486774664 0.07450634241104126
-69.24403184716385 529.7235917339113 168.2341605306048 800.480772537754 0.07446878403425217
756.5128164313292 216.738989032407 1008.3680847997504 492.546115432166 0.07444514334201813
546.3336436889296 285.8847367515845 556.2273757120157 297.52527261400166 0.07444261759519577
30.743688047660218 347.7918049511918 34.10522126521431 352.2851485202788 0.07440204173326492
198.34818897695092 476.21008283262614 246.57041629508586 534.6745027898053 0.07439884543418884
551.2589539906431 363.29805933397944 560.3925296053411 375.7031216234561 0.07439163327217102
423.49111426947155 343.3562756603721 431.67489250825196 353.5484119738877 0.07436790317296982
871.6902418942193 337.30749251514027 882.9053935398159 350.1208769671773 0.0743141695857048
772.5619548586562 300.7218557495405 795.7098843281339 333.79115689603765 0.07419314235448837
381.5522120713097 362.2135118703344 386.909966534772 369.764016806424 0.07413139939308167
705.5205542587936 356.615085514484 717.6122368573159 375.0151756250074 0.07402358949184418
57.73589180056932 296.6280059346035 63.69186791568067 304.45219916601354 0.07388825714588165
106.67555175801301 219.65318099069552 188.46731740596763 347.1939758088931 0.07381454855203629
1050.4652148124947 305.09827886069314 1060.692681242524 318.7801516120262 0.07379264384508133
483.6589230733343 408.59023276507105 492.09255164826914 420.0924661045739 0.07376255095005035
149.15752632344962 17.792549552689962 188.94570851146912 67.02102733007054 0.07374516129493713
387.20701045916513 318.89849211591803 409.70706018014283 349.6128394000142 0.07367662340402603
820.5737329721284 364.8392268043986 835.481192704015 386.2734689581227 0.07363294810056686
639.8635832058816 377.31212778078765 678.5485849619396 426.0596246918101 0.07351687550544739
822.0456137229828 317.2576725416163 830.9388506471611 329.6880721319174 0.07339846342802048
649.340513288036 323.1814713337695 663.0567751600277 340.6505934789703 0.07338847219944
705.1489328202881 340.6614101465042 716.1186202265609 356.1059312260414 0.07322434335947037
404.2443304936341 412.2617269535568 412.3094587834043 422.52125511270924 0.07318852841854095
518.9694761307302 317.62269515750603 530.2236604107057 329.3495635003124 0.07317382097244263
392.66552121577837 345.6516301940988 398.9056115913054 353.54925640188446 0.07313060760498047
643.7981688751561 308.9375681383473 657.8943153289682 327.4648876423976 0.07310841232538223
624.7646442831613 335.9626826936236 635.7833446446433 350.1330007015524 0.07309962809085846
446.7001524855929 427.8907623458058 468.3940971667248 454.31741526891494 0.07296981662511826
435.8344018572703 336.1047101597561 443.9076773030979 346.59978854247174 0.07293155044317245
835.6905936361965 305.98427274497004 877.128497964733 356.1205350318077 0.07290809601545334
406.7913693834548 327.19911197061145 421.5706634712454 346.72126965208963 0.07286310940980911
69.75903847184877 248.3462483306993 140.06592282220925 356.67886999166285 0.07282228767871857
981.7559817003608 103.69299847375643 1008.6021107635017 131.09454134621132 0.0727403461933136
513.1470918077886 402.9905800293585 521.774957187914 414.4302583168852 0.0726843848824501
816.4315990873054 298.71037335066006 844.9002185127772 339.6793537321241 0.07261986285448074
626.5514027908795 362.327897037295 638.8910839317948 378.50622080665346 0.07261048257350922
522.1360093561742 325.1343946561062 531.7672196047781 336.7886794797648 0.07255849242210388
642.2889416694079 350.6255733713262 652.9158684465342 365.8186292137223 0.07250849902629852
477.2226954067403 292.002726426718 513.7772678784228 329.5336208769992 0.07248546928167343
488.65944623656844 414.9303157844688 499.151548671565 428.5891006330898 0.07247458398342133
533.8130569296382 312.7125933191292 544.9621338376927 324.19508009302905 0.07246553152799606
1047.5606424889554 267.8826743342436 1054.0959934826194 275.8273272727598 0.07244428992271423
520.234783710678 404.92157071973986 525.9556090865171 412.6419032934033 0.07238515466451645
319.01170739563423 303.954979941729 379.2724260130928 387.95544555095285 0.0723031759262085
576.2399414162072 390.5224735778355 586.9091873411097 404.56463488520666 0.07226156443357468
404.6892864223498 273.6777234023149 443.46406136507136 318.61944808405235 0.07211970537900925
295.2893595326581 472.17651348851916 310.95614203294434 492.4974976404499 0.07196235656738281
845.8552016058824 317.4703607828012 854.9131368497889 329.57038711004253 0.07196146249771118
425.70037296979007 329.09408180708004 434.370448060317 341.10063279868973 0.0719224363565445
45.10039273489675 300.51642152369635 51.10633205682389 309.115398756523 0.07191164791584015
669.1484186057614 120.35682343363466 985.1043576053609 474.7947017322154 0.0718790665268898
637.4441015155713 321.6544907525316 649.3473046305048 338.3142804385517 0.07174123823642731
23.414073925610975 315.55973732920023 29.75274181429817 324.26757307920315 0.0717354491353035
590.7843423220156 366.88013574079145 600.5021207632033 380.63435016823195 0.07161781191825867
200.13958248111757 66.58755868692363 227.09399309821046 100.54468026165519 0.0715782642364502
775.2823582143336 405.4234754824959 838.876978757043 486.46006511276374 0.07147663086652756
459.3992084076915 300.2677350681874 484.2458126138427 326.4689116263575 0.07147184759378433
120.57605098369295 75.31993160231342 137.74982681707556 96.87560363840925 0.07144127786159515
574.3511078260558 346.4066847355641 582.4607025561163 356.36463778358404 0.07142417877912521
596.7810827589801 257.6347196639879 631.530664459687 297.7991736145905 0.07141587883234024
385.9509867247122 338.02704621282936 392.3246325985682 348.06659028870075 0.07126576453447342
447.134838693506 310.3906988970872 457.94355265482295 323.29784920462936 0.0712389349937439
743.5789669961741 283.68416821672776 795.7790851876513 348.23003122628944 0.07112772017717361
16.2700723081519 365.65388453336203 46.40844594403296 414.6128368251106 0.07104622572660446
716.1630762947003 298.8058741179297 738.8144820109295 327.56275986390284 0.07104219496250153
870.1659304583504 307.8977777127045 914.7344860682196 359.2188230337626 0.07101847231388092
659.3885096062081 538.3323614427953 905.272602948868 798.5298336249392 0.07098380476236343
511.25662486584275 282.85168386010287 541.7145131141689 318.07388416464823 0.07089990377426147
835.385812757697 316.15878270643196 844.293801425867 328.10364633161265 0.07079466432332993
180.13370602547187 -8.658800907071972 213.264509589805 27.272898143349128 0.07074601203203201
458.1288944737208 311.0486715347852 470.1138028707111 323.77344693500345 0.07073811441659927
568.2772752152789 312.7496007704452 578.4976620128435 324.0014990608185 0.0707191526889801
813.4125690949857 381.25511757065345 858.7583533330483 440.03357333144334 0.07068125903606415
65.33954112399253 4.679644129408477 97.74672975128976 43.53371815578671 0.07064864784479141
771.947322711148 372.1637376590432 782.464022702551 391.53782082310835 0.07064357399940491
516.2771281527969 302.38923957552316 573.3617761023361 366.9765615499166 0.07055319100618362
418.8188432306102 294.58205438532343 448.1022998455908 329.71566049259116 0.07050175219774246
496.65228172429596 322.12501437816115 509.9913547000752 337.7671978245053 0.07048255205154419
589.7728733337345 353.6987099105925 596.5628777593113 363.2051933261317 0.0703754723072052
806.9194923960301 325.64180566300433 814.5798990891553 336.26972669213245 0.070366770029068
20.973237336184738 359.8407372809367 107.04057700780572 492.1224212436292 0.07020100206136703
618.3078429511593 393.79916728477383 643.812139217149 430.1125798013568 0.07012543082237244
458.03077980343915 313.59024960836143 507.2317691324602 365.5031441432658 0.07012332230806351
436.47735409424735 411.081108724662 451.5633882517466 428.67128171741325 0.07008545100688934
760.68281210285 324.69707791777074 769.2391669336793 339.1988109845137 0.07005172967910767
1058.5324851172168 304.36654078912676 1069.2123015942104 318.04652929631146 0.06987541913986206
504.83884851814975 325.6852200152136 515.736056596166 339.26915217162434 0.06982126086950302
583.8125009623842 339.4267518138675 593.1280315500105 351.2656577535691 0.06979718804359436
-7.512996236368375 272.2772738119468 18.997673877048378 315.4506602730757 0.0696643739938736
708.8658366706577 401.0358269823634 720.7738144379279 418.092422093511 0.06953030079603195
418.7711958161207 326.3286562898288 431.47935729311627 343.06143232799644 0.0694960504770279
560.58529780066 314.4340038569758 593.1591791921969 355.28269935765354 0.0693836435675621
788.6353553757136 328.26421809907777 795.1907918591398 337.5861188663654 0.06937751173973083
407.5356720232806 398.255093792955 417.33180308644774 411.1637267172691 0.06937580555677414
-11.709549773597686 353.8383174721099 37.301008009473406 433.55986916363935 0.06932219862937927
558.9843643364699 397.7821974058239 569.070865593105 410.80966708537983 0.06932110339403152
678.0767939924709 311.48567539649326 692.8639631171924 327.00231293903647 0.0692923292517662
435.57399355940794 322.46664354450877 444.57351571213485 333.98792107029806 0.06915119290351868
459.8617842173333 431.1145511853226 489.05251912256 467.27058495538313 0.0691283568739891
866.0774980627284 370.04919080283076 892.576605906373 404.04413480209814 0.06895718723535538
661.5456101948961 283.6967695790747 691.1696312848796 316.75205869623414 0.06891103833913803
848.1930698935987 394.71854892883005 870.0832055835127 424.023200783157 0.06888025999069214
591.4690433773615 469.68055668164874 661.4343863588779 552.6894929792917 0.0688014104962349
502.7329092830417 310.2005403403361 512.3091194887738 321.63128166248214 0.06873741745948792
703.4409300474475 278.13745791017527 732.3055230757442 312.4330803512248 0.06862287223339081
397.35751463347043 397.6440085990894 406.1029851046598 409.0624355867493 0.06857135146856308
666.6350037514538 386.6351261903334 682.7962128792416 407.5171646056985 0.06855813413858414
795.0693938559309 326.47914201249563 803.0322712538942 337.6974682594164 0.06853015720844269
243.67924580179192 182.7584361458356 312.28454590212357 275.51561237233506 0.06847557425498962
102.53025828404056 134.82919528425566 155.33459185144685 201.26684013231275 0.06846395134925842
880.6261828780903 -113.01296183086664 1236.301643071999 286.4171666700479 0.0684521496295929
119.28959013360229 198.92712646020524 179.06907309793905 279.9164481737419 0.0683923065662384
555.41259238304 352.2184750263142 592.4060901165859 400.65128371902665 0.06831961125135422
47.49298389667854 282.8160463767674 57.448087295721955 295.21818851697117 0.06829342246055603
525.8453747769925 411.2923692378318 539.1710530974732 429.5200196307019 0.06826707720756531
620.1883480023797 311.39685094632466 637.0373673724516 333.38329692993193 0.06824006885290146
168.96880659957705 186.7792326433431 239.3983876567629 282.3753683260747 0.06819066405296326
441.28559387634965 437.10080920525746 461.90742496913714 461.11575881776815 0.06814885139465332
489.06691019862797 419.1237109442193 508.7617418003168 444.02118183979223 0.06812190264463425
123.82082926776013 -8.351187901963488 154.6274162000938 23.005040075909523 0.06802988797426224
942.5041643323249 94.75411378759577 1114.4282082423633 318.85642392737486 0.06801266223192215
17.762144589036367 316.1976133601856 23.48039583295247 323.95407863749523 0.0679912120103836
792.50214958105 238.81138917939253 840.532054353181 302.45778221611056 0.06787749379873276
617.8933478451424 355.85643826446756 627.7796322752407 369.64541107127195 0.06785903126001358
139.31726050116214 29.87891244534023 149.3275870085728 40.199443216038176 0.06784927845001221
474.6805947901233 310.71326373749315 482.72406882552156 319.7176163782195 0.06784549355506897
367.32103062009793 316.98807188960984 373.840433264852 326.1975751198011 0.06776858121156693
19.172543671613404 187.5965020362425 91.44095462269573 302.5138262760574 0.06776704639196396
606.2595810444253 364.62226821631907 616.7553230095983 379.31135396434195 0.06766100972890854
752.0748074466273 347.8626812938288 762.8416848600348 368.9639385344124 0.06763337552547455
624.4132472008854 252.99992927086643 668.0264036876862 303.26030484768216 0.06757437437772751
876.3987214658445 343.42348483889174 887.5331762721084 357.0404462934811 0.06752347201108932
672.4612577409172 393.9375779467151 692.2685048721828 418.70291754421817 0.06749486923217773
483.02083194167943 435.69157523421933 507.9740413171683 467.81091516249666 0.06746068596839905
516.8480199244307 424.5463163847432 539.7265757743687 455.58358288542746 0.06731536239385605
556.2563205335786 387.4558280454298 603.471451030092 445.3164461688255 0.0673016756772995
546.78262540885 395.8355439513916 558.8602216345396 410.84978479260155 0.06726208329200745
511.4155652718985 458.25356520544693 530.6298650328246 481.58788838753765 0.06726094335317612
198.87420176329638 100.41765101194959 216.60741764207958 122.79602231330776 0.0672285258769989
876.364259701727 354.9868855216335 892.0577423887619 374.5864809325267 0.06710147112607956
166.72932136414224 92.6119966088121 188.12088944599108 120.9533126453061 0.06701423227787018
581.1936802922214 401.75509539551433 595.3619882706853 420.6883188836825 0.06693413853645325
196.36170709026817 93.95171357165059 227.30095355994894 135.87647811552964 0.06677841395139694
560.4037756660053 309.6491116094167 569.5904245897693 321.16988846632137 0.06677822023630142
211.34577166719865 27.078024886795586 226.45007714116898 51.603668892560876 0.06659088283777237
1072.5335838645967 300.44254446664524 1081.5595138976885 316.30256548012864 0.066573865711689
-43.350782428560834 130.27684189371263 178.2791703190123 479.7846770709871 0.06653895229101181
192.00170541110245 103.48903499804996 211.59505526768675 129.49199089743377 0.06652921438217163
560.653012695446 320.5563688391896 569.7518028836794 332.37892589296945 0.0665241926908493
555.7259485326289 411.21763870109993 567.1828188625817 425.9108668175108 0.06632129848003387
500.28364782283165 548.3432413895422 610.4376434907252 663.5680658468046 0.06627415120601654
1070.9716797044746 254.76464248003316 1080.362411315722 268.7414637523476 0.06626942753791809
595.5870567092375 330.17487141585724 603.6550995302058 340.31945845923565 0.06605542451143265
930.1061441442373 538.9797519235975 1146.434021971344 774.6817429575322 0.0659276619553566
882.8005216542605 253.83424056513056 932.7349845531132 319.4841443911381 0.0658811554312706
775.4521635867243 323.8919364355973 783.371967872347 335.648354553964 0.06584962457418442
54.71245544041915 285.0163904912582 63.53003855745755 297.4748771798345 0.06584961712360382
168.7521218905004 117.04917227832601 179.3572616584463 130.46918261399304 0.06584283709526062
482.3316294450449 456.274904759974 496.3289181755737 476.52567726492424 0.06581522524356842
672.2819742423609 227.80872705733412 728.8903760731951 289.1608040096076 0.06579533219337463
1060.9463744040643 375.26214081325907 1071.6979551803474 387.99545947047716 0.06562714278697968
528.9174059448117 400.1680381681136 538.1938178990714 412.2856404543498 0.06534504890441895
26.594633970966118 321.95901796376415 35.20982178476484 335.2498653750753 0.065336674451828
476.6375240395637 288.77543070528145 501.23719377368957 316.49898024415705 0.06529750674962997
736.679331433872 325.2321318634862 747.2486402488003 342.5796778215282 0.06505050510168076
754.4488114348147 251.74709219978266 794.8811002461972 304.7921955518436 0.06501536071300507
440.00310306608793 278.35929261112693 471.11456718401354 315.0327100359307 0.0649290457367897
713.7116908821744 337.1685721345782 725.3093123943395 353.00826583967597 0.06473825126886368
537.0069663418634 418.078634364558 557.3499020026807 443.82998304520356 0.06463116407394409
862.2636828594356 309.59555412792264 878.8211015856134 329.65377727745187 0.06455669552087784
889.5713928767345 350.6137431453671 946.0270969880884 419.3396310866761 0.0644950345158577
28.207983762618504 427.5584068251266 53.80716651659729 460.00798421323793 0.06446999311447144
688.3765442682261 426.5217094702068 731.7461200098477 491.99610933058364 0.06431730091571808
418.9318616010635 423.4891535340549 446.72517243120507 456.2481313820088 0.06429927796125412
591.0850406414958 337.32995462410946 600.1075211040343 349.1281149383853 0.06424232572317123
569.217175344234 322.0826157153758 579.4626752191184 335.0112916174196 0.0642106831073761
18.51466239793856 301.97223646577726 26.517682718626055 314.5244673189015 0.06420902162790298
72.55723607226419 72.78330050856184 101.99284950478508 111.24308342941296 0.06409452110528946
321.7371029204804 535.7895874224964 471.050750413664 701.8631269162515 0.0639607235789299
-120.64727491514374 350.24495889800534 291.0246986562118 860.3430442869551 0.06382139772176743
553.8736958266628 422.62122314602186 575.3775636776804 451.0880643089012 0.06359031796455383
549.8910732287396 278.50230414965523 558.4204638939138 288.98399928411374 0.06345946341753006
67.786720484768 105.40091935833496 105.31123058457403 155.92756086868678 0.06329760700464249
683.9828954543295 397.1266144882262 698.710604678539 415.975664745123 0.06311002373695374
475.8054540039888 299.96853378078794 485.45934300977586 311.31238904384605 0.06310403347015381
586.6740457877884 280.86300976493783 593.0042737985264 288.1532029140008 0.06309076398611069
724.1740758196997 400.1558397542878 776.5125240247055 472.84211709071235 0.06308375298976898
724.921395377078 263.9306806798082 763.6778569135854 313.39270506716326 0.06294144690036774
421.10177448493334 517.4795350822518 514.046135714026 624.4847357970173 0.06257771700620651
519.9695419924623 438.708486117598 529.9317665416976 452.4127462474077 0.06215302273631096
554.9615871119422 284.4528236777137 563.9906611765007 295.81763085866356 0.06189626827836037
813.9043274195642 319.4797235873564 822.5111083370062 331.3008295776357 0.06187468394637108
1039.9812110603364 320.41120880045514 1081.91414872659 384.76792958393077 0.06174853444099426
538.1354363804008 292.3516679164852 549.7496354634569 305.7506660769865 0.06172182038426399
306.90815392510825 486.1261263374521 416.6540263339255 599.9260894096601 0.061631835997104645
-19.078709774300346 -29.954868535278322 67.15031351969854 71.27686666530101 0.06157786026597023
516.7637138790444 240.19972627307547 562.2761337776905 289.9339890795494 0.06114136055111885
827.104083870846 385.1634352967811 839.560066237499 401.8482542373754 0.060712650418281555
241.69033117653515 473.5920341970316 336.00598684920465 574.2390968426224 0.06024015694856644
567.8013012355999 414.1450249622957 577.1504529316965 427.00810809417123 0.0600535050034523
626.5259264728845 196.47067163068473 683.1470927573183 257.8942113853643 0.05998057499527931
830.5418198066543 352.4496785739004 908.7580718347064 450.9799204283948 0.05991923063993454
424.82644213319765 299.8077692716432 511.1427217544927 404.0718148732506 0.059410788118839264
716.9355664381316 224.39866275575844 761.4385550172661 277.7887965313796 0.059339139610528946
293.37796411997954 414.47057459512337 354.75682235557423 487.2806957595972 0.05932233855128288
926.4799709203961 261.770877241964 1136.2805381782457 531.1682925276732 0.05901716277003288
655.4355514730814 482.7431757949628 709.6190242418551 555.8966250305459 0.05787574127316475
194.25189512768247 -28.456294260276465 290.9572158659461 75.66551083823276 0.05664851516485214
730.8260506778015 173.23731021249247 789.3996697292072 243.8153548221894 0.05653589963912964
578.4119645853888 190.54138818723416 626.5664958055617 249.3133421092964 0.053972478955984116
