401.9587147020415 404.81293984704786 412.11717040505755 417.51523872052394 0.9992176294326782
380.59757491387387 414.1034456765972 389.1037135966554 426.06363251837075 0.9949542880058289
453.70972854597693 406.05767224184075 463.16817825492586 417.72576368222303 0.9915627241134644
436.7842134122477 413.05758688924135 445.0142223368709 423.50702894056377 0.9892926216125488
433.6953442044519 395.4886398223949 442.0669460900538 406.68802176250614 0.57904052734375
621.1525989540633 414.54119644288 631.1561350020542 426.2891715165454 0.3748956024646759
517.0364844139399 395.8484646729626 525.2241300194189 407.3048862328182 0.25547149777412415
383.8018904065445 396.79617972274497 390.25929696992534 406.10722429623183 0.2468402236700058
443.8421738087305 408.02605738513836 449.84033864958235 415.60829764074117 0.2071317434310913
917.17956852912 378.1980449802844 922.6727384876461 385.1111104183536 0.1971648931503296
671.5457010539955 466.5280464967408 679.8673940743066 475.6559830341173 0.19676963984966278
1060.2706660580836 289.5117449357424 1074.4814345528823 308.40799465758874 0.17833447456359863
650.103459626215 186.83636771583662 656.4346139321203 195.29851356593264 0.17569267749786377
1049.3806782216184 292.89047915836585 1059.020699380386 307.1655628922358 0.1558622270822525
475.35264289392825 396.97117874458394 482.8644093431553 407.44023955811616 0.1521356850862503
621.8018235382448 211.3147196163502 626.0785870086787 216.7320125229017 0.14830465614795685
634.9970387092682 200.9971681358247 639.8069609352124 206.80856144850378 0.14366373419761658
642.4306915845063 195.5116782680584 647.405890566712 201.64703385123738 0.14321529865264893
628.1649111872742 205.59016175685107 632.6215055358437 211.02479622570553 0.14213617146015167
959.1302854628183 373.63438758580014 969.9089528210801 388.1997446672466 0.14086240530014038
426.44368074928633 401.27668747859593 434.0603730321916 411.64608391284446 0.13822297751903534
619.7322859450644 220.26040778402216 623.7041850108527 225.4109960943242 0.1359585076570511
1032.728212200679 427.835821852605 1040.8771117078256 439.06109331134877 0.13497741520404816
670.4245206392196 176.75718507953314 679.6625736143498 187.5661244158338 0.13384997844696045
661.5012969281147 182.90173809500908 669.4799057417166 192.77203795071998 0.13177843391895294
677.8685668578587 164.6527120101556 686.0558113427577 174.95078386526362 0.12744945287704468
654.7202156200871 191.39582737566235 660.6055990837003 198.81901344976993 0.12662819027900696
616.4413794552959 216.3387082255882 620.385176753582 221.49679014073675 0.12566807866096497
986.0052858369244 377.8483286134243 996.3990279376194 390.03792094554626 0.12407171726226807
632.6044924865414 209.36113500488833 636.8389916208597 214.49383261941782 0.1234709694981575
646.8943116436083 199.05164295433266 651.4859105516916 204.93574102970777 0.12295764684677124
639.4210932875882 217.2166672440085 643.0219678730068 221.8060730995267 0.1227978989481926
639.0782240399374 205.3765284474968 643.883293296837 211.5690134893208 0.12229548394680023
610.2146941997632 220.87938312267946 614.0357602922768 225.6921767171878 0.1222616583108902
49.678985096044585 417.40430270941204 53.46125259511244 422.2070450461742 0.12062408030033112
667.5599487560238 173.0278991765103 673.3982588969352 180.36405162576511 0.11869240552186966
23.204864486090354 415.41563080602106 27.545341701381986 420.52203153239526 0.11852262914180756
687.0301809226743 156.79297029849002 696.8719404412996 168.36518925839096 0.11817175149917603
335.1359518708611 515.4175893881622 349.17803151119307 531.8668437386993 0.11763704568147659
390.57046146979246 405.3534024324926 398.6129216796649 416.20794484943224 0.11755938082933426
605.9280855592606 227.74636162215677 609.6975566932246 232.50370408922538 0.11734876781702042
73.25726743288757 420.0494871579705 78.86208068512988 428.39484686518256 0.11710287630558014
672.6855668381814 189.71085807646674 682.0038491138749 200.90040749367412 0.11608432978391647
488.19578873266784 383.8432165665475 496.0725507357912 394.0947111845646 0.11596114933490753
633.0358250051738 222.33006171518915 635.7324632419364 225.73508338503333 0.115633025765419
626.280325707368 214.77203300241806 630.6209297236787 220.23996433451077 0.11501028388738632
1037.6929131439304 373.70812015895933 1046.9887150908537 384.50434183169193 0.1148814931511879
658.2467758465509 204.23170437221867 661.9192822068553 208.9625386918273 0.11440784484148026
626.1874088014545 227.06761107129103 629.2802114088329 231.12335757642336 0.11399529874324799
405.46675220542966 379.12878701979804 410.4917845835883 385.9558884414643 0.11398588120937347
640.9965708264602 200.78845107816267 645.5010878781176 206.47255972112748 0.11350346356630325
633.6398423019183 216.08893665318777 637.3853463130017 220.77787575431043 0.11320599913597107
358.2072931389373 414.0661477573067 367.45473609021127 426.40373463719203 0.1131836548447609
674.5896947653553 166.55613755354872 679.3422083412046 172.35902679070918 0.1131628155708313
655.1113158588738 206.0435506283794 658.8043110235044 210.94637301872277 0.11315767467021942
643.5439158671745 187.4768377875479 649.6996833145315 195.1635546167101 0.11306127905845642
666.9223911748893 197.0851460843791 672.9942549972501 204.27790204074304 0.11251913011074066
490.5940963676079 403.5707914275823 499.3949221678023 415.3194491975893 0.11233169585466385
650.115150294312 211.09603718057008 653.7332370655015 215.6603290159132 0.11221902072429657
927.8503760084279 376.660526360617 939.5814311751215 394.0695242449323 0.11199797689914703
613.752678514401 218.60359866549842 617.5308126515889 223.36491442466104 0.11152343451976776
481.1294300264975 398.8865384070666 488.1410141346985 409.3862996065121 0.1114739328622818
679.6348740428715 173.59301985447107 687.018644998494 183.07506653797324 0.11137192696332932
646.1982156189542 203.04836572745205 654.7893497131752 214.24928346287646 0.11127203702926636
473.0195973556097 408.31763080269764 478.7178876724332 415.7025378731028 0.11110343784093857
623.7748480990114 207.86196195527333 627.7760514056008 212.85146369492819 0.11106741428375244
686.6191117106364 180.85110292806107 695.4228189177087 191.77571666967114 0.11074186116456985
429.03942894575385 411.75791245323126 436.3785140507774 421.71806712155256 0.11023657023906708
616.5851857702203 231.74363391739064 623.8840005613677 241.4170405121543 0.11012306064367294
635.8987805145907 194.01509210678947 641.9748449662754 201.251016731705 0.10990271717309952
1007.5340721338615 389.0216186122695 1014.9589703359748 399.0221101714862 0.10944861173629761
658.5131479371743 165.82641687002803 667.4915851537124 176.6080969520867 0.10904310643672943
507.3693584645631 373.3547451606528 525.341349734855 399.7968090450111 0.10901904106140137
461.94761893163064 376.5274140848455 468.3406360323835 384.146824981795 0.10876261442899704
639.0216121001488 177.91675632490052 647.3843384133797 188.18418375696447 0.10874739289283752
480.04303097264415 407.8840039581027 486.2041671472299 416.2071965572208 0.10874240845441818
295.696969256001 523.1184454779556 308.7764212362252 541.5557962246623 0.1087319478392601
322.1207916195575 414.8585749381508 331.00323914966003 425.0176000200961 0.10803177207708359
507.1514642311967 393.636705459988 517.379666417544 407.2685498837375 0.10794186592102051
662.8438698205881 203.7876416605162 666.6423453273993 208.86387241689502 0.1076609417796135
475.61489165645696 404.6731090684007 482.96047574448664 414.6969139641982 0.10760494321584702
607.4061434638869 224.2254497217626 610.9316485706346 228.7118534459858 0.10756406933069229
678.7272731278869 183.43990363527533 685.0651012964764 191.28857684142093 0.10746133327484131
650.930137182585 173.03524188696397 660.2210535795906 184.43399515463724 0.10736828297376633
619.0029109083539 225.43767885264876 622.4722354567443 230.16281386573354 0.10727055370807648
627.4725498905698 198.51922522654084 633.565533200664 205.87358208666694 0.10704206675291061
695.5999187120102 170.16959914511014 704.8561843088406 181.7322236936908 0.10676649212837219
665.733221258672 202.72332997077152 673.7927015610379 213.34619587052913 0.10672832280397415
647.7779402781672 193.39023165644647 652.3558403142309 199.3418493743571 0.10670170933008194
656.2294047923789 184.80859684875026 660.9323055309402 190.94344077640685 0.10669336467981339
656.9048640012322 207.71178442600686 665.1880561951278 218.58734732706438 0.10652119666337967
499.28682290119644 390.75524650292493 507.5056261749051 402.8293884911602 0.10575535148382187
617.9875013936464 211.43074571928724 621.7298037481655 216.35121503330944 0.10558649897575378
631.227981192821 184.11548301363578 639.9862225762166 194.6740188569419 0.10544000566005707
647.4684129872751 213.1701347260562 650.8764371739212 217.5369553090024 0.10541480779647827
663.0038178629193 177.64313052570344 667.6915846676366 183.2609634606712 0.10527712851762772
324.2153124497332 534.864532611691 336.76798630771367 546.7868087571488 0.10513388365507126
610.4929067994173 215.38907674605463 614.049078155248 220.02923943826846 0.1049794852733612
679.0022998016201 463.9676804768282 686.766838301709 473.35364232571357 0.10486459732055664
474.62765313732183 382.96526391936317 483.29211561346176 393.48532370012646 0.10474280267953873
365.6756129057881 422.62456049843763 373.8876136458322 433.3017526283855 0.10472556203603745
614.14998247186 206.56268623019312 620.1508657544134 213.87323834172082 0.10437943786382675
622.9651873218896 217.51265623938738 627.1878022661977 222.94508965568266 0.10402905195951462
666.2518145009761 157.97918818525474 675.007511877746 168.66828531902436 0.10397697240114212
545.1062203412714 408.5847111521524 555.075949718556 421.10399173237005 0.10395453125238419
574.2242342600641 482.93701593208243 579.0215575765574 489.44799978975544 0.10393648594617844
567.0490813330568 372.95822601321026 584.4863252669176 395.69239830804463 0.10389488190412521
637.6238871884354 212.89568677930302 641.1006167040641 217.42523942549374 0.10383591800928116
664.9764225242552 191.26516474441027 669.8589604471974 197.5099888523095 0.10367687046527863
348.47747464408997 539.3244905172741 356.00984076485923 547.5954012754727 0.1034943088889122
618.6780326225173 195.82738738321487 625.8152028623167 204.51525970479642 0.1033816784620285
486.54511510880855 397.60463438281243 493.7999561523116 407.94464486881236 0.10337986797094345
501.52547446544884 395.6362484757939 511.0812069563911 409.77902569489396 0.10328414291143417
340.45609529106895 534.0048787266144 350.26995834948485 544.2219175320382 0.10327257961034775
349.5225034188904 520.1187075681736 359.7954766642161 533.735154360929 0.10305677354335785
485.3693898151414 411.619594913433 494.6350023659847 424.31675177433294 0.10301415622234344
481.01788674682007 413.16579915601386 489.83532689625196 425.1955712339476 0.10285897552967072
655.29303770169 201.81467418110657 659.1370569935981 206.93322818993542 0.10279813408851624
460.0138032005883 396.8526754942019 468.0132419103515 407.41859670187824 0.10275185108184814
697.186686274887 145.11003410858635 706.5330887233152 155.63735263246852 0.10266813635826111
626.9334856343727 189.63417211656113 632.8682295059821 197.06015332371993 0.10262522101402283
891.4348453608205 317.724803035527 922.4979950732569 369.6389887744446 0.10255983471870422
635.1878776503879 219.85007703674745 639.0410097475472 224.6608237514539 0.10233941674232483
315.5209767039591 557.6471979151222 340.217432099964 582.7241293005001 0.1022719144821167
973.6743801643466 375.4314992321448 984.3386260648641 389.95396282340766 0.10218233615159988
342.1490383268428 548.5871238443451 353.10301596449335 560.7591567390409 0.10166530311107635
640.6042615443839 189.6177427450429 644.4552677529766 194.85580340371732 0.10160498321056366
682.7719256670234 190.8662684572365 691.5712968977283 202.04741968676194 0.10147080570459366
519.0387940203674 380.35334904318483 527.7024599795031 393.63023169259344 0.10055164992809296
311.4194936139684 528.8272452043925 320.66672705714626 540.9622860218193 0.10049310326576233
650.8000176664501 164.21614925630658 659.2011508460974 175.04101963156953 0.1001078337430954
257.09546284695057 518.883932254083 269.55753811031985 535.7446174248932 0.09995773434638977
928.630257087043 341.78866160230115 936.3881174011889 351.152409205062 0.09956058859825134
605.5636895268029 205.51385969391168 613.5763209719274 215.62866421688418 0.09943408519029617
645.9800957370254 216.4967062086935 654.5321624757331 227.8201284295729 0.09939055889844894
669.5324132648766 192.91953333771153 673.7317350683244 198.38733571284084 0.09914389252662659
928.9784350135877 360.9424021511214 938.2081738072183 372.4343347283249 0.09913098812103271
423.0832330169007 392.2146993284423 431.23180811003874 402.44287993008413 0.09911321103572845
376.48650214018784 423.56006825746954 386.28274522262626 436.2379603553218 0.09873031824827194
525.2153749990855 375.1590204697028 536.6570872658787 392.55070808818414 0.09872079640626907
1033.6842416189718 389.1168256270387 1044.1305162959761 403.5889002935965 0.09869071841239929
996.5467138580103 392.25975613415756 1007.1648955009591 406.22954546165903 0.09862830489873886
1037.5211995212758 381.6910850201614 1046.0859282470935 391.30651998256394 0.09853694587945938
643.3152074708478 170.49517828558874 651.7173560633081 181.22467369084237 0.09852463752031326
633.3879206094634 198.16647364521933 637.353998115432 203.29939995561026 0.09841835498809814
930.952386740476 371.34757100892523 938.0858154177457 380.42182208934184 0.09815187752246857
610.0656078906237 196.28579102093423 618.1841622081339 206.6432925544479 0.09809069335460663
524.3147039093448 378.74464256728635 549.7576724358169 412.5027968195942 0.09780973941087723
625.0199291768645 202.85772178626263 628.7672474518819 207.77013243244951 0.09776385873556137
676.3130480066891 148.63675004042452 685.6050759422541 159.79748401100156 0.09774211794137955
287.85010447875794 551.6740056633586 304.4568963032918 572.7431060526869 0.0976809710264206
614.6879108803804 212.59311861741648 617.9897504071538 217.0748383518055 0.09764870256185532
998.567532950265 384.91023466864885 1007.1643668294713 394.2159954401237 0.09755605459213257
571.2135081553517 454.6152300086504 577.6095089808018 462.3987997894703 0.09754417091608047
328.43276490885114 523.4252159948181 336.9901383228844 533.4264696920462 0.0975043848156929
423.51891748958144 411.12039072189464 430.81825868953354 421.4502137522819 0.09712045639753342
607.2689319509875 216.85380172023136 610.7985049589473 221.61723662840592 0.09706590324640274
534.7836702934078 355.8361608770605 560.034371362307 389.4664158239904 0.0969659760594368
376.87948765975256 404.64786684885013 386.15281427937845 416.63916308811145 0.09694848954677582
374.7806802762931 397.94179161484556 384.10371278636916 409.60182545711206 0.09692786633968353
668.3248619058476 184.79088648704993 673.6472812856241 191.40241889298747 0.09689076989889145
336.53668715852547 554.6758589477939 355.9265410560434 577.7260354820072 0.09666711837053299
418.3615215473948 362.79391745593773 424.7629934850636 371.5244379009481 0.0965646430850029
390.6300263342616 390.8164490252533 398.5027673341809 400.91262113345647 0.09649568796157837
396.7584672059727 416.12883034014453 407.7991901178484 430.58419060799963 0.09628530591726303
445.02582468776393 415.8460441715104 453.31187590782736 426.8172551301466 0.09606672078371048
258.09238932096366 516.6486957078644 290.8004099690692 558.5600177584818 0.09585893154144287
510.64134496876704 398.9239033693326 519.5870900692264 409.958108723742 0.09583893418312073
453.76189218594226 394.9475663762074 461.83183660201115 405.5563932708445 0.09570451825857162
669.8237148343459 166.80670993679638 674.3961700393775 172.3186618999075 0.09562535583972931
494.02428853686354 384.1530828559625 501.7085551218295 395.56769631430586 0.09556324779987335
638.0927491602861 223.3876367159958 646.6839735923292 234.86593514580764 0.09536559134721756
447.91936497367135 403.28542537688816 454.8963855619378 412.17837752826375 0.09530302882194519
389.2582337409831 446.1371463789534 396.9821906573788 455.3451008628126 0.0952671691775322
412.0955067358806 399.1086779193689 421.3632007263151 411.0836270228368 0.09497348219156265
524.437697977346 395.78048309787505 533.9304956840696 409.34133624180726 0.09484321624040604
313.44284646789697 510.8763800896699 332.1915663603197 532.966262656474 0.09482813626527786
666.018220653817 475.09577090950125 674.0736240442496 483.87634718696614 0.09480590373277664
928.0176527378181 349.1538646658536 936.2980002741019 359.6511212866523 0.09453106671571732
314.9925345740982 531.7940544236236 330.7455268538415 549.1591449731718 0.09451267123222351
914.2807553638991 355.843294893056 921.543095411552 365.38920350558516 0.09429396688938141
475.75070449609296 436.63963178289333 483.74553302436595 448.9942114484069 0.09428632259368896
306.7672215265481 512.8444216267544 352.831947151793 563.7917140148903 0.09424977749586105
499.2654390857946 403.78447302534545 507.98441953013725 415.8131857387129 0.09424816071987152
982.2393055360515 246.18317368679658 996.4303443555236 270.1204999069311 0.093960240483284
358.2349119448449 433.9389108046948 379.5250990363764 460.57606255258196 0.09394638240337372
283.5693034407134 582.1430947643108 341.4157371698475 639.4271808054053 0.09386315941810608
499.75522786781323 409.8512245306058 515.2785595749842 429.38532886301607 0.0937333032488823
490.00379923526515 363.3914182629046 506.3715826528177 384.35837467055853 0.09368658810853958
619.3185327524272 181.00046075660288 627.536547925231 191.48895423132518 0.09355815500020981
51.737298466948104 422.9966121275147 56.5576980776469 429.6977550150675 0.09341898560523987
1053.3925136626412 322.70275759214377 1067.3239902246405 342.31020931604127 0.09326736629009247
1044.7662527691853 363.2346244736686 1055.1908882072169 378.2607533542325 0.09324577450752258
1071.0513928065827 286.82731771243635 1083.255086948542 303.98263515888624 0.09321415424346924
627.110688503118 173.29547406395974 635.2353648465314 183.9106747910963 0.09316904097795486
478.5004062198731 389.8235137750525 487.5931323813367 401.64406006162005 0.09308358281850815
643.411547367243 454.00105324071683 654.103338252703 466.7179811662255 0.093082956969738
475.873193587109 419.4336608472878 484.963610321154 432.14212740461755 0.09297192096710205
395.83563649618367 399.77872427531713 405.01133304416777 411.81243565177175 0.09286409616470337
298.6368119276609 567.6510431769051 316.78319849217945 588.616400421839 0.09269951283931732
391.14325416134875 459.12376465875394 397.78826641574875 467.4234993110035 0.09265142679214478
969.1894746324787 378.7232590115161 978.5330182851038 391.4484297488266 0.09261429309844971
914.2483936875486 344.90116327222154 921.6555787602034 354.6863559136128 0.09252798557281494
432.85550558677534 404.36929303915366 439.74532705607277 413.4403964763572 0.09243504703044891
492.7915221516683 418.2187274973198 506.3891515372428 434.6285126557877 0.09226621687412262
48.35672249749274 421.7991740929103 57.95972782420195 435.1707816500758 0.09225543588399887
1046.1086345779422 351.36989985420985 1076.9100554969027 388.49771494356656 0.0921914130449295
254.40807176590775 563.9284972062472 284.69324065847803 599.6926481459274 0.0919337347149849
649.6386425155886 182.12322686856484 654.0458780323868 187.9680459810316 0.09190493822097778
370.1801341776486 413.5379009713732 379.66297323884805 425.42974530475107 0.09188199788331985
491.2739412589916 392.5076596410523 500.13063318629673 404.9209584161728 0.0917847603559494
539.9848015995916 399.275519850316 549.262180281122 411.215681803347 0.0917191430926323
1063.1905638265482 330.791730117874 1072.8904625637201 345.4097444716533 0.09170445799827576
443.38641204576714 394.8835690198012 450.8030110249515 404.38133388628177 0.09165827184915543
999.595820007371 263.5422947433376 1055.0711818494092 330.78597016540937 0.09162633866071701
507.5121180248423 404.1909460745476 518.3235210084314 418.23548523849445 0.09160642325878143
676.8967669775951 476.2194951382545 687.4134973908234 488.2674335886337 0.09155033528804779
355.87402855071565 540.7067773039169 363.8959900602648 549.8073720698092 0.09135003387928009
1061.6205722020593 276.10153805276667 1072.3686895541396 289.56736201409893 0.09133972972631454
481.9703092307591 386.137168659239 489.20672219990274 396.4992318911784 0.09133666008710861
363.85533981990125 398.31901943044176 371.6750298800192 408.81662738083566 0.09106374531984329
501.4764980321509 415.4625009859787 512.2603356165705 429.43837590617505 0.09102123230695724
897.8602603255754 343.1408385031898 911.4218444684067 364.5104097022801 0.09080313891172409
26.19399624158796 497.23237463220886 90.63251158202122 573.1285553479779 0.09068546444177628
903.29838732311 356.8767528388553 910.9418763426087 368.2432119351685 0.09067745506763458
466.40910545877466 393.2973587452648 475.36777366374906 405.27083059521374 0.09061116725206375
467.9440708878234 392.62747810165024 494.6834980443899 430.4502079929687 0.09052757173776627
488.4391605606862 420.09776643934043 496.67219619975657 432.47548797824896 0.09046392887830734
906.6749190480978 344.5583667397006 915.066305042874 356.24770298178527 0.0903465747833252
305.15639611456214 557.9913522872077 316.91402038475104 571.4344971747014 0.09028244018554688
61.51893313401212 363.9409018707586 66.45770640925049 371.09739166900414 0.09024201333522797
543.7683454130112 428.87846437744446 602.2782950389562 496.9175704919722 0.09021475911140442
342.5766196255301 529.7285512307948 387.3746901625226 577.3560127208075 0.09015210717916489
1071.3170412498139 381.39477265388473 1081.042407479863 397.7315782119549 0.09008560329675674
916.330672585137 366.92725614114124 922.112468383722 374.1562749655285 0.0900782123208046
1073.0279333913563 267.02036736599496 1084.5474816406136 283.0605601567127 0.08993474394083023
489.6434302683355 373.13683288191623 499.3128126313763 385.156976653769 0.08982140570878983
420.62663665161415 373.98411961341446 429.31224012455885 385.37342543373904 0.08982057124376297
289.10155013368677 578.2224590077336 309.91148880085586 600.0204674518862 0.08960950374603271
1026.2529745680256 373.91068732667264 1036.5584080182878 387.0209217036437 0.0895194485783577
665.4391943459277 466.7620946186276 671.5849109824587 473.6778375529612 0.08947333693504333
357.00143939520814 518.9893729759609 368.13998289086754 533.1594384491915 0.08944689482450485
458.40058980292997 389.5589902076516 466.53778697005765 399.49870906113017 0.08940555900335312
440.00909228789726 401.47758391356405 447.6477363747263 411.63271161932846 0.08940309286117554
624.5997762190536 195.1722054643051 628.462000650396 200.34932618421533 0.08925578743219376
538.0917379925315 415.72005223665076 549.7593981137829 430.47533948092683 0.0891500785946846
428.6369178828582 423.7239497139251 438.4249316143468 436.85615338788455 0.08898428082466125
368.8745386897224 404.7919666823047 377.822181261191 416.21470677779683 0.08887406438589096
414.6132660251713 425.8200215384284 430.83699701951446 446.3885117039082 0.08886616677045822
321.32877775622285 523.3535743538293 330.54506633225185 534.4813439246378 0.08883994072675705
678.1938638692034 468.6672171108485 684.6186749169348 475.87241122730865 0.08875438570976257
447.30018720839706 388.4332683575314 454.9213704331338 398.3639931273234 0.08873698860406876
378.4157520557931 395.29005581171725 385.4313085109565 405.440699497319 0.08866631984710693
936.6252634688541 342.86460318388856 945.4974921416833 355.2740081148071 0.08865006268024445
29.92201592453403 423.45995138322127 34.324017187549806 429.7788526875671 0.08863810449838638
399.6743614100354 384.59165900988626 406.94007927738005 394.0116819097543 0.08863349258899689
466.8321995702441 413.6665780506526 475.5727373673296 425.4117512618094 0.0885947197675705
376.7332576950213 386.67862883601555 385.40476093804733 398.0570867929535 0.08855201303958893
532.061633204205 404.7695247505462 542.3499442810577 417.73631495716114 0.08852959424257278
410.0001775962275 408.39715478554547 420.71912030612697 421.6555429135531 0.08848193287849426
387.326114886239 423.18355023683637 398.0522936390268 436.9065062977555 0.08846190571784973
1060.3235214333788 308.7985246872478 1070.8823105395454 321.1390149385079 0.08845484256744385
361.55804325665787 378.0357582024798 396.8349923973596 422.1227510387562 0.08820553869009018
572.1214757041562 252.28776699778032 874.445734186636 574.6364764716657 0.08816251903772354
405.17157410115783 417.1677107264006 419.5320332843043 435.37613020802166 0.08811453729867935
909.7635030190031 287.8715227641173 968.386437632838 359.3523864347274 0.08811028301715851
438.1064810387544 389.0731532256677 446.3472419123597 399.49405918231736 0.08809630572795868
309.420918319511 543.7182830466099 324.72062488254454 561.3172208644736 0.08801144361495972
665.2946867784954 442.6801586611981 685.9635193382856 467.80518031139667 0.08799569308757782
917.5975438688828 366.82463197047423 931.73042591829 386.56221869581384 0.08798569440841675
931.6221326256444 331.04516847748823 939.4204663937873 340.8732221264085 0.08797618001699448
899.3232321850165 239.10482482369892 961.7513852274478 311.826226362307 0.08786454051733017
401.4616709145863 391.69440866945934 410.09993995033466 402.55521888114566 0.08757806569337845
588.8658001819325 406.39792044763664 612.1875402196209 431.51188887675687 0.08751581609249115
503.39600797787244 387.8009236880365 548.980218669119 446.61225864728084 0.08728436380624771
685.0316831280705 466.9285958911474 692.5246658233546 475.8491167473741 0.08720234036445618
410.90406125696984 389.32341916290284 419.21173646874877 399.62333807848074 0.08719275891780853
389.5789816530329 414.8757920293429 397.8070088459312 426.18775959205425 0.08712363243103027
1024.3562080105241 360.338559897736 1062.0766789493052 402.16707715031293 0.08706225454807281
351.63662069597086 533.0940100938427 430.2886142053303 606.1598574594606 0.08704596012830734
22.27188302934874 417.64220858550374 28.907568565788534 426.52547359665294 0.0870194360613823
489.6556606095894 425.0818685167067 539.8026611053737 492.7683727133929 0.08701465278863907
538.7685100432999 378.0484260118855 563.3747829363765 408.26171477946497 0.08698868006467819
630.292147481176 416.94312328802204 640.6213480116859 429.96058478912596 0.08698668330907822
80.82569638099575 415.45874464068197 84.89323069533195 420.79324838807344 0.08687443286180496
461.36739123900634 397.4376545780716 504.6888762919728 459.54009609696516 0.08685928583145142
909.3780991145618 317.88087266406103 917.3438933049142 327.683435707117 0.08670289069414139
481.610894569066 423.5102324567339 491.53479546384915 436.6994658287006 0.08669126033782959
45.99282820563301 415.8197946471424 49.789435577291236 420.9388491595063 0.08667036890983582
1039.4328051511327 408.21911346757753 1048.8499013830422 420.1692478329051 0.08666599541902542
442.7447444667531 440.5429332427559 451.68713304691335 452.4490786178629 0.08661989867687225
487.2789187711107 372.56352714290074 494.90968027139076 382.5680151675547 0.08658306300640106
362.0131071126584 543.4342224340247 370.56273236977 553.1037428384733 0.08652600646018982
546.5341387950873 427.1823231899948 555.8150910438384 439.95907524337196 0.08650299906730652
470.8945091930207 399.39495098673046 477.1328065604328 407.6385590223272 0.08646879345178604
847.9727058336733 264.67015849131934 908.2205209863561 340.34159185298665 0.08626681566238403
37.24423730262041 416.24058535950513 42.06576234983178 422.125036313405 0.08613025397062302
931.2154075255569 320.6345388712099 939.953453666406 331.5818364007839 0.08607713133096695
657.3324782230716 466.7865046240996 665.7230808934025 476.21023082649475 0.08593228459358215
488.3039531786397 353.3400736182974 496.4808826152882 362.41120245256377 0.085913747549057
350.20638171931313 549.7846900061529 370.5994222132504 571.878927545672 0.08583907037973404
551.2632885735718 414.22996687799485 562.8796824696224 429.5028454688761 0.08583817631006241
53.33878092821391 416.3138830214213 57.47471874399941 421.4688239949971 0.08583308756351471
371.9848245401732 459.77085460853215 378.598446372753 467.54715539785167 0.08575060963630676
951.8627507994963 337.05370490333064 977.2102838591318 372.2954288249148 0.08569473028182983
450.8305669258791 451.886458545873 457.7858668602978 460.966737587835 0.08555832505226135
526.7784762038557 416.39363975421367 538.176561790554 432.15162953355906 0.08554404228925705
429.1566723084922 376.66603782812473 438.78810434220975 388.6696827426855 0.08551160246133804
417.96448057245027 411.3315920752617 427.35867623761527 423.75613679080715 0.08546574413776398
324.5269320453567 547.1571327145751 339.3437957914358 562.1680755781504 0.08541274070739746
330.7217591677777 409.99507554186334 339.4110852509912 420.82059869071685 0.08538059145212173
957.2512469675058 304.61922619165176 983.7171279005382 342.9082410622333 0.08536241203546524
334.68450365749896 540.4973991178347 348.2414327763764 553.4065945102652 0.08530540019273758
1014.6083699853527 375.1037222891355 1046.530748818737 402.0078542109285 0.08506413549184799
329.7671591846795 418.92995987195104 340.6382859725719 432.94333596634084 0.08503454178571701
68.43954569292727 422.38208409984907 73.78738399844381 429.77989499839157 0.08470231294631958
1070.3520922075 313.36436978446676 1084.6130040591506 332.37689171431157 0.08469613641500473
378.7879057949239 437.15510396145766 429.22904693272886 497.1436802375936 0.0845843106508255
1068.4578135462843 350.26136490240305 1086.0725011912155 373.98821067430293 0.08452698588371277
557.4658119594507 399.2175577311128 579.2548517758443 423.66745829561114 0.08449249714612961
1051.1609836745124 304.12973539842466 1088.50908300446 355.1953215239733 0.08448323607444763
900.1682476211586 338.89721965010193 907.3517796888435 348.627822693467 0.08448111265897751
436.59636708862024 381.60719382741394 444.4888189879628 391.4472265551462 0.08447741717100143
370.4212228116803 388.57399630379814 379.15167810865495 400.44510595009956 0.08443441987037659
83.28550396739678 422.50339409987754 88.27329471301788 430.0929230913399 0.08433670550584793
898.9093602086319 378.15637579713876 905.7573589668309 388.0950828722195 0.08433220535516739
1000.919909263896 378.13024376883965 1010.3525324786842 389.4121383319599 0.08431607484817505
558.0401263138743 339.88327698700544 590.8840825476258 384.5603608380111 0.08425286412239075
529.2496018627091 443.0849230787467 561.9766449276348 484.9808111574692 0.08424420654773712
440.4617482851607 430.5188551137204 449.40806568646656 442.7518657241254 0.08408516645431519
580.5993024720159 413.65100610890164 593.9772720021803 429.7585335448573 0.08405859768390656
456.0368409855467 456.16401570393754 462.60774837012104 464.47319657793946 0.08405408263206482
1018.7610582135067 399.24600787944473 1043.7552135776625 428.5425339929253 0.08398950099945068
344.9639003674724 529.9888674109238 352.27706324633317 538.3393282207309 0.08397933840751648
451.5489519348542 379.96977003952975 458.68846689844565 388.38391811586376 0.08397421985864639
348.77747375979925 415.0774424950957 359.3623899767508 428.92464031237523 0.0839739516377449
443.9050913639482 377.8566315328236 452.7993099424486 389.0482165351347 0.08396504074335098
593.0934406767926 393.25918396823334 611.3297968901679 413.7168369853086 0.08394544571638107
430.51052728594095 387.50207854123505 438.3517840938864 396.79145493900717 0.0838458389043808
349.05014790636557 499.82417279583046 391.69490236403414 545.7240498526455 0.0838170275092125
332.9361401160483 570.9128996791078 355.78380366482196 595.3586137029205 0.08380185812711716
559.7948078943822 418.9001921706569 571.0217340807659 431.9695313237627 0.08379340171813965
902.1401016829418 283.6770082134181 912.0917903629212 297.0763123820267 0.08376757055521011
611.6083079066948 386.9389353710427 638.0009541846184 415.6494475204306 0.08373381197452545
918.1201471016175 384.4424902109794 925.6721346101111 395.41954542232247 0.08370261639356613
375.64683622701034 380.8335856401976 382.2460859976304 389.6921134863863 0.0836825966835022
469.2948515430282 345.09035215251055 507.98029907064716 398.05096303167613 0.08367740362882614
419.3331491943792 374.77563046319506 455.3603443778067 422.15291307319603 0.08367078751325607
271.57651606102615 570.4448746810057 287.2087115128163 587.8571564258444 0.0836067944765091
457.5647110161969 379.8744547732719 465.17474753682495 389.02848663065487 0.08360094577074051
937.4148706823295 359.67507122860934 949.4981147276194 376.5325130937303 0.0835910364985466
903.828359751121 325.23004864527513 912.2160653014355 336.5274702091049 0.08357450366020203
910.6768665073974 324.83754320948884 919.9434594771303 337.00518882549585 0.08356798440217972
921.9768754636405 358.5931735087027 929.4235143195831 368.161763781037 0.08356521278619766
543.5417573988068 446.3396348653993 562.2940849683563 469.8276376560759 0.08352731168270111
356.946742537966 394.0742509616917 366.0382889304632 406.03320197572106 0.0834929421544075
1032.1246551510942 309.5970741618005 1059.7359348385376 349.0222440508311 0.08344055712223053
356.5128373587122 427.08625271321455 366.34783436843793 440.3576129178057 0.08338674157857895
1028.703025454905 409.4228680038802 1036.791565493117 420.14424061969135 0.08327162265777588
679.8736627675144 454.0101095679901 691.9098684562308 467.8851603850271 0.08325584977865219
558.869507901248 452.9334430079929 564.8187273569462 461.16356144748033 0.08324155956506729
579.1727594639055 405.7296033145648 588.1274367465805 415.70532715506255 0.08323688805103302
585.9286390375116 360.6968205318298 617.8414461773797 397.3369727863801 0.08322872966527939
44.84071358498055 421.1392273787099 49.835444591104434 428.34774787788086 0.083153635263443
898.7256358534806 360.04269806800846 907.1193477925236 373.2077743241343 0.0831523984670639
466.7563129703473 379.79564127746033 475.1255862776896 390.3641617170748 0.08300089836120605
920.8328958685582 293.8392679900606 949.5779879810998 336.05532417504224 0.08287972211837769
500.3970643011989 382.5088776827754 508.3048249094111 393.91399273810254 0.08287738263607025
470.6727025625223 388.4510949060113 478.0590795813313 398.1502840577804 0.0828058272600174
925.1449216452122 332.7231045893594 933.3615364558 343.3528695919094 0.0828021913766861
978.2419298961748 388.29686513300817 999.3913106715901 414.53895543525886 0.08276314288377762
335.11801607296405 378.3308297196911 362.14338295815566 411.53434797355 0.08271309733390808
453.2551392340458 415.8599343491722 466.19973130315395 433.6853757523117 0.08270546793937683
536.719237310794 431.53048783905564 547.3173310882338 445.53014845034954 0.08270197361707687
912.4617928219695 336.2741054290858 919.9531893577928 345.63596580331944 0.08264992386102676
309.3415795480084 383.37252358879886 317.74628035737777 393.3597044013495 0.08264002948999405
500.5168975881142 375.52344716826593 510.5640330568216 390.16053226785 0.0825633555650711
55.55946020314896 419.61688690086464 61.02275437335775 426.9681119438338 0.08254610002040863
1014.8827755081202 387.79375421501373 1025.0238651416937 400.82476897934106 0.08253345638513565
631.8895350415886 434.61225523471336 655.881019411687 465.0163298924677 0.08245711773633957
418.68372593605847 391.29459348905533 426.4011418586351 400.7410692564155 0.0824466198682785
995.8712788170981 375.695469787891 1039.0327660877244 434.6629293130925 0.08242499828338623
975.7586964419256 348.67355671539957 1002.2164945607112 380.70682950458195 0.08240175992250443
384.86512333192246 382.4696281812787 392.86141523031966 392.5909903605911 0.08217600733041763
570.5059585726012 467.92043216518755 609.0686410534062 518.5489100375661 0.08216787129640579
410.06370567008145 375.5478520983974 417.52718968635617 385.5637764838716 0.08215925097465515
475.8550138946942 412.79458605224016 482.0399440834604 421.63866921727856 0.08208871632814407
414.19768599148745 378.4473568110911 422.4643961959753 389.4298576496711 0.08193490654230118
921.4513187021639 315.7596712055453 929.9669916435587 327.2563825190953 0.08190922439098358
984.4092064959883 388.73917805821765 991.5806634712717 396.8859480980525 0.08190400898456573
907.1231619635831 365.7931660325153 913.9467877739064 375.77593687120685 0.08189135789871216
556.5697246661674 445.8198671205653 562.3109682728833 453.4365765829594 0.08186136931180954
466.501588802293 426.8843589723314 476.6005238078286 441.5988640065104 0.081858329474926
310.54420322824467 578.6399079699092 331.55340700132814 596.9537806440795 0.08185192197561264
532.8150315254944 393.0222399461215 543.3875360486413 406.7237264324931 0.08180691301822662
321.15102569528193 422.576235603907 331.63646599084336 436.8595576586901 0.08178840577602386
391.66708092286007 377.79963507321077 401.80167378650856 390.40402426552157 0.08178070187568665
579.5111434608256 461.63318509875273 583.8402965005176 467.0469242991951 0.08164367079734802
916.3430564072498 320.54799567389887 923.6952709751212 330.20656384392845 0.08161415904760361
353.7924463544998 405.8800772034089 361.78526888375774 416.23875429567664 0.08155671507120132
911.1377407371557 376.4488296632154 916.3596555360023 383.9085742652217 0.08154767751693726
580.340021831306 439.63388813484175 585.7384695816095 446.56309426543964 0.08152798563241959
484.9672676078378 432.84283341974185 494.50360558714544 446.9103004948396 0.0814375951886177
991.8811834708242 387.03774362524325 1000.279189502538 396.21963536993695 0.08138995617628098
538.1354826106061 424.86926700266224 563.2055371072997 453.76588101644086 0.08134667575359344
499.4138088179398 323.933044283358 532.7786440515298 366.91286757323115 0.08128046989440918
402.7768227728217 349.4258434186205 458.21518749417135 416.8918423247065 0.08124757558107376
552.8914305797572 393.4543639772044 563.7413503319905 406.9712674088298 0.08124512434005737
229.94580003922425 524.2033352845563 287.2705207773437 599.4109993011285 0.08123324066400528
939.1403448758517 378.9920017913665 948.86216960763 393.0306239900974 0.08120632916688919
310.9012456180394 389.4111410008425 337.3117333596355 422.0176058923549 0.08118417114019394
383.659167403733 432.827410248171 394.41067801261454 447.2290201995578 0.08118294924497604
341.1396728314124 510.7571169912345 348.97088977229356 519.7512178390032 0.08111970871686935
420.88979064664034 379.9428476911505 428.7256222395264 389.9847033741881 0.08109874278306961
587.6988415976216 409.58081057064754 595.7633664696059 419.51670579022436 0.0810854434967041
388.59792145173645 454.1372859676072 395.9442187416716 463.2977774048649 0.08106685429811478
642.0018896575681 379.43671753612006 660.4277116625265 402.02055277185104 0.08102766424417496
435.7460426811686 370.9584167944445 443.6063196678142 381.3815170608443 0.08100748807191849
617.055123477082 421.86878831201255 626.8834722697011 435.14645172979976 0.08099841326475143
316.4354232595882 314.2155317168675 571.9874669217987 587.8148108200755 0.0809163749217987
466.9022287945439 405.3333266275209 473.89906967711767 414.6378853725491 0.08090571314096451
1002.8250826294053 345.80927201262244 1036.2185493960312 383.90431102141673 0.08089189231395721
899.4780070473872 314.8518928766468 910.0369132085659 329.1834044085299 0.0808652713894844
672.1170904495384 460.98928383882264 677.2681403853474 466.8501949707764 0.08082866668701172
461.28171495851166 361.60625546253726 469.3433088502158 371.5431529187317 0.08081794530153275
604.1738182053266 414.81902705683586 650.9336952066151 471.0032980927723 0.08081761002540588
905.0552120310228 377.2023559375716 911.5784464222055 386.70393653618515 0.08080489188432693
70.15510959016515 415.70431015482285 74.85902399681969 422.593495255476 0.0807470828294754
508.3714808576935 419.8980961157603 520.0461927920244 435.2889758018105 0.08071906864643097
693.4921730100335 533.0694515078768 949.8615567108808 792.0229486887135 0.08067884296178818
396.21470507850114 351.1352998737665 403.89022750463977 361.66183436824156 0.08059051632881165
512.7809384156852 359.14636250148004 524.608702889892 374.75170210160957 0.08057812601327896
272.33403367963217 498.59224947935957 303.90413676020484 535.8453557607247 0.08056121319532394
480.77645146032455 373.14141699332595 491.6486339663453 386.23650556161584 0.08053270727396011
567.176326280825 412.2461597032085 578.316775039942 425.8280830128337 0.08050404489040375
341.73624612087355 429.1708982607608 356.3127686001874 447.1420990359952 0.08043531328439713
321.8275478401688 389.59855257320476 330.37333102920854 400.9202614104984 0.08032387495040894
367.58143357328174 428.3381159969754 377.84965970836043 441.23985633807547 0.08024445176124573
979.3574289202347 228.82239510053702 990.4901156612945 241.79361852992778 0.08024274557828903
305.7001616158158 520.6409846191526 314.1120284790951 532.4101684968989 0.08013082295656204
364.8571424324221 547.329788595188 373.34693945795374 556.6985169869885 0.0801110714673996
496.2203477773396 466.10589094915804 528.8749720134866 511.54479799357085 0.08004800230264664
569.9232633147718 388.7576098700417 595.6781012822208 417.32583758239946 0.08002062141895294
575.5100564529936 448.2790209378064 580.569187352966 454.5238918297707 0.07990887016057968
982.6509882549757 381.2499443696997 990.0569585254309 389.7478230552069 0.07986409217119217
308.9417639497322 537.8309728784324 317.52154275526215 548.9307862486313 0.07986259460449219
67.21009742687404 203.90404829963114 325.0891330604658 483.58896470361844 0.07981275767087936
450.145849802894 368.5328695527881 475.8803742467542 407.59902263808027 0.07979435473680496
472.29603336339727 362.1201171726387 486.7381008392789 379.0519423505223 0.07978877425193787
335.77455937221697 416.3230445758294 344.8741535038109 427.5381713426066 0.07976493239402771
938.3872655684876 320.5855462390113 945.7749506976004 331.30189429294137 0.07972817867994308
570.1811438905131 428.75536581416327 581.1490702788693 443.0138783219946 0.07966149598360062
1046.1076762225498 373.9504946073348 1057.6140727810136 389.0194796829234 0.07949647307395935
382.9654011843128 450.78240216745934 390.46631201189723 460.5519666041357 0.0794801115989685
888.2809475000963 348.642172666859 901.7609911717697 373.5789968931125 0.07943960279226303
947.5845737075975 368.9476189308615 958.0026087995437 384.0106768456744 0.07940591871738434
565.1823988255671 454.21278955129344 570.549491367375 461.39143996154525 0.07939279079437256
400.88033172834605 358.9199686266262 406.5219760843031 367.3365167409873 0.0793447345495224
19.84468986705463 409.9895994452756 24.220428555687683 415.5943157366948 0.07930232584476471
412.78902925479946 360.6230136607505 419.286464031939 369.62025682112204 0.07914963364601135
332.4391907200405 506.1211374450372 342.1984166598656 517.9331496130353 0.07912043482065201
396.57657407562743 446.58710000578293 404.3987199657746 456.5826218625023 0.07910634577274323
871.4511972386886 283.76725428361084 878.0504013588177 292.28466160069826 0.07909034937620163
225.14724486615467 53.44872234952873 449.48295255123077 287.44514711066654 0.07905354350805283
632.3274972964855 397.7599015986241 654.907482244369 424.61600432581037 0.07902119308710098
322.76861984654755 453.64613869291986 364.3286897528982 505.6066514762635 0.07897719740867615
949.6906895657344 384.9158341633053 961.6090595990913 401.16737348506535 0.07895524799823761
516.8845363271292 410.4139064524034 528.4319473128932 426.0208402306877 0.07894705981016159
912.9989234191522 337.15407916603095 923.3618087346782 350.8221477632979 0.07886891067028046
938.6156092946405 309.2671219320772 948.3878007615381 324.1811314639875 0.07883962988853455
347.48818057527166 511.9858149089288 355.7243005290313 521.8209241343199 0.07874372601509094
567.5648521805923 446.81350723442705 573.8539076532176 454.7866289117723 0.07874177396297455
293.79113512410436 491.75121859293324 314.7091896049002 522.2799669466036 0.07871022820472717
936.9044642219042 331.4366818757637 945.4428631189331 343.4962495823642 0.0786331370472908
6.911985650672857 -31.521175071447736 253.90483375936714 227.63047006606433 0.0786152333021164
310.6753584405524 389.86764952728157 321.342837253768 403.7158555134344 0.07859603315591812
413.93009830267454 369.94148468807407 420.06192937192094 378.66691869106666 0.07850491255521774
357.8562767582154 510.3612147606216 368.7169730540985 523.1032839068076 0.07846724987030029
265.20906585825566 576.6165314909699 359.8361369453468 678.7978316813459 0.07834303379058838
477.4829495986679 349.3396933327089 487.75092445892784 362.1572064637118 0.07830744981765747
313.81246587801314 488.51018546936103 338.81047198744824 519.7365902529605 0.07827981561422348
345.1331457468392 505.7980786031401 353.84540423846187 516.283543591715 0.07825557887554169
588.3015283220868 427.6028921592116 606.8906376669236 449.8384189393132 0.07824225723743439
468.25465342186453 441.9105044974005 477.0608115803831 454.6244098801293 0.07822325080633163
24.819146795519845 535.9539624834786 104.61299731799664 644.4418307302866 0.07821068167686462
426.9731108372225 365.70706301295996 435.9593614356459 376.95470020102334 0.07818930596113205
377.15878777400684 443.5110668944888 386.186942243336 455.36835960582266 0.07817863672971725
539.4129851107987 324.97744742292593 568.7187531742007 365.6964959726659 0.0781746655702591
274.60641430319777 551.3263815578745 289.4891483365342 568.7423242992877 0.0781538188457489
382.70219385440225 447.52281378465244 389.2904844686235 455.8185201185987 0.0781254768371582
558.5737869868944 422.71272114599464 578.8193990812191 445.14014750039246 0.07802759855985641
472.2415504325577 325.9548947042187 478.0266633048894 334.14251098134395 0.07802306860685349
958.2310011281476 385.6415006603553 968.589867518397 400.8203285577261 0.07791053503751755
552.3948991005195 437.39751417537343 558.7193009159706 446.1436639805955 0.07787077873945236
576.2315238443921 454.69876143286615 581.9831250688889 462.06835706579227 0.07784703373908997
351.92009617136245 489.9753520894912 366.95961685312153 508.20834339093614 0.07783056795597076
364.13379293935037 452.5444938044959 373.50278561989217 463.7725786749992 0.07781661301851273
828.5707670954293 375.1436542681916 1204.9756774696502 831.1265885341786 0.07775869965553284
557.5554974666242 407.75004174219214 603.9545040550946 465.4941159016256 0.07773089408874512
464.9630385063428 366.387983753335 476.3635698827912 380.46769066539736 0.07771629095077515
459.96530558132736 542.4243558660768 551.9477662467858 641.2884588568431 0.0776807963848114
948.3466186519507 298.01146194598306 957.8139239715612 311.7856596224419 0.07758954912424088
614.7021795799172 405.64237892060066 624.5802951349419 418.4561644448511 0.07756035774946213
290.7588016331747 544.6791496812929 301.90992948554583 558.2185738064551 0.07755831629037857
393.6862896242132 433.13719890596514 404.8786080111908 447.44142199633524 0.07754810899496078
342.588009491524 406.5041185618752 353.1238076584071 419.15013223543644 0.0775185078382492
450.00095471094096 420.04243082628653 472.5094667283385 451.4728830956416 0.07748221606016159
579.5250411015481 456.379536190125 584.3586089943694 462.3340817720553 0.07747697830200195
1001.7336963586552 401.9551917011859 1012.4844005141657 418.0967176700346 0.07747654616832733
945.3147418360106 342.4800809814723 956.801777100546 358.66368824155006 0.07738512009382248
558.3082430038461 436.8854302368248 565.7024058671672 446.2731164391332 0.07736983895301819
590.0831908405984 419.3256038254769 598.1226212296921 429.914931082363 0.07729579508304596
922.3989407742092 336.1022929288436 931.0669251534836 347.2781494070575 0.07722372561693192
908.7926279969761 360.442950900213 917.016024896159 371.56237438863735 0.07718941569328308
1053.182841057749 308.7925434197291 1061.781161244261 319.2054392549369 0.07716971635818481
668.2952099519756 462.44491970514366 673.7042707662162 468.99338380588483 0.07709565758705139
652.212991400219 466.8972561331277 677.406589308206 494.03899023740223 0.07706832140684128
898.5425302257299 327.9660026165705 906.9365804351909 339.87384010441843 0.07706360518932343
447.08709524123077 369.2361854266231 456.29812203840595 380.83121837382237 0.07705369591712952
810.6359787546629 316.39618209724523 1027.3538484855842 567.1318576790167 0.07701718807220459
514.0048258503961 423.48643907604827 527.3118774781005 440.72831057661756 0.07700446993112564
422.0612279807747 355.96166066176966 428.4475661452969 364.4213120623984 0.07697734981775284
1049.808670430135 277.8413927453661 1062.0668914046178 292.8810799674889 0.07695306092500687
441.55654228743333 452.6055576656579 449.11889277124686 462.65722901200326 0.07692292332649231
64.77580231545461 416.8962698093316 89.05008864734036 451.72214321955323 0.0768965408205986
940.1060285830292 345.71840785114637 949.0074837384032 358.30971221302934 0.07685354351997375
952.7189374227705 245.1676096205983 987.2510851515657 293.9422221950098 0.07684803754091263
922.7818612850132 355.0653205531018 975.2977812574892 424.2604171852325 0.07680867612361908
455.709673580327 368.0066624843805 463.55968012110753 377.9186777278589 0.07678906619548798
487.9686427795823 324.6252961249456 499.4341091495508 343.4258059620153 0.0767502412199974
918.1454107581641 347.60404753397023 926.6000818238277 358.3108719227873 0.07671859860420227
376.16547663362866 472.1774688932762 415.1537404498808 519.9910768343676 0.07670821994543076
1025.74018953325 386.33936514461186 1036.4975050721769 400.61775136557986 0.07663188874721527
1049.4204028128743 397.0046531198502 1068.5658425704069 423.76496571038894 0.07659053802490234
399.1647845295289 371.96704700239445 406.7319517494019 382.1358246130892 0.07658488303422928
884.0320192305753 280.2921912917335 890.8800713405745 288.8163252108142 0.07657819241285324
20.27082190149111 401.7995497702557 112.8729485464504 515.6871615236083 0.07651374489068985
358.820806797128 531.5243858440482 371.14399437139696 545.3944022989797 0.07645339518785477
375.3912662951718 433.3637450691282 384.98687761210977 445.2310008904805 0.076435886323452
318.22605358755857 374.5144515769361 329.5967824126909 389.48509166975435 0.07640296965837479
371.3379611504705 378.5899227804977 377.3871919971832 386.8981211507476 0.07639769464731216
347.004362900241 400.08698702431434 355.67322102926636 410.47693990385415 0.07637260854244232
248.9430011383343 486.26077403615585 274.34692081880183 519.7582363811566 0.0763464942574501
973.5017115986874 -8.958444113121791 1087.5449020224332 118.42453638612672 0.0763464942574501
554.5152692474414 407.64423031886656 562.3398173749695 417.4976703829656 0.07630869746208191
455.39367617653636 357.74001905446903 463.44836145413035 367.92629180974836 0.07622509449720383
434.5805260414629 363.231779624173 440.82363561264987 371.1054012382629 0.07610712200403214
869.4492380617786 320.97930060021315 894.7061419323742 365.4391770044602 0.07610197365283966
1022.9155024199208 422.54539495541957 1032.614099066756 435.7708893634699 0.07607078552246094
458.45869013476175 446.45602617915324 466.58345743201284 457.18241680785655 0.07604160159826279
528.1070475560307 430.42282592354894 544.4437238137629 451.6506683820614 0.07603121548891068
400.13810627131534 452.19536698267757 408.49452965591234 463.0162570298769 0.0760212317109108
914.7472277950698 286.4796486702721 927.3981968808462 302.4139876016217 0.07601961493492126
376.04880757977537 528.958067748685 394.82263420003267 548.3366929789593 0.07598824799060822
237.77276819499806 516.5317281567162 258.7662314369971 545.2356280109261 0.0759565606713295
1006.7358269738347 374.7753478902401 1018.904475153854 389.0823254107617 0.0759061649441719
655.9929560344101 397.52720266804295 676.899530793743 422.3511585962468 0.07585441321134567
390.1196459334972 368.72819724816094 397.45618326912916 378.1667713424749 0.07575757056474686
546.4268249409234 396.68899545561226 556.4177528293469 408.8879585945549 0.07574162632226944
370.7005733938943 397.6188872833115 377.6436181821204 407.6527722531658 0.07573398947715759
580.5618499759267 439.04678675112865 592.4975978206763 452.5811070739492 0.07571257650852203
301.1543223647373 547.721023057531 311.2020933878356 560.5988256537062 0.07569843530654907
272.89424696461913 536.8735824292295 292.08427633334566 560.7966339080072 0.07566279172897339
322.2132309695344 519.8261889081648 330.9109051488696 529.234745462008 0.07557619363069534
354.2349395742894 514.5173655933726 358.5191830682047 519.8874852981069 0.07556846737861633
928.750909152301 323.7422192926467 936.5833575299301 333.25929619075174 0.07556074112653732
419.1016109643856 383.1523715432061 425.7179541610086 391.91336530457716 0.07554728537797928
895.881777232774 323.65934286281197 909.942738659283 344.8567376202663 0.07554131001234055
467.99597974537016 355.9591139802028 476.2551579061003 366.1149881321056 0.0754774957895279
432.33609958153426 344.20712907205166 466.8761495466628 387.45734719367823 0.0754598081111908
28.95483363002372 418.05309759857516 33.54760171764062 424.4254076052427 0.07545555382966995
989.0835125353925 310.69715157876584 1027.3904942082336 356.66236848040614 0.07543015480041504
327.87514464606477 513.2994589755272 337.8439355031396 524.8878052610746 0.07542086392641068
1062.8859588268351 382.1279515933006 1086.0287558714685 413.38557178480744 0.07538849860429764
853.7445393199445 337.1411674959702 880.2355332383462 390.4099934244826 0.07533998787403107
329.2266479859124 398.8078794378881 338.0570613646695 410.74427897209773 0.07524006068706512
390.11325221922084 467.22943638809795 397.08391183028033 476.67464557093024 0.07520020753145218
646.9196746990431 415.91923939374954 659.1288779804364 430.8167179185625 0.07517341524362564
921.5435260524222 366.35266564833523 930.4725225704539 377.10468259657625 0.07517003268003464
462.46898946462363 341.1408737789425 470.72411811380374 353.6642326002774 0.07516403496265411
552.8388457923894 372.5634948024036 565.3745687204851 390.0343668049345 0.07511661946773529
431.94439550513243 350.1188931773491 440.15591140377285 361.1471831446185 0.07503827661275864
261.3700427329985 551.7599389826498 275.11457578597293 567.3163441742595 0.07494215667247772
907.2040280425794 384.8616204078158 914.8844730636182 396.0977485069421 0.07492575794458389
-1.0019453547911663 418.7020307488206 6.379853176693775 428.80919078346426 0.07491718232631683
586.7683043848663 404.7511523803753 594.0618786722567 413.5547700608878 0.07487547397613525
323.2809968662475 598.6386871211192 339.4941472891289 615.7319744443664 0.0748375803232193
394.00767264459574 503.2082921493111 451.7587562755817 564.7563409086787 0.07472747564315796
516.4602768963196 355.62843674189554 525.0315840605025 366.96882596573033 0.07472742348909378
309.59709192826114 417.0820358864942 318.7957493711777 429.52851736202456 0.07471129298210144
402.3045196700464 349.75404204167955 409.0384388380388 358.8800426873573 0.07466265559196472
969.2286584122951 388.5368252093968 983.1070641887634 406.02435278631293 0.07465758919715881
657.7600260651849 453.22684309616886 669.3096221204501 466.6616286661055 0.07463158667087555
908.6913861228326 340.3591650609567 940.0930961018149 390.50588425348894 0.07459398359060287
60.61766898406661 422.07397537821936 66.34209534108001 429.2543166378556 0.07451163977384567
375.2585315850803 451.64179829881374 383.05972762150617 461.46216503587397 0.07450765371322632
1061.5809969590537 304.6286764238737 1068.7686378833648 312.17709755832897 0.07449637353420258
608.9930675228416 390.83416989734246 618.6307435488387 403.47096140870093 0.07444435358047485
916.9077776376937 303.8776207428946 926.6834015043879 317.1329370872347 0.07439304143190384
933.9282455074439 301.6617386874387 942.3783804653712 313.206601746277 0.07427610456943512
426.66033334299243 360.3860178541556 434.1194635093102 369.80913005364494 0.07426286488771439
901.114713024763 367.65296555892775 907.6919803018308 377.50563809231613 0.07425110042095184
921.844478713211 379.0525695326808 927.3289735370445 385.7008955456633 0.07416237145662308
435.8340193236876 441.1171781939064 445.1866406849812 454.1919303226282 0.07413609325885773
574.2895651990364 398.6550003114311 582.9515102987906 408.3193855313105 0.0741090402007103
919.8716680752665 327.636615015942 927.361646398445 337.33958568185574 0.07407861948013306
983.7266982314239 295.75512423419684 1007.4100814794607 326.73299452811267 0.07404076308012009
947.4817577016088 395.95042989991117 962.6700517236616 416.07606214619585 0.0740058496594429
1029.8934219917367 443.22981106197324 1036.918796964941 452.84192517533313 0.07394631206989288
494.37852971639734 351.94475018810454 506.4319161190822 366.1740399639483 0.07391741126775742
932.3813912308552 535.6569961930489 1147.0256093585929 776.056444973161 0.07390513271093369
944.3835637397211 321.4621096687096 960.7141394542552 345.15415762058507 0.07383166998624802
865.709491316823 369.7274202461537 875.2992864264743 391.32203201684206 0.07380588352680206
366.99935991404715 463.7817572194143 386.847642334656 488.7554122074311 0.07374145090579987
449.88994975969723 460.5145282482848 457.04711958538104 469.8230555875707 0.07373163104057312
909.7376395998041 306.163960720996 918.9272334896251 318.94860972837296 0.07372092455625534
332.83058961239647 408.25542667246583 355.5358776373274 435.5146456144169 0.07367758452892303
448.43956439735325 360.3894717968582 456.8308064257707 370.2681572244261 0.07355086505413055
883.113795609421 311.32647118673145 901.694979291277 340.5349488438999 0.07350088655948639
364.366831922102 386.45379511157284 371.00932669340574 395.67685301714977 0.0734051764011383
908.9406458294128 394.551840385757 915.5877455537242 403.90662804461704 0.07337115705013275
531.7397884387217 486.0719501668156 576.6964979348642 544.2694478472695 0.07334969937801361
494.18542769075606 429.71217282663935 504.6647265774882 443.3976079086316 0.07334897667169571
424.6662292971517 47.70810467725489 663.9695979974509 306.346070276228 0.0733327642083168
545.1646282585144 386.8264186998371 555.5578624519327 401.22812702945305 0.07328302413225174
955.274400142137 397.4986413690892 1008.3366656906937 467.4212088812877 0.07327145338058472
412.7896298298575 354.1331890290706 419.3807750470284 362.63911995671504 0.07315587997436523
306.8948170255358 433.07468811499416 324.2679051644229 457.0251174357013 0.07312502712011337
1021.4717509974621 410.9236742128326 1029.5390680157361 421.40822393618095 0.07308100908994675
501.41180529207725 357.78262323354363 511.75298358955223 370.33412874084183 0.07305414974689484
968.2658236124134 237.6601448743936 984.9594472382856 258.3709545711331 0.07302485406398773
574.3457363622475 440.0705249724405 580.8915999570565 448.3250983215073 0.07297835499048233
315.7563985577247 409.9188454080029 323.59591315578564 419.0693555674443 0.07286659628152847
1043.8380268050823 223.1064868448123 1091.383727784686 293.50698438958005 0.0728570744395256
787.2756313648011 84.4240371672577 1027.0575053160683 365.03313889728423 0.07274486124515533
605.7281797120717 415.59554955269374 616.7723255042745 429.3433771011304 0.07269173115491867
407.0102048285573 434.7083971998496 420.5317748179465 452.30537631367656 0.07268422842025757
627.6306773016643 352.91342071575855 656.8461268301409 387.6348699765071 0.07256677001714706
442.2864226714008 363.56941090371964 450.5864564179097 373.7768900194952 0.07253611087799072
408.9220575567038 370.77447211964574 415.60864834916947 380.0047469723114 0.0724109560251236
587.6419661260021 481.76141670908305 614.4793943235287 516.3506272311034 0.07238177210092545
455.77711003486684 375.99040667861277 461.69402057184095 383.16960375566464 0.07223618775606155
978.9435474180267 365.3598836766296 988.8177100272154 379.49459522366504 0.07222817838191986
505.1435841867123 430.35783985990037 516.3253150752217 444.67823302482435 0.07220186293125153
605.1645171273613 428.5535578616208 616.5915693955482 443.25549173905006 0.07216323167085648
567.5950300958818 322.87510539555495 599.1507467174864 366.9293797623881 0.07215147465467453
403.5594237788951 369.41836877690986 410.3566523782648 378.9816586485067 0.0721379816532135
899.4698222674014 390.0432149446079 912.7487758618661 410.6288775659845 0.07210627943277359
915.6212142689295 371.64391915919583 920.8980518921865 379.040701385899 0.07208552211523056
582.11963704342 388.09009498051086 592.97103886795 401.64402578387535 0.07201270759105682
367.3213800414531 522.7692250014742 378.5553863614865 536.4403811837064 0.071944959461689
467.35612352394514 452.13597925501034 476.2570026807231 464.7625675059416 0.07192905992269516
345.91959078561166 460.6318256364265 358.32557073690975 479.11702446890246 0.07191702723503113
241.68140611917664 600.1420953257254 310.40458483662957 676.8196953273799 0.07189661264419556
933.7826495186368 391.33676657004855 943.6078691364092 406.58439347027354 0.07166437804698944
1045.0216571263975 285.2368169036259 1052.5798666115365 293.2966237910209 0.0715491846203804
306.0515237185659 412.4230086319881 313.5569459621942 422.2790706099701 0.07153885811567307
899.8683029102064 295.28660636211356 915.0473516004419 317.8270553328218 0.07153814285993576
464.72977206525803 320.5962245571077 496.7791479246475 364.70044817618964 0.07153549790382385
890.5624632234568 408.64308960836473 939.4107413064563 476.81272546338533 0.0714835524559021
521.2292305255529 366.86551523416665 529.594994113112 381.42798178670853 0.07136157155036926
-74.97356372668254 540.9758702582824 170.94444596692892 817.589034504698 0.0713609829545021
393.2680849706679 478.8682650841782 402.4370278818675 493.67451267648283 0.07133045047521591
560.6364014428964 387.4647142232699 571.0324664303027 400.67397855786425 0.07131491601467133
1036.6285635963623 454.2250159552252 1041.805361738732 460.36384551467665 0.0712929368019104
264.89443625211976 527.5779072378599 280.0037001033159 547.1210557814344 0.07126080244779587
252.19794246420474 427.59459784439923 308.09994905262437 505.50632813397095 0.07118799537420273
977.6482395163646 319.7961448700004 1000.6093823898542 351.04228624364066 0.0711449682712555
598.3342441894362 439.85189274577624 606.236545561216 450.27469318061696 0.0711444765329361
571.1708567719919 437.7607909429645 577.5056806423563 445.7728119035577 0.07113615423440933
963.4061242910677 278.7844638442626 992.453212748423 319.2544956926971 0.07110763341188431
395.1258558360152 460.58583743721493 406.7392225729382 474.99640357131057 0.07106569409370422
347.8406468571982 394.59974732579326 357.53042459446635 406.46403417835097 0.07106391340494156
435.2008965577265 485.8368698878031 443.25163279071614 497.32534961919214 0.07103409618139267
338.7320186150565 497.17069402561157 349.0653147873315 509.9808702799995 0.07095828652381897
342.7056926861061 450.39022120797904 352.88907610271787 463.977661530499 0.07090947777032852
350.43669853668337 367.9615848443451 365.99887785352496 388.45854562473954 0.07090658694505692
435.5627194688334 342.76810427391945 442.23082909946834 352.69311883049 0.07089751213788986
428.7815839256158 450.49774187376323 436.6805202662496 461.40851720769876 0.07078342884778976
968.3701433697134 222.43857452948234 980.4706969524791 235.6113116854662 0.07074140757322311
450.0762636542236 355.8086772064112 454.3776573035453 361.10410695715655 0.07070416212081909
534.7468818085721 562.4328200015127 635.8628366160164 672.6464414046577 0.07057172805070877
375.77564062796085 337.13677728625026 417.3045862253458 386.4598666409664 0.07054606825113297
336.01165862513164 402.96352657020145 345.76040715133826 415.2802131566269 0.07054553925991058
919.9743167400161 394.1781285228683 933.5648251399446 414.27390340903406 0.07041028887033463
283.06840801262234 532.5067739041604 295.8249596056064 548.0728214177415 0.07038960605859756
561.8110822065815 405.4868497635353 569.9892180907577 415.8283064750923 0.07035387307405472
418.01744734421123 452.1937480150963 426.91733728706595 465.22027501740877 0.0703108012676239
297.5822095648709 584.3866983344172 305.1114065068322 593.5897255914219 0.07028858363628387
441.6077616046326 345.7121420899833 450.5872854932876 357.6671392339196 0.07019584625959396
409.02691959398686 452.3889453366779 418.9730616213121 465.25096595893837 0.06987249851226807
-120.56632633596375 358.4353690692372 293.41434187288485 864.2947000581884 0.06979644298553467
1000.4057747945802 329.0880812995342 1029.0611099993566 365.38955604968226 0.06975221633911133
303.1115099214683 422.54666933024663 310.9675281082368 433.6877444783882 0.06975123286247253
367.7145322808184 381.0737997146954 418.53415138019875 442.41290456566605 0.06926833093166351
880.1846667841472 280.2354874300439 903.6304391570608 314.68792019334103 0.06926262378692627
434.20301832413037 489.45152531146374 486.4829999544434 549.319296711092 0.06916485726833344
487.9433214987754 351.6416208987063 499.69069910172294 365.2133819270402 0.06904201954603195
624.0516665060953 427.7727483008048 637.6859915450825 445.08019996820747 0.0688948854804039
946.3558608624122 234.5875053275233 960.5550223870448 251.0955252261325 0.06869782507419586
943.3079283954432 280.30631517956135 954.2282510311509 294.95869833088017 0.06809500604867935
580.8089094955978 428.0457336576613 588.6078561375975 438.0198708261381 0.0676455944776535
940.6395135794153 407.9706966848926 950.376964745819 421.9153681758821 0.06756047904491425
870.1397398741419 352.9490169612523 915.8560637098138 431.0446514936452 0.06730614602565765
982.2319252618228 410.91336814484407 998.9514622858311 437.2668516949105 0.06693520396947861
926.908834779842 309.2564602894767 936.8115837552172 322.88707973210376 0.0669311136007309
380.764889144896 538.7945557912101 640.6547240438824 802.6333202603234 0.0666976049542427
637.2438850841279 413.62842858232307 646.8708663280792 426.10136310217337 0.06643219292163849
297.45437962397705 543.3951495021481 306.24711137552356 554.6129763924497 0.06619593501091003
992.7170512902935 241.50352978898493 1008.5357885045833 262.57960771485455 0.06619317084550858
523.3619762371735 360.8873229912137 535.5108940867573 376.9158647517634 0.06600780040025711
992.934165301654 433.8801415845432 1039.2446540133985 501.7575356104616 0.06551674753427505
451.90973799689533 462.6877767410677 466.7969352733062 482.51710770537466 0.06535065174102783
364.30947585390885 374.3973352566614 372.9141786700564 386.53952149506983 0.06494221091270447
990.2556700424191 440.15110066401155 999.4690126274966 454.1691847466507 0.06422710418701172
484.53052354936267 449.68836059161254 495.83590379139974 466.8781669946861 0.06408599019050598
931.8381738325007 240.49743139114375 947.5986905266983 257.1325900502684 0.06375864148139954
929.2778492402825 288.2389477242308 941.9645100492573 304.7580109043119 0.06360163539648056
910.0853848485597 245.42686929593822 938.269387945642 282.0368180985236 0.06290660798549652
895.8995436684098 387.8296315061347 904.0773240379923 401.1144094731008 0.06270936876535416
505.87679335372604 344.54450626320215 520.0530916729654 360.784059306312 0.061089225113391876
442.6579756403179 469.10739502186675 450.3799318388379 480.09147811299187 0.06099876016378403
467.42837349255655 490.9192989948776 475.5684838150201 503.02351092355974 0.06089844927191734
1032.198517158093 419.4413971901327 1058.8922215262317 455.65553788169063 0.060780588537454605
892.57398946011 275.31857221066065 902.4777741432123 288.9300471304122 0.06051890179514885
1000.2150603338786 222.4534044896412 1035.0204904127168 267.6242239107629 0.060108818113803864
825.0117887958974 310.06508664274435 887.7118438917515 405.18868207891944 0.05419919267296791
