884.6817290773294 449.2388473544538 923.0463873720837 494.2365396751574 0.9998772144317627
743.743043024724 352.50449554313616 781.1620004480437 389.8186247207284 0.9988934397697449
494.37470339191026 393.9346353914522 511.5169309560502 413.30120828527004 0.9979216456413269
373.80677438335505 399.7439429464388 381.6353939479484 410.1083417745153 0.993787944316864
423.89447106846194 393.77347057618624 432.1988290966175 404.8436125075156 0.9896280765533447
400.1762799501782 402.3015001938127 407.87477313635566 412.06488979658866 0.9364269375801086
291.45415590728226 397.00025753072254 299.5242154898445 408.6049923313269 0.8967152833938599
313.6132428664189 400.5928296431044 322.2951489665849 411.0289103103536 0.8514127731323242
651.3053779877504 388.0760456138244 656.2193506779867 395.1646990600925 0.7133415341377258
276.70813788543535 404.43016137467345 282.2718547024285 412.37845604892493 0.592259407043457
524.8518052088195 399.3038386303624 531.6695703709531 409.79226545596526 0.5443757176399231
344.741583388005 400.450136379458 352.5783470918083 410.4774354195784 0.45262277126312256
441.06274989181725 403.22687938563564 446.27785660414634 409.88788123185765 0.45048022270202637
476.1244571859695 385.4996825065782 485.6030950938392 398.502118821056 0.37717390060424805
571.3483247352342 396.9498402985783 580.3803519477945 409.5158355871455 0.34928837418556213
896.1655660315041 390.7984021272687 906.2998665140941 404.7681188188015 0.3419950306415558
813.6128499189975 463.1937430667849 837.740982666399 494.99606587107337 0.33347639441490173
559.5107884360983 382.13756396630174 570.6670568283766 398.04582940591456 0.3169694244861603
392.8719492356095 389.9928786018926 399.91314881393447 400.1810561416755 0.2414902150630951
549.7026460576509 397.27412387689185 559.5421105586139 411.9114642639555 0.2067401111125946
588.2691473541107 377.8502363372562 602.0486062445294 396.0705304565321 0.17498627305030823
840.6789872614465 530.8982808809293 873.7599928448697 563.9758438341614 0.17161910235881805
790.9881456090327 411.20387457012333 819.4558263625819 448.8543079127359 0.1652049422264099
491.21009195998226 377.5056203543795 504.9333214531558 393.0830618755287 0.15430061519145966
364.76628459589216 397.43377903901523 370.610095899821 405.8549162662169 0.15277159214019775
546.9330219491055 405.7949211093919 556.0996847180329 418.7957550162713 0.14916762709617615
604.2780848454406 49.59279741537998 667.3481179604161 128.43444226855456 0.1466388702392578
109.11763042314985 191.94206264701018 198.08916820747692 291.01139427181585 0.14259575307369232
902.5438913270478 421.5572916378956 928.7168708619163 450.71588295594927 0.14214256405830383
454.37126785598144 21.068308182421074 527.4368018908384 105.14304733348429 0.13837556540966034
337.053962698946 402.9205304270183 343.78599700206064 412.3000202284865 0.13244414329528809
641.442082253639 402.67628896948725 649.1216215023678 413.2944511442129 0.13206692039966583
327.04840003060576 402.1660032684928 334.36563344351714 411.80460050157967 0.13122540712356567
457.88613536495336 400.0367215470504 465.5680607093508 410.61844190438705 0.12749914824962616
660.4612511286497 16.24371670830395 738.6479318073385 100.80140742643151 0.1274913102388382
452.05658433254143 402.4959249294366 458.7635915606244 412.65525821945494 0.12563641369342804
306.14447346410293 399.6825249584392 313.55409126897723 409.5832116021399 0.12525546550750732
341.33419229337153 390.64564064453646 347.35648528755837 398.9513075545766 0.1234685555100441
462.5630687023002 376.48714076996373 470.9542444470481 388.952015791477 0.1221141666173935
325.32445075396686 397.34120110809283 331.75525851137303 405.7912636181308 0.12190098315477371
332.51426195951905 403.128912373473 338.3954928194917 411.3146999899212 0.12159595638513565
468.514890545918 397.7127626927281 477.99923431653156 409.42765869885403 0.12131093442440033
561.6600457649428 413.90257659747806 573.9152691072835 429.65651361587794 0.11887406557798386
378.28420153051366 389.39036491860213 386.5944072047081 400.6865519116177 0.1185886487364769
131.35708915015084 474.6520042214948 141.9896813087258 489.6776857870399 0.11840163171291351
865.6682645001969 447.27095241794666 884.8217437047994 474.950932864131 0.11825146526098251
14.160183353139951 462.19706558313925 53.65890742309175 510.7365747840178 0.11822517216205597
515.1752045886285 405.62964601255914 525.1565148145129 418.3735185483778 0.11769792437553406
565.4354164809537 405.88757239800225 574.6068255932482 417.65275845616367 0.11768442392349243
58.37834629119995 67.68474070292758 276.0598562969918 309.9449068210867 0.11753568053245544
558.5293361321302 401.11975960370296 569.2369279631365 416.26980807597124 0.1166469007730484
200.67103473284303 325.47121919889196 252.6541749776463 387.0873931648987 0.11578382551670074
659.0675201144328 407.26510676888057 666.9922547432781 418.46704493742067 0.11496564000844955
587.010966767929 403.0248754121768 598.2868205876924 417.86338376351 0.11422882229089737
458.2404914611231 389.34320691199025 465.42104279159474 399.44216135298603 0.1140526682138443
569.0400311780132 408.3344122565952 577.7944047212992 419.5934236480697 0.1130872443318367
285.77085230678307 394.60855840195256 292.82589510427886 404.8130579340403 0.11304961144924164
659.0040440933182 433.055484750394 672.861220748471 450.0852634450365 0.11215870827436447
336.1467961280136 412.8341816881813 345.8686161542366 425.2608770009772 0.11142761260271072
351.80263431372606 396.980681349347 359.1179640103659 407.2826140001872 0.11101631820201874
640.5252100092517 378.76023273496986 649.5690100605625 392.5528445515957 0.11086490005254745
877.9304269543371 491.4300237112749 907.7363266049522 525.2236321450055 0.11028718203306198
554.3346223343292 392.02343586781177 563.2560273187579 405.1824064352089 0.11028100550174713
574.1483231531455 380.4170519451677 588.0535918844388 399.2014092019715 0.10991660505533218
97.34919507541545 456.3250622610093 108.7914131360625 471.1883803177128 0.10933434218168259
557.3418443480032 402.4692537579659 563.5227119626595 411.96772388250105 0.10915818065404892
283.02231497572376 401.78539054497077 291.2360024219561 412.9749087193584 0.10850419849157333
443.6524865970278 404.7410002670735 451.2759535365818 415.5089500306503 0.10816993564367294
483.4179978055849 397.5347276713839 493.0032795370219 410.2391666474162 0.10807818919420242
369.81198765073356 390.13906495028425 376.55697503745597 399.68126368862806 0.1079716756939888
359.32541442563115 401.91375286489296 365.81182276354923 411.00644507670245 0.10761868953704834
320.19009133366706 398.8958414133143 326.6637325286963 407.7748275366033 0.1075725331902504
279.614539320802 393.449372361904 286.630040327688 403.17674425204757 0.10757213085889816
384.28118301644764 391.96337781656774 390.3446205026834 401.1762236610834 0.1066950336098671
393.3767820024536 402.8430751816545 401.07079836244714 413.8681836394178 0.10662652552127838
610.8012311411267 378.4037258081792 622.9371233409747 396.6424779235779 0.10660935938358307
377.092833900226 406.6193447624615 385.832719453254 419.4707168809892 0.10659294575452805
566.7668838829396 395.27572684562926 573.6092582477706 404.49347613777815 0.1060672253370285
621.3868092183003 380.78271745079303 629.287630766815 393.3964267794243 0.10500605404376984
126.10794783605988 461.40298410782697 133.50969382036624 469.988680712731 0.10491982102394104
472.289774157596 404.0978649799444 481.5499999239243 414.72557969352414 0.10461916029453278
552.1005129070999 414.9424775405258 562.1499991414235 429.4082295771422 0.10380899161100388
537.6491552169899 404.85629619921383 547.0956333449014 418.12061394041444 0.1032717153429985
632.5305379438065 13.681163521503121 662.2107179800057 52.47372437296101 0.1032651960849762
790.9490844343755 496.16780443605563 818.5133663507038 529.518532600809 0.10304448008537292
822.5900534238609 359.7131789823678 850.4038650919042 391.9311533725438 0.10295780748128891
443.05692313759755 435.8609026326714 452.9267254991624 449.86195253910563 0.10251134634017944
385.5527371846981 406.5016432411898 393.4246642371115 417.77559935782597 0.10244560241699219
336.1628239217217 395.08075602563315 343.54146840580154 405.1594496732167 0.1019691526889801
282.16401235093696 408.11942111684533 289.18081466819433 416.5363436586082 0.10182356089353561
609.1594691983601 396.33799508725724 613.3377454564683 402.0812117104703 0.10179388523101807
341.5587609520809 408.8144509536132 349.4441805519742 418.83554481237087 0.10165663808584213
122.82726488591439 448.5353374602174 133.92568870888226 461.4970670045476 0.10142742842435837
299.1211662140596 399.90766494804785 307.2763537113767 410.33808554994414 0.10128911584615707
414.9666018388055 398.7880805902446 424.3091059251542 410.8403114056076 0.10123783349990845
484.2011738762077 378.62110543189664 493.77588271091713 390.98477381850887 0.10121417045593262
580.9579538611949 363.0036980517685 614.4410876153494 406.6939049077394 0.10121339559555054
111.53688913352055 464.28247074441884 121.31878283616756 475.42676693068967 0.10119390487670898
653.1177083824479 398.54974816535895 661.5083157642998 409.9396809206198 0.10115372389554977
331.33851115042 393.069107930704 339.31333303333764 403.3009840239789 0.10107843577861786
345.8389062691948 390.24973205338046 353.4548273541705 400.6526743499453 0.10104495286941528
329.73850769533976 410.068157130598 337.0026025607926 419.6189888961276 0.10085391998291016
618.4454378035741 353.1437863243355 628.6996499397254 368.749984493878 0.10083551704883575
601.5076724779916 376.7664146380378 614.9306670054026 395.56213641851923 0.10066568851470947
349.66204742093277 415.66500996040173 360.5840656059144 429.2016421905971 0.10047409683465958
646.9091932901537 383.2634779938588 652.4110175725103 391.6456636043268 0.10027008503675461
529.2803010479438 112.91345320876324 607.27802851065 199.5611017783435 0.1001221165060997
681.4151105968128 352.0286644470749 708.2498554741252 387.4381103665552 0.10002721846103668
823.7042057163083 431.8722534742403 834.2142137266148 445.5228245980831 0.09995586425065994
549.611799030791 383.4284352762011 560.1150480356193 398.9589220698935 0.09994705766439438
562.7635172716081 369.7900980502584 576.1825299628563 387.16505426292986 0.09981419146060944
444.72573737390996 427.2252135223014 451.96235515021715 436.9103537750175 0.09977128356695175
588.4470177683536 394.239732264572 595.6267565482226 403.6819499783657 0.09973833709955215
579.8044657490383 398.90714366557563 588.4758586856436 410.75472778403105 0.09949532896280289
398.95746037090885 410.2586172216708 406.7509318866755 419.46657430935346 0.09941758215427399
351.6514786985607 406.31705797060573 359.68012700355 416.7338973621454 0.09913511574268341
345.42821156723 386.66963101780857 350.2615579621714 393.1506672905501 0.09892450273036957
540.03365756081 396.8476010825894 547.2381579498597 407.70374315860437 0.09869023412466049
110.68882829161087 480.4228750634884 121.38628240915259 492.726211352557 0.09864179790019989
322.2804752740226 385.635496308031 332.53848947465315 397.8424723660509 0.09862683713436127
100.59534622130916 477.0648186248649 110.54464207215923 487.8786776824489 0.09846022725105286
323.6039107702603 403.74640410871353 330.0625807445274 412.3792162266189 0.09807214885950089
627.0185232782235 378.2414399555519 650.6657383572813 412.10294968208046 0.09800296276807785
530.7515015457138 402.4145907537017 540.1173673623587 415.38666080916846 0.09777669608592987
641.003020662039 387.4525438556354 647.2998330972018 397.1941986373123 0.09776605665683746
588.87186327233 402.48117286574524 593.0524950999305 407.22593960222366 0.09776152670383453
879.9262758919377 410.6361451744016 905.9862840645472 446.3116250099708 0.0977594256401062
312.4567230858948 391.4057273469909 320.24991454185744 400.2667641782517 0.09771863371133804
359.98267963843796 409.02070011173697 368.1717597296526 420.24983950357415 0.09770234674215317
924.4793420295214 454.6277074376545 951.1121940133986 490.72065958945603 0.09756281226873398
367.9591204647697 407.2276656697853 376.3077784818937 419.7174979883191 0.09749855101108551
405.6898055287122 395.87320200871926 413.77130906722317 406.529621399673 0.09720464795827866
327.5681233090751 377.8491682865629 339.28915810959813 391.90008482266586 0.09704034775495529
619.9296102454172 405.9855844484239 628.1003790962922 417.601806831893 0.09692860394716263
403.93227230897844 410.3380460574995 412.3077355541794 420.29052465546346 0.09690257906913757
661.9165489548793 359.28380346389326 681.1669178255482 387.53701131559495 0.09686321020126343
349.4401363931366 383.69459349865764 355.83263466180244 392.46039700721275 0.09654895216226578
331.91502192901515 419.8258939297346 340.26159344500877 430.6851160336708 0.09643704444169998
614.8583326502433 388.83150710578053 630.3979101882971 409.9559082567504 0.09636711329221725
660.4914531209871 398.24178385814963 666.1353824604518 405.7808154679139 0.09627391397953033
670.1594393713707 398.6711963615553 677.1765108082659 408.0946535024182 0.09620390832424164
384.2302238860375 398.93179660601095 390.82239170393024 408.6119740494963 0.09612086415290833
655.5252437324416 383.98613004796334 662.2467784865821 393.6943818447668 0.09585720300674438
334.73505734777916 387.37974881590003 342.1346165370012 396.93176391680254 0.0958087146282196
682.6504870750995 419.57043391749 728.1298284797105 480.185796535646 0.09565440565347672
659.9029682588402 383.1138349313197 666.1779115926624 391.8742698905063 0.09559661895036697
391.73224418287214 414.65305001610784 400.05815685663663 425.9700190117781 0.09554043412208557
419.6886870229663 406.40347237128464 430.42272999922096 420.2406705947205 0.09536519646644592
540.8634041282536 384.8795144745775 552.7757567658275 401.6195968239944 0.09536316245794296
591.0782073144072 398.5126298455982 595.8982498653671 404.0726228898629 0.09513473510742188
449.5580220596798 392.95612574952185 457.19674848163726 403.70935662534055 0.09510867297649384
48.9266959598108 124.7055434739603 132.61878087555945 221.8646764843907 0.09505107253789902
576.070572602198 409.26599031485307 586.716490700837 423.76178150956895 0.09501826018095016
500.4392439262931 432.27770163489004 514.0546121926077 445.83042036571334 0.09500406682491302
635.374483622615 372.9615083208134 640.6714134181193 380.93594808022243 0.09492067247629166
60.63283380353574 457.078016220422 71.93031075789771 470.7733713810249 0.09490096569061279
580.589421619046 422.2355001365447 590.6457266868615 435.8489716202365 0.09484292566776276
626.5550478571115 388.0472476061307 630.823374471329 394.3048800025427 0.09463728219270706
361.3320796026577 386.80633201722117 368.17348920167234 396.0368001351922 0.09450764954090118
408.0392776735393 386.32117688861314 418.48725470648805 399.9234746968155 0.09427480399608612
384.64174437882565 379.3431249318106 393.2712673458411 391.06056663762155 0.09421421587467194
383.9811374840076 427.63473888841656 392.0383782423304 437.75969859660347 0.09417267888784409
369.77097399013786 382.858331906397 376.58636273676996 391.87249655275514 0.0941542461514473
960.3635060207381 217.30868848998455 977.1699733191855 236.9395739704277 0.09410995244979858
466.82335682907905 408.95738635340666 477.67798809347084 421.9998375715855 0.09410570561885834
357.6038257597573 391.11423571656593 364.00223462203274 400.2061487436446 0.09409091621637344
621.6763314404334 400.13475564394133 626.2192302690534 406.28304108966967 0.09397460520267487
319.1108837622549 407.53179976872156 327.4721256675625 417.979973542626 0.09387534111738205
399.25818307604635 391.17341937653714 406.42476073510807 401.05721726746594 0.09387417137622833
538.1151845235235 417.7284738717121 549.1809284044195 432.74584185925664 0.09374526888132095
105.90558660436409 472.1335508137203 111.8969277095703 479.01480137297955 0.09373267740011215
340.5978647860324 423.189880945432 349.6728900443987 434.6684330196897 0.09365314245223999
121.60939086653664 467.5843879110524 132.75469227462284 480.1713512892577 0.0934579074382782
615.4113621934297 396.52997768902463 622.2362749312274 405.71734985946324 0.09310630708932877
597.6108436905547 397.3633111246295 608.7132132987558 411.861365659215 0.09301292151212692
324.059056283244 414.28761672644697 332.56945530151387 425.25523287490984 0.09298025816679001
640.5654700094898 412.477899514555 647.2251380488294 421.61700048770683 0.09285982698202133
644.8989629179193 377.23445545962494 673.719884874462 416.1034065058753 0.09269300848245621
519.7278872073458 400.51793054317625 525.6446835128644 409.36828567660405 0.09266015142202377
322.65589510627854 421.9904768286636 330.78371059917094 432.0133487544912 0.09256860613822937
820.2884547665739 418.7035818057945 854.5742793364544 462.51380421314065 0.09250439703464508
654.3119482785327 428.486527728866 677.4624839600572 458.10684207736375 0.09249253571033478
648.4322900066817 393.87270661008984 654.2062909873131 402.10431146775755 0.09243205189704895
903.1527468856666 395.2363697018213 917.7360814177615 413.4770328452236 0.09240182489156723
531.3271151226689 390.3255088063821 538.4057902789851 400.31488412840076 0.09237882494926453
427.09193274809905 381.12466515341 435.28424070710713 391.3910767821556 0.09233114123344421
624.9029047321416 370.93951723938875 638.2925539875521 391.5606560673178 0.09231778979301453
660.2425688944243 31.604500550541868 683.4709525570961 63.792363099431626 0.09229929745197296
408.3432122667493 416.8822295304956 420.29502615239824 433.08354003819704 0.09217406064271927
665.547668016643 17.58703941740398 685.969134331624 46.66680756157893 0.09212258458137512
646.2414736325103 364.45677976008557 661.6083969029479 390.06008768320015 0.09195246547460556
604.5409328056357 394.28142208088286 616.5369979818674 410.5330208206377 0.09195166826248169
607.5095357328863 404.83159465967617 616.6083521040936 417.3744259913429 0.09193433076143265
610.2449159124068 384.41196756602255 614.7784209031583 391.8153750045271 0.09189038723707199
472.8658666693028 377.14141770157073 481.6137180680911 388.896824106009 0.0917452797293663
509.5912562670542 389.6425257866982 519.0038888620288 402.3678462045358 0.0917261615395546
437.8693696976306 408.22826908098693 444.35158250687755 416.8722940565202 0.09170930087566376
588.3859169951963 416.0214151784093 596.746179908813 427.70975785944785 0.0916474461555481
764.9308793453906 485.32435254126085 798.6323114159713 530.2651771142287 0.09164657443761826
385.6964433706617 416.3286299006055 393.6457940521462 427.512395070592 0.09135312587022781
595.2852760229111 398.5074453080983 599.7032450386893 403.93628809585863 0.09116876870393753
299.67955143683963 405.35830416790856 308.6117021053253 416.5335922445402 0.09115836769342422
811.7444626975182 493.4445976031153 837.6222194378016 525.6047445342273 0.09114722162485123
432.96969160697466 402.0834931592628 442.4116710789205 414.9414821611502 0.09109380841255188
407.81923410969944 404.99484943976336 416.11097902371597 415.65792483552053 0.09104283154010773
359.8587277001858 427.28682871935314 370.3243729349479 439.75510045972226 0.09102866798639297
591.3955436100542 387.02468828090537 595.3162916780473 392.37512501142317 0.09085056185722351
466.9832391878879 386.22983700325335 476.5556238740143 398.9053115687284 0.09070508182048798
917.1044029519888 225.53978050801825 933.7039693267852 247.86631540222834 0.09068109095096588
288.2853356350861 407.9474373776796 295.8128240052299 418.7975696348374 0.09059899300336838
595.0841296278645 411.7343487356605 607.7774926214908 428.0697561301682 0.09042800962924957
366.17528769396546 385.7055365783482 371.8738924599324 393.55432811983763 0.09042710065841675
351.136993525219 430.2504462718609 358.2887717273658 438.00756088233913 0.09040199965238571
275.0409689316688 394.2137525529002 282.48190167431596 405.032455619368 0.09034357964992523
356.67418206709664 384.03248417050304 362.437952243223 391.820744398725 0.09029887616634369
293.71348625754007 377.6963131668661 313.7352114405151 402.0051413023148 0.09027859568595886
641.5189060655348 395.0200448151576 647.0081795880961 402.8663024185911 0.09027240425348282
918.4722116384952 407.79093188755155 934.6282777513795 429.00393018256045 0.09024465084075928
353.1821463721729 389.16165922995486 359.2263828136954 397.6777185692172 0.09023639559745789
378.20683049853494 417.04988703181647 387.7666605787353 430.2027416531621 0.09004611521959305
304.5896625934578 408.1140554458208 313.4160573185529 419.4697419086685 0.09002000838518143
933.9997133005672 217.43167522291176 945.5763331108303 232.75488948157218 0.08998098224401474
664.1333335670481 384.6858025905456 681.0910886023815 408.8783587504241 0.08994686603546143
619.9008534242652 417.24272743682803 630.4582494008857 431.888854265225 0.08994085341691971
618.7511363566906 384.7075352803059 624.3089205404805 392.4788723137298 0.08988256007432938
107.56645302590195 455.6771839984223 117.82121826246018 467.72280816999444 0.08980116993188858
312.14906459728496 375.38363804575334 323.5838639473336 389.0372059595735 0.0897822305560112
612.6584245209792 393.4591391097277 617.0970389112864 399.4727083942681 0.08972854167222977
839.0774811581803 505.5731387892324 854.1495539986822 523.1844923334421 0.08971653133630753
621.0867486058022 392.50243952239543 625.2784315165055 398.3366288273997 0.08961828798055649
360.6228589633758 419.673835533911 372.1621534801611 434.25316035840524 0.08949696272611618
275.54120884944336 411.7825988188526 282.9281911503921 421.69859818048917 0.08946429193019867
377.31099818422274 379.02789828650054 384.7337767763706 388.80242583055417 0.08921143412590027
623.873850621038 374.1892482583734 629.4940185631975 382.9008666827472 0.08920726925134659
403.82543951571205 227.10390675048848 773.5259422662218 619.7394151760396 0.08916492760181427
853.8148106193214 364.7142513901282 885.8921915884644 407.7338090779033 0.0891135185956955
304.12213344834095 390.4819433253447 312.6827438778194 400.96915506133394 0.08910291641950607
550.6489418860917 374.6902415179569 561.184518284133 390.69429651491424 0.08907540142536163
431.8278837044859 389.2037732115172 440.53323955197345 401.0263170803921 0.08904073387384415
265.84814091788263 378.2892330552632 289.49489809708257 406.2773166630576 0.08902332931756973
624.8366959576184 345.62754695973575 646.6260838331962 377.9040597158412 0.08897414058446884
349.37536053658914 431.52863978869 358.73877933928844 442.93832538593114 0.08893963694572449
837.1095961522225 465.0599576164235 864.2818024455869 500.0193766601601 0.08889135718345642
282.51327675548555 415.0699234634603 288.5021173457791 422.7303375519425 0.08884502202272415
630.8145973357762 395.84793173462674 639.3614128816913 407.5443143685447 0.08868126571178436
332.0659860287867 430.67556510600986 341.22463954529877 442.1092711721742 0.08866866677999496
605.3450108347668 393.2357672830177 610.2128649565185 400.222282484894 0.08866345137357712
634.1654784805511 384.35103764523126 640.9330210545868 394.5178812631684 0.08864901959896088
609.1887131416511 29.832528898658477 636.667703457197 65.82223173095515 0.08843737095594406
463.306959120489 399.5413665079405 470.8565124963007 409.82291596006104 0.08829601109027863
706.5928013827834 347.67552749028494 734.2315956265742 380.27281223088147 0.08815442025661469
569.3541643680289 383.96599901757077 577.7290039883484 394.8733894293706 0.08792518079280853
608.454913746628 402.1450103842693 625.4515752721865 423.03806992504354 0.08791033923625946
311.1998688112813 409.0765397220864 319.86259194360287 419.74030655069333 0.08790499716997147
373.50868568393133 417.12527478741237 383.0156990599501 430.587065168661 0.0878700464963913
784.7243563587855 471.17574387700387 808.6049211971463 501.008663526852 0.08781399577856064
602.7887435761942 354.6420755256443 618.6184786182431 377.0329590542278 0.08766088634729385
746.6827403999916 393.9078223826027 786.0275942681594 442.65834806756635 0.08762039244174957
817.99013050456 445.65695019549224 834.7241134658645 467.3689559479711 0.0876159593462944
434.783043129144 417.80990516681516 444.1330309143192 430.9922538432302 0.08743178844451904
885.303337056412 391.8102248242928 897.824550047656 408.9800962689963 0.08742371201515198
118.63876941594941 478.5308675610871 124.53248380724499 485.5569926278555 0.08730410039424896
383.39556179079847 224.85667638216438 466.7289882227889 306.7104784304673 0.08725892752408981
684.5226802702693 378.5554793278062 716.8882398000828 418.5816878723004 0.08722801506519318
622.1502591666856 397.01360120783727 626.2855637311698 402.39860921141087 0.08717662841081619
523.7827697712964 411.1858638425246 534.7076384667209 426.5437862842975 0.0870901569724083
624.2408066885241 399.59212648856135 640.2540374600703 419.9471474974928 0.08706824481487274
603.4960999148665 421.36297128148067 622.8830067218433 445.14384692433083 0.08705190569162369
315.86738871260604 414.9700396008469 326.36178741775296 427.7255141669582 0.08692855387926102
780.3007085713451 463.0584357497949 815.8568579037983 507.85826786543197 0.08686985820531845
271.0505631358459 400.78544953854873 277.97555040371515 410.57589843027324 0.086851105093956
952.1220139718679 215.78128124815572 957.8988922527458 224.10174017422315 0.08674304187297821
905.4840724840359 232.0785672793532 918.9949112815423 253.32105565130678 0.08659964054822922
913.9862527214568 253.17221652989508 928.6714415011373 269.86881354428857 0.08643943816423416
66.02192044501183 2.603518264382033 164.42268315307945 109.04797001757407 0.08643914759159088
600.7434534095662 383.95421009789106 605.1339317666666 390.89397835929935 0.0863678976893425
639.8758338614691 375.6192017646743 644.6797789868988 384.4265872271283 0.08636515587568283
714.9615891326225 424.11293729593086 767.9763410251173 490.5894368043287 0.08626089990139008
400.9889881983114 274.09456195440674 443.1585359620791 314.2256087266615 0.08623649179935455
295.6716450385942 405.73916834195757 303.721270414044 416.14415700387536 0.08614623546600342
903.6692107549515 476.01536800940465 936.4185222892077 513.8709150604011 0.08611514419317245
671.3680098663358 385.37888323997754 676.9639047087694 393.9306657045451 0.0860905647277832
356.8765002743194 428.37673359716626 365.0526458869791 436.67091795879725 0.0860847756266594
360.0127047491726 374.2433082549326 370.9137925796207 388.0911760812968 0.08604501187801361
372.3981727262367 375.1585866318144 379.43830524770226 384.1588652657196 0.08600811660289764
571.8992670380709 419.16556375496083 581.5596450083157 432.54459483696843 0.08598154783248901
657.7758490993979 391.8978696414823 664.0973194059756 400.54954093029875 0.0859801396727562
789.2609720677543 442.81677503532234 816.5200056459141 477.37858009528225 0.08595193177461624
108.30140554367188 265.40333256986935 127.70993234252407 291.9130524159299 0.08591866493225098
669.8318021322725 63.97078087994373 691.8895503921558 89.9185764915232 0.08583856374025345
342.251706548329 431.6380855578399 350.38924024558384 442.1940813948993 0.08580243587493896
642.7890125912033 410.51531211066 657.430629197211 428.89100312810814 0.08578650653362274
651.3657760827138 414.22130787498764 662.1396553434673 427.9772562388086 0.08573465794324875
641.8196270123317 363.55410024124524 647.9482975630507 373.8782496598685 0.08568127453327179
815.2561534917977 395.39591774008045 840.3526044638505 429.2378134854409 0.085598886013031
588.0721486781495 425.92354695472363 604.6147958808093 446.76393135825873 0.085455521941185
926.8760578498845 240.8131871758306 935.874648118598 253.61385358849117 0.08541111648082733
627.1314620451814 379.9306203744334 632.7355878886876 389.2081508749776 0.0853714793920517
435.80487239009375 399.20587641027043 441.8313599597105 407.2615631708397 0.08533774316310883
340.0552599794214 380.41471956254475 348.32705269307513 391.2404158260176 0.08530309051275253
581.1933384926947 392.254297909187 587.3188317841502 400.6825833499969 0.08526397496461868
618.654899426566 397.28352840475435 622.5833663756752 402.59373328063737 0.08525506407022476
605.5211231260885 379.1098238651637 610.6716919034793 387.55652785113614 0.08524470031261444
444.4637278146804 393.14197507164283 452.69759793514663 404.1137622471053 0.08520811051130295
925.0234499746784 404.11773783475377 935.0005432652874 417.6406011853337 0.08519888669252396
122.18328647489678 480.8418934477913 133.44594886899128 494.6790703459808 0.08506378531455994
345.0104568435405 370.1983593260651 356.2770814270063 384.56926082224146 0.08503487706184387
526.776745848133 369.9135264035245 552.7434122969751 403.3215214919778 0.08501047641038895
324.65307261058894 420.34165190299814 345.1339871725414 446.2395653804747 0.08500175178050995
927.9871459129504 248.84912746771488 947.3402960882231 275.1024423618445 0.08497361093759537
831.3821419829798 482.24802870939413 851.9518991066595 507.5096137270619 0.08495447039604187
96.82484900884043 437.7216075140961 116.20920447431538 455.7497453760844 0.08489099144935608
911.0621011959879 274.561640827941 927.5205931246752 294.49175842217693 0.08482328057289124
665.2104780114424 406.5526819362526 677.1391374399567 423.3794427207672 0.08479955047369003
881.2856571925597 433.1185213202512 899.7271107529318 458.55538119087333 0.0847976803779602
624.9345103604103 395.1664685494524 630.6426642634854 403.34579118347085 0.08468791097402573
614.9721910037075 395.4001300723172 619.104556169707 400.99421346733425 0.08463180065155029
638.7115474233116 371.1790582341849 642.7580845566202 377.17443581238365 0.0845235139131546
525.1554460977138 386.2018568359642 533.1819639990618 397.8838983153975 0.08450669050216675
906.2233146082382 385.29800954402634 917.40123501127 399.59526191526845 0.08447520434856415
358.5665903912449 434.1186837790504 367.2330877895185 445.03906897994824 0.08446870744228363
940.6189515713243 32.27096708533347 968.3877084432563 75.23137428678743 0.08446380496025085
422.7774617028224 419.3570578701023 432.95196528544466 433.23055997312116 0.08442816883325577
647.6881913559307 373.4616381198462 654.6373639542466 384.9503154306942 0.08429137617349625
317.72111251296866 369.1601681337992 371.06242451068175 431.4315364366655 0.08425147086381912
611.2432211767189 370.1916106169929 618.6534423255434 380.2211092035113 0.0842488557100296
457.8101691075212 407.24898714270205 471.0530784749803 424.14559025945687 0.08419391512870789
721.0441101945526 376.4865160710729 758.2516743097053 417.61901333970934 0.08401695638895035
831.5492180172164 424.18722205872893 853.9218326770765 451.79024392850573 0.08397522568702698
106.86929701791597 269.5185009541696 175.98946724653106 348.46938796866266 0.0839710608124733
674.117945062969 406.7118677840545 695.2233263236127 436.4185863643028 0.08396396040916443
315.9152519061063 386.9282322364641 324.26382422137306 396.4893350466589 0.08396393060684204
363.4710150020308 376.4018225421859 387.30936170333183 409.8746777862793 0.08395296335220337
596.4949699337103 389.30671977743725 605.9891454525523 401.86007934581346 0.08389711380004883
535.1151819835192 52.866206660005346 615.5276564246948 144.73911079803273 0.08385469019412994
377.24851272997415 370.46088099235976 386.5203051370632 382.52975923310146 0.08385097235441208
273.1431274014586 393.4471572890992 279.46087125585626 402.9859796810883 0.08382114768028259
626.3881184926532 409.37911885486784 646.9565552172305 436.7491447586688 0.08378036320209503
627.9261371551803 391.58178576448097 632.818004130344 398.84631422371274 0.08376692980527878
444.1662568682009 413.20901419377213 454.08296790951044 427.1391150731126 0.0837649330496788
813.6935228809425 425.97164364525 828.8607847840884 448.47655035875084 0.08369529992341995
541.952461920389 365.0947625391589 553.8875915261016 382.3451629329881 0.0836125910282135
671.398581570786 383.9160512082246 675.5148348401204 390.241367727732 0.08360093086957932
896.8790510026408 253.62818019547748 919.110778377065 283.6068204896064 0.08352506905794144
434.1770609750972 430.19898538469903 444.1518868266162 443.58486306678697 0.08350673317909241
517.1969925423898 395.3872218026807 525.2531297825841 406.71641513850926 0.08350314199924469
633.8544829693759 407.1205824735463 642.1709273475763 418.1852528764324 0.08345839381217957
389.7060934384047 372.9816168996616 400.3150645104154 387.53861061134296 0.08345718681812286
886.9679498767547 403.0252264702858 899.8770817693039 422.3914587748056 0.08336636424064636
322.8719154827057 377.78445794053545 330.8759783869586 387.9205543747533 0.08330295979976654
453.76372368538796 412.6349636993021 462.744471059635 425.3359470090182 0.08329104632139206
830.1589945945284 499.0919739249025 856.0514719996812 531.055826560677 0.08327711373567581
652.2288275045919 379.61621282474647 657.9564677188707 388.4832053110346 0.0832197293639183
606.5951038171883 398.6083991806934 612.0633602458354 406.6472798530738 0.08319054543972015
69.72193703383833 449.9034164783099 97.54182399846928 477.5691355849692 0.08317180722951889
911.6379742673404 395.53719185787 931.0108844702103 419.3463478587006 0.08314912766218185
853.7877210130184 476.17363373323167 865.2694205217425 490.8289280861508 0.08307629823684692
647.2891692938766 362.66051640889407 652.5248995437123 371.2593504562046 0.08307281881570816
570.8879816400587 356.01033320629364 591.1601264436803 382.0406929225048 0.08291369676589966
287.3179590808451 415.4075427403025 294.1656959958821 424.85286667315734 0.08290665596723557
308.4147426838549 419.3476157055327 319.88440079281213 433.6663206915303 0.08287861943244934
946.886811796607 234.69217276723967 964.536585128498 259.5299401111793 0.08285395801067352
867.8950367724501 376.318400179332 878.6093284870968 390.4872041409768 0.0828358381986618
638.7556610963125 351.8798881866149 647.6093905944035 367.5300282274403 0.08281483501195908
672.0409300119348 312.93771494203827 708.641379242815 356.03245759929916 0.08279314637184143
287.434365968453 385.07062685011346 297.07280141136573 397.2351864215485 0.08277876675128937
367.4975563111608 429.86914933620517 376.34546256383004 441.10608386475093 0.0827731341123581
658.9073272350538 420.5313723833308 671.5270234906749 436.3387024070892 0.08272570371627808
269.62030451112844 428.3185956324468 275.1031261222201 435.48054909278903 0.08268015086650848
630.780698791757 377.1629581620081 636.6454365341738 386.217842471462 0.08267072588205338
416.30169605284846 380.20744374896407 425.42144801270814 391.7423120493851 0.08260703086853027
533.8363348522013 427.7037108093949 547.1098949009883 444.49360469091295 0.08258799463510513
211.05879821531013 240.13502559984113 280.7483750509144 318.11098216492894 0.08247804641723633
370.12024375564425 365.21570365106777 377.559474983481 375.00489015544576 0.08243060111999512
771.5663865198231 442.4380803205624 794.5650581878746 472.13069148315105 0.08241751790046692
457.61211385708924 364.8730785860829 468.2652428613807 378.3267461092703 0.0823848694562912
546.8082433428561 351.42698038220806 570.2355925281828 384.35636415895175 0.08235648274421692
549.9061534248443 360.1933454164347 558.9575843903211 373.14731744698963 0.08233363926410675
542.0323330061035 393.54145891635113 584.7369583441919 449.00488747852717 0.08231104165315628
930.7665548474203 271.7928111293501 951.9954168440521 298.2136173934588 0.08226992934942245
344.8470256278272 364.2607032934966 352.984494246073 375.29962234642176 0.08212384581565857
985.1699029589417 227.2781876956331 997.193539711287 240.81228323906936 0.08205292373895645
347.47052676513545 380.72601320827306 352.09512224419444 387.17032828217293 0.08203400671482086
928.7425729466435 416.5757613129432 952.1042568840887 447.83098066407734 0.08197280764579773
406.5766321840252 381.00365852200446 415.10724068976026 392.2472908408847 0.08196688443422318
526.9363918898366 417.78217063575164 540.4990730025849 435.8644296698964 0.08195028454065323
272.8709002011109 419.8038038648764 280.210956160445 429.6328107727836 0.08191995322704315
844.0021851336217 394.2432306969179 874.6862374817736 433.59689115926994 0.081892229616642
895.4080668278426 404.908195847286 912.3246195248689 427.50067763383447 0.08184614032506943
336.98761507104484 383.0347193157913 344.63141593767097 392.4372187457868 0.0817810595035553
772.7937716857698 366.9967277093957 803.9209606512427 406.4387333343822 0.08170361816883087
600.2445592121143 392.2927060749597 604.8273696757767 399.23404551519104 0.08170060813426971
397.89413872256756 383.5096931326595 405.18620709383407 394.0659502100629 0.08164991438388824
853.9091856938752 492.54081547697285 880.3734440682556 524.315011887685 0.08164555579423904
637.7782243474695 319.5208429143546 669.0981188654895 364.4437739115206 0.08162213861942291
453.215217728824 377.60483053055 463.6142961245373 391.7287804989841 0.0815829411149025
807.6134737836901 380.1901237391954 832.0560267000748 411.33400440581465 0.08141903579235077
264.091375846475 399.666739941396 276.3849391338315 416.06039449117736 0.08134712278842926
671.3961018389342 371.2025791059557 677.084971511911 380.7572932879522 0.0812225192785263
279.22476262207147 434.6611263920473 286.3795840386773 443.74438714211516 0.08117435872554779
749.1276870774915 447.3514855584595 795.1548377084919 502.95322266581655 0.08117355406284332
616.848133635833 392.1022078031707 620.9944583127834 397.7557336601967 0.08113174140453339
92.3148351166321 482.9837803601973 101.65962538640835 494.13420903408974 0.0810382142663002
719.208366703026 426.9751099750645 741.4890818251056 457.75685541570436 0.08102994412183762
79.11833615020123 321.3644290407183 143.9972586973927 405.63469271736807 0.0810266062617302
673.3171472625077 392.9463778912587 686.3781207791163 413.2404747305471 0.08102255314588547
730.2141337001715 406.10924558560913 765.409707947561 444.31271148405955 0.08097435534000397
87.82760692635487 432.725151069611 115.5775769126467 458.65575889266 0.08092191815376282
597.1720910444413 436.2854220362894 611.7825411749262 454.03829298756926 0.08091669529676437
798.9587635209095 483.4524579204376 829.5889897524941 523.3374932379473 0.08089619874954224
331.7053620449319 436.2437781736517 339.4599096821768 446.47353513560233 0.08089251071214676
894.1009755257115 386.1241769213941 900.6850071427623 396.01551895061925 0.0808146670460701
293.5808560214251 383.7576001718423 304.45429979207324 396.4314665490141 0.08079259097576141
125.36818157229766 224.9195470293441 400.95322691768274 525.5963632846048 0.08070650696754456
799.9277931686491 520.5877343669716 828.6684156751578 552.316337536045 0.08068227767944336
666.4308551068909 388.3252867489582 671.7183284302714 395.7839070099688 0.08067978918552399
536.5695568496187 390.3602087671984 543.6453068024671 400.038167449565 0.08065209537744522
592.2867627265517 375.27513970729444 599.8815566006672 384.2113266211707 0.08056111633777618
144.30738567872882 233.62109569447026 194.49794874168876 294.518484539289 0.08054880797863007
307.67764942944405 385.8766716457299 315.7168662525735 395.4806657663254 0.08046405017375946
920.6851009722557 223.54749061395003 926.7828720714473 232.93435464217933 0.08032248169183731
627.7052630752188 365.1335878944982 636.1484517100472 378.35352007331994 0.0802372470498085
622.9720892812579 345.8003523690333 630.8592573229188 356.2987282093393 0.08019502460956573
643.46971041501 388.14051219520996 650.6157727433123 398.71806201520866 0.08007783442735672
657.5165626649585 346.3480358110954 673.009484889844 366.276130353167 0.0800618901848793
787.7020708548652 325.882705525642 823.6081732921982 372.0376021666049 0.07999024540185928
501.32518064922306 382.47310018606316 512.1168300944307 394.8538412934646 0.07998506724834442
846.252459778073 450.72481773586907 868.1294815265168 478.89973406421905 0.0798882246017456
248.13208797064007 369.5601919090178 272.79872713263524 400.973395997619 0.07988352328538895
312.30796014064697 425.4772720212326 321.786497437282 436.8376777548363 0.07987440377473831
688.0751953819154 401.9172569700089 716.4070754963373 437.32549776631635 0.07981870323419571
300.3873765533331 351.6221433485037 323.3937203701882 380.8993137871792 0.07973102480173111
887.78941744605 230.709909354803 906.2537860478623 256.1830879665969 0.0796927884221077
598.1421688428193 371.49914946569834 606.4888962311511 383.98633774235066 0.07961885631084442
630.1285021241969 385.0059034422884 634.7120440610662 391.89525395934777 0.079588882625103
398.6345270785572 419.0592197585089 410.4946340050595 434.588080644966 0.0795195996761322
943.1011257752131 441.5488173832716 972.3852415976656 481.3998113142616 0.07950013130903244
592.9207941268553 390.2279681457991 598.8003657347228 398.12082838998634 0.07933539152145386
639.4284089076092 421.02883803062156 647.9672658774424 433.0270819609044 0.07933150231838226
390.05774382113054 356.4908335285879 397.2903692017218 367.73047336274783 0.0793178603053093
165.3833933844054 333.92184445078993 210.9096636780588 396.5162030933684 0.07926478981971741
530.1670732141384 396.0726238416827 536.044584591302 404.20464104060056 0.07909253984689713
300.4570607073231 414.04732855199114 313.38055688177275 430.30412556878235 0.07901658117771149
741.1600842744238 304.8258615706002 780.5175313147105 351.2285472213142 0.0789298415184021
650.4547221334954 404.10155972693127 657.5210237355814 413.1036508155535 0.07887468487024307
322.4304146646074 432.5773853874623 332.97596937794793 445.93670215341893 0.07886365056037903
353.5706350561216 379.56563242394924 358.8397701683108 387.4893675515933 0.0787796601653099
403.65419093644255 352.44355464564865 431.12167380450984 386.6420427063618 0.07874447107315063
940.3128161741972 391.58464703933095 983.6169710784945 450.35546776188573 0.0787086933851242
363.8096865736255 438.8351918931083 376.185568217065 454.58938193548903 0.07868684083223343
988.2719086613861 230.59798754561456 1013.5506270305968 265.55426561167025 0.07862738519906998
159.93316244814287 388.5526307355698 190.6985273816588 441.1306141507798 0.07860502600669861
266.30041421720546 404.04433977663336 272.10086046633154 412.1312952265432 0.07857602089643478
936.4004822998645 246.59829756512502 949.0553705459738 263.12681336490823 0.07855366915464401
634.3657312112038 393.3763106899842 642.3467465309473 404.45397639854247 0.07852954417467117
388.7822926350419 432.8206303449939 395.730110833524 441.758480928561 0.07846466451883316
643.945958292962 352.2014399210831 652.022726844205 364.7875478078359 0.07842385023832321
656.4954332513439 365.5217476352228 662.0644308371022 373.90729749584574 0.0784008577466011
861.7504764751561 473.26967952936525 886.3365243449543 504.0161358971846 0.07839841395616531
467.56348067761047 363.21776696474393 476.28587941383176 375.2122460793013 0.0783877745270729
431.2211887462753 396.0785074705339 437.0293547772219 404.66956027528516 0.0783747211098671
979.6497524503793 283.0025602098743 1004.6326789740259 315.09019328482333 0.07836443930864334
268.02139107308636 410.00627549031054 274.9112090998008 419.4061667181629 0.07820598036050797
519.6457223700504 386.85076728538417 529.4632143680125 400.4135552667767 0.07820353657007217
277.33096170599964 381.226067210759 289.9947304473466 396.98682864107127 0.07819922268390656
407.83234212230417 425.64678209597105 420.60371064064964 443.26727343914183 0.07819285988807678
451.4388477896411 431.08179406483185 462.62599445064575 447.0762396511694 0.0781722292304039
553.4298461180509 427.590828144745 563.362812540557 441.72227579091094 0.07805997878313065
622.4979294413572 373.7184847996111 626.4820964211528 379.8316421493345 0.07805189490318298
618.8925621803995 368.69138030935653 623.758739258192 376.1056577205733 0.07802868634462357
611.7870469587943 400.18039236202264 617.1390511199266 407.8119569284182 0.07801207900047302
559.8716499339411 421.6139845038454 590.455431401093 463.78463056404127 0.07799126952886581
259.2587684905769 404.52549306853047 266.56315449868634 414.4222716665947 0.07797672599554062
639.8694460538916 431.704136449566 650.033314122895 445.97947637350586 0.07795427739620209
634.8353370028593 365.12840910495197 640.2754284296884 373.7673825381322 0.07791485637426376
443.45000182387423 378.2354339384172 452.9415561537532 391.4560764793898 0.0778953805565834
417.36566064119705 394.62732334752894 424.9359157008425 404.7417021390076 0.07781028002500534
433.74889949628425 378.9960029318464 443.25323566765326 391.5156759648515 0.07779686897993088
878.6458937945162 395.0071020783487 889.4727082156021 409.85342675474953 0.07777898013591766
869.086759585889 391.95496214060825 883.4633369677216 410.4252521659967 0.07777121663093567
452.47311695290267 419.21961042223256 462.67764983227505 433.52420728434015 0.07773081958293915
703.33495916423 349.6619921478189 752.443442030293 400.32040442182665 0.07764528691768646
440.67761100123005 395.0588902262274 447.0323572597863 404.3318654417144 0.07757192105054855
400.4568541837384 375.0539711773607 408.56538136108264 386.16481296206933 0.07756447792053223
900.483497643459 319.7643032408614 942.1407337617762 375.96664278987964 0.07754125446081161
664.7762866557637 398.07974966960774 671.3308321566241 406.74012017995364 0.0775006115436554
858.3907460861345 407.90658350736857 880.3583198504974 436.51148090323574 0.07727496325969696
651.5260571804108 363.0035275141392 658.1554557020443 373.6339418312192 0.07725938409566879
100.96518476248086 468.76758656843816 107.43031359522784 476.30890391218736 0.0771583765745163
915.1271833595764 289.1884856587499 936.0129184152522 317.95127080196136 0.07714007794857025
381.4442154885601 366.6551043059046 390.6992193703996 379.30286617705417 0.07709810137748718
971.2201130943906 228.7969024899929 985.8594003727147 246.4904072421795 0.07708127796649933
393.1377910128932 430.78344083555754 401.55830861312177 442.34261558132 0.07688399404287338
372.34795417214764 426.97361781887935 381.80934446399743 439.3245850541155 0.07641279697418213
669.8649467695398 432.33065972202405 699.0307994509778 471.6781059057692 0.07640384882688522
557.4576436018207 354.1994884063074 608.7116408787294 426.2119374711563 0.07639185339212418
361.73830976416167 373.31326127898393 367.3894342965845 380.8605374456917 0.07636155933141708
730.3225467388007 451.7807796067933 742.8616263566098 468.1039454397083 0.07631444185972214
346.1339925481863 353.6577800198895 355.98312636801955 366.68039820357603 0.0761735737323761
134.3995211278954 288.2490642938455 154.8441362839217 311.779856498531 0.07614821195602417
732.7452099249645 440.7509332717961 760.3930311636431 475.52110848936405 0.07613324373960495
537.6363576380517 443.11043043126494 546.8608974408345 454.64435880715314 0.07599157094955444
281.37266348087473 417.43504820941007 289.49338650810813 428.2863864469865 0.07589986175298691
596.1260554761514 328.4154522523321 624.6837670539447 368.3194243427665 0.07589141279459
503.1875587416822 376.07717052616044 511.96350407114346 387.92435431620106 0.07550595700740814
854.9005692751094 375.5789437023756 878.2297804604219 404.2470136309715 0.07527493685483932
743.7195355432498 469.73047766952124 775.8017758258987 511.01154817282213 0.07522363215684891
423.0856253265762 431.3665562502282 435.74035872848117 447.88032274598754 0.07516347616910934
356.35838204148524 369.80177977295244 360.7019023595634 375.8697593462511 0.07512214779853821
949.5835440090336 219.26310133584613 961.3477063889592 236.2296117407209 0.0750202015042305
801.324763546288 345.1315754722124 828.6628692012716 381.1221813438089 0.07499287277460098
74.03960020794484 282.79694134048026 98.53180617574368 311.2564692891288 0.07486218959093094
567.3336769809991 429.58371250992576 578.5998903853139 445.7752971387807 0.07486147433519363
517.8570931555979 384.8712158803423 525.9599241926934 396.20096457205653 0.07482276111841202
92.0661282731233 272.6492203997631 111.43370038127435 296.4839465316839 0.07466768473386765
461.79514625720327 431.81226995257623 472.5116018621402 447.4793214406618 0.07459385693073273
668.9883620174397 357.2416198992589 678.4487098720639 372.3466040113139 0.0744333267211914
912.2127139033644 423.6042276458148 946.8110918470852 471.3991009348062 0.07441472262144089
923.7021561935226 479.9652724089482 964.2183319972596 529.9907607638198 0.07435674220323563
893.5558228170756 479.29620100186725 1214.692827672357 864.9548380624949 0.07432803511619568
251.65166731476685 406.5866330864046 257.82171226505324 415.924027282179 0.0742589682340622
871.7885954223275 465.98904049624895 889.3956063800632 490.7553392351821 0.07420127838850021
722.65398030488 484.23075128943236 762.9836943634323 534.1015166978638 0.07415903359651566
123.79414221882527 268.6028027836042 145.09984396316818 293.5430742037952 0.07406327873468399
323.6946705230728 52.812282108194466 571.9294506829547 335.9849739703006 0.07405750453472137
278.10398165070467 400.9557564109643 315.60572152198176 445.29839933551364 0.07402551174163818
327.9906741359036 362.1806778061394 340.67255819278824 378.65185381813546 0.07399065792560577
591.358226947483 352.494703603409 599.5985466019262 363.39039504624947 0.07395897060632706
967.5938356097096 458.1205773463648 1004.9011105417321 505.2978022253553 0.07392057031393051
-42.30147417030984 255.0067440531473 135.02154572432818 485.1084476271235 0.07390245050191879
1021.7960928727018 479.2489263737741 1059.917431233157 517.8577133805331 0.07386434078216553
294.67454725654864 364.82190760289427 307.2108031248234 380.64360923565135 0.07385306060314178
608.2347693958122 436.72034836028956 659.5893529119646 499.5518675704366 0.07383844256401062
535.0704055455517 361.9447805113893 545.0075806554722 376.44818233791983 0.07381055504083633
502.1678497557829 348.178709282089 540.7847233838733 403.49846548942406 0.07376237213611603
581.1606428123488 370.2771630432604 591.5741339859255 384.4729886445581 0.07376019656658173
649.4233840708451 430.10583213187795 661.2775768027742 444.6636435362796 0.07374892383813858
621.7972452509207 429.229573296809 630.4546155316973 441.73686326819217 0.07360569387674332
410.7807358891378 371.4168061357041 420.3526828759807 384.11444401579473 0.07352388650178909
713.9619228938027 336.20867646064454 745.1205121309137 372.7598453872118 0.07345552742481232
477.3488177293102 366.43078038269726 488.87102002516986 381.8358307076921 0.07342062890529633
378.1999210219547 432.81830165793434 386.4671523518422 443.4949284048724 0.07335536926984787
388.64283151477895 360.0689243368519 417.61111109229023 395.5545778303037 0.07331836968660355
840.0835108044649 331.86470533522987 872.4748697227548 374.41652050709706 0.07316984236240387
531.7051731399451 379.2286234365462 540.0037353458382 391.4245837871014 0.07290278375148773
276.1993328335713 427.46545255010716 284.0833884094412 438.18013100028503 0.07289228588342667
150.1976979006681 301.36877814624137 173.66858113541065 331.6158934213154 0.0728309229016304
321.52653598849025 323.3955356059762 356.91696600463973 364.6967055769772 0.0727255567908287
394.18431080723576 421.5505402527665 404.92704883401507 435.3267405774811 0.07253959029912949
655.6281186001922 357.63418358746736 665.3877463675641 372.6274780433939 0.07253047823905945
590.0268452473955 362.01123904555146 601.5970875336211 377.593531299826 0.07241513580083847
371.1512669686508 435.7429929717328 379.4378085499153 446.4663533140657 0.0723893865942955
820.700168926702 296.95324170777064 866.9297981271973 355.95446154488906 0.07236019521951675
546.670126354566 440.14798286622255 555.2937466057396 452.5020668535434 0.07231361418962479
359.33780500650676 361.2411253849846 369.1903018706369 374.1406988671961 0.07220606505870819
481.10291033777276 321.04972070611086 530.1136049187113 386.90239986697867 0.07195615768432617
698.9330234943938 453.52460622731616 717.8219241230973 476.46275518843726 0.0718512088060379
566.50382584034 356.149986938211 653.514543970638 460.1661637212407 0.07184942066669464
-72.73237715654471 540.4158946416585 160.3542703093498 802.9130285291681 0.071774922311306
862.3444166131039 520.1464189798091 895.4304038430665 562.8524466975769 0.0717088058590889
803.1701329533454 371.49257596866687 825.7159169001251 397.8345274843025 0.07146883755922318
484.08917390048435 365.6762120435545 496.0814028364841 380.5120601749017 0.07138893753290176
864.2393245534207 300.27026358178904 906.2381460009567 360.8510604371596 0.071367546916008
462.6701255740559 414.2945326403022 516.0231825247481 481.59152209530504 0.07129983603954315
578.3999249052266 436.19234770711915 590.6225000255467 452.95528549906334 0.07126548141241074
616.4762364445309 283.5046787024204 672.8948314143337 344.3984172586693 0.0712604820728302
557.3317398132594 360.560614587757 568.5191269949231 375.21769621906276 0.07112161070108414
305.4147519075226 380.2506584308257 315.49851669258055 391.9370526836263 0.07093539834022522
375.9253918930085 347.9727294546422 393.10371097005407 370.9672493986975 0.0705462247133255
501.5406835883816 362.4222197531758 513.932804622073 378.33753394189233 0.07048121094703674
484.8143125307726 350.02946240332585 500.8601101348109 369.57607623071056 0.07045328617095947
925.4509320474111 329.2957225538603 977.6418886889493 396.07050246560965 0.07015949487686157
123.95564238937106 232.10305593036844 153.99697179037508 269.3360036100536 0.06994406133890152
652.8033566959291 452.0139587536686 675.253674775327 484.47748730878556 0.06978068500757217
557.5493721406164 435.5289780308251 574.1342357459307 457.92607683580616 0.06951534003019333
333.70665053011936 443.5360343917784 345.2445159575612 458.42614110277617 0.06948644667863846
96.9200238605355 287.6410208124832 121.93377925946696 319.03657155302307 0.06945151835680008
340.2823478027805 435.9562180647602 348.5366834493262 446.8506217582348 0.06944259256124496
526.0339911431552 289.61482265022573 593.4037644899674 366.0456122005565 0.0692245364189148
438.1874114089696 354.2344976699068 480.24795910214834 407.3661123968414 0.06915183365345001
710.2199129516997 404.77767348170306 736.683311630057 435.73880109376273 0.06908520311117172
-22.96523265138949 -23.907327933134518 59.85401828560734 99.09682929505186 0.06905734539031982
469.8118004173668 353.584061486126 482.71116507529473 370.0056088411717 0.06890745460987091
787.5598384216862 521.407285821142 832.5111108904747 579.4388416517545 0.0688701644539833
487.9270201224476 407.1217224192833 502.27969587086295 425.79158657427615 0.0688355416059494
724.2219922536683 476.77255755570184 748.4024356594605 508.43981467799995 0.06882885843515396
638.8537753482856 449.8086382739819 714.191272088671 549.4446093414698 0.06880858540534973
246.53612678086702 313.88470760237266 290.9257740557765 366.4857152707457 0.0688018947839737
89.50872601282589 237.26925193397526 114.37957718128666 267.9944755846123 0.06867951154708862
524.7948381571214 364.3491642539934 535.3787468897996 379.4778391957148 0.0686340406537056
628.3002821820711 430.80727143062296 638.1364778226907 444.28102048108855 0.06841493397951126
608.2637250152836 349.3668283994779 619.5238968093012 365.1082169932738 0.06828673928976059
632.2632002629861 339.7448627640199 640.4496837994537 350.93789953506376 0.06816679984331131
884.9942519065472 366.8137635589568 901.3940477679535 388.6578589526137 0.06806706637144089
958.8134505490747 333.4846759174513 1039.4360333915781 432.02303347315774 0.06804465502500534
913.5584173553601 381.46086424781055 926.289469280211 397.753576513291 0.06795966625213623
265.64228180756345 393.2908485253715 273.8256817639453 405.09123269995484 0.06794331967830658
225.5743076255609 360.6533318725203 294.7820601349758 446.20658976539914 0.06786040961742401
248.454029183032 331.219959632719 294.89403996307755 384.58386232673826 0.06775795668363571
432.9253763733417 367.04681486915416 442.9167995789035 379.691070069202 0.06773152202367783
696.4425542331162 473.74517624099707 731.0845773842087 516.4846934122937 0.06769951432943344
555.605829797622 442.9334108212357 564.9098482399645 455.82023294131045 0.0676417201757431
1043.1447484510795 423.4997745022515 1089.278192952069 482.1828733607327 0.06752916425466537
516.1776415120137 366.1568192118774 526.180749298639 380.66493070158094 0.0675237625837326
766.7264201787953 335.3659028121692 870.411332017343 479.8334052520548 0.06734602153301239
624.0962404208688 439.27335188612886 633.5500471606792 452.85594272397555 0.06729330867528915
848.4080920385344 505.64706578540194 867.4046174021677 528.2727928987275 0.067212775349617
886.978832055829 342.5366038786691 915.8841482051214 380.3536503149991 0.06703517585992813
956.512688500326 518.9902533446145 1002.64159271388 578.0958110038641 0.06690432131290436
402.3603157193426 372.7358989297327 448.0697720728832 432.81919910537897 0.06658902019262314
896.4594419853677 360.13256853919506 924.3343321620835 399.51606597486864 0.0665629655122757
517.6371061944111 385.88711354754753 568.4919745459271 462.8457493310304 0.06648893654346466
528.9459803019681 432.85483276032215 537.8154187164063 444.96427825378237 0.06644318997859955
779.7134564387474 428.1410523954297 801.776386747856 456.29642399887894 0.06620121002197266
300.9889501356063 432.77239935590444 310.29840662488095 445.02474743299933 0.06596411019563675
770.2617115179828 507.61365157679177 797.2751097570997 541.5611615600192 0.06580939143896103
198.29597743633036 367.2524669108056 242.49474883700933 427.72034411517626 0.06580120325088501
661.6766739842992 531.9963598637968 740.2550533406741 628.8716501627758 0.065761499106884
404.1270916746107 442.8688885250073 414.54437035394125 456.825601196739 0.06549067050218582
332.6634716841641 374.52462696079755 341.54684533800844 385.7310729650398 0.0654255747795105
525.403791895076 442.55687733875305 533.831983371156 453.89602781405836 0.06513722985982895
309.47329102855804 434.0596307945968 320.1087763717494 447.53422940887094 0.06507748365402222
304.48353260693705 334.7203261859816 359.11991971982894 392.48126063740443 0.0650617927312851
526.602003319171 354.24409576270637 535.0029288195793 365.3043603532241 0.06499829143285751
164.4489464644194 282.7653461974258 217.93849345883518 350.81948698846423 0.06483764946460724
376.2996243737202 437.95676658946763 398.4214404465776 466.2965612568402 0.06479717046022415
519.9626910519739 428.48251953257613 528.7046958800454 440.0098510865473 0.06464524567127228
155.22574171658508 234.6911427527525 180.09239181601134 271.0776607517661 0.06459552049636841
535.7087675013702 565.7488982283149 641.2915243657193 678.3810708798449 0.06440895050764084
347.7191063346198 441.6354053801064 358.083814111688 454.2640247295573 0.06437913328409195
770.0198763380115 539.3839863662793 873.9551508238279 664.043833331 0.06428016722202301
582.9161253311726 358.35173422708885 593.2011899619645 371.2744741738322 0.06414078921079636
203.38730074140636 209.3960423872724 244.93306551370733 269.44264200134546 0.06410829722881317
602.8563732214836 499.8553544655969 662.5099196752788 583.5909522530993 0.06390136480331421
455.7253920089976 351.3964816421552 467.3642249263559 365.39414989866947 0.06379639357328415
280.9201909062486 371.2697840958903 291.46635359333374 386.03072927719853 0.063495934009552
690.8684777032571 314.60599871169006 723.3964387456462 346.41505343798553 0.06316167116165161
972.9665982946078 406.8544459853136 1015.7730969131052 464.6012724062613 0.06285863369703293
285.72071320112053 272.2325767710407 374.0150489866612 376.02116705696665 0.06272181123495102
572.7478988953969 444.9743946078726 585.254050649345 463.03153595263007 0.06247347593307495
710.4644587436597 521.5481200762621 760.7043761134075 585.6580603088613 0.062397345900535583
106.58377496744039 210.04160007841423 134.29415896684145 245.7356046480426 0.061973936855793
787.2695782136582 263.84554753833413 841.6500232497118 326.757312665785 0.06155184656381607
647.9191857245545 620.6920744504464 772.398591894601 765.4076209451841 0.06144537776708603
411.82896459099845 318.92534307385455 453.81359479804917 367.6051977507713 0.061391036957502365
297.4592472951692 201.59198605677295 354.8046905134381 272.82994596487794 0.06138024479150772
420.6025892027133 444.8679922838106 431.3514249295867 459.5105558883244 0.06137731298804283
887.0204560325253 555.4572212163198 969.0424749170128 649.16401091274 0.060153648257255554
627.5703866963767 471.2902917772753 664.4601090745325 523.3847548790361 0.05930532142519951
950.0207972900923 -59.8685915020965 1133.1811693483783 138.04255438844518 0.05843968689441681
-83.55088805321076 -24.04457872335187 310.5515060944341 452.3390947644292 0.05831705406308174
961.1832860838717 366.4662142526784 995.2006518990454 411.62179679085165 0.05811517685651779
232.9291046613155 175.8720184045973 290.370098525109 250.2624293251203 0.057813774794340134
-20.569286141622396 108.87654150648773 85.00263565201034 268.3342012725769 0.05655762180685997
670.1340446699949 492.8748160316623 694.5614804073956 528.8934093390751 0.0561397448182106
994.6862888519914 432.92050699397754 1112.2758947257253 576.8390573788458 0.055759891867637634
816.8412922573845 553.4990015907789 868.107188240485 618.419273926969 0.05482248216867447
-5.454505180745064 -8.23676468100398 27.29191281707094 31.425336542553357 0.05186387151479721
