390.3701242014958 423.09682984459374 411.4948336503752 448.6325507495415 0.9996417760848999
335.97641598698914 438.51591584888274 358.0477450937329 463.76723698826066 0.9986265897750854
518.9993168868734 409.6952115706576 539.5959210665999 442.5263063347329 0.9984126091003418
638.8656487943039 457.0217986156895 647.2246409937144 467.52224865575704 0.9960162043571472
611.5480430919375 450.6272378756879 621.6122661386582 462.4647964804137 0.9919974207878113
365.31167547575234 430.8016113375558 380.4075363215554 448.2953758518194 0.9799839854240417
544.9608166847589 448.32794808054075 552.6925094803112 458.87943099320506 0.8287151455879211
624.241978025833 456.2121827975134 632.4584498409672 466.7269407768282 0.5525553226470947
737.7249520103604 458.2181037179597 743.5782474735045 465.32367218587444 0.4888538420200348
602.9238821240151 419.2736882856401 608.9065945768543 428.2885943608456 0.47667449712753296
324.7380191183586 440.27972223937155 336.3532291751558 455.2571791138036 0.4506169259548187
660.4169700963571 457.5387832497848 664.045601686324 462.2975390466483 0.30161866545677185
60.53591240378646 322.522148067637 72.8746226749624 335.80419394530657 0.2588091194629669
593.6194949928399 439.79334592473947 603.4168467266312 455.13010996041123 0.21703530848026276
630.5296694718903 417.49607216964705 634.9357679820653 424.2669587246169 0.1991184800863266
612.040813317763 429.6380677692691 619.144125088462 442.1972542522169 0.16632169485092163
735.9877483088445 453.08137541411173 741.8321120831708 460.0492189483807 0.15949219465255737
615.8430111569066 408.69041244067 625.0196874193265 423.43706488501783 0.14454324543476105
714.601817995653 454.1388970848251 720.8495322315151 462.6637065586895 0.14285123348236084
679.5102047237671 462.46021850713964 686.8649612533626 471.2409483396327 0.14063899219036102
316.37956949148855 179.3305587164625 721.2759156082491 627.7661164922841 0.1373426914215088
654.8053477670309 456.02691227218025 659.1753259782549 462.1851317072006 0.13657940924167633
695.3824578046851 460.4162725389391 701.1429530266796 467.3336257443081 0.1288914978504181
592.4760802396554 401.14354527755916 603.4502752254377 417.02638966149124 0.12664419412612915
721.753570807584 455.0492075987241 726.3399958233841 461.65133314465254 0.12407227605581284
538.455386848709 423.95446688121916 551.2882925933617 445.7593088705278 0.11895719915628433
691.1460701548828 457.9256175245785 697.4610071428662 465.0705078474081 0.11859751492738724
644.5804601972529 446.4945522612076 649.6818120136388 453.6331234208081 0.11816967278718948
683.9774896356955 445.5092378244524 693.3375022717731 456.4695978932348 0.11800498515367508
687.7018069146947 463.21698879277756 696.4550163421172 473.5076551822654 0.11790233850479126
616.7755847472295 439.5282703299489 623.7209974767159 449.70584248322086 0.11741841584444046
659.0822534903118 451.86102158667694 663.5494490875348 458.0319934396886 0.11484894901514053
660.7553557589357 463.33205175491725 667.9234548146237 473.87115731291846 0.11438757926225662
602.0444053463348 424.0031205744346 612.0043138326411 439.51379745606533 0.11434146016836166
676.407249683701 447.61231786060574 684.2219739300067 457.3553017370738 0.11417156457901001
670.0242452264607 459.1867956642234 674.9578182542768 465.92422435707533 0.11325258761644363
590.8670028177976 413.02641347567203 604.3164531824178 432.7313959739929 0.11215753853321075
670.7014845338011 448.691545702504 677.3858675617776 457.7764412413309 0.11208474636077881
685.876659249344 448.9556542391966 696.3946040632774 460.967084256583 0.10961935669183731
587.1447274745909 404.15660560442626 599.4852520533636 421.7081409281084 0.10945712774991989
601.9746449138484 394.82846389747033 612.3347224255564 408.7154009424981 0.10937456786632538
395.19612476892877 148.39836037009852 479.38560008513156 246.01881981334017 0.10931164771318436
640.8961402450942 422.24298318969784 651.0647665537979 435.5280736367945 0.10930976271629333
462.1821085658517 396.8559722876157 481.55338725838544 422.029905954824 0.10879423469305038
676.6284658315245 468.9737702225454 688.247859185332 483.6119838781613 0.10872135311365128
602.4899146164308 442.4263990153334 612.107040933612 457.10237869693617 0.10794644057750702
604.9738838229238 405.32204938838083 613.9550825278287 418.35672659922005 0.10759684443473816
695.8776313286105 447.76642292622455 704.6485352085748 457.97571052049204 0.10693857073783875
701.4750990414183 454.0722954820663 709.5223911767756 463.9572790104806 0.10690971463918686
681.740124962133 455.5568454293593 689.4471346334244 464.88985264885537 0.10618286579847336
670.7270288296659 461.87198943681915 677.9026706576727 471.5336541952249 0.10615251958370209
606.5121619740142 436.39071712416245 615.3752992898085 449.38808532618634 0.10584491491317749
605.2264491602199 411.8399499407974 619.3476140643324 432.23653765696037 0.1054563894867897
615.7994641159129 390.43646172938617 623.3649335570692 400.9256362196155 0.1048123687505722
675.1000810632901 460.8260202886012 680.8318449722783 467.9906780423075 0.1033104807138443
595.3128982720706 386.31293983823565 605.3018030535131 398.93078250935577 0.10314580053091049
621.4240378274052 372.4543341905403 632.6826218893658 386.4179396474707 0.1030365601181984
577.4157283347171 403.12547540435645 592.3873540682399 424.27709460969874 0.10303252935409546
724.2170479954061 456.30118668535283 729.9370844181617 464.16490942419966 0.10284025222063065
446.8736929386599 419.7298925568612 459.7060215770817 438.54662563718847 0.1028088927268982
657.0576515891978 461.3287166375232 663.3139483235237 470.05800964871366 0.10272814333438873
272.20626614366535 206.9027467960062 290.0629334875932 229.59114558321915 0.10185021907091141
577.0602342170752 437.2528785355375 592.8476653974343 460.4831407640014 0.1016940325498581
731.4680805361426 467.82850661251524 740.3324463668658 478.51899926423795 0.1011810451745987
708.3282866667383 466.3302245321416 715.9869192059568 475.6405837339663 0.10088750720024109
624.6037543752585 410.6440423027471 632.269514963332 421.63877177044975 0.10080866515636444
647.5199656030131 444.70607292982936 654.2761592903931 453.8079797171816 0.10077554732561111
616.1920790175164 402.68838643341365 621.7150730449605 411.4578820053812 0.10066801309585571
578.4444201134208 415.5787792277902 591.3857984178861 434.507299512581 0.10042552649974823
667.0480493845715 451.4427144591586 672.0574758558499 458.7922710817604 0.1000564694404602
236.28568935455888 180.66182353191263 307.63834462150487 264.17843873067244 0.09991012513637543
299.94369592903035 195.72216632506738 375.212888813739 273.3082068844059 0.09983180463314056
630.131592132033 417.21226862792884 646.4016206040844 439.2230061409582 0.09967124462127686
704.525029413987 475.1405987280866 723.9863738050186 497.5709936902816 0.09953755140304565
640.8864925329668 442.3228602477661 651.0704986929017 456.7553614974463 0.09939473122358322
588.8356021021173 392.2929807214165 598.1087955698748 404.1266184856016 0.0987401232123375
618.3192317704633 431.1372626458315 637.201706279475 457.6709366673386 0.09869695454835892
592.2119106570362 452.9553605553365 604.9737235249041 472.0143442574492 0.09861105680465698
696.4569036477574 464.08223170377283 706.116418281182 475.6443383470804 0.09836302697658539
657.7089064002846 447.9803627985932 667.928623194395 461.13927812376403 0.09822340309619904
698.5093874993266 460.59656447429774 703.5695085528541 466.6717033994221 0.09815075248479843
635.9296931101279 450.2388857156984 642.3340786781738 458.7371913632424 0.09795018285512924
619.4456684997594 385.8677911478694 632.7976800258414 403.8541959260598 0.09765294194221497
703.0217690499518 460.63453151118847 710.3475826293957 469.4230685377181 0.09762624651193619
621.8616973776769 422.91969586179795 632.502540970386 438.3961600036357 0.09713470935821533
628.8847972135798 443.93078250664774 634.9340153723466 453.45411309657743 0.09703771770000458
636.8451404142194 408.7447926425464 645.7638477181448 420.11304380535967 0.09700552374124527
717.0230264803213 461.0816289737462 726.25098480798 472.915670696446 0.09670794755220413
705.8206696733822 445.9375585965853 715.466339848119 457.7632870126242 0.0966142788529396
676.5233548083615 439.7623540861291 684.7144609359749 449.26698321384697 0.09652496129274368
687.3271464034315 472.86024683596867 696.4243262512974 484.5719948604152 0.09648412466049194
547.8840076824335 405.684255801526 565.5568448183038 432.94680486653107 0.09607075899839401
622.4102106029316 398.5024066462859 630.500128680237 410.05144834184426 0.09606514871120453
569.041280177202 387.1265231032178 586.9574543744424 410.50755378731543 0.09590845555067062
652.7725164198814 420.73247363247856 659.0906244090388 429.1175960254275 0.09586205333471298
559.4846692731907 439.8952390157874 571.4818397573443 454.9879649498442 0.09578628838062286
586.3127544820609 364.66488308899267 606.9881468427428 390.1889870657599 0.09558352082967758
656.8908341451316 432.8107913217091 670.427509113007 449.76140857458836 0.09556327015161514
729.1343735727555 465.6191940692492 733.8007503962993 471.72514477895226 0.09543616324663162
61.20647871122716 362.4333888496842 151.28564808841818 454.49779841619886 0.09499464929103851
641.0348313521175 440.50260139443407 646.5818259040449 448.66651757482055 0.0949452593922615
606.0365366213234 383.64331436082125 618.5167606227062 399.82918808813247 0.09479834884405136
685.049913103131 439.75639105291174 695.2777563387073 450.725534588883 0.09462850540876389
711.7157698292675 460.7721584956831 719.6680430639123 470.64542935670477 0.09416580200195312
623.6854825802473 448.61911839220744 632.3808095724265 461.44732251339144 0.0937991663813591
689.9039460449916 433.09647102382127 703.5187805921084 448.42868930180055 0.0936444103717804
610.2994477191406 402.65606361772365 627.4509654979435 426.9233584744959 0.09357890486717224
490.5684931219566 353.00256093554174 509.1827361753714 374.7293981748082 0.09353431314229965
706.8105680014352 456.38299287422626 716.3095228157672 467.12382945468977 0.09344741702079773
662.2908443467267 427.3387460220012 669.4049188351058 435.84360592244195 0.09336201101541519
666.4416249422129 471.0128735020337 675.4815460387616 483.6608436717998 0.09328918159008026
665.7332317215327 458.5987031211734 671.0908102492027 466.25141629600415 0.09327571094036102
677.8418591524076 440.15423321978244 683.360514270823 446.19138986991493 0.09327274560928345
647.421518407205 415.68187361656214 654.5192845673045 424.389100036603 0.09323213249444962
580.3830858402513 384.9193071691732 590.3622952291208 397.5373877291267 0.09318417310714722
566.2264545164376 412.6350643974175 579.9140052661021 433.63021073347625 0.09317310899496078
631.4546602532547 383.81534317721577 644.3214999601076 401.12352854869454 0.09285994619131088
458.0310052860113 425.03626992045065 472.8865815760921 445.311252299376 0.092824287712574
669.5811319997996 435.69072265819005 705.0651361389436 475.3660810376157 0.09260470420122147
547.7270072304901 355.13376611667553 563.5501564792446 376.22039940510416 0.0925147607922554
574.365567012636 135.2277236026806 660.2360463051472 230.25512580464869 0.09209460020065308
626.1222177723737 430.2938763136188 633.7371189018957 440.82567803599966 0.09205298870801926
673.3752182987998 478.06835758467076 681.4246457497026 487.9038530554734 0.09200045466423035
631.1887477219747 456.956688087292 639.3803764770471 468.1643299511674 0.09194321185350418
565.1015237598202 442.82731147986993 576.7989262459832 460.6486403261079 0.09189174324274063
662.5581483837766 25.686183409813523 737.9246150206791 114.74719674256322 0.09188421070575714
604.7876206713332 367.3503911582224 619.7974450477722 387.2682753691542 0.09154218435287476
648.728608617181 112.34568078843766 731.5750649959897 202.76277775388178 0.09141001850366592
618.6700932498254 457.5208178252578 626.3477986637046 467.1315374575279 0.09136218577623367
422.43372410097595 427.48761496924834 436.00248483707975 444.19549481547506 0.09135942161083221
576.1258474155505 365.6449702416408 594.0150222920464 388.383546751245 0.09135770052671432
665.0738117509826 447.0049021956005 670.2392991626143 454.04808506909825 0.09122330695390701
598.4731622644397 416.4350365887733 604.5746116768556 425.7441945357732 0.09112691879272461
701.1083688563817 441.87115801618927 709.8244597702866 451.99212498472315 0.09100934863090515
634.1771588202478 440.11657553692 643.0649273374007 452.6912306972747 0.09095090627670288
631.486467334691 405.8792732467051 638.8408625121285 415.95768045066467 0.09089601039886475
715.699752906346 445.9458219477594 721.5681918579411 453.6676695892693 0.0907500609755516
734.5608292073954 463.9268535808203 740.7998054703094 471.85273708540893 0.09073561429977417
696.2098778518424 474.1464190883167 704.4804949950668 484.6600318762596 0.09067318588495255
649.6613499824059 399.7603054264874 673.346972525313 427.9867233376328 0.09044184535741806
745.066201805457 454.72748804064616 750.9195005475468 462.06038933210266 0.0903308242559433
672.4665616120574 425.5872207674724 687.5919534034576 443.36163800421724 0.09006396681070328
576.2729827002096 460.48780424024295 589.2080968930579 480.0812446209972 0.08997626602649689
670.7512767087147 441.750479073818 676.7587159040041 449.37140136949745 0.0898541659116745
584.2357833648465 431.19458514131367 593.4518260507797 444.9173469158605 0.08984789252281189
729.7470205341882 454.8596399213988 734.662190311993 461.6670120773643 0.08970403671264648
102.11735849402784 480.9023134771716 190.6637829090062 549.8446017503663 0.08949204534292221
551.3074533278037 379.8512143819604 568.455714339608 402.98494278273745 0.08944559097290039
470.53592046037886 410.3259482278807 493.69081024462344 441.93749001143715 0.08936560153961182
659.7957732138781 442.41500515063655 665.6344819627585 450.2015462961942 0.08928579092025757
722.2236696868272 465.01982089026455 732.1701475938862 477.74768095787135 0.08910020440816879
633.3513554848693 431.2330856001659 645.4003251530996 448.190926761638 0.08902043104171753
72.4118896693467 324.58524035856135 85.41307465248784 338.9437682063856 0.0890042707324028
652.5870859763288 441.0173877136552 659.9691434548887 450.9857946439949 0.08894217759370804
629.2530594401654 366.501122830463 644.2781332180311 385.54417167612286 0.08891482651233673
73.19421886705481 305.6787460111502 90.25945744947886 325.399438596394 0.08886342495679855
722.7416631353074 447.36294126906046 730.595078444253 457.56419463809624 0.08881253749132156
664.4973627987831 457.99865466763214 672.7574714344219 469.88130014763163 0.08881068229675293
621.6549911036094 437.13173338018635 630.7584379763471 449.7112285824716 0.08860145509243011
745.8380035377213 463.11818826894375 750.7911099525 469.28823044547164 0.08812297135591507
724.0939443900397 474.8336179579711 755.4092951514855 508.2987545625967 0.08776850253343582
32.9038794595031 262.67810469860603 56.09211386108687 283.5112403284376 0.08774546533823013
655.2941376650576 430.98318819639167 662.5097965000572 440.2581221318144 0.08750760555267334
640.2725435684645 419.7365108858662 645.8730437835767 426.6804078311504 0.08742918074131012
48.53923844871441 312.6708048075692 60.33942175385063 327.20333773268015 0.08736422657966614
799.7380578515231 381.6868570348179 807.5523855248708 391.01867195003456 0.08736296743154526
336.7227579551938 462.0180018913818 355.98600554432124 482.7001643471106 0.08733970671892166
631.2879729979279 396.88176533787737 638.5964448103213 407.32636091414594 0.08730992674827576
570.1585761148166 378.20616828055 581.3395554757711 392.87941869798 0.08709980547428131
740.7501668769343 466.8264538503079 746.964566888349 474.1808208884026 0.08690676838159561
646.4922966737789 429.2210052264443 655.5051064232127 440.7321584664421 0.0868460163474083
634.6329564510797 464.0067426538827 642.5723568225875 474.41795194942233 0.08679612725973129
634.9976018711217 416.72275482517995 640.9786556457833 424.6661729567216 0.08652050048112869
621.9665171381772 380.2422001619449 655.3337118622578 423.0986495236668 0.08645780384540558
732.9745066145314 457.1352965660988 738.5998853539942 464.571674384555 0.08637809753417969
560.5956535397672 366.32161022412504 576.8049699187255 386.7719183083749 0.0863615870475769
642.2559371100637 481.28281411511045 652.6245194599692 497.8962157023245 0.08621473610401154
684.0571716526415 427.3585102441753 694.3796282119852 438.87284205049514 0.08608688414096832
637.4830437810846 426.519605435834 643.4808355564815 435.26928900859775 0.08603575080633163
645.403901857314 452.10629689001314 652.1653347590942 461.70721405059254 0.08587591350078583
465.2838273635354 225.42063557964025 534.5778964124634 299.8563225577425 0.08586837351322174
641.5372852972059 404.65976681851004 650.8866895562325 416.2721646270002 0.08566933870315552
651.155542855049 451.71790300128055 658.0795574513158 461.4865870398426 0.08566435426473618
491.1088021753184 401.27899160434544 505.6251867863231 423.50917847200066 0.08554263412952423
704.7390274012107 467.57220832589707 709.430304458702 473.2982778641605 0.08538777381181717
452.01363646121973 466.89122260482566 475.2044272277738 499.7285239114985 0.08534443378448486
705.6443762036838 304.55977731276096 747.5339108262682 343.983027307615 0.08526724576950073
641.3620644469923 457.7281974423575 661.4600212639317 487.47442560491186 0.08500252664089203
611.2554864489858 425.4716142149424 615.6519624881678 432.6671849684444 0.08494704961776733
669.5255493576245 418.80340566886974 674.0074619704064 424.3459013319673 0.08494675159454346
684.215649517374 483.1282642241389 691.7046585369587 493.188457211333 0.08494380116462708
643.6575612437309 435.3065138385135 650.2641915585191 443.09895368013787 0.0847853422164917
682.7827469681555 431.20992507907835 729.1945555468163 486.43794786982244 0.0847628116607666
742.3091236351652 460.70729985721954 747.5406019285566 467.01275102492025 0.08456699550151825
51.76232321026097 265.4092522326315 62.93853178682231 275.82033239769066 0.0844259262084961
59.08243354770073 296.52934548663467 76.16801852283176 317.6873395178851 0.08430781960487366
573.5783548086599 428.55582162524894 583.9192738287477 443.3849596571104 0.08427704125642776
709.4525527661375 437.0383719054231 718.069016326007 447.3676136705787 0.08417582511901855
534.4261429729103 359.5957497546949 549.8197614056382 380.69802231519617 0.08394689857959747
347.8448408749234 401.96007657326624 362.99345391631175 420.45986008811667 0.08371862024068832
721.0214342499057 440.5266860443407 729.6746169325145 451.9337655689469 0.08364634960889816
641.6607038585146 466.71721403857924 648.6650212302221 476.5247314040835 0.0832100361585617
504.52238194852714 351.0424232708533 525.5448107620311 377.32625593806466 0.08307420462369919
674.8796876184522 455.60577894090187 683.8886004446272 467.2479132952543 0.08307364583015442
714.5194993596475 469.6359086286578 722.5360609622695 479.2405071479964 0.08300513029098511
656.719254755602 470.9612814319242 664.6072677311447 482.4987428374566 0.08287697285413742
652.108548415142 458.08094799712694 656.6014874371218 464.5626139260145 0.08255207538604736
732.8244834911463 448.0651252900967 738.694774912025 455.33774471164475 0.08245528489351273
5.191300501663748 117.26986949491311 87.8447727968804 217.24591525698432 0.08244740962982178
702.9764593583092 493.69604778975156 724.539361055965 517.6240221932208 0.0824408158659935
651.6666765434198 467.1516299772244 658.8900452347642 477.152956402127 0.08239728957414627
647.385108387433 456.58435045836956 654.138536357865 466.05377586822965 0.08239567279815674
22.061434144448718 502.9195202428483 100.81341252032007 579.3307629090937 0.0823463425040245
733.8101340407069 363.34802349140404 789.6771311542155 422.51150687005816 0.08234228938817978
669.4927916626256 430.8612793460087 677.6107052990307 440.17809756148256 0.08216250687837601
533.2480118799263 344.13756092021765 552.6873450675539 369.6164944703342 0.08211266249418259
420.2308934247805 445.3568545655309 428.5960384122949 455.7629656330105 0.08209769427776337
481.4790977615941 360.2295296152068 507.38392540381153 391.97851345179294 0.08206335455179214
474.5837855632256 393.04375793315336 497.2391417069357 421.51188022898674 0.082039013504982
453.1396921674524 401.63345858432587 467.6564128200754 421.45895857265197 0.08202127367258072
182.52514534074723 85.85445914312412 192.18908934367414 98.22959984793268 0.0819430723786354
448.986123501794 442.5526024941656 460.9506236267378 458.0040143388157 0.08194302767515182
521.7874863549692 88.39835883901165 628.7203254146184 213.26053561141896 0.08193390816450119
79.66596149598112 231.59414684153933 146.62379036079463 292.36509089318355 0.08185148239135742
730.2757781435992 462.1105403930556 735.0664061013654 468.2244947897191 0.08173730969429016
77.68007751363766 292.90201403479216 103.88541086178634 322.1512504273751 0.08170397579669952
638.5978806696002 403.26969228773635 645.2594128757021 411.93121331047365 0.08156728744506836
565.6823137715197 392.1267205025302 575.6207833639088 405.39663339886545 0.08154275268316269
481.65446676486846 386.18644461370695 496.53004108861467 403.7875069012418 0.08129143714904785
666.9440212497083 484.820976560789 673.9257025069746 494.6994303379633 0.08096996694803238
27.937868685346828 421.16871110961097 104.83274832000043 488.0600310535788 0.0808839276432991
690.9561248206608 482.9466346491006 703.5686468150403 499.28294077523566 0.08082649856805801
511.83760151883934 303.1168508619508 546.68687143865 347.2186287380051 0.08068204671144485
648.2417255286362 476.2928542043015 655.9580662487786 487.81140838100043 0.08065269142389297
82.29763835592698 488.874806470081 109.04321554939688 513.4465399412117 0.08065155893564224
681.2223003574162 478.09311205891834 688.7127894608776 488.166851099821 0.08064538240432739
49.061856990212796 280.57539367055324 63.00798871332468 296.87322295080884 0.08052895963191986
82.29654204811759 322.18087162115336 97.64334097688413 340.2696534969304 0.08051309734582901
599.6125330047233 360.5212349651581 612.646220271332 377.44942166144455 0.08048519492149353
575.6159547775376 320.3986624306916 611.7720623076758 363.497288204496 0.08044326305389404
649.8507911565031 414.2608717144715 659.9019524102413 427.2194464839033 0.08039405196905136
303.01584313258843 345.4941132321866 366.4346965565185 429.25979202089917 0.0803845003247261
672.3588299155633 395.4219741483787 697.0292651128526 426.93815512209295 0.08037306368350983
125.40458422814432 292.8972393718903 150.58188818167957 324.7156351034355 0.0803593099117279
673.3455787206286 436.5345856290461 678.8281495944752 442.86247000871424 0.08035841584205627
469.0645418499679 436.1925791971602 485.0147035160747 457.59380789701225 0.0802512839436531
346.71613999808073 425.9003462361925 361.34696366613855 442.42552961168906 0.08017729222774506
652.6035389734112 361.9181884860765 690.2421703262062 407.5148444677293 0.08012351393699646
607.982009455005 347.112427431478 621.781299670849 366.2738686479981 0.07993758469820023
620.024072223824 431.2278847784427 626.1517392687139 440.2619398457001 0.07988660782575607
470.3011432646503 387.1186580307157 482.84595471610623 400.85318812777 0.07984120398759842
62.30682997881425 333.6896296920313 78.29652907042357 351.6570048652535 0.07980585843324661
541.6760260652114 391.29274362379715 553.3645893040824 408.5719458977113 0.07977839559316635
608.8725786599256 461.90066342340987 624.2009338120403 483.09142696574327 0.07970906794071198
560.4470987839635 338.4071894288166 583.9147476674909 368.2516116581885 0.07963870465755463
653.7175145780659 460.79012848071403 659.7324241013267 469.1426923975824 0.0795922502875328
314.70946251661405 443.91881896390515 327.343436760935 461.0009656926111 0.07958582043647766
739.2791520876074 61.969005043781245 772.5092050996042 99.90635178460327 0.07943688333034515
441.20805307966754 443.9836257665661 451.40460078815465 456.4249924908723 0.07943344116210938
843.6294308763917 319.411887710925 863.2406646894743 346.81234191195836 0.07938557118177414
707.4348913708379 433.1587180820158 716.7279004194579 444.7189287431245 0.07937919348478317
662.3937789574784 434.25111745523765 668.238738106093 441.1965534169495 0.07936622202396393
32.28398073633922 311.83675962738255 45.308092880434685 329.32107589154964 0.07930108159780502
615.5975463616661 358.4899140048544 630.6358456731297 378.6414004645438 0.07928255945444107
513.6562481654261 340.89157851314263 550.7640158666313 386.32218739165245 0.07923425734043121
731.4146140694835 435.68460652591426 758.0656708153201 465.38891121485347 0.07917308062314987
536.9152445352008 448.2527263255142 544.4670456501854 458.21811781528265 0.07916195690631866
285.38065341661115 609.6890065170608 323.9771278270815 662.1838141945667 0.07905538380146027
359.9008209671997 445.5244013142028 377.39434961887054 468.8713752657618 0.07904788106679916
584.8479289028462 484.24895187674787 597.5142178709109 502.8007948655343 0.07904037833213806
739.232934940666 446.62892567370153 745.4151158163148 454.0839096488454 0.07885086536407471
729.3370676352625 463.37412072494254 751.1032804873397 488.4505573828134 0.07875024527311325
519.3381173164789 354.0035956332378 534.2436031489899 373.2607019429383 0.07872863113880157
689.9215434254802 405.35724271425306 724.4059148080662 447.5114560565801 0.07867666333913803
644.1142440635798 378.11756319887905 657.7567900385418 396.41614568803965 0.07867097854614258
585.0641821255114 450.60531209382435 597.3786860279305 469.00291980559166 0.07857058197259903
587.4275414382976 469.42540652821697 600.4627535430776 488.96714461383 0.07851667702198029
76.72986833622515 278.7226347620222 92.44434905769201 295.58210097881465 0.0784543976187706
546.4258292193837 15.871820254994118 599.7829896246246 72.02735171719584 0.07837978005409241
96.82008291066239 321.97453074655726 112.8050234493087 341.6709000958194 0.07823578268289566
148.75239978823433 -1.084604671258009 199.8736709314957 44.811961815417334 0.07822377234697342
545.833830575029 466.45651409012487 569.0346268019127 499.99391441714744 0.07816895842552185
45.78700664044897 249.52880347984154 64.1538878261165 266.3608526018422 0.0780857652425766
623.1124936994393 470.18589995670493 638.230000542903 492.01598909072555 0.07807135581970215
672.4637599960336 409.5500158215443 678.8857168351313 417.47468600134283 0.07802329957485199
625.8466649179024 422.1285057660036 631.7830703679344 430.68954715359723 0.0779409185051918
470.02902035218807 456.5302937113289 491.39972253103804 486.60857862149936 0.07771455496549606
602.2511925572426 457.2001589981752 614.4169808006792 474.68093894376284 0.07744589447975159
380.59651072935395 434.97177069116447 393.5703674358725 452.38205439839595 0.07731882482767105
548.561882794789 433.1522478676702 565.3128504308482 457.71268716846924 0.077144093811512
549.1807024782149 451.17084528479603 566.0937031341298 477.3695637123703 0.07709348946809769
700.9423321928783 393.27453097738214 722.8266522984759 424.77495404246514 0.07707014679908752
126.67747878049971 327.2978388757718 140.6852902481615 344.5035840612406 0.0770621970295906
716.0215151053933 435.321751503798 723.5005653667831 445.6838650755526 0.07688404619693756
353.9723880716894 463.4249073611255 373.0838794522795 486.6927008800031 0.07677173614501953
503.2679632652294 404.2298107344783 517.7131143781295 426.9130732981281 0.07675934582948685
509.4662979420656 364.9881259466046 532.3899479324837 393.80283703007245 0.07673154771327972
626.6675600186676 463.3721343967457 634.6858769224074 473.8873780379667 0.07667676359415054
604.5882483688432 448.77654631113114 612.211513531082 459.18019015715697 0.076603963971138
668.0757356427833 481.35092795937385 672.823429930621 488.2758296488366 0.07651109248399734
317.98486454604097 430.4988686428324 329.7247189219322 444.8513713865956 0.07645969092845917
44.71756877780931 293.3835318192091 60.676531751404156 313.19298298184145 0.07645758241415024
62.892624185539866 263.1522529344864 80.29815618604117 279.22024557437805 0.07631714642047882
730.423360791356 451.2875773419764 734.9852535353356 457.621295185541 0.07628421485424042
611.4157998444074 396.00007590272236 618.2262396144658 405.4045997976466 0.07618020474910736
112.28652304723771 249.57863361353157 143.83191498448835 272.93922290233184 0.07599260658025742
103.53006896848026 284.6395137566848 127.60971505413998 312.70209761362776 0.07591913640499115
422.9069981913847 465.71811935624174 448.19794034349616 500.39417924123666 0.07588206231594086
473.19507666028204 316.8674583138048 512.0853076140148 366.7469369079478 0.07576383650302887
91.3978137307565 337.2355370448137 104.34521005328978 353.3611517960928 0.07575041055679321
444.4483094688275 369.1000543963145 468.65924227657604 397.6923352107555 0.07571429014205933
647.821196019713 465.0862658093827 655.401752739009 475.2900702462111 0.07552687078714371
540.6212259374505 456.96690813349466 549.5274469576929 469.5517235497104 0.07518406212329865
143.55284107414994 449.3606288575526 196.6219077912938 494.2521368658987 0.07510605454444885
642.2204216866904 413.75612353451055 648.859896138381 421.78543577202396 0.07505813241004944
633.8396315600961 472.12899782265606 649.9391136409218 495.3608923242613 0.07504412531852722
30.184356763492612 295.33323254602135 43.304592578786625 312.08827227351435 0.0749756470322609
582.8123005269807 349.3220299547205 631.5185452155789 413.6177686228727 0.07477331161499023
727.5231738839999 446.343619955569 733.4260700587857 454.2641263766917 0.07472903281450272
332.8078253082173 494.23929883392213 367.5653169814016 543.1748380572676 0.07456235587596893
616.3807966718138 422.8675478417469 621.8595669026545 432.21919157438896 0.07447554916143417
77.89384042435557 266.266181080623 93.93242571488486 281.14490339375624 0.07446295768022537
110.03016693603153 317.07672106167524 126.97012894222594 337.3101385510403 0.07433895766735077
97.19409402782627 318.644286287351 106.98491261968013 331.2656580183821 0.07433030009269714
-46.403944028482094 341.0098957491055 379.32872962003273 843.6487756777586 0.07427671551704407
107.93611003074707 308.6674285832804 119.33520326928512 323.08273742476126 0.0742095336318016
905.5119658732733 504.4847616979952 1194.2925650558998 835.7311815101388 0.07412923127412796
17.876461840434086 269.23555689191 36.48933940643854 287.7478693128891 0.07405923306941986
694.8794477858542 437.03162347895943 703.6916182108497 446.61183707534366 0.07400192320346832
63.157181764396675 278.9917873803484 79.6329527799232 298.3714521338986 0.07392340898513794
104.84284721102662 264.0057724347704 133.3174750736339 291.08919456862395 0.0737355425953865
43.08580519340214 319.2464927601248 50.55741120772406 329.9070780894795 0.07358990609645844
491.53483156910886 433.0333177855065 507.369194548182 454.5720179899501 0.0735364556312561
694.4569128291319 49.375294386852865 932.4080085579899 306.0119173404199 0.07350043207406998
491.0448902036221 387.06158220868696 505.6813030464061 405.69373762164975 0.07338795810937881
45.61346781446517 327.5545522064203 60.73680209258814 346.32617369814983 0.07328882068395615
470.0712524166902 481.2761690433226 509.01141273694054 532.2960434018361 0.07328793406486511
33.36989702426836 284.96559302591476 49.22831786552329 302.8765456485734 0.07322222739458084
65.81222943401124 248.23897928866717 81.0714339847768 263.54934461277907 0.0732099711894989
635.6061859001369 472.55757904555776 644.6438770890265 485.33218414652265 0.07317052781581879
60.24448238383763 313.7797340679207 68.54587348164404 323.21124774698194 0.07304581999778748
589.405328938473 344.2842000278487 608.7174063976422 369.6973086630744 0.07282737642526627
674.1905661122722 480.9282577301462 697.2094259779341 510.8284895174745 0.07276420295238495
616.2070140636314 336.7240130378103 631.6533756069078 359.15656063220354 0.07275418192148209
658.6312220728141 485.28181893518723 668.6782720071926 499.5952747375383 0.07264351844787598
561.0679594238956 459.45176280600066 583.7879544301371 492.61112673949714 0.07221554964780807
234.70777964600475 495.98712042250474 249.87720573175088 512.7910087436152 0.07219106703996658
104.0700323349934 334.1253928742827 118.59986453075005 352.7784338816226 0.072165347635746
198.12216680134583 405.6811418171938 249.0254061184224 457.79286734677066 0.072145976126194
429.48824410245794 417.52878137209774 449.6149677882319 444.0174600990523 0.07211519777774811
143.00342305042912 283.00923676835026 168.5763034322948 314.05385887716693 0.07210444658994675
381.03788302623525 422.02980939791286 393.02264251290853 438.83176605670053 0.0719526931643486
598.8775771440111 476.0610567671199 611.0509770869478 493.705254527656 0.07188453525304794
143.59910495268124 313.7089976768516 175.42413328822235 353.15233277827986 0.07174842059612274
123.58674689179217 318.88147182164147 132.95110451515018 330.2289470170991 0.07174098491668701
612.8383376335045 493.7046376688918 624.1004031209205 507.984906782355 0.07164986431598663
599.9999814084069 457.4547357433799 629.3710624730575 500.4731979640212 0.07152242213487625
416.6442207483027 372.08245227177366 508.923234710812 492.5828749419723 0.0714971125125885
79.18036775679626 335.01279302311934 92.83789227283461 350.6044597734442 0.07136093825101852
448.14690859355017 386.2885372463069 463.126459273645 402.8488219668397 0.07128715515136719
612.1165904513452 383.2298849218496 635.5618342641883 414.16924419621176 0.07118430733680725
660.4807804184945 422.1789720591351 667.2910967080809 430.3109154571635 0.07114395499229431
56.235754610103 268.0476214504697 84.4696785736639 294.27985200401383 0.07103613764047623
697.9742449533924 369.19997004417644 720.957558524249 401.0675257483062 0.07098904252052307
651.7342639914773 394.0240544539071 728.1776303904617 479.6713957467941 0.07094796746969223
874.5937287793349 -54.305625536940575 1217.4531379756645 350.7888781761109 0.07084856182336807
-60.7222076043959 573.5280220786032 121.57610940286993 779.2615916587657 0.07084347307682037
722.9475269545874 402.55014634183095 747.3530598643868 434.97879940513155 0.07060915976762772
533.3592996745083 461.9165563323833 547.7254796735589 482.7006841557647 0.07060708850622177
471.04810282893925 368.2045835234902 490.8285939925843 389.49360399031013 0.07054411619901657
333.900507503617 422.1099720567457 349.3627887955681 439.2478271481459 0.07052472233772278
353.2423943731653 340.9304936582786 420.2973011558849 428.95720964752513 0.07041367143392563
538.4815043622104 302.4553257413803 573.8879078797613 345.9240778947118 0.0702887699007988
723.116294839227 474.056119556252 728.658322766397 481.771253138332 0.07015985995531082
89.93211041448184 264.42109626631145 109.08485803311433 280.43773055152116 0.06977065652608871
650.93928788269 473.7173903445964 672.3272211723976 503.57385265219773 0.06972670555114746
81.32338768031488 250.35116050646005 98.56061527772701 265.1775297341537 0.06962360441684723
363.8631092173947 416.47325642579875 377.55136068524774 432.8851534897476 0.0695955902338028
663.378117277995 485.03934791570686 668.3410929423594 492.09830000203226 0.0695149376988411
623.2785864177523 488.89809976100514 657.6015063927883 532.5093398221389 0.06949584186077118
472.7455740104295 357.6437229793319 495.64856041901766 383.2885542377985 0.0694088339805603
193.891015763008 452.9582491588342 233.33492283070697 489.03072438449726 0.06928456574678421
56.16643838097056 307.93252139448515 63.68021601592702 317.2781001380674 0.06924296170473099
586.4829420749977 403.36605938875044 629.623620285951 471.15700397864964 0.06913422793149948
556.9444807151549 329.2399913253345 577.8606438769486 354.07139127022236 0.06904800981283188
423.7535446888086 450.75766251800115 441.1431212317908 473.83322351275956 0.06893554329872131
618.4415818591508 464.9693330744779 625.9093035771934 474.2798453872709 0.06890549510717392
475.69342951160957 329.25766723719534 501.4707714488309 358.42838093922524 0.06885001808404922
314.8381943269352 376.180695587075 335.0941297984037 406.0456343688262 0.06882112473249435
157.43607030022815 422.5057978393524 201.1508600501745 464.96965558738697 0.06878316402435303
634.8875923325558 484.19589949820727 646.8396416752182 501.63257459677453 0.06868874281644821
681.7898794172766 417.9266017725008 692.1416185858287 430.70601684346775 0.06865761429071426
507.5504408218547 386.2082328232869 522.7347727156404 405.89507552658335 0.06863966584205627
722.0515464433378 435.26445241141965 727.4335169139299 443.08610008095013 0.06861910969018936
157.43417596340518 265.49608612780116 183.08515577393925 294.70436116162523 0.06859349459409714
588.4901371956289 275.0734723573465 628.9086452995907 319.83235686824565 0.0685766339302063
301.24147721884 448.8416825281725 315.0489760285608 466.17133357322365 0.06856605410575867
29.438137134867283 254.95272381915052 79.8569693831462 307.57247550887234 0.06850484013557434
434.1162024068005 451.64815457551083 448.185252243855 471.03742391868553 0.06847520172595978
239.5937623109958 397.3516709454226 273.6021596531105 439.23274722583386 0.0683518499135971
97.71259149228709 302.45559154516775 109.83647040946133 317.21845098489746 0.06833010166883469
14.452184456949544 292.8868367224361 34.242836040250936 316.15126865084596 0.06832149624824524
85.65316319700985 462.0804318936541 132.62442438705574 496.6001272424449 0.0682525783777237
36.72044673705526 296.19702390597615 101.33105710705914 368.27113226242466 0.0682005062699318
685.4045932957051 430.9356045918691 695.321155082045 441.44677581532613 0.06816413253545761
609.5560857741672 488.82146272866567 626.0894813026741 511.2894036269319 0.06806782633066177
300.9534035923157 506.06441497817013 341.3900297534272 565.8500135760216 0.06793394684791565
99.85771726443153 345.803449422886 123.83870909170504 378.6459144092397 0.0678437128663063
300.3921969086512 471.8926259014395 322.3042775666251 498.8084071247047 0.06783972680568695
289.2262544868271 366.9295976556925 314.46920805909457 400.8608006520205 0.06779232621192932
53.28904581078215 330.02731907969945 65.36188122995148 344.53725166349466 0.0677710771560669
454.3741818912072 449.00822801314047 468.18788065359723 468.02155272993963 0.0676535815000534
659.9508571400265 414.58900302445574 666.2632244810442 422.83884222596294 0.06754684448242188
524.4069038361245 337.6418641857167 541.7686968422465 359.345676274071 0.06754137575626373
676.1289064525337 463.62276636702177 699.5266668487369 492.5751840833407 0.06750129908323288
190.87349220013002 227.8896766454881 266.7519054197498 314.2336533647857 0.06747382134199142
411.53246940171977 313.64787262566915 461.300839473308 374.08484776045447 0.06739988923072815
36.429238046745084 257.587544813534 49.267568808350745 266.05496683173385 0.06737717241048813
426.79102715718227 394.92115658938866 451.8027780448666 426.4938180511102 0.06733840703964233
574.6731365433056 356.1315870093305 587.8892477491742 372.88143241173043 0.06731624901294708
78.16517735918258 237.2234647476914 98.5275196535972 256.2146632149887 0.06730981171131134
265.0264401279803 437.0126009260349 291.93708607355444 469.63044266465505 0.06728853285312653
5.677801074078574 278.1811352611067 23.14743987690656 297.5489351135589 0.06711804121732712
593.6381589326402 481.8856052806542 610.67294669919 507.15835226691354 0.06705065071582794
604.0002640314292 469.423975115952 616.9609866729294 488.00730207451534 0.0669914186000824
427.3477057932564 18.708192019429347 483.77529831624713 81.53495585994835 0.06699083745479584
505.6592120410391 423.0573922173892 518.6914104899847 444.4165276333246 0.06698757410049438
494.9896306010991 440.24242432275736 524.5762462722374 479.94344331332076 0.06698742508888245
129.38820812848195 401.75994922283087 169.0036088276553 447.49535403457406 0.06684368848800659
652.2009169687989 484.7482561387976 662.7838058576871 499.93076586251993 0.06681939959526062
34.004926550486644 244.21860364766985 50.67027954689333 260.1577357484034 0.06655378639698029
-5.810369179777347 298.69516563678957 25.930414237189428 342.318423071572 0.06624764949083328
159.39320723588946 352.7867269606363 210.27256240389386 412.55943333110264 0.06591959297657013
380.263283814052 446.2003243526578 396.76542165738186 467.40298949784597 0.0658775269985199
427.3736572465454 449.00835933767274 436.48830509462164 460.95880945587373 0.06567404419183731
479.48375966202605 454.75000230333137 516.39976541427 502.2971451107868 0.06557849049568176
66.54512666470315 458.8057830999203 105.07645376136387 489.1045749106418 0.06556324660778046
709.2190073254822 490.7410647467639 745.5902566892946 531.9648187607995 0.06543922424316406
299.445655262843 455.8511803844793 313.89732190535284 474.8731119960428 0.06541427969932556
573.0459509565737 505.84055952496806 609.4304226375124 554.5738548799608 0.06528063118457794
91.1550827923853 316.44097462819343 98.46255410095971 326.3381648709991 0.06521859765052795
903.3389189591499 207.17653245769785 1124.5146731435343 479.09478172263476 0.06486136466264725
42.25950666015059 231.70997744796304 60.60127563521288 251.5168187894642 0.06484482437372208
325.22594694410145 453.9907801697831 339.8657647287338 473.7713331411517 0.06473009288311005
154.61818576019044 213.6716644102834 215.936034304193 267.93179503574527 0.06467024236917496
172.44931784690036 523.7612173899338 283.63893625411947 644.915694169938 0.06466089189052582
662.5497240336297 337.6387793119415 928.6935900441523 616.277907065511 0.06465256214141846
127.3563061916449 342.8578049061091 150.04914878942043 373.0492242664333 0.0645846351981163
357.58239565273414 504.1086082731367 473.3586255093461 646.862683912581 0.06442585587501526
384.5114185476146 406.51050474591176 399.6638918704119 423.67759091525386 0.06440213322639465
522.0832191577759 372.1200290252936 598.0001540362571 472.81722802320365 0.06439590454101562
56.460600125503554 491.9346832403185 109.79095621082126 531.766733094347 0.06438423693180084
781.3080606035772 433.2487727566453 829.88289002915 493.367996958485 0.06434683501720428
-3.914998411091507 356.0926965045385 95.06154817925824 463.45841402458444 0.06426695734262466
97.56808285911809 433.51565721731765 142.10222479124187 473.91375987309044 0.06425923854112625
63.232368369710684 70.58339366060841 294.0468041822131 322.02068520337656 0.06424969434738159
648.2837334066512 406.94756696741314 655.7869204719568 416.2468417574521 0.06396272778511047
89.9190784400109 307.1159897081394 97.2054652363259 316.72876174455223 0.06383741647005081
61.498309351974264 232.12765170718973 82.04608097725588 253.69727621912412 0.06375204026699066
457.59949407717454 375.6389695596747 472.73232157317506 392.17831769837835 0.06358106434345245
14.279425798460771 326.6641517027005 46.785805721669504 372.03559177476046 0.06346238404512405
217.43761332261607 346.9332831843163 278.30099109475503 420.6218028506606 0.06345631927251816
128.39652574738906 452.07618329125586 156.99790474827944 484.11429492771487 0.06342204660177231
549.8286855430531 344.68356429571384 573.2187217227398 375.4663571778496 0.06336502730846405
766.5404355019326 589.8149434557365 865.7784563139976 671.527110981853 0.06328973919153214
524.0289217371569 411.1902135212149 597.4048502781146 517.1080772140432 0.0632304772734642
939.0555658057322 -69.61838382719307 1149.8603821552028 160.5391996595976 0.06310300529003143
554.0687571329393 10.066434325141307 652.6140601341997 117.62772785845438 0.06309829652309418
742.3749475634329 449.19686076539523 748.6074463114786 457.18874227408605 0.06307611614465714
446.65517720532137 404.83874445048303 456.40145628271017 417.971625673096 0.06305291503667831
416.6434784160082 585.6928672139709 582.0610580512832 764.3898603574642 0.06304226815700531
737.1810997649811 409.50303134380215 785.5999323413556 466.29142935352195 0.0630137175321579
410.24037089053746 422.4928426567319 424.99103021388333 442.8484046545631 0.06288757920265198
166.79027580541086 280.4593687728858 205.9401539102098 324.45430876986904 0.06282117962837219
-66.568736340754 -69.07756218892052 146.4188900212255 162.65480771439198 0.06280501186847687
466.683129178673 274.3934304491565 503.2044770386798 322.6118303285973 0.06254400312900543
384.928280235833 31.321575203401544 473.8700687470607 135.3113881792119 0.0624367892742157
298.5916973737911 471.1684223180269 307.628856998381 483.164402481455 0.06242845579981804
399.75131223060424 362.05936371040536 435.414019784626 400.1719015008633 0.06214386597275734
417.3818213293881 85.63837891991449 546.4864421341114 240.9963651182048 0.061998821794986725
299.20426400748653 488.4621753394123 322.42456406321435 519.0001062885609 0.06184781715273857
152.2422289457817 501.13565263115555 185.62769096096739 533.1752880270948 0.061719756573438644
523.1765117582714 440.4711679174065 538.8644001481294 462.96526240415005 0.061613552272319794
399.76243306468325 467.09929495651977 423.4199967873154 496.98103310575243 0.061306826770305634
50.740664345278844 557.5396723846699 166.01453854013457 676.2771565858326 0.0610586442053318
809.4768798769567 403.02794587729255 816.2166209271019 412.03556039973694 0.060947444289922714
717.8997496512637 350.37454849005604 752.9257516327878 388.64396217104206 0.060882434248924255
184.88938748511288 492.50187477766116 241.68026580115497 548.1753780370515 0.060813289135694504
774.2370336513109 454.1116086342811 833.7658461472286 518.4013742178654 0.06076271831989288
124.65826363459885 461.6783322749066 133.24317663955517 472.3993972487519 0.06041121855378151
226.52786293506327 421.9952649296934 264.34635569379446 461.22525486912104 0.06014864519238472
401.0217907526943 451.489342617454 418.1433957879703 471.60246278359233 0.05999666452407837
314.97310513802586 623.10254295673 438.3187823072903 761.0230728571072 0.05991685017943382
843.443231133672 414.24296827506214 850.4168580526672 423.8282808705414 0.05987014248967171
473.55062249308384 479.4763182907265 590.3589170925344 628.3520394157019 0.059831030666828156
883.4539043554329 408.2978366094691 927.6173978329862 468.08988665850666 0.059497635811567307
72.59302327525188 -2.3219267388876306 163.5841254569951 86.84558091528872 0.05949072539806366
834.6390850648487 318.31901256609723 847.5745544257553 336.59594734412553 0.05948475003242493
748.7082034447965 486.89242270647685 785.4920543681721 530.052816321804 0.05928625538945198
382.26885417815765 298.07314097878606 411.2690675373303 331.26361135628616 0.059083811938762665
178.33740505234175 302.4214665487718 236.77966943028295 372.88528083036744 0.05904557555913925
300.8055295976022 414.85591231193996 319.9667862708207 438.95271273204213 0.059026021510362625
804.3814300600302 386.4187550512344 813.5764498181112 398.689113248693 0.05898585543036461
825.9714858835946 341.33614228895294 842.2591449740835 362.73352234259744 0.058833152055740356
793.0691327097679 376.8301145845003 829.9045747135658 422.966014486838 0.058808617293834686
800.8114318871036 312.87317354210734 854.1446686311633 372.3088176620666 0.05872754007577896
297.9578879236047 28.191103552573928 406.17028938868333 155.57186540071012 0.0586295947432518
247.59690994621286 490.41480600110333 272.29914379775715 518.289331111328 0.05859239026904106
532.7238126684157 397.79355128633233 545.8520657397979 418.8094936704642 0.058584295213222504
92.22421853019102 287.2306241801427 175.1820125069443 378.8495390684744 0.05848550423979759
1007.1722042306149 362.71238998108595 1086.4296656068484 474.1206982022042 0.05836642533540726
518.2021533722686 467.53940212326347 542.6613596289687 502.08621552515234 0.058296870440244675
192.03008457831584 466.99567471586886 207.66494507803333 480.45742760892904 0.058217938989400864
351.49820891002264 475.3185237589328 366.3856101358669 491.6613630600796 0.05819932743906975
157.77284108405112 330.55675651979686 166.67278399555815 343.58201858514957 0.05800880119204521
157.211608245895 315.4655711360834 165.00637659788867 327.57567733223027 0.057980477809906006
148.17614168796152 329.9925720696922 157.56835742177597 343.1747353004182 0.05792001262307167
247.71019839187278 393.06035728809945 258.1217707098257 405.78006824038215 0.05789610370993614
860.0137940736224 318.2359904495361 873.2120616789625 337.39026417139513 0.05788489431142807
686.5995762427 494.1087231196278 693.309567715519 503.0433110483834 0.057833198457956314
813.1126039349022 382.70699379817273 821.0604358807941 393.76510585207797 0.057764071971178055
143.5887676880024 326.6304429085772 151.51077703523057 336.98536727002187 0.057644136250019073
628.8131041131297 431.45473783462165 679.8447949427541 498.63672453275797 0.057496532797813416
335.6909896264757 480.1462849494216 349.9424212117679 497.5696168771268 0.057316020131111145
849.4509621434054 298.19387247901676 860.1285108291607 313.59116779400784 0.057267144322395325
314.1105068690635 466.0132069350734 323.96091552718826 478.96930782748547 0.05725833773612976
675.3380624696724 462.06284342431843 757.1699437022968 560.2454141239889 0.0570140965282917
911.9812409395291 428.00637094684413 919.5683880977612 438.0002045230388 0.05689975246787071
691.4072883789422 487.08922859523113 697.9460151755364 495.8897921315898 0.05689278244972229
801.0986978450011 414.5975951826669 807.8259052387696 422.9817321892949 0.05686945840716362
704.9787574206655 278.75756325547894 796.0662904242856 372.1452484606337 0.05682907998561859
374.80691412631364 465.2624783178972 395.6662759423911 491.25917757209623 0.05669548362493515
231.97478603795773 462.4681192347761 245.61239726556084 478.0940374047244 0.05654832348227501
427.18779652874446 381.8007291637248 441.2856076755855 395.2714197717857 0.05629239231348038
334.17177735857103 400.2693730118889 347.583580409285 417.75123503757334 0.056245896965265274
796.8379270321469 390.9620969342917 806.029385392876 403.8017713849077 0.05612039566040039
814.7534779569298 347.167091628856 853.4500933234713 397.1387708532502 0.055878493934869766
-16.77364881966888 370.23084145162375 46.45722307899613 450.70540513417944 0.05581361800432205
455.3900025126862 -24.29420930834541 550.3540253839019 72.09470615924516 0.05580773577094078
253.1374191863644 572.5923575805745 349.9509434675149 679.2914678725568 0.055510248988866806
781.7554647872801 380.55069013048103 789.7252216943934 391.54558000696403 0.05543617159128189
807.3794922816764 374.03419515293723 816.7335022574312 386.0146849967941 0.05542726069688797
537.8117952554437 -15.386722316139599 622.2028910531438 60.158219115296184 0.055319894105196
697.3058075707297 481.66716777065324 706.6107422448467 493.82915198479947 0.055027276277542114
392.79862485662625 382.4069925663526 413.7262267640255 407.9266622580832 0.05501536652445793
183.15718240792108 5.922809189551567 320.0669244430683 135.28591727845645 0.05494530871510506
361.5933578226749 404.05173446418837 374.352800404563 418.8255936639933 0.05478091537952423
830.93912730303 269.0072058229117 873.9518591183223 327.80357370353005 0.05435976758599281
843.2180024441365 325.78860830803336 886.0315770240142 378.49423280993256 0.05433235689997673
512.5837538499612 331.3957116820847 535.0589555964391 357.8204689215713 0.05405023694038391
-9.068358530934706 246.80397851520598 34.68263471916716 303.84830329942014 0.053828928619623184
801.7730265594138 501.83264453495775 840.5481046172267 552.5999826025745 0.05374472588300705
125.2220362869433 307.4025802226362 135.12662917899985 321.75300951639423 0.053241316229104996
817.3846350217625 383.54700238077186 826.6872654721128 396.83621532812936 0.05322917550802231
816.793353229352 349.1134408664964 828.2316657900778 365.78477361344 0.05321680009365082
395.44335370646206 -31.68845234921805 522.4926909011316 92.44826222150218 0.053102757781744
-27.244859825597466 -34.84191215592662 76.27684932851237 85.91700531088294 0.05287184193730354
621.9393504443925 242.12956685061812 682.1944477377705 306.69871011265184 0.052785977721214294
-23.219654782266872 472.75433405251977 52.25112128802943 544.9145046435235 0.05262412875890732
747.919611546884 534.7634831811688 969.5961785172848 760.6889250155738 0.052565738558769226
256.30750663204935 388.40202975395295 266.06372385776285 400.5514731827776 0.051501672714948654
