537.8647699575606 391.54894188725893 553.9537155413344 411.43796605116586 0.9970667958259583
557.3446685359146 378.6827886258773 573.5095486291264 399.9196544284081 0.9902026653289795
265.8347603930646 408.50446964036297 271.4829818480648 416.6398000644921 0.9856052994728088
675.2014409735758 383.53664597246006 683.5918760355686 393.6503898073652 0.9747675657272339
456.44878092411454 400.10173819295346 467.65152435314656 413.15562531492196 0.9660277366638184
301.1690216633525 402.24150325855635 307.3701805937935 410.7088936531139 0.9361505508422852
427.93788751384193 396.2863948334636 438.1157699847736 410.8760022785976 0.8899614214897156
723.449797711238 387.9592566427837 728.2983394379384 393.93447245119506 0.8094905614852905
515.007098371432 402.334194935584 522.0725621707467 412.8206710504129 0.7675467133522034
896.7032148296644 391.56086260601376 907.1648077788979 405.4874320944431 0.5498924851417542
354.9233099784839 405.8570697299209 361.20609192168996 413.96706522170183 0.5128956437110901
902.4557752138784 400.50742367317713 916.4988042965853 417.04036711439113 0.4017944037914276
392.4224240233578 390.961172553784 401.15242875500553 403.7407034407069 0.40056902170181274
490.27599772732964 397.2429278491414 495.98840261033115 405.5429249546617 0.3176287114620209
363.86367651354493 404.2115438315581 371.4246220031096 414.23696480647067 0.2652242183685303
488.4922500914346 377.5721748011533 507.72244472807 402.7645913755404 0.25614598393440247
345.09679884512997 399.2323525901611 352.8324196811333 408.9589711279202 0.23224440217018127
476.0128257989761 386.6113125956372 484.73033691386365 399.64450939793915 0.22743749618530273
587.6431431716422 405.60527545326386 598.0805859685207 419.496260249596 0.22269727289676666
501.9513904980267 396.41029816938254 509.5141531717077 408.32274093029497 0.20803458988666534
590.2117106433988 378.3288539794013 602.4968642892142 395.04434868784216 0.17168107628822327
289.9202929785463 404.8899808956163 295.1006668300116 412.03518060475983 0.1675909012556076
409.63126116128564 401.19867315684326 417.48906370917916 411.68891208436133 0.14825168251991272
21.931851804005436 321.90503734746216 29.040287467626346 333.29255410902294 0.14608004689216614
382.45143380366915 410.41217036713664 392.8796752295802 422.9586605689021 0.1446944624185562
640.8416597962783 404.6634140322928 649.1686720954873 415.7300896748389 0.14405763149261475
492.99048485630226 394.5933479654936 501.7054719503588 408.2432678145328 0.14189837872982025
325.4697457688106 397.9907886943182 330.08499869254473 403.72338046684285 0.13411910831928253
142.5555455814994 199.2542565369839 215.1108852616119 273.70840833451473 0.13321200013160706
394.2301087404038 424.71613135544777 404.398907136657 439.14664827150335 0.13227702677249908
338.35295457301623 400.14903025838834 343.84915919650956 407.33111857930857 0.1310739517211914
485.7308612868108 402.10913379468457 495.83830915899017 416.3069022007387 0.12967200577259064
372.3298582261182 403.8462397352201 381.51338464905916 415.45142608471383 0.12921379506587982
656.4606333836697 13.689859219203507 743.0864842234153 111.16674527274874 0.12880893051624298
380.2587351180049 401.0285639294022 390.12723498727536 413.38565493761433 0.12621478736400604
320.36729365578964 408.64385919884586 326.492827268387 416.8321421527854 0.12535898387432098
389.7428444911404 402.867910974599 399.18350753050913 415.4074515175309 0.12475083768367767
401.2418025962164 405.18697319424695 406.82560219832254 413.13234103285316 0.12064138054847717
347.1817181897161 407.8765637846544 354.7489553452335 417.65005383360085 0.1205756664276123
317.93687822703873 417.98076401829405 322.26025962923615 423.83941546387877 0.11972769349813461
364.7930328744875 396.2445230514065 371.2635771003905 404.8379958221661 0.11690022796392441
371.30967776480503 391.335945678943 381.3238252496524 404.3213841186172 0.1167222112417221
657.6020913957877 380.25333576643686 664.6912684478707 390.08320683196246 0.11468325555324554
477.65229377736796 399.25280487920764 488.2308826296001 414.5281975460533 0.11433170735836029
368.8284168812703 412.7476386070666 377.86954678769484 424.3684518261651 0.1142357811331749
326.98852960977104 402.4783493885892 333.06042824499684 410.73693917097165 0.11416115611791611
399.7916327693125 395.2671737676997 409.466888806241 408.77780753317626 0.11402720212936401
130.7388082079546 474.2550818336457 142.2502224563534 489.55762248763926 0.11377741396427155
486.67324478247974 378.3295981915706 496.9096744866989 393.19727578779487 0.1136670857667923
603.3617196027562 32.83922291636878 668.3240335129944 117.25509785009135 0.11323895305395126
462.86602254532164 376.3835250814526 470.8622910641654 388.5179761111346 0.11243629455566406
403.3581298078067 408.57063542314785 413.3677130479945 421.8865734443768 0.11231911182403564
419.2559625869806 386.97951978108 429.2915700343781 400.6944149993735 0.11208579689264297
380.3817981199196 391.62640279214463 390.8369517724669 405.09237613210723 0.11143776029348373
335.86722623719794 414.72404592076566 344.4330185978133 425.54885941781214 0.11099693179130554
409.974593703713 409.5224813028819 419.8542298076806 422.8242293251899 0.11082716286182404
360.4456543236949 408.92650389138703 365.7394787317444 416.2473078449687 0.11082056164741516
57.19191578390074 41.21365178955064 291.4969240359317 289.83592613902 0.11018980294466019
97.99331484592025 456.6708071080251 109.34251270737806 469.920455427958 0.11006256192922592
455.3396432167559 19.281114663387353 528.3465756259505 103.70443753537363 0.10981437563896179
227.88346733023369 200.3289069481911 550.3357970662321 536.6643862672047 0.10977914929389954
441.9874324836593 399.6156735481517 449.3124777317881 410.10277157344717 0.10962963849306107
359.69734981879105 402.41401579288413 365.4408963239376 410.1927096790442 0.10955902934074402
339.4259277203267 407.39967576257715 346.013132250856 416.11935056040795 0.10849574208259583
391.66914338143516 413.9550191687452 400.62633604814454 425.7221033551702 0.10841277241706848
353.68802489138403 386.69586196794796 367.18935508407276 403.8085315961762 0.10836698114871979
640.1334252293293 379.0090773383227 648.8985373785456 392.8408933490139 0.10793577879667282
619.201561432866 353.4692762681857 628.7184257129493 367.6015552234934 0.107693150639534
379.6497906907188 185.5271978585881 466.6928459195152 285.66134955834787 0.10766434669494629
252.55983410030274 408.74975050981305 257.6030570712154 416.0538545615171 0.10730985552072525
208.47648056406976 322.97485735574173 261.4048071558289 383.362365259775 0.10711467266082764
511.62674289003274 388.6042884035733 520.3122222211831 401.08096144950576 0.10685154050588608
498.3861615811722 385.2017845128801 506.81061951558866 397.06498862538024 0.1067037507891655
416.41165577934277 402.3615346064177 425.8885244718006 415.1937521382289 0.10659262537956238
357.55287420757367 381.92433864679134 367.8683887417776 395.34441470295997 0.10636334121227264
375.15968943775437 410.8207957810348 385.1953084500885 422.92959185217563 0.10625359416007996
352.807646043149 398.2788459536448 358.90705964219427 406.68007467312515 0.10620395094156265
468.7543033274098 399.904679364361 478.2283151973673 413.42514733658436 0.10613178461790085
312.92113038098853 415.1246598310147 318.5114585905463 422.663630695696 0.10574053972959518
617.4683554339047 380.3116676522282 627.5871411302761 395.47356207843154 0.10566660016775131
285.0635860837417 401.37268180040957 290.69076083652993 408.915675589145 0.10555696487426758
330.2947474984778 405.889428420636 336.68615698155463 414.17960141740105 0.10534297674894333
308.8491583966131 417.06759199665515 313.795544359565 423.33978674745657 0.10530345886945724
399.2545071140701 412.4750530531662 407.68070229458226 424.2115435112893 0.10510104894638062
402.74967983633195 400.71118223480875 409.7024625687558 410.6803089915204 0.10510089993476868
334.6427906980635 408.6661336396777 341.0325774725404 417.07193878546246 0.10480956733226776
484.0583797068788 387.7233809742952 492.51131770571817 398.99979085413963 0.10468201339244843
451.2002375595877 391.68734092256545 461.08044103452016 404.57649015779674 0.10462843626737595
460.2779981640262 386.12585488141457 471.6520579796095 401.46860054512973 0.10423077642917633
312.522077093841 401.24096617559206 317.98158736901604 408.15738559899614 0.10419297963380814
363.21064607593627 414.33384628930685 372.3736776005793 426.57647410143034 0.1040274053812027
326.76487132783797 413.6403212460995 335.558295664682 425.0933300985643 0.10369500517845154
709.6768941576095 387.3290307979449 715.0990038976089 394.94174645878707 0.1036243885755539
414.18013828869476 392.7167404028368 423.134182883574 405.4249165254489 0.10358147323131561
14.40424562458425 464.114273888508 53.209580887746206 511.2134049028908 0.10350636392831802
427.26196207592176 378.40242779207074 435.7780463815065 389.06522006543344 0.10348793864250183
278.9398984136073 401.9936994272724 283.61374326985793 408.61079426468496 0.10340895503759384
582.6075349295481 365.8217027633785 608.6163456226496 400.702432977533 0.1032567024230957
370.9845616662253 420.56630618145437 381.68290022017976 435.0142682510453 0.10318570584058762
653.9007432385523 17.556334770512947 684.7671936076302 56.511365739486315 0.10316095501184464
338.7973886700246 391.9337482630272 345.56864685283864 400.65136468322066 0.10312154144048691
541.5631045920292 408.0697745057303 557.7140913333068 427.69165668513585 0.1031198650598526
322.13902579500666 402.07626940613795 327.2712452014761 408.6730911863458 0.10309457778930664
476.90156046584354 380.23304215796884 483.5102132845771 388.6834220475596 0.10295826196670532
329.068804880805 396.6120507134903 333.94164422347666 402.8285834502481 0.10292543470859528
123.51619874546024 447.8034773812266 134.3011599474259 460.2313021723378 0.10280831903219223
693.6499927234638 387.20411304625753 698.7969888330796 394.3787747540619 0.10268643498420715
448.7088735946154 372.722805403157 462.59186760932175 390.5231590127109 0.1024283617734909
508.07089611248944 397.28147360688195 514.0308429423598 405.3760100732267 0.1024017482995987
528.5937589273399 114.70644404728917 604.909691730078 199.68377782828415 0.10238965600728989
344.94734527750023 386.4836399709031 354.7479198644778 399.10763523330206 0.1023663803935051
447.3001412709951 400.18392038543664 456.27986851806173 412.81520009656316 0.10228727757930756
341.63861324079886 390.09910170742404 347.23981474498197 397.3068584857671 0.102254219353199
285.40921910832975 394.97925294119864 291.4076540289472 402.87684089800814 0.1021057516336441
688.782845036024 373.72747830044915 696.7962181711184 384.82468486428246 0.10205859690904617
370.6306614688256 365.5719044569363 378.26304550882156 376.54137436036496 0.10203972458839417
343.8079664239811 415.1959072153774 350.7903401337404 425.0879671475162 0.10192648321390152
493.89952714864773 403.99027742689435 503.1784543776869 418.0854331037713 0.10186576843261719
608.8399406244374 378.52001544839703 618.4634224040308 393.61909328428095 0.10165484994649887
452.5320202785585 407.83940372369295 461.1047376017437 418.3477673766854 0.10162118822336197
280.4777225367204 394.4757232461587 285.9807095218707 401.9295623697895 0.10157645493745804
381.828274455521 381.4077917581251 393.53237414129774 396.5852073383661 0.10149247944355011
5.613828929987806 4.981789840645137 22.927024147353094 26.69936770983482 0.1013992428779602
331.23708851270464 393.31681622425856 337.98286279845127 401.6740771103852 0.10137201100587845
351.2383953802848 413.9865688458802 362.74052961744803 428.772985794347 0.10133745521306992
722.3946940626164 379.35111309605617 727.5950479023824 386.10811421134525 0.10127229243516922
440.21486860032087 382.2915282897479 451.34073833278825 397.5229433495569 0.10122684389352798
324.271470416051 378.73663261939936 332.8585821175571 390.04664569884625 0.1012173667550087
124.897780499777 460.45741335596523 134.48732916652017 470.53254838261813 0.1010938435792923
111.46219280843218 445.99060275018627 123.17442297146751 458.37912132956757 0.1010131910443306
306.8618444383629 400.6976070165571 313.0761817736762 408.6629983904962 0.10071156173944473
667.0109798146575 382.5852350453596 674.7483408175989 393.25283937783854 0.1006661131978035
279.42518033338223 412.4331940905943 284.5657174913074 419.39282119947796 0.10066326707601547
107.47469544842943 464.6951166476625 118.63015631020039 476.6781300933554 0.10004200041294098
671.0706066745863 62.60860580345443 693.8265065537374 88.4876045363776 0.09988614916801453
442.61552618166235 409.75079127833794 449.29223222598563 418.64095153049163 0.09957971423864365
311.0584296446576 407.35940218645317 317.31077388564546 415.45838459300785 0.09944157302379608
512.1045366671733 410.2911986840562 522.3308608060203 424.8235127297463 0.09922818839550018
528.0666196251657 390.19233386592066 539.7831753689816 406.2246429195021 0.09912974387407303
504.18178283916177 380.6643353952538 513.4403416229873 394.1639257797748 0.09910108894109726
373.2631351706338 377.5542701016954 383.8246077124734 391.91705205089795 0.09900254756212234
295.22989748720573 418.61363696824753 301.08312963637354 426.3626153265838 0.09896459430456161
49.50735556023697 122.72420899273699 134.16355902755024 219.1114159451398 0.09863494336605072
411.6314235944916 389.12653547613337 419.54745159743084 400.4566265477631 0.09859909862279892
145.16746353439174 450.4514053754545 158.75921490371343 466.77868253555306 0.09846464544534683
738.7386171870105 382.8499070833294 744.005234068849 390.1417806318713 0.09818052500486374
620.0000122351315 401.2177724854041 627.3226652078059 411.66356248646605 0.09816253930330276
652.0742783489496 388.1209850774223 657.0919768781038 396.3478716611599 0.097806416451931
356.2864456548835 396.1978327700983 363.24672541868216 405.07401437165345 0.09773481637239456
623.063108543107 352.57323260038817 645.588710602863 384.25230507909157 0.09767960011959076
324.3542721935133 408.3986672529346 330.9249158365393 417.3183929208647 0.09760075807571411
634.6760308797886 17.871921936490534 659.2787122390424 50.755603072207144 0.09757725894451141
461.4688444471772 413.1993165347458 474.81981287517084 430.26470089457126 0.09747298061847687
404.2476808231459 417.82638758702484 414.1522861419506 432.0896994103842 0.09745490550994873
913.1600083476125 410.85121583596197 924.8616125656715 425.4235833124708 0.09745437651872635
366.20548314141826 385.15284980286265 373.6509577928229 394.7806619783951 0.09741099923849106
345.512449395427 366.114052156529 356.02117086168636 380.3077834365904 0.09702783823013306
334.34056515397776 399.5738736968839 340.0167173575081 406.9546695026225 0.0968339592218399
345.7885812758608 386.16100379364644 350.10281669337417 391.7612472869828 0.09678944945335388
53.81895849929312 202.85017155072808 119.53806308985698 270.7991985635252 0.09669256955385208
335.63822456735 405.1035433116471 341.264388260292 412.2848570544434 0.09667978435754776
906.6634697634493 387.6369180753012 917.1652786129987 401.59021835456116 0.09658244252204895
110.30654925707776 481.81209345264364 120.45668881721583 493.23336962742553 0.09656917303800583
348.5822328398091 385.0219163835002 352.1350951890964 389.93143330896106 0.09654588252305984
466.5998394391163 386.9986186467364 477.61732488678524 402.43090921042295 0.09650480002164841
399.4492855868751 380.3449323777063 410.5009295883441 396.16233843377137 0.09650333970785141
669.3206432767802 369.4728871870272 678.3190210163833 381.8139696971404 0.09649007767438889
414.77942072687785 418.8087151788561 425.0031421881515 433.1221668632831 0.09642238169908524
297.9831235862982 408.8440640845233 303.85200249424656 416.40803604059556 0.09621983021497726
507.4058316146949 404.3404435041097 515.9771885172172 416.4547273540185 0.09617862105369568
518.877324824932 384.4037076902691 527.9800441229185 397.68250832697464 0.09617037326097488
700.0402653872025 370.6785921256767 710.4111760037725 383.8896282836856 0.09603211283683777
498.6284380718776 358.9104563097173 538.3287050168955 411.20225083608 0.0959549993276596
406.008817147274 391.5825452845338 413.5969163941965 402.59661396726324 0.09592536836862564
494.4028364175707 412.47136019791725 505.94574921140986 429.09108685794916 0.09588319063186646
381.2001922154637 421.6409176505641 394.5263645449981 438.67448124851046 0.09516281634569168
331.40399475816434 400.9933226834588 337.0639959209811 408.12487531610566 0.09512469917535782
100.60949381331358 475.8328774321979 111.91928350674074 488.0101899576453 0.095100536942482
319.54397189969177 396.38116447703413 325.5455979657927 403.65135861526295 0.09496365487575531
259.55444420025526 408.127562923551 265.12400221740916 415.98945807839925 0.09484198689460754
503.3702239729163 418.1572912365768 531.8058760811056 453.9346090729973 0.09478089213371277
608.2688898700983 395.9444719904003 615.3461116601693 405.5718418388085 0.09468214958906174
960.4159243534888 217.35283746584457 977.1854136553344 236.87047878987423 0.09467054158449173
482.92190573090414 416.25842110836345 495.98821573941837 433.0679375011945 0.09465908259153366
403.3313376354303 424.2905291819597 416.39183599584214 442.46561442833695 0.09452127665281296
290.06439218234965 374.98431735947776 297.6029977858189 384.38153499008405 0.09449749439954758
926.7176806750873 408.5343738426126 938.5768731946898 424.21204526043357 0.09423179179430008
630.3016223892653 381.8949630567708 639.0016220834508 394.66129784477926 0.09407570958137512
710.631480535517 375.8150825149252 716.7395729012094 384.6677927845695 0.09402310103178024
572.3266905872681 384.8807345537096 585.0568144465125 403.3655496344579 0.09395670145750046
485.3777929601873 395.00226627345654 491.6432859696854 402.80316657767 0.09393828362226486
470.9863558375701 376.3998024036957 479.6905696221815 388.8237083745098 0.09393594413995743
304.46488183767013 409.3212603421176 310.2759819282372 417.21108752292986 0.09388437122106552
353.51770855710265 354.21604413073567 371.1062513636149 378.9298874022103 0.09371298551559448
299.99150612419055 423.96331316581217 306.09648643576656 432.0776363754053 0.09365792572498322
611.548878608061 367.341523883767 620.78015834834 380.1857070831797 0.09364322572946548
687.3403674419168 14.33769331252528 710.7684294364988 44.872047183572214 0.09361454099416733
588.4530019985732 393.0306455072918 598.0366503074407 405.27527548275305 0.09344223886728287
115.8574177776241 460.15458711431813 125.7521515037157 470.8239120795619 0.09339641034603119
483.5751402447058 345.5271615548057 507.69682517420586 376.6708235213432 0.09338817000389099
695.4751219804956 388.7056975053264 701.6129942841936 397.8531968439491 0.093346007168293
878.4354582140302 401.5819509143733 888.6645515209268 415.0918656462173 0.0932978168129921
622.0026580341879 344.6935047134844 630.1996567772402 355.0362288576354 0.09303092956542969
638.7330434959092 350.4545086913952 646.6238842911482 363.2073478565713 0.0929531678557396
701.1593510111958 355.9849998655274 708.6346942317285 364.9765091163653 0.09289667755365372
717.3168182739453 382.6313766985365 723.3067087339336 390.75071373863744 0.09287945181131363
422.04877620589326 408.9218486052312 432.49028445354105 423.2267810407372 0.09277230501174927
648.5279412596419 383.6364992661387 655.1587284867312 394.0145126590762 0.09257278591394424
627.7736451265051 375.57131653981173 636.9161929888517 389.6923375266387 0.09249119460582733
132.9396754116988 454.3432889775951 144.0624700387172 466.8010218111155 0.09248444437980652
432.9944286334259 383.3560887173591 441.0338152066548 394.52491085338994 0.09246643632650375
621.2994162572982 368.99829996718245 628.9159395540765 380.9990996768876 0.09244587272405624
635.6751351515333 372.85924594892487 641.8128948325525 382.5799914987548 0.0923319011926651
405.3907837904658 375.7369189088688 415.31135751470634 389.62737648698135 0.09229236841201782
914.005889859897 397.2098620171663 926.54092956823 413.50086811664613 0.09208481013774872
316.3056307221948 403.8661448891951 321.8868776665002 410.5201368796565 0.09202158451080322
677.2383939816805 369.71097961278576 684.4333990267678 379.6339318133121 0.09201640635728836
116.37149318393556 477.0801148274378 125.2109615636537 487.4589769718697 0.09175348281860352
435.42092738487753 386.98797138555454 445.42507595121447 401.4837625473881 0.09160035103559494
340.6238860571625 421.62126447859515 349.2776019202193 434.4354763380585 0.09159716218709946
527.2984387571618 355.7030923065686 551.8809892229272 390.96744375654333 0.09156431257724762
248.50015865517057 410.1776427685397 253.20979662622264 416.77063313975157 0.0914316400885582
282.5795801917771 424.97166558550526 287.49090203351693 432.12294177117724 0.09143082052469254
435.7204292981322 405.44574871041345 445.3784143366847 418.5067225780876 0.09137904644012451
314.11876664327957 427.9784716907161 322.5446200140433 439.03604120204324 0.09125173091888428
397.5187809205673 440.18188303582826 410.0878323498838 458.2033063268714 0.09121765196323395
704.0085158505489 389.52044167400066 710.7556471066089 398.70782177744877 0.0911337286233902
352.739030316641 376.9384322442015 362.2882316652387 389.7066372330299 0.09104355424642563
707.0046382124962 382.6834727158207 711.2386350613042 388.54087238685213 0.09101686626672745
65.30267154789125 3.0612025429938767 163.6668587034455 110.9725584670696 0.09098035842180252
318.75134920597446 20.09955618313361 569.9037796430244 289.65768349405795 0.09095237404108047
303.59115320870484 419.9815197823034 309.7105810173218 427.9961217585179 0.09094423800706863
426.80269502769045 414.821665773862 438.55001701454785 431.27926838273845 0.09093882888555527
623.5126769588859 373.89014918838274 629.5792203195786 383.5714038504901 0.09078855067491531
917.1224395012682 226.16871204736395 931.3618416753408 245.87741080290834 0.09077880531549454
577.7410928967115 380.6609940834443 588.027699502107 396.2139800352988 0.09077750891447067
333.81096214075126 383.19222477964337 343.30581287731036 395.36905501172845 0.09074767678976059
121.35433273028842 467.4472622963012 133.23608875820165 480.4530483136214 0.09068510681390762
644.1752093556066 359.48919898630874 649.29267559947 367.70417303214896 0.0906575545668602
293.43209168185246 408.5684285344073 299.86673652680537 416.9617271243273 0.09063852578401566
657.6059333443868 389.1256021649302 664.8297327757692 398.9304191988508 0.09059475362300873
601.9315879474995 381.0041545367737 610.5105812898386 394.849524183952 0.09054040908813477
324.9058190536411 389.3839638028084 331.1802883872381 397.50338908064816 0.0905308723449707
283.4771806038041 407.81028321713984 289.49808269139425 415.98425242652866 0.09043248742818832
826.0020453160988 360.920636130434 850.0378376945288 385.8086720473555 0.09039489924907684
506.33306264347345 389.92089997833284 511.42544417844385 396.5116886254054 0.0901406928896904
700.4131609970975 388.3253298701564 706.1293507757657 396.07048944271475 0.09011675417423248
625.3684927832833 387.99840283316036 632.3726851648971 398.44958134863276 0.08993583917617798
681.2126594505522 377.4826019867214 688.1461791176582 386.62512121888045 0.0898660197854042
290.5700801012365 395.9321594809548 296.0311334288299 403.3078621225416 0.08986540883779526
645.3413854558 363.42532726607203 658.4440000675831 381.83946206948036 0.08986493200063705
640.3322049730438 367.024130465507 646.6901870652645 377.2889299865047 0.08986197412014008
372.24090919215536 426.2871408387922 384.2036232999462 442.0761095970142 0.08976427465677261
654.9664708601229 399.47775572260446 661.7160901216316 409.0441902969899 0.08963790535926819
737.3749921166504 403.129831845335 744.1546150867853 412.2319512651599 0.08948028087615967
319.5695966515017 418.57813409372994 328.91033674014847 430.79008344270966 0.08946163207292557
313.1730654852165 396.08605881841294 320.89480800293785 405.29170186212275 0.08945504575967789
938.8433543724957 29.515468638311265 976.0005622766987 82.43665614638704 0.08940505236387253
464.5872101549205 426.21336076116927 474.6762589443876 438.49635842610303 0.08940326422452927
910.4538787204506 409.4090197268415 921.0193286166783 421.9559986108246 0.08939138799905777
386.31791623653874 380.46121592028175 394.8061790379925 392.06911215808327 0.08930151909589767
722.7558465286448 392.4054150211336 730.0220523926216 402.10205576737087 0.08929816633462906
316.83410307886084 413.6008045889365 322.3015412462013 420.94502776501974 0.08925604075193405
502.5814250912966 410.8111507465771 510.86035250399397 423.32653462726694 0.0890822783112526
642.7211187169167 393.53938703761884 649.602373163973 403.04926908126845 0.08907516300678253
331.0688130523593 370.53443567143887 341.25928361696344 383.54173680542146 0.08905794471502304
934.8860561850165 217.1375413006087 946.1620539748741 232.06232731370312 0.08901461958885193
348.95235480828643 380.19594093034067 355.00811560669695 389.0993417164024 0.08900328725576401
646.5487022242725 391.4256647240986 652.5072567274603 400.1727704221299 0.08890169858932495
547.4586832664388 375.67563136579315 560.6227412357546 393.34465425854336 0.08886133879423141
504.64145824721595 377.18074945277857 511.30762288731233 386.1664958141582 0.08854366838932037
885.852473711117 394.2793067842391 897.5377849424683 410.7086651124215 0.08852428197860718
352.04194394289965 341.4402391884966 366.27448696925336 362.03723368067057 0.08847799897193909
646.7523684768969 365.81277443207284 652.9289575978604 375.29870673859557 0.08847661316394806
526.9101128176961 404.574230057546 545.5046023021803 428.95983786110594 0.08840952068567276
532.7349780943844 380.16447279063794 545.3647484115264 395.8874750536416 0.08829209208488464
299.2259294993903 393.78046127164 307.01439410689085 403.24372823733836 0.0882527157664299
669.6443564743951 391.1376858222176 678.4492890664079 403.04641556483165 0.08814971894025803
708.8673309379162 394.6113184091062 715.9599617072181 404.55380084212123 0.08814948797225952
413.0370396583242 361.52392216384465 435.0809048058672 391.79028794253884 0.08811457455158234
565.5470051484783 365.34871536286965 579.5169908096614 384.30236506657457 0.08809565007686615
291.1910326625055 392.106586916653 300.4236624551952 403.28381563758205 0.08809495717287064
382.5092109522641 368.99720681820185 393.0707107014064 383.5836710089875 0.0880877822637558
702.8577738989686 382.24739021138686 708.6225903303722 389.77160348421785 0.08807463943958282
492.880602759961 424.7182885497983 507.5804230932011 444.0408358842154 0.08804246783256531
650.7531767698202 395.283895434233 657.5445350593054 405.0253705518756 0.08798158168792725
641.5250461912258 412.4649572004124 650.2211668344238 424.2775602662444 0.08797246217727661
656.2839540867465 365.772591789481 662.7391968054613 375.11568759958 0.0878346785902977
473.1267719069623 365.45446891204466 487.0677265497161 383.44831003587854 0.08779919147491455
892.5928051694264 386.79178308950253 899.5535445844758 397.61718692559384 0.08775663375854492
697.2079144006009 375.0191483442969 702.3810695086064 382.37237867084957 0.08769505470991135
906.470267198156 232.02624556742882 919.3981227729083 251.86797462312546 0.08767736703157425
436.39663057533784 397.9239546402261 443.4869623596106 408.6581615254998 0.08767184615135193
250.51946804769506 417.03168148958434 254.5022724845708 422.6168120876841 0.08766957372426987
685.8717469114384 383.56443413178715 693.1654914544638 393.7233367629178 0.08765345066785812
570.9267217027709 178.2021343817502 903.8172438607169 544.4082897170188 0.08758437633514404
496.18455925494925 375.36402461045833 504.76973246218216 388.0114250818525 0.0875786766409874
263.3635758397035 400.6500380615093 268.5813441339168 407.9182419913709 0.08755499869585037
294.78256401712855 399.6880876163369 300.8593089499754 407.54099478756444 0.0875440165400505
608.3302442962181 403.2796190409636 618.8077974280151 417.59802407205933 0.08750056475400925
289.7333942540177 410.86903849651327 297.74208454572914 421.3881281511689 0.08739183098077774
141.84073225602498 466.6946162484799 156.87860844549948 484.23312011282496 0.08737018704414368
328.89670186878493 419.69990706847784 340.5122428974832 434.46823365700226 0.08731509000062943
625.828008725977 398.85081726407327 639.6375566734082 416.2545759103037 0.08723582327365875
288.0199790034166 381.2499395521108 297.3117038238683 392.9623976088755 0.08712393790483475
521.6740259885255 402.0630581174619 530.5748457013351 413.73523767299366 0.08711891621351242
262.2692844608289 397.48055803789055 267.2298373546425 404.080632888771 0.08709777146577835
898.6376334582578 421.43259784744913 911.5241798046993 437.8239344696017 0.08697564154863358
333.57866983073484 397.09942369178617 338.9194190139743 403.8930144703955 0.08687257021665573
597.6679867547684 392.7010790809796 605.5124531521845 404.48598615012554 0.08683845400810242
358.6315295824279 418.58957101728265 366.1709876082509 429.1827240154725 0.08675996214151382
254.52710641593222 414.8135061155314 259.13418643648276 421.53115022594443 0.08668796718120575
287.240216006619 418.87922122107176 294.62742878012205 428.71035491205873 0.08657968789339066
652.551691590361 379.2728156196953 658.9799541151287 389.19281640055164 0.08655840158462524
658.8618686617374 356.98349771985704 680.7793355688794 388.6490012239201 0.08655455708503723
581.0809000569152 389.6245939531424 592.1113841526219 405.15092392172954 0.08653640002012253
620.6445732403711 414.6567314246569 628.9749216589142 426.7677582167913 0.08645613491535187
870.2366193915497 396.94369794695825 882.9457333325349 413.1773280699245 0.08640892058610916
861.9929014901528 385.2302248841439 877.6403180318972 404.92912060645955 0.08628034591674805
455.01648861540826 356.15038493789865 473.04878466231827 379.7269471724462 0.08623029291629791
651.6803071995743 419.2240747301424 659.0938343897936 430.0237670769728 0.08622373640537262
355.82700205055977 388.3657659067327 361.9567493892694 396.3153820466189 0.08622341603040695
474.1841659679963 415.4353759931594 487.9110890580655 433.0139722429671 0.08619758486747742
689.4373068475636 388.81646492563965 698.2079145486107 400.6873189650771 0.08615723997354507
615.3755110439573 392.545337117664 622.5255015842899 402.8692998081268 0.0861375629901886
714.0824630796981 368.35972118559044 726.1137907723038 385.45435185851795 0.08611533045768738
638.4108376617688 385.0867133370831 662.8148286942078 417.8092846444421 0.08608841150999069
315.35191244546974 344.10684639131244 345.1016072020859 381.79483538271137 0.08597949147224426
647.9812923205351 354.4133938643279 653.5975821597565 362.79388947490605 0.08590104430913925
448.41655755686145 418.9944675556324 459.6478030818711 434.18562044180277 0.08587183058261871
94.22822282421525 438.2816997146119 115.35011299664765 456.69394213941445 0.08585253357887268
923.9946687046266 403.5054821628818 932.3931286431834 414.65483698306383 0.0858113244175911
309.8069386345796 365.5680353121928 338.03517517052217 403.6491226551599 0.0857989639043808
676.5110817003055 392.68097396036796 687.6648260726853 407.80480888941406 0.08578445017337799
459.3295207038309 356.31199411627824 492.41517895941274 399.9415680610262 0.08571166545152664
105.00553067369611 248.62773951496766 175.43663719438874 327.4012936636159 0.08565042912960052
952.1057058915053 215.78208676232833 957.9269354985885 224.15897262960368 0.08562377840280533
447.3413239296445 407.6318761324316 456.5070820863393 419.5255065921213 0.08561967313289642
890.7631823112283 409.0442576996582 903.5534860449068 425.30184480610126 0.08560784161090851
618.6916438077837 407.21289961223897 626.7343934920569 418.1211192704496 0.0855799987912178
926.8468751430786 240.579943006208 935.4500123790683 253.03107471783014 0.0855649784207344
430.89145755973084 421.60926805864233 440.13090964446667 434.6780531621759 0.08556316047906876
137.6361981139284 484.03365050761903 147.0776890970827 495.9653006115664 0.08549025654792786
274.18523930987357 406.0937618232196 280.773273362859 415.0788592090716 0.08539331704378128
106.50541744968116 503.5461903918387 119.58222126294099 519.2682775236026 0.08533396571874619
391.81951523398976 369.6679467848002 401.88118793098914 384.88458172294224 0.0852314904332161
326.0680412782769 422.71130078718477 353.1258447146849 457.8583937883885 0.08522403240203857
307.2280745984739 369.1640126842909 367.2453517515055 443.1713991471472 0.08517526090145111
391.0343050524008 356.01497405161325 397.7384251457046 367.31440565506347 0.08508040755987167
343.01177917285776 371.8954056716098 356.3555820355481 389.5655534031953 0.08504260331392288
366.32735554350506 423.4766896136151 378.4412836707594 439.72272090529424 0.08502990752458572
638.033661721147 370.5154969422222 642.3881688679536 376.83383454383346 0.08502323180437088
510.910189510486 376.7758222945269 519.3167912528925 389.98183908715674 0.08490489423274994
636.161540601531 363.15588110702924 641.71842346052 372.0307650126505 0.08481106162071228
913.5395315032785 251.2804562902192 928.6692427379346 268.3484345975827 0.08480442315340042
874.6003643549109 409.78620151311134 887.3910578599503 425.30452722419955 0.08477719873189926
348.64758915238076 424.34091595435575 387.55307939897415 471.73773657397265 0.08465836197137833
364.08775079613014 376.28549349674597 370.8592041749496 385.20289738215325 0.08465598523616791
605.5536078603071 406.35704813133674 613.7675590156117 418.2252274280657 0.08464698493480682
633.6895871801444 393.2082656933176 643.2669607876095 406.07448065777174 0.08459694683551788
371.5960021460016 364.95519628923955 385.60519480035197 382.3940920581707 0.08455739915370941
928.2143175411247 248.74746065189407 947.4958417147733 274.8895329860176 0.08455604314804077
430.9831088320847 405.89048436588155 454.00240783927796 437.1183750771501 0.08454049378633499
717.1746365424302 373.61987943540163 722.7385810827692 381.3358633590772 0.08453492820262909
283.33955910250467 414.5907434927501 290.245599237581 424.202608129954 0.08451369404792786
644.9152386754128 411.47169833450556 654.35280045549 424.0090014852249 0.08423145860433578
376.64601050804487 357.7095333993165 385.7827994915711 371.72256036076993 0.08403272926807404
841.2955699242784 369.54831379107156 893.9272135600577 438.12098586848305 0.08398924767971039
308.37517287800495 396.77910801534 331.41785924108837 427.5071963749858 0.08397962898015976
651.921707969784 406.44662858494064 661.1880339715693 419.7752088177237 0.08396957069635391
622.3715608840507 393.93719066317345 629.6603680910024 404.30906678225097 0.08396006375551224
702.7905194205873 398.0258602106628 711.0480740504589 409.0826274863126 0.08394474536180496
864.9135990622444 373.10618423953173 878.157598579822 390.0000272937327 0.08385184407234192
580.6462799550623 368.45364206184047 590.0890288418311 381.783383238059 0.08383678644895554
83.44645897407688 461.2390001905748 132.28419448993876 517.2685194693793 0.08378442376852036
645.6792160649899 374.69720936630114 653.2468208608329 386.8444229010374 0.0837385356426239
307.3492348585693 423.3885610714711 313.0987867297773 430.8218962344031 0.08369778096675873
737.2783640119487 393.1245263025683 744.5217339701768 402.2627845104625 0.08362066000699997
671.158929591467 364.98675523467796 677.076809707911 372.5166335467098 0.0835181176662445
261.6469528645123 414.21351606917176 268.0562391141398 422.710947134528 0.08344938606023788
401.31171589710925 445.18746390895706 424.7138910544284 477.17214361190827 0.08330845832824707
729.1410249183638 383.3431725085593 735.5085779092503 391.63738082279315 0.08309449255466461
441.9522898328815 428.5014740660083 461.8504421539095 455.40130021979564 0.08307425677776337
985.3016187700654 227.47822222392654 997.1110158282089 240.94902749451188 0.08277291804552078
629.8218249141195 360.0239242481558 639.3115454440349 374.5037184368903 0.08254766464233398
732.4982478003737 381.1669813243399 737.8505576363889 388.3028519536212 0.08251514285802841
247.99420550056922 421.0194180956522 251.695641244107 426.07751153787245 0.08238798379898071
880.7435233814099 384.598927149371 891.5524828515629 399.17913577137864 0.08236617594957352
568.6036253738174 394.1249184226118 583.0889585691468 413.95825429377896 0.08235201984643936
667.7393845740352 359.3072137174361 675.8742889608235 370.0445108333884 0.08233695477247238
590.678766334418 368.32883096882756 600.4745972447989 382.0535071202216 0.08225925266742706
649.0452593961527 361.01852029491704 654.1574662423351 368.54440365411 0.08224639296531677
946.8472687954163 234.76645888666005 964.5088150519501 259.5596034732661 0.0822463184595108
78.3920944564677 322.07887243534736 147.21945598294283 411.3217132157657 0.08220676332712173
735.130747668961 387.8196675138376 741.0939465265253 395.53026996867203 0.08202134817838669
596.6077784026387 407.32014736883133 605.3009455114487 419.8003908941197 0.08197502791881561
415.53575019058945 379.84640213925724 423.39088601739155 390.59263294827235 0.08197035640478134
792.6070678187984 368.5305721244125 844.4673371906928 436.43410667653853 0.0819498673081398
661.6187141199997 393.60676979414285 670.312345485834 405.6072800755949 0.08191734552383423
313.72701446938606 384.98791839203443 324.6010909858148 397.9153451496999 0.0817781537771225
549.4775203903822 362.9371026520771 563.8136294699897 381.5237506615613 0.08173301815986633
400.2748201814996 354.7540700473085 413.8918793209915 376.3007230815423 0.08172599971294403
713.8728429482716 387.0046895854929 719.5992928040004 394.93432502114115 0.08166870474815369
631.6123222867745 347.89311920876895 640.3627253594819 361.15754025685425 0.08158992230892181
71.77034529105937 441.7599460576494 98.19524281541439 465.4034388765948 0.0815771296620369
898.7661886068846 377.5923654203359 909.6224968697236 390.963734869414 0.08152560889720917
620.1178500783263 411.6108855613493 635.9578351089825 431.19588503453366 0.0813397616147995
473.3177522485117 426.28486309696694 493.4646420429855 452.8730738540852 0.0813131183385849
599.6687818097557 409.20696352162173 610.7127046899956 424.745418622092 0.08123137801885605
252.98924676202697 379.4353240971443 273.74139782033683 406.8034992847013 0.08117033541202545
107.11245146620521 264.3811227735027 127.38125331692378 291.8383247985612 0.08108563721179962
293.1483824385309 423.2248830739372 303.7461306232722 436.50750223703494 0.08102058619260788
706.603834075729 403.50239785203865 716.1831094065266 416.64463666272707 0.08100253343582153
558.9959068497169 401.0049791224393 577.898074889617 424.66840589083984 0.08089281618595123
913.2792316830754 364.64934398445166 938.5571600787017 399.6271522750274 0.0808289498090744
587.4385022100771 339.4389478190295 622.6246495093787 385.79592242105684 0.08077447861433029
286.0618185883203 383.3756922713113 323.8064770684585 426.567979571514 0.08063989132642746
535.0426419152521 422.83449910420495 574.4845058045702 469.7636641717011 0.08060381561517715
931.2404667597667 272.0226790894066 952.6655983948982 298.48091968593434 0.080277219414711
286.8594795661087 357.5017587160499 312.4112350260846 389.80014520941126 0.08026965707540512
437.95095491708014 419.1881815319613 449.17337686620124 434.99879584836475 0.080248162150383
345.7134586142616 381.16111745895034 349.86265957082543 386.9096014168325 0.08015771210193634
103.5433646722113 470.65395124548934 110.82050082759228 478.3139867042437 0.08008470386266708
410.0181563933412 362.19274645873514 420.77681174169254 377.6170085088879 0.08007309585809708
90.53269510988844 416.2063990376578 119.98903892258728 447.34038609729356 0.080063596367836
470.2000974874271 357.5686602522077 481.01801739962355 371.2315472259351 0.08002738654613495
885.98107980075 320.3973256193221 956.9530630121894 403.5107331821446 0.08002211153507233
583.99047889759 397.0976069377344 615.0976333761939 436.74652084195645 0.07996750622987747
672.9846400120758 353.1158151617357 682.0233040021983 364.5776765998292 0.07994305342435837
330.24923804299675 380.7783584014079 335.9706896790575 388.2665839173031 0.07990185171365738
592.5576153880945 352.978070525528 599.9283047300082 363.51470280185225 0.07985926419496536
280.9044957003444 406.0606133217931 285.6930194965862 412.8858167577406 0.07980526238679886
416.92362656635703 419.7502278102416 442.6762515430605 452.0451689683396 0.07977212220430374
431.59856134707877 366.383011449608 444.4004039196654 382.5799928777889 0.07969074696302414
693.0557386557316 396.1924842302033 701.2700648055272 407.9628722269261 0.07964537292718887
459.2915711373949 362.69894477434235 469.21889733475905 375.0233545695573 0.07962118089199066
928.7833098780718 402.76118524576975 935.6412891986779 411.8969277862457 0.07936999946832657
658.9669139266244 350.25126084537084 671.2822267674278 366.88080010635855 0.07936704158782959
647.5257209571948 383.39697232732584 673.8435369414498 418.69123274690776 0.07928033173084259
920.3776147086771 390.8759640445627 931.6153179074088 405.64202535365695 0.07922999560832977
682.5237301721135 355.9682382281608 693.8693868696388 370.50480479609377 0.07897689938545227
525.5487390553774 378.46851639961625 534.9992926370611 391.61113059449156 0.07897612452507019
887.7496009629792 231.04560975535534 906.1681660404757 256.5003212938934 0.07889407128095627
601.3358066482086 366.2759784740402 609.3637818066516 378.54585064859816 0.07879163324832916
882.900967068951 413.6950751291829 894.0634733600843 428.4726675517669 0.07877197116613388
902.9107729461182 414.35285351146445 914.9994062295772 429.15912178545136 0.07876816391944885
354.60523650806266 380.98581572050284 359.63820717520736 388.4632686736601 0.07867279648780823
491.0679169766949 441.60876542217983 501.3747789689898 454.0005194740655 0.0786425992846489
656.4406728746574 416.1733513134982 665.4411790210929 428.2222979001254 0.07864117622375488
696.651231508989 408.16850788205545 704.5688799428292 418.8114147125013 0.07855823636054993
278.52456905552816 417.82419471462043 284.98563768302944 426.7805049349496 0.0783928781747818
274.1876619972049 363.24538893072327 301.8613312697054 396.86160970014924 0.07837599515914917
361.27763335422236 428.0202183288705 369.16789898613865 439.30431669637346 0.07823575288057327
875.2446345402993 330.85774710397976 901.5007685380518 369.5822829843725 0.07817663997411728
500.61086529751947 444.87784254241467 519.952270384138 467.49114709011866 0.07817059755325317
346.6785774909262 424.2143067253635 354.07317849367206 435.48707515209514 0.07807857543230057
514.821653940372 366.7213960906495 524.5229498391149 381.8526157811408 0.07776626944541931
729.7614285887768 394.449108635469 737.505588801174 404.48664756413706 0.07770056277513504
305.36833742608036 415.42863022788947 310.9546113441141 422.8611172821315 0.0776713490486145
500.726443350541 364.84618266719536 511.7182514684048 381.3480495119822 0.07762222737073898
353.6148708295055 425.5645126982103 359.8908186934057 434.74912677415165 0.0775829404592514
404.56790194815676 461.1380635946551 436.9756987624997 497.4433269187074 0.07754369080066681
653.049212528916 356.8458095795922 661.0636828046862 367.71702922196494 0.0774652361869812
359.9217612392716 379.39325498498084 366.9209012394779 388.28966921816794 0.07746373116970062
630.5786225101253 -6.0867810615922 666.0070306657216 33.379813896445945 0.07739635556936264
864.0418920008457 408.17615631715046 878.9995950240418 426.2775604949705 0.07730076462030411
578.2187320442663 402.5809518620354 588.0741934328028 416.39401637658574 0.07725972682237625
139.853082392007 322.08172388877335 192.4488937655838 396.5884408380083 0.07724257558584213
488.6015672481063 362.8981596820275 500.1744646226947 378.10026510910507 0.0771816074848175
878.3957442330604 483.0128917849324 1238.3485280494026 892.1421864683263 0.07717970013618469
270.6809895998845 414.4265748616113 277.8244031732892 424.32228614866585 0.0771055519580841
615.5652629390662 401.60128819536556 646.9989896798002 442.5149566868281 0.07703644037246704
913.6201391453513 384.48944922944736 922.6697130563048 396.4054944425254 0.07701857388019562
384.4317471917213 348.1768082609909 442.4395633141581 417.0154877555953 0.07699061185121536
685.2721031900401 353.27541702516555 691.3937009310482 360.7391918527148 0.07695336639881134
441.3958968726325 351.46978534901785 462.5196269099466 378.2166296407584 0.07689196616411209
978.8787776890754 290.93070438513433 1005.4322626812327 327.8621014136777 0.07675572484731674
706.3905284100086 357.9281020247806 713.7216116192793 367.2218528062861 0.07662505656480789
739.9876752439728 389.1334179281995 745.6688694383528 396.3206221111189 0.0766121968626976
243.87937326060074 418.6524722869359 248.1842767005952 424.6126764417057 0.07652280479669571
262.0076012548228 385.6259619822957 300.9172706668823 432.9344476916687 0.07646235078573227
712.889507138954 368.422533884374 717.8257807098736 375.87136559257 0.07627242058515549
547.6614259714797 357.7741498407236 556.9491594603327 371.3909871827168 0.07618651539087296
39.392936454151815 300.9354980357471 272.9468430144617 577.8917848651023 0.07618259638547897
610.0340480613239 353.91629098874216 619.8984909599912 367.66178427193 0.07612169533967972
700.1724166765279 417.24100313661626 707.886036093025 426.90549545490285 0.07606032490730286
581.873870224383 419.45188671715283 604.0932020993474 448.4243426516688 0.07604020088911057
269.1952156318198 398.26870418943696 276.3065087059662 408.17633543270915 0.07601339370012283
604.0279975041622 358.4026178605228 613.0284138184073 371.30506969771915 0.07592430710792542
665.0988851515183 335.58825628557065 684.3778744416044 361.2858715733219 0.07589468359947205
908.2032694235351 421.54024834331057 920.6839051113142 437.3574819638166 0.07583560049533844
161.16682347562278 389.3418804880135 186.39152978432946 434.5984724191186 0.07577846944332123
693.4911305766166 352.1934125260259 701.1758291108962 361.1219760429346 0.07572053372859955
684.8744779319951 399.2153508891306 695.2620398506796 414.77138902526934 0.07568167895078659
892.9363157682864 380.52149340280243 901.9669584026542 392.7889193022013 0.0756458267569542
667.7041350352099 346.47749725044554 676.810192241425 357.3462291035883 0.07564062625169754
464.41009212274656 438.3936946207135 478.27891070867685 455.5659519259276 0.07563123106956482
632.5555203262093 340.243693781903 641.5793330157455 351.8640938226568 0.07560832053422928
345.61044078018136 322.26514936339186 408.4041369518641 402.53425566485737 0.07550143450498581
359.3180763312288 436.9210250278439 367.45374696416246 448.4337717664611 0.07538951188325882
613.2535219102475 413.54222717282966 621.5326553910838 425.51924110445515 0.07529464364051819
274.60795108824135 393.87733543540054 281.911883511388 403.9183949341799 0.07509855926036835
401.7506743891858 318.652941470708 440.27287808887064 365.2338415632651 0.07497591525316238
-49.06100811496349 202.26087278103194 123.00940125601997 427.9162930922023 0.07497220486402512
721.6718603455109 374.0626688328223 728.2344323865891 382.3793896411345 0.07496920228004456
883.6930463993814 367.29515101121945 896.8630847796591 385.0380228280997 0.07489005476236343
616.7420085497888 338.1217797846124 625.3386747597742 348.4042122719543 0.07458759844303131
690.9146068311612 412.49176353286464 699.2705814437307 424.7624828652161 0.07453025132417679
896.3513443232516 431.1603653722156 911.7922473451731 450.9434169697252 0.07447225600481033
387.1239867320427 432.498156920694 398.7405635839983 449.7944064081938 0.0744583010673523
557.1325125366487 402.95876735920245 597.8122584668619 455.60694371506213 0.07426035404205322
340.4222615143246 381.52465649684336 346.81572532969614 389.7481744168493 0.07422026246786118
727.7019986784999 402.64862291084637 736.63303762126 414.9690449249888 0.0741751566529274
357.1990083379341 369.4104778695357 362.3919273580238 376.56244728659385 0.07410619407892227
746.833821146474 409.69156055579776 752.0559953506561 416.67031104031105 0.07408200204372406
689.3993534915832 358.37613014950455 725.1653490171173 403.68069786024364 0.07389084249734879
642.692728990272 343.87793430250395 650.4184370071312 354.325009915462 0.0735054686665535
605.7989356255847 422.76875091965854 616.5349526804861 437.00040714997726 0.07339630275964737
870.4568221150006 423.3479648103143 884.8333578020702 440.74640856367597 0.07336746901273727
665.224182255046 400.02262969545563 677.4518698046827 417.6412929598324 0.073326975107193
840.5029147360602 327.0159642496396 877.0541489807094 373.9979171254657 0.07326193898916245
921.8721378518017 341.54697950013434 952.6174283711487 385.08173617332574 0.07321424782276154
-73.98871563347632 540.8970239180206 164.77209103561486 806.4962724889783 0.07318194210529327
421.39316363145986 375.78860394058756 427.74696832666797 384.1333635754801 0.07307510823011398
742.1128925060179 378.97772296010567 749.8722256198548 389.85312818625414 0.07302841544151306
701.8544711898188 347.49643265928404 711.1667940044869 357.4083981883592 0.07298172265291214
658.0253391629674 416.8189295717891 670.8694903356826 434.01468733556817 0.07277798652648926
458.49287782549965 282.78380545449323 520.433968598113 347.15506074951975 0.07266689091920853
661.4361823570486 334.21828581557816 673.9410969368737 349.37862696207696 0.07266335934400558
533.5728092295585 314.89639681941304 567.823940301449 357.2107956724346 0.07248198986053467
592.7315470091537 425.4446393156496 601.9519019750693 438.30417555564475 0.07248154282569885
383.5424253212013 359.96799656672124 395.28549781062947 376.1238189376332 0.07240308821201324
630.4685259321831 413.81688283035703 639.8520649454211 426.4430134676056 0.07235408574342728
480.6848904824532 353.16973130546296 492.5225864654607 369.012273625103 0.07227715849876404
453.2968154934062 329.70571663085764 481.08875738291573 363.2868799319917 0.07212258130311966
365.6566675707553 369.79168658351495 373.0310990126527 379.60396563114665 0.07195063680410385
556.5946555139933 358.35977871363053 568.1846204247373 372.85098204637274 0.07169436663389206
357.589793310052 367.66607041633034 366.23674970051667 379.0535168657095 0.0716862753033638
421.1498399258632 367.4335661890172 467.97236582382124 430.1371241829182 0.07167776674032211
244.22402711554778 423.98107200125565 248.51265754466374 429.6595578865169 0.07159872353076935
337.7909576879566 526.9607965185846 579.1485317504596 780.3070860601562 0.07159249484539032
531.1215274722441 437.20683053827014 561.5917828299291 474.59725739504074 0.071554996073246
910.7505083625241 432.1390504834586 920.4778621331144 444.6497393156145 0.07154849171638489
609.0913589918139 348.57725646661936 619.7242056395788 362.9824113274418 0.07152371853590012
743.5490715542869 405.3483461871875 749.8764828153855 414.135975377475 0.07143378257751465
614.9899385100124 422.3366597135224 623.9350366165278 434.66675379356536 0.07141851633787155
155.4756450554739 300.9981820532685 180.2286973982048 334.58371248567465 0.07134611904621124
348.2426513142853 351.330767620484 358.12766365889496 364.79971368155975 0.07133728265762329
360.74427946375147 376.2084059001561 403.9056265113893 427.6460627428293 0.07123152166604996
715.4164928210848 392.40312287416555 722.1895641427654 401.7003069881288 0.07118595391511917
506.02606281724985 428.35624335428776 517.1013424840518 442.8542108313088 0.07113812118768692
897.648928864866 363.83476727688276 908.9310190840737 378.23375514475055 0.07107488065958023
366.213893272517 437.5297279271988 374.1665755655172 448.5477206465072 0.07097897678613663
674.0781666794909 408.4893896198376 690.9452091268735 432.2743751287741 0.07091500610113144
911.9202436601746 372.33584930396034 920.7693785199375 383.3985804284315 0.07075073570013046
391.3502912114918 350.40890723864686 405.61735380948835 371.6050417315596 0.07071514427661896
679.2601181853381 347.0984265424214 688.6172012802778 357.73330350647456 0.07055523246526718
591.21448086111 361.381094848767 599.9415633070323 373.0303962660378 0.07046587020158768
921.5617854315472 418.42951116785935 930.9544467563454 430.91560455238033 0.07045019418001175
360.7060862007967 446.9734776230354 368.48690299992563 457.6399595888627 0.07044526189565659
126.04518088557458 231.77917398549255 162.29007449975134 275.5989397945841 0.07039830088615417
642.2001066559508 425.54113506773126 652.2782279591123 437.80470216066976 0.07001009583473206
522.9345326837201 454.6296314205209 532.8357400233584 466.7543871366887 0.06995030492544174
356.4593619022644 427.7482698474019 364.49131887371044 439.62916814031075 0.06976205855607986
523.399194220658 454.888412645858 542.1254540031504 478.55095468655 0.06968529522418976
370.3922351433646 304.5172397539258 408.19721983119626 353.5624999672788 0.06948231160640717
-32.52047953055275 -34.794038476905804 78.35636479372806 116.63334061916511 0.06941482424736023
474.884617131086 461.3167228384382 483.13017968036473 471.71756701879497 0.06934548914432526
506.43455387787134 363.44199808754917 515.3089522712088 376.87772432032324 0.06933647394180298
924.3439395569236 380.77987054691715 933.6057679797614 392.3970542596677 0.06912173330783844
702.3184512111286 322.81500619874345 738.8313632716779 367.52154350939855 0.069113589823246
599.1114116945807 348.9900795057916 608.5882195517424 362.5890180599344 0.06908730417490005
749.8732356493143 356.80388947325014 785.9259965275364 400.5588621768291 0.06906282156705856
622.2024142256104 319.52019565146935 674.4011692242045 385.4599595830198 0.06894176453351974
350.83924494155417 438.0165817035178 359.7633808526047 450.55668913239555 0.06886681169271469
288.7167521642213 430.931452630228 294.69248135131835 439.0857650548971 0.06885790824890137
919.454525495761 428.56991304177393 927.7802660640059 439.383878748222 0.06884533166885376
735.9786097247289 412.34577562874017 742.5462196136785 421.32765059112774 0.06879373639822006
551.4433915886905 417.5964325920787 565.9173652664695 436.6443610753463 0.06875766813755035
666.144686645001 385.8159346516751 714.4066504553311 446.1528982036323 0.06865886598825455
712.1021533343585 357.0137721423472 721.4466149080904 370.36717142071643 0.06862769275903702
-0.5360290170130656 461.4968816380797 6.8776117072917105 471.6403676089552 0.06858643144369125
741.9305154865799 397.90302802054924 748.700969717829 407.23982891134915 0.06854388862848282
648.3679310791742 343.74158150457976 657.5214983848034 355.5248736362602 0.0684586763381958
419.77431561317525 319.3344182606673 463.13370270429067 369.94644241640214 0.06844702363014221
615.9553309074557 316.7041355571278 640.8489497315451 351.00789573662433 0.06839095801115036
696.4342518979255 426.0187831212648 703.9485829885882 435.8265993068649 0.06805241107940674
131.27754526612108 284.23619478395176 156.67706538515355 313.98535795402825 0.06799338012933731
935.5022369975605 391.57815697453924 943.6575432301431 402.5471324244478 0.0677240788936615
942.5378557708156 394.2543340085489 949.2964236182283 403.8681212701719 0.06769120693206787
577.6662525813707 356.13607813965007 587.7769753863049 369.30607439754084 0.0673334151506424
931.7967541088074 431.8401122206432 945.1826569101561 448.81440908802637 0.06722532212734222
631.3814166390525 416.18105766715126 662.2804199954782 458.31701971036273 0.06720700114965439
521.8010951965779 275.6840059133557 582.6942455979647 341.8432477763486 0.06698622554540634
876.3222758905977 -113.70483737966927 1227.6774672220704 273.5677358900451 0.06680584698915482
932.5624173791016 426.50227984131976 941.5175888401214 437.8886382893202 0.06661810725927353
910.7917235398038 442.66340502768105 923.7878036680902 459.7241802594279 0.06658758968114853
653.3456114449424 430.29685435379815 671.8364017081262 456.54901573991583 0.06637989729642868
351.20288715001 448.91039349555876 358.90998984184483 458.8041099346121 0.06621439754962921
880.4722273204678 427.9454964324297 897.0838361686921 448.85011020740717 0.0661204382777214
371.1318321838198 358.12631464328916 380.23725838299754 370.2776414738314 0.06610798090696335
921.300309911358 438.8477999964401 930.0666457036568 450.60119845060103 0.06602680683135986
838.4120600352043 385.98843610539836 1050.074470399455 634.2159120428992 0.06590020656585693
625.1856295440165 59.254773411782445 838.216032354895 279.24147284606516 0.06587941199541092
367.62546355206393 407.8758636161417 405.350385394191 459.23513214697675 0.0658043920993805
678.5862306168677 333.2438320057419 693.3918061535974 349.75318160423535 0.0655432641506195
942.2856854368706 405.95863987416027 954.0760752215857 422.55116534346587 0.06526079028844833
391.6389245058113 449.48409765020654 398.8403934691402 459.4961602401342 0.06514691561460495
710.548140485979 415.63183988043204 717.9605158544069 425.66335491836526 0.06509912759065628
622.085710215142 429.02411044196066 629.9260704169391 440.03910686603655 0.06480447202920914
362.4216487228465 357.10376602866785 371.2719979099456 368.6513075174477 0.06469933688640594
413.49938461806755 488.3560679240709 455.2869602535283 535.8019749569609 0.06467118114233017
813.568150181955 54.87634138537839 1017.0662201037921 278.504901099806 0.06441806256771088
728.6363685352414 378.4009102112658 773.1056537638891 436.25122569850123 0.06400361657142639
716.1197055101861 402.8996493000622 724.4934964279339 414.5275776856269 0.06390678882598877
928.7676448967203 442.51760208983205 936.1450020222039 451.946681465989 0.06378096342086792
430.4572678396327 459.97588699252736 453.0779786636462 487.2327574804344 0.06369919329881668
649.0339189735643 299.12037039094173 678.605818297816 334.532147266193 0.06369723379611969
186.5851050122004 355.17139233335763 229.9363632415677 415.77121291917666 0.06368649750947952
910.2355506774121 227.1118261192921 1151.9326391434652 514.4080634149161 0.06357255578041077
907.8199485084352 362.14828104668857 915.4107682479431 372.28572259953205 0.06356560438871384
241.151005719237 315.7129511946544 294.42434044527175 378.86325922754844 0.06354858726263046
654.3174922499381 430.6124234489428 666.1882262539382 447.2225304718753 0.06346292793750763
274.21556449388174 273.3279781720632 363.79829991353563 377.3359796239998 0.06342892348766327
299.1161554507297 213.60481909464008 354.3030764660334 281.1819329494965 0.06331587582826614
82.83086790062426 264.96032778470544 110.35289213435458 297.4705391285671 0.06318920850753784
305.9186333073709 388.901183044739 315.6171494178666 400.2139773965287 0.06294956803321838
546.6247652762646 25.887928599976448 659.6221220544207 160.28469442254743 0.06293190270662308
686.518765722478 342.36224400084905 697.3234519028485 353.48409895299864 0.06291902810335159
338.8001868772101 368.1654843538492 348.98271765774984 381.49268759052217 0.06291183084249496
576.8221060237593 283.2694273480577 635.6486452104664 345.65532720771597 0.06269209831953049
203.89373281472552 210.93594864283764 244.7101994675217 269.04965365818293 0.06266435235738754
305.94240370698475 434.43190869380925 313.72748233141675 444.84648274624556 0.06265832483768463
596.8804363324041 435.7983307061541 606.9879318446729 450.6317056377661 0.062104932963848114
199.6119370017473 379.06036479579313 250.87733322577753 450.84150581393345 0.06204623728990555
375.72810297254625 444.8087103184562 388.62648194248044 462.02836796055436 0.062000103294849396
582.0383990740081 448.430987442004 626.6852091666061 502.3903554297506 0.061872027814388275
700.4532228972065 339.04677717326734 758.8990907974254 407.9542297268915 0.061655446887016296
408.45546977642044 270.2884290925418 457.29506478254416 321.31725709838315 0.06163385137915611
925.3364385220931 373.62376117570955 934.1252653248538 384.5657956287709 0.0616215355694294
84.99392968764234 244.16940889399817 110.53961768665806 276.9079137053008 0.061619073152542114
926.6669052330262 432.4402241075296 935.8001972204572 444.24876439431597 0.061149317771196365
687.0032167082876 428.9735272872651 696.197248176602 442.1345068013375 0.0610334612429142
706.0009886530486 425.5247220767862 713.4250361097949 435.30732782659516 0.060837939381599426
163.4693805836622 229.4845333250752 195.58443261720956 274.270132777424 0.06031104549765587
579.3074630507127 442.3697352536042 590.8141898919864 458.3652445680774 0.06026409566402435
105.09655646334357 289.56611475355896 128.94544837191128 321.8798681328733 0.05985773727297783
380.92794441911366 449.28398527883854 405.96785142028574 482.3417565426227 0.059604279696941376
163.5019896567305 269.02280641147524 246.78093717833906 368.0365352670538 0.05945379659533501
187.9239977524777 573.8120357771369 371.6626389588925 767.739164312061 0.05929139629006386
459.9585810214203 349.5492879384738 471.69557139840214 364.09710068658563 0.05926472693681717
669.1142791846818 291.27412717466854 727.6297209940785 356.92577061627276 0.05883045494556427
325.28575778682296 429.1338887051905 335.8576092221256 443.31428042199576 0.058749496936798096
332.11867236446346 270.0109555692724 379.19310814807267 327.96831003659486 0.05856310948729515
630.7105790735412 439.25652292455123 640.8070710350912 453.22425109774696 0.058421142399311066
567.4698621855867 354.7849394828542 579.2148256451472 369.02289019749634 0.058411575853824615
498.9019877323891 460.9792485344255 539.5650683779854 508.18119317192225 0.058105725795030594
227.43004874505635 24.140765102241282 338.75499955960214 152.9409115045381 0.05809604749083519
708.7629968260675 412.249846879242 729.8646230737983 443.37126014061613 0.05801479145884514
942.1726503662545 385.47122168441507 949.9936882865939 396.6848070275885 0.057395607233047485
280.85928900052136 117.18338036025986 369.805809371358 230.76526793140172 0.05708027258515358
912.6791578355003 366.9631833089684 961.5731424389608 425.26723067697594 0.05701758340001106
651.8542919826796 334.0090316286437 663.7411972937365 347.6770832138315 0.056693363934755325
640.2764924929672 435.82988103847623 652.1921113055101 451.2736402954786 0.05662070959806442
992.0062721895989 -35.59406906029094 1097.650414655743 89.64421217839497 0.056482769548892975
698.3078457843399 338.1986981082431 710.4724881085504 349.6336161069989 0.056076377630233765
556.061239541296 342.94176630410067 567.5148370906363 357.7638390688075 0.055886365473270416
-15.660539214854575 125.84694134391026 82.29365609745471 268.6874562448382 0.05571461468935013
598.517043427082 563.8707499956284 708.3376598688651 675.2708111865223 0.055432938039302826
577.9909581545193 210.40717087634258 646.3501134642594 291.0846388085072 0.05500660091638565
379.88916896252135 266.72864106180094 423.785084345762 318.51538324361474 0.05261441692709923
-6.050421475940062 -9.436365567769341 27.16022221551987 32.611277306827716 0.0525936596095562
