495.02956724301197 271.9580066971173 511.32044953509137 291.25868575427944 0.9990323781967163
418.18850889657 310.60596179334027 428.3431236663174 322.2143501925074 0.9989067316055298
448.9141331747043 310.1988419780646 458.14553665129347 322.02392027146544 0.9978330731391907
547.3906280137991 303.1203246406097 558.87230599042 320.6028328791386 0.9940617680549622
432.2964364032215 320.5390039172549 439.6364536468218 330.5224731963053 0.9714353084564209
807.6347264755891 272.4733428958234 824.7107590159331 297.0102904695815 0.6016438007354736
775.2181312444685 272.66293323444125 787.2040699436761 286.97378666943433 0.5686467289924622
874.0404722395884 230.65482330086505 911.0941247877315 286.1059413315584 0.3397979438304901
389.28765599274686 297.58458479146424 397.85431541068465 307.95106827517014 0.28280434012413025
550.450337958701 330.89062727370236 563.5300597111038 351.35378077175324 0.16306380927562714
825.8628294981644 272.5430972663601 852.8891500252065 310.8662113897476 0.1429138332605362
807.3421286605763 249.5951646578834 821.8587188592795 269.815745078431 0.11520849913358688
464.83998841491535 284.9775378825929 476.05867421908573 300.2339095844481 0.11355797946453094
886.1527383060585 294.06740886316487 910.8042953869364 331.52232542548734 0.11216152459383011
484.4208557601607 19.990642792557008 560.8901992966831 108.60369597639247 0.10673602670431137
344.5141800020667 348.4983098755862 354.9049128556505 360.8041548549165 0.10666544735431671
397.90333838629016 303.52760113640767 405.8841531306609 313.98391222771295 0.10652527958154678
86.04135053140033 326.09952589489376 94.99668266114041 337.188662728131 0.10337604582309723
387.9304990374572 361.2236989966636 393.43948298815513 368.2255556198845 0.10312026739120483
388.7505078678734 309.0479610775669 397.07782095025635 319.5339865845306 0.1026177629828453
765.1290097745266 226.56382455133038 802.4866338623189 282.84101402194466 0.10188715904951096
367.09793343465003 356.6350818226484 375.5389702364484 365.6995627584378 0.10143931210041046
938.640180724676 292.91816726933473 964.3273673090403 333.03392794747185 0.10099431127309799
866.1603208856121 276.95455977315214 899.9705938631929 326.76665500214597 0.10035378485918045
785.3489381367459 275.7265637042396 801.3982731274099 297.1411234930064 0.09937259554862976
393.50926610661605 311.42088902095355 403.1579487805475 323.44928660456816 0.09897461533546448
757.0467129528801 274.0018599450601 774.0972444046371 297.8080926439683 0.09882024675607681
797.9887179875994 268.54184823809703 811.6406235518645 287.83532793804335 0.09773790091276169
401.00089421615377 317.7905755371717 408.2248547162795 326.6490612190552 0.09743832051753998
769.0797372430815 258.97556038134763 782.147575667572 276.68159409611974 0.09728025645017624
906.8304065883341 282.65888243878743 944.1129446254989 329.2222785889724 0.0971541628241539
731.4197880850212 261.17851092560375 767.4418696359152 324.43258817526447 0.09663604199886322
572.4658592319993 284.2528384710376 581.6588045699971 297.888122641642 0.09632010012865067
351.59476844802316 348.4916775452028 357.3297506226481 357.37241275949833 0.09602434188127518
820.9235489968185 236.42802076129323 849.1483055138934 275.9593670440289 0.09496821463108063
361.0642027492648 361.77621839875064 369.67854986993865 371.5817812199764 0.09487210959196091
695.3733145576967 246.29498870464494 737.0583653621039 313.80685457896 0.09485817700624466
76.5545769807087 369.3379117118765 93.41162158516028 393.4656638813139 0.09467121958732605
787.8498252154485 212.07324150981916 829.5290591175742 278.5319175619793 0.09453950822353363
45.120838501543744 345.71967792660826 55.92444564687067 353.87501595781333 0.0942608192563057
795.2074579560561 248.58270839742164 808.6179075171096 267.6671653054908 0.0936649888753891
89.44172734616559 285.14635926532924 154.65600252734023 362.2830218644482 0.0936250165104866
840.5607343171882 265.27567728076576 852.5874024820627 284.21950476602166 0.09347895532846451
371.3057777772001 340.0693300150489 378.10755996009055 348.36532486009787 0.09318709373474121
656.3813200878991 227.2223322471338 699.9197887262198 293.89914422291054 0.09314551949501038
1024.8825097443896 198.6464047810696 1065.367959814306 260.14589272999257 0.09276848286390305
398.7865957885602 292.6055676365355 406.46862498928 302.4002805261368 0.09266624599695206
644.5469529363178 285.2066702647247 685.121261075559 341.060180400531 0.09232808649539948
203.20806091683426 312.97895695359927 263.18463214012775 420.62313072451775 0.09215380996465683
798.7561199614468 136.97145070204994 1006.8432572582428 398.90070473238666 0.09213826805353165
848.9008972628883 233.41342741733982 874.9842850007996 272.6777436821312 0.09182317554950714
226.5297504648601 444.47950496573134 267.9478254025241 509.6964454186397 0.09170346707105637
849.1840526939875 285.1710060951641 877.3407752321851 329.595847010402 0.09166418761014938
408.23692728122353 297.62992147795524 415.28313045043916 305.80679229768845 0.09159406274557114
398.3880355100005 315.79696240971674 405.92994667488045 325.0275760758954 0.09077739715576172
787.8662483357018 270.6286304824843 801.3288101501004 289.02693802572554 0.09077420830726624
364.68236133876013 348.34948959319956 371.0715470362817 356.0391096487507 0.09074807167053223
450.238999427973 321.85116598675415 460.6888143470237 334.8909270931373 0.09047386795282364
647.605135823034 311.84430212260105 674.1031663107865 346.6369076302174 0.09044159203767776
361.9703959084242 353.3573917825505 367.1372462121646 359.9221306475099 0.09042639285326004
358.4928407028914 337.38313410815255 366.57385146329807 346.8229187298577 0.08980344980955124
385.12367797788363 301.3144784309048 392.4132461496498 309.86051377450394 0.08968814462423325
337.2276304137801 350.531497587865 346.10678323142855 361.90954606032426 0.08958635479211807
743.1354116459138 229.76678551059638 779.959038205087 295.7741347888186 0.08931154012680054
780.7842784580216 250.32752835791914 794.7035199559477 269.35317990526823 0.08927822858095169
359.49455037576774 351.5838736299397 364.3210173945911 357.7344224027039 0.08906590193510056
440.85827516815124 311.37076405100083 448.1500936988625 321.15839114540324 0.08897373080253601
385.87178834867524 319.99860005368464 392.5725952353499 328.962755671596 0.08866743743419647
432.4792028799711 303.16038118628 441.4664428486426 314.6277790506972 0.08861508965492249
1029.4535374456166 294.9861943819361 1063.2262085391628 345.1188764748994 0.08829125016927719
1065.8976785791992 336.22098317588046 1077.4922544004362 352.99670657643867 0.08828557282686234
395.96577370374945 294.86812243494586 403.5334125849832 304.3043590143394 0.08823993802070618
788.3147718387638 98.35323881652347 796.2359590906547 106.20033790977918 0.08823133260011673
457.3190174309768 297.15854393295996 467.7663947103408 312.3313982329343 0.0881633535027504
769.4490573023015 285.6575678508118 786.6284083175542 310.7540379150276 0.08794203400611877
419.62669416011613 295.4869085546519 427.1999427711246 304.07449220632043 0.08791070431470871
436.0935187313939 290.0591122407773 444.2693405787049 300.35631031032295 0.08781278878450394
174.31682983081714 327.6669158020961 212.27817813047952 379.9542281767333 0.08763471990823746
622.7580128748267 287.211929934583 633.8492444892111 306.0091948326589 0.08743727207183838
471.26522511970285 320.8693304227542 480.98533113512474 334.1120848356409 0.08737824112176895
742.3838314771837 298.8758865854604 754.7742105669395 323.3915311029173 0.08731558918952942
366.5871774433353 336.4774608684676 372.5985324780682 344.19973296898064 0.08730223774909973
396.31079463643727 322.9190860115017 401.69835566078757 329.920761583588 0.08711372315883636
934.8882380202915 245.56561850776194 974.5223346879619 302.51413171223305 0.08695008605718613
376.36501889366787 318.8317625227448 385.4132599778321 330.38980365787194 0.0869414284825325
67.05798758318429 361.90768258771664 122.42304973947287 430.2361626425801 0.08669838309288025
385.3132516954078 315.46084998426903 395.63702823170047 327.88542720590556 0.0866207480430603
734.7048120249659 208.31456010875578 765.5891727233898 265.24278206668384 0.08661861717700958
670.8486780525319 294.0401052219467 730.1239622941263 381.41620683858525 0.08659017831087112
426.8611904472843 328.1670194798419 434.81672395565533 338.3669906660646 0.08657213300466537
743.0281141341737 265.00126314760394 755.1390782445641 289.820019419979 0.08649153262376785
824.8238132945664 247.47112706317813 840.7977200908717 268.061941679792 0.08641423285007477
722.605814533327 272.41905108108557 743.8095421040247 308.9521690204804 0.08636436611413956
372.3469148359486 292.3995476641921 384.43185895671564 307.655654859003 0.08629767596721649
722.513378048766 256.9079858318004 740.3650819010197 288.4704944420093 0.08609200268983841
590.7661698468534 310.678736500678 597.8780020772351 321.1708811954616 0.08608885109424591
404.5752994284236 307.3701389076678 413.01235188730516 317.83428521427754 0.08606304973363876
451.06348523718356 283.0906431127856 461.41861977072733 297.5646682745432 0.0856483206152916
599.9651368331665 316.6714331975591 606.3340258312902 325.8045882135058 0.08563531935214996
393.2064255397926 356.78279799642485 399.7416431418863 365.03784286296417 0.08551140874624252
572.3097017669694 271.4286441542924 605.6247350102275 316.50319910612734 0.08540397882461548
368.35890311556625 363.2608980499803 374.1506248623722 369.55892358366896 0.08533786237239838
355.5806522226571 334.7035110095472 361.29613164000256 341.82328589217764 0.08524607867002487
847.735912080387 280.2630793663139 865.1774799301363 310.455097651707 0.08520141243934631
345.3378024622483 333.84057658672924 358.026192040031 349.43873180312374 0.08507359772920609
46.20987586654124 352.36282781912075 56.65454576372092 362.1938519731109 0.0850566178560257
580.5588258147641 233.52428000636993 643.6091739868403 320.74871444700506 0.08497138321399689
351.76919916144135 333.78358287919775 357.0441485365774 340.7601364190158 0.08495694398880005
366.67577422846904 373.7948844464856 376.78804483576107 384.6671431877517 0.08488092571496964
363.21517769079213 324.4200213579116 373.9060880721075 337.94859221844325 0.08472371846437454
588.4741306605096 278.3108796068593 595.9903472621816 288.2232580769739 0.08471199870109558
384.2802191196771 284.3316612827207 396.0787997397648 298.8888875269203 0.08466502279043198
473.8490673694879 290.7730201029877 485.6161796880143 306.74579044540053 0.08458556234836578
366.4224046942702 344.1661478535021 372.86779029944563 352.1543771512651 0.08443281799554825
826.5475175535712 205.8750934887197 858.9327030468828 254.95201183412144 0.08428259938955307
571.350465283754 325.2277118582837 577.6491332049213 334.8457623432276 0.08427771180868149
376.26735704342093 354.1562784751994 385.97147716329846 364.83229537317936 0.08411490172147751
640.412886083128 226.20502333172567 677.1076782252971 278.18337657494817 0.08398065716028214
576.4711480311582 252.74137034970363 605.6887322165252 291.87640163143385 0.08392110466957092
964.3786867755377 285.6868839763947 1000.8589692244403 336.20044209527805 0.08384829759597778
441.89057684223565 319.27842990151106 450.12717325565995 330.33034134711414 0.08381713181734085
373.4377804423484 329.4710928972649 383.1659193702092 341.86415826256484 0.08381091058254242
729.2205307742854 273.3130722209817 742.536869299585 296.02710260427483 0.08358693867921829
373.01634316116645 346.57338668233405 380.0937725565085 355.142642883322 0.08356276154518127
589.9416497499831 291.55280434015066 598.1383830890609 304.2723240860303 0.08354750275611877
382.0747035596256 333.2668224734315 393.1198966120054 346.4792837941808 0.08352302759885788
468.93845233859594 306.54391445567563 479.76428167410614 321.7689586601953 0.08351027220487595
403.260575296275 301.2171286797085 409.4102299044906 308.9689119995134 0.08341098576784134
900.0500805841428 290.5324509431294 925.2538873698215 327.02523720549823 0.08334054052829742
428.51987033281694 311.17930051487843 435.4835528949865 320.91380043120273 0.08330406248569489
814.4421504316208 234.61087502208312 831.1467594535027 255.98124203762825 0.08327135443687439
571.873887412461 312.1988237047951 579.6923276988455 324.2270789592756 0.08314906060695648
510.07531851794414 310.4430943266046 521.1062683815247 325.03105186426063 0.08309264481067657
525.5554466973797 240.83178653821747 568.4902992477092 300.08483072684083 0.08307057619094849
626.1180312383026 276.19467453012095 633.8440420480821 288.20314693894596 0.08302304148674011
413.1404287416239 295.71081027566083 420.4428802945059 304.19589523621823 0.08295173197984695
379.5537920913128 306.49058909683293 388.03499557428387 317.348167846977 0.08295111358165741
513.3253288852578 301.7083479011847 520.765121069202 310.76430709798535 0.08293840289115906
19.263550801489124 333.8980479292102 71.97101774812224 391.0952099539099 0.08262600749731064
625.4323275197261 313.3265185919346 632.730679423923 324.2650359864922 0.08261550962924957
657.761630690709 298.8175376821454 666.4137591729886 310.87617545671037 0.08242083340883255
401.62165778653076 369.0928760865971 406.10014152167184 374.7653404985092 0.08236885070800781
678.7739379944747 302.9460111899935 707.4769702320194 345.0335457560005 0.08225603401660919
599.4496694452638 324.74082696869095 605.7546919911966 333.77057363363093 0.08212804794311523
808.434610538253 294.43152092154617 833.9951564288963 332.27850230245923 0.08206143230199814
109.55282482567443 375.90241126852897 143.76752040380055 420.4977659072639 0.08203638345003128
94.24988845121945 322.8492035559356 112.71961491059086 343.5614895255089 0.08202368766069412
609.6885817305839 309.5214444099188 617.1623582760554 320.742766665011 0.0819731056690216
789.6410189380128 287.7974773458683 812.146855645306 322.4129519532434 0.08191661536693573
609.3089082702797 310.2261275983777 645.1317228691836 360.25587477150754 0.08187589794397354
606.8395152100535 278.8767714935996 613.7429992326905 287.96651569395647 0.08166264742612839
555.711064006789 319.47852464429167 565.4234193191543 334.365485636685 0.08164798468351364
371.8138577383103 309.443020884466 381.11726414821436 321.4182760948423 0.08162578195333481
369.1531237134404 350.80033026398036 376.13256103062906 358.60720385100757 0.0816013291478157
761.2133991081113 298.162611083572 785.4498049782384 334.53253439835606 0.08159556984901428
657.3821566450898 310.2914043226986 668.7514022833128 326.7720570415898 0.08137214183807373
866.6500710691587 304.1216962581838 890.1666936445747 338.6591181095257 0.08133217692375183
393.15802319086526 363.88376951504495 400.1429761237666 372.58516679517794 0.08129584044218063
512.2103397163153 275.9669992528715 523.6264580113935 291.63334854509674 0.08126013725996017
396.7547969897432 285.85332575567725 402.0189322163605 292.6685531023376 0.08119277656078339
667.7945604698573 118.53151776847822 733.9379452176302 199.02230190964073 0.08114119619131088
351.92620129170956 342.18208459440746 357.17777023234146 348.7710752672487 0.08108378201723099
746.4546865519417 289.8167487566861 753.3616602898853 302.9104677944731 0.0809529572725296
87.50150829391053 336.46240358033884 112.65051898485194 363.91824702481193 0.08083967864513397
522.0703742312262 324.1106367632104 533.8151902727175 341.50926886678934 0.08082275092601776
386.31638605344074 345.1007565150017 394.41968999335495 354.70937283415765 0.08069023489952087
532.5960502665496 292.0324545310707 586.8333160672028 372.71212004367817 0.08046980947256088
346.6063268021563 333.3105797657682 351.82589808663363 340.3507185075089 0.08045531064271927
617.7602213174011 281.5866946785558 643.4385242215143 319.7843243099435 0.08044874668121338
1002.6111156854363 258.2868589135991 1039.6023178466812 316.8142912871164 0.08041713386774063
850.9554912387366 263.77127929732643 865.5261361277528 287.37727278961904 0.08023802191019058
401.5748345088754 323.47127779119444 413.9446565238255 338.91588870584366 0.08022160083055496
823.7174539575685 313.3075673199629 862.4267410382429 368.2246329792631 0.07999064773321152
596.2998845182432 278.05941707275923 604.0402807723506 288.1419691874243 0.07991619408130646
417.65142371627013 337.4670061921276 428.5472161002862 350.48963278167776 0.0799126923084259
390.17049976432634 374.0533062876993 394.94772900857504 380.4872802661986 0.07977938652038574
167.0035608900233 5.298877135642781 250.4701158128129 93.83832593683039 0.07977290451526642
379.93863782254067 297.8817798875294 388.02094569156395 308.2386213660746 0.07973737269639969
971.5366135188045 222.69631955170337 1012.0269679050932 285.76663195659717 0.07970895618200302
384.4325246437284 353.78660568286836 392.5298925438909 363.21282484821484 0.0795828327536583
797.9942840673403 135.79805312139717 850.4237866342623 212.38371680093115 0.07956153154373169
355.29273784994444 355.3548629992986 363.17149346755235 364.9754431587765 0.07955311983823776
364.30087716119164 299.2851007469545 375.4394786573817 313.3353180823769 0.07950786501169205
361.76690418204316 344.2550424102009 367.0858394792 350.6509781613124 0.07950162887573242
609.5935986277887 318.82539834155546 672.6663056590172 405.50508727411 0.07948283106088638
707.1347413013721 301.54393103237305 730.5504932578642 336.8499863863073 0.07938627153635025
688.8182687537162 243.21341954356387 715.0427177185868 292.49132927343294 0.07935226708650589
581.9417242442299 286.3525134835878 591.3632247971741 300.15935150129883 0.07926124334335327
597.4519558757474 293.568337822298 605.0977868361643 305.19793408439386 0.07926002144813538
374.3032361212015 324.4272062087829 380.9589765274824 333.15181129215154 0.07921873778104782
766.3035423601382 269.99383593017285 776.0012886461711 285.0216444248571 0.07921697944402695
392.2355068335892 288.91156922258483 398.94840365116863 297.0761949599636 0.07920491695404053
65.28984637727099 326.1208860184986 83.61526572313174 347.93969985329056 0.07910121977329254
753.2329370711608 254.88057015578846 766.9834639089169 279.16550936631995 0.07903268188238144
872.0855057563007 327.66662269277265 906.9546138054848 378.7429392303713 0.07897687703371048
555.8251310494157 289.8406453952065 566.2287461483404 305.20239127533796 0.07895458489656448
381.04420821354927 344.5314549004044 388.74538295401635 353.53287846241926 0.07894778996706009
359.998040816089 347.6446767293847 365.27714850510284 354.3054159497298 0.07892340421676636
732.809479915726 316.7469253699957 778.7532528824602 385.36412344022943 0.07892023772001266
619.5652499063665 333.83274486048623 630.6807173092766 349.14726020884945 0.0789177194237709
860.1471836625373 182.22210007015786 899.4854102573693 242.34225994204184 0.07881898432970047
485.98079857609036 273.99728737225576 497.4585510018446 289.09414193317406 0.07875224947929382
611.7464512714321 188.69682401927705 655.9288465730247 250.26642247958682 0.07874936610460281
352.1092440406433 307.6072998926986 360.68762938946054 318.88026515539764 0.078706294298172
114.44431787955754 298.98621872580406 132.571546964159 324.05954662031047 0.07864762842655182
839.7007978660574 420.3606668346187 1214.5051176071881 867.369680374986 0.07859484851360321
563.2936799717271 158.3849005259313 828.9279161197694 469.1277055224063 0.0785500779747963
82.35007912132534 296.29670365614624 103.07758397900949 322.64291470583544 0.07849519699811935
379.7765694713803 313.98241885667903 385.5651875992749 321.2198309868046 0.07843048870563507
37.44135202478859 360.58074761788 47.24222857611007 368.9735955983062 0.07836831361055374
613.5154430352794 293.9752697523444 623.6807762193188 309.1710945989045 0.07826755195856094
347.6355838058879 295.0128354884773 355.3512942559564 305.1011935561808 0.0782269537448883
356.8203321533451 341.6973425534874 361.88033074881156 348.02610240408006 0.0782235786318779
396.6088888492625 330.16749772117953 405.7816050013707 342.3801473251915 0.07814521342515945
607.1837683409123 297.6432261620383 614.8735731812837 308.770872939354 0.07811585813760757
403.89372073722427 256.5835955169867 425.96571714821135 283.3932920196168 0.07810109108686447
382.3787382578094 326.8685456632539 387.7104533000674 333.8209730513641 0.07808549702167511
772.0826815082438 310.1537458755159 784.491253775968 329.3508481860814 0.07806886732578278
375.0701703129475 369.0990713302761 383.173600172965 377.40448126626717 0.07803376764059067
352.02797761490643 323.3319500130042 362.53673358219936 336.60562725173133 0.07799505442380905
818.1906316957466 266.65823521822387 828.1560871493463 280.1809482059355 0.07799091935157776
713.4072463492408 311.7996901257972 724.3028005450396 329.3797781820049 0.07797407358884811
402.30780932748854 281.87962088750646 413.4420204127266 294.9011026599316 0.07797332108020782
744.2764559651806 245.4771979058369 757.4318896440394 269.98623222595876 0.0778961032629013
456.65228598378826 309.13026343321053 465.1746098840164 320.00461109123876 0.07785307615995407
588.0496112417026 310.3227525379539 606.9885003176871 336.4795028576538 0.07784024626016617
10.768665196154576 -5.987410791969895 98.2301770766647 91.20900189875007 0.07777591049671173
365.99898272119 314.08518115174337 374.7533034442309 325.24256416149564 0.07771638035774231
541.3064572072363 316.1339150268151 551.4782734919705 331.6858273956931 0.07769973576068878
148.08406055971597 318.67211864467384 177.6722979324333 353.543700444295 0.07749085873365402
372.3248210462273 362.6575292171521 378.6950389779328 369.44999300011733 0.0774615928530693
475.1241280522714 278.2525380594441 548.4279208195321 371.17673383656233 0.0774497464299202
576.0030720145779 217.65422643494918 583.78596039326 227.2292902473911 0.07711608707904816
773.4261592330092 338.47016164822827 812.1161289665912 402.155037851941 0.07703088223934174
750.2438679508374 178.70700684378468 784.8309579805414 231.9769922610146 0.07698916643857956
910.5659589498697 321.8800888400437 956.2070911478615 380.4725965864241 0.07696137577295303
916.6308468276204 204.27609448426938 953.593182324079 257.9853233146114 0.07694830000400543
719.1709357080595 337.50261658007037 750.9347204767465 382.3007490018113 0.07690998911857605
526.2224228558417 306.4687128213783 536.5600182245012 321.7434528843267 0.07684818655252457
380.213572864171 367.0932707331476 394.33920823495686 382.9725922667292 0.076848104596138
75.05811455469052 338.927911489771 93.91101707346716 361.62934560391176 0.07684784382581711
765.5891611437078 244.57894512571534 778.0347658994772 264.6780160877054 0.0768241435289383
345.60788095087327 340.20599111198305 351.0422911718666 346.9116899446869 0.0767783597111702
392.3670687898534 351.7081456895602 396.96567053539474 357.5062312022209 0.0767715647816658
359.83645208095095 370.73527501064746 367.9419375972215 380.43614487454397 0.07673831284046173
473.09701966031577 279.7421056745522 484.23704631806646 294.04221587952077 0.07671074569225311
142.03931397342305 370.8439444945565 171.61562780875684 411.71837820800664 0.07670606672763824
900.7613528887705 248.59983996808 938.3560576176144 295.2278636765291 0.0766354352235794
437.11622745626255 315.0460045821449 443.25137873666915 323.8607703572267 0.07655740529298782
416.8410995451902 322.17536964248256 427.5860380128592 334.8620550924979 0.07649502158164978
120.23576662298134 351.5528390270422 139.1321134156996 372.11166041617713 0.07646561414003372
389.2248155917424 327.301685406974 397.28057608169513 337.6982954595945 0.0763869509100914
424.6165801413561 303.9680599358567 431.6619725107546 313.03265403471147 0.07630567252635956
707.0016144494135 158.70309202709808 747.8467750748097 216.31855996785566 0.0762929767370224
535.0470640584049 225.40708698859146 544.942868297053 236.73920115800155 0.0762745663523674
797.497529197758 304.34332854772913 828.5565321922667 354.5300946996201 0.07625138759613037
662.8257016980533 345.1574165479393 716.422151978667 412.926842790738 0.07623640447854996
596.8386755907112 310.098961144196 618.6882626525237 339.80359552822284 0.07623473554849625
1049.29048311459 217.99008600506687 1084.4894603564685 271.06145357533313 0.07618454843759537
460.78110356567487 332.5592148409269 471.3549146031108 346.949388918534 0.07613130658864975
692.2548130049123 191.01284012240174 729.9366314405555 246.82510843050144 0.07608552277088165
899.282475112735 147.53942860290593 951.0087790717489 224.45925315901604 0.07602886855602264
1038.5966828209546 284.2760878062758 1085.6504486593517 353.4837928718056 0.07599491626024246
650.0123030411451 296.33938916919215 659.7287634023528 310.92628106491657 0.07598379254341125
37.74337017593302 351.3773397985404 48.40954448222328 359.92876157821377 0.07598105072975159
689.2351311159707 375.1726159979121 734.8285154753128 435.3113589759676 0.07578039169311523
376.769915645065 349.6405479259818 382.2349751196419 356.22106431199575 0.07576459646224976
40.53285662945689 343.8286459361317 47.83333718863576 349.4505318145053 0.07566472887992859
361.48126350126097 330.98318775860025 367.60260340941653 338.73865931504156 0.07564893364906311
443.3646482189605 297.8103053646462 452.1346266543607 308.72975510714497 0.07563904672861099
375.17951497007755 340.06099107427247 384.0254574881473 350.8133090947166 0.07561284303665161
366.04572792908897 284.6217180706858 379.5442218222988 301.18487041068454 0.07554556429386139
763.2853327508961 230.79015369895123 772.9853398983275 245.4465719422549 0.07554430514574051
351.8709891817506 338.1412935101293 356.93419741584876 344.27724123843046 0.07549427449703217
753.9830785492163 102.59118545112534 800.4466137029765 150.49454233628109 0.07544765621423721
731.4875545386213 149.11420160265754 768.56438982735 199.98127720961077 0.07542484998703003
494.38055559250364 294.6983454571622 505.91930016478665 309.8065018335972 0.07540347427129745
91.27738310320525 369.53846413888806 110.53909530529324 394.9319922207034 0.07538023591041565
576.5217444631201 195.01278348528763 614.193715133207 242.35100024797063 0.07536952197551727
704.282674985991 302.4322390624795 715.8034291128479 319.59237087895605 0.0753348246216774
1033.1112068843422 344.3912026263479 1090.3599258683232 422.00400977294925 0.07530443370342255
8.20552043922594 383.33520867345226 31.229963206741758 404.94309649980755 0.07526767998933792
774.0766549402796 209.6736073763783 788.1311270936058 229.97780566378495 0.07514958828687668
511.82902581004714 331.9249738268373 525.9306118180683 351.2365676565229 0.07510405778884888
772.9306214710641 247.1312968701832 782.9869571069424 263.4725364621272 0.07509606331586838
573.6469088948186 299.64010788898247 583.1416336715761 314.72614823917365 0.07508847862482071
466.39508423124107 297.42097421889633 476.32557157297276 310.5502078591995 0.07506164163351059
344.4313479841351 344.41122924237726 350.6309643904481 352.04127761804057 0.0750543624162674
428.1954800557681 253.9925432901145 447.30462015237117 277.074077238061 0.07502586394548416
581.9750068577948 333.96531102257785 589.5435250677066 345.4214806651223 0.07498087733983994
582.1235203201477 297.7721794862191 589.8202297922803 310.13360582814767 0.07496108114719391
373.35010665803765 276.0831445770614 383.96591813723745 289.6977948910615 0.07491787523031235
471.12271576672515 179.08012171346675 480.7162432332226 194.45825081431175 0.07485423237085342
506.40114389802693 324.33919438203134 519.4839355303365 340.5148548145978 0.07482290267944336
657.8716318799771 291.17179152532196 665.2073815473487 300.8061274869343 0.07478383183479309
724.1504784410015 276.700811400944 731.3585988783205 290.36679729506335 0.07478097081184387
438.6435709610259 276.42256136838773 450.35637138228066 290.5842628856849 0.07477053999900818
456.6846986878654 270.1798020604638 470.94726423000753 288.34069139838283 0.07467134296894073
581.5400255721285 316.7648068414201 590.8275200421089 330.93717425550795 0.07466592639684677
531.031003325059 313.72587351758864 541.0356252344139 328.60750101538594 0.0746622309088707
390.9876535237647 358.0295449442326 396.3120923773905 365.0300307508137 0.07465098798274994
718.6867971795244 284.6945791307124 728.7386459631277 301.57915722804853 0.07462848722934723
118.0826486805729 316.4398144432479 208.7803738275736 445.65561990509275 0.07461552321910858
599.9140824583397 305.74382648791743 608.0678030700029 317.8602532147904 0.07460751384496689
353.949576277233 293.5229765420405 366.02595597220125 309.41443032795286 0.07453478872776031
100.75694962351828 307.7417991648242 119.72873588285917 331.80383067130373 0.07445039600133896
411.73465396819756 306.084954175792 419.60865837618894 315.88707686031313 0.07441389560699463
957.958226482351 296.92834054414504 967.079417896537 312.2394656691361 0.07439769804477692
781.0890252024637 235.26375953348852 794.2914761986472 254.3477067752564 0.07437688112258911
565.1558978979568 223.98645258030976 573.6810166383918 235.68175313798864 0.07437586784362793
44.23930780961699 322.06339252891195 66.03320671556749 345.9932757531118 0.07434253394603729
532.7659690307073 297.3178896085303 544.4265746439595 313.8179011436122 0.07424618303775787
866.1470861467651 260.01135617485636 888.2252876654708 293.9192778885294 0.0742301419377327
132.60495707760714 314.75629028588776 136.22163945551952 320.06013318886414 0.07422537356615067
370.9108130416376 334.97804162341123 375.90465991003344 340.96966269425616 0.07412991672754288
803.5431282394709 209.15599913262153 830.6834957252493 247.97580821408798 0.07409507036209106
699.3156154845395 303.406048689189 706.8564877251675 316.18734093411484 0.07407495379447937
580.5870690301462 276.0920937363993 588.2378187610396 286.91877387126874 0.07404886931180954
351.9949503182784 362.4756664321523 360.53551737295595 373.3674131554043 0.07399258017539978
558.4364817480975 232.77905783239385 566.2961581880398 243.0684054221346 0.07394163310527802
520.4882159051573 339.53963844011645 530.3005058391449 353.765540613436 0.07393402606248856
616.7203653680107 211.06310145766508 624.0562657302537 221.900935343386 0.07383769005537033
450.370271408183 332.28581876180766 462.03915291650316 347.6170412776116 0.07370831817388535
410.6394892174626 292.0032296879735 415.82343195776343 298.25056454236994 0.07370120286941528
401.0672991655201 334.1703113192417 420.00355152258004 358.1623066929656 0.07369299978017807
434.12593439708 330.0921288650086 444.5996281840451 344.069678395699 0.07366525381803513
490.55643142737813 328.3538828335326 502.0193168709505 342.7609154733476 0.07363979518413544
693.5776957930441 234.82685921661925 705.1349852866475 253.92202096038923 0.07359302788972855
170.46904939365072 387.5894219797964 220.76346515799167 455.66061996763455 0.07357385009527206
698.9394470646524 322.2308650983142 740.1634163915278 379.71522065862064 0.07352770119905472
128.11640836062642 306.275798928189 152.98832218306814 336.86747218619735 0.07348301261663437
469.59003042021465 350.90728027567206 476.90392689848153 360.36624871634984 0.07346654683351517
570.371905381983 318.4974265205922 599.5759459119984 360.803180324081 0.0734516829252243
272.0581624680457 403.8115606452667 332.2174366784291 485.3931723394957 0.0734056904911995
464.2870983109419 342.8144711029926 473.61711946773625 355.58380761549677 0.07338262349367142
337.01227589512337 325.14984374448085 345.8068306404426 337.6391416385728 0.07328195869922638
368.21695475472507 366.1357400089405 378.91038547080797 377.40711669472984 0.07327350974082947
415.54376492156814 322.30473672983396 442.31573769493997 357.49540470690204 0.0732501670718193
340.9375822582507 334.1972390518335 347.03175765423686 342.35422358417907 0.0732206329703331
444.77430629969933 264.6566134479028 459.7435252804022 282.10872074669226 0.07321733981370926
417.85234265324164 301.7786410689714 424.95586690446305 310.25109596300945 0.07320178300142288
576.267410838483 329.4553875809382 580.5043923225916 335.4388629114747 0.07316118478775024
956.459539827268 322.3084975047475 994.0556236376739 376.0116898094367 0.073143869638443
343.6069862600457 309.0810690797665 360.9621005087375 331.77588214619857 0.07312547415494919
738.6873228013667 368.85739651751055 778.6337741428592 428.34690164990275 0.07309512048959732
778.9422006082252 323.9072879925363 815.7204223712226 379.73062641961604 0.07299558818340302
795.0592626417342 264.0968254621872 803.7963091541299 276.18914089623394 0.07297392934560776
335.419837378026 333.8398475883596 343.2614788309639 344.3247126303947 0.07291104644536972
393.40210356392146 339.5648280151726 401.11295438131145 350.38244518752424 0.07277794182300568
563.6311359656227 334.11367459820053 573.4648458197096 349.74927334937115 0.07277771830558777
730.2458199927075 221.1282237211532 751.1256235710705 258.03230866323764 0.07252693176269531
521.3625551726658 294.269176649318 533.2525538818029 310.47364246574045 0.07249800860881805
653.7907717103616 323.96843665819205 665.4561956462933 340.64608484998433 0.07248988002538681
378.63061355547796 361.0218270669702 387.0765334408273 370.03305526641293 0.07241788506507874
333.30917782590694 345.5938663778848 340.50571683495747 354.9251338096741 0.07240843772888184
608.1852129994754 336.6984403857703 615.5220400355602 347.08536664765904 0.07232929766178131
577.7669813436684 243.63973783426738 587.6400336398436 255.91738729539426 0.07228603214025497
861.9910826834144 349.99791584965243 893.2977085363115 396.3711531154679 0.0722494125366211
395.8170995540352 334.92718745410554 408.0170006548842 351.2449799410911 0.0721164420247078
347.7969793721518 360.39255945448537 353.28523419373266 367.2058851409955 0.07210962474346161
409.11030324121737 317.57216336961767 417.6755707057765 328.31015798328946 0.07200648635625839
776.5669789201636 181.69715529529313 813.5624188749458 235.84342347488857 0.07200246304273605
0.502123557671141 260.24388449166 89.49855039940806 371.72429474084635 0.07197169214487076
497.4873701972213 339.75763097718516 507.3406191462621 351.66135690585116 0.07196685671806335
217.35442778589 444.7639184928206 250.50245797742372 493.6297715012385 0.07193032652139664
107.17940126134128 323.4759924267532 115.61018323644359 334.16907742939213 0.07192593067884445
815.7952514203566 342.18513223356086 854.323973543729 398.1287279075162 0.07190641015768051
540.1798420592409 289.80766213235074 552.6917232957502 307.151047877933 0.07188690453767776
483.7329763157827 320.4288043337134 499.74629532461626 340.93823099695925 0.07180313766002655
695.6101906644326 209.51791383316183 719.5068049294291 251.96717889424698 0.07179833948612213
107.76215033132202 333.34781131812247 115.00578323696237 342.2811127009681 0.07171311229467392
422.44296566457325 357.23950545463964 435.00351318808356 372.2895220096182 0.07170213758945465
705.5911795430931 252.66525876619068 712.3253150197476 264.40153711487585 0.07163728773593903
594.325244569765 282.44687425416214 616.5266307982148 313.61109135668573 0.07163182646036148
450.66465219210346 239.4573075773015 487.7194012429621 285.41107977214614 0.07158447802066803
476.3229498701576 333.10288806041854 484.785904984292 345.1342582084195 0.07157615572214127
978.1174729450016 217.7312553676183 1000.0906997370911 257.52768841799474 0.07156381756067276
395.045309822058 267.518827988147 411.10830371821766 287.0124944274455 0.07154795527458191
493.5788119922538 310.68843060460193 507.1459995577927 328.05051139329504 0.07154680788516998
625.4467826796072 259.5655257323169 634.5279232717564 274.46845294458876 0.07150525599718094
411.16979753422675 270.66945435978056 441.54153545892683 304.8648469692078 0.07146934419870377
58.80390151592543 345.25429239519553 78.97043734716888 367.26189422777355 0.0714137926697731
622.7924805715985 354.26640627369034 665.7793620644086 409.86217104216706 0.07140607386827469
497.3130540517481 288.5898799677983 507.336568274812 301.16907369650295 0.07135272026062012
-52.62515209677686 406.1529160938778 157.2574317423727 653.1798262638606 0.07132761925458908
556.2825653919905 296.2810631272668 565.8974323494168 310.45405324819706 0.07123640179634094
538.3569440169858 343.446340633458 551.3976778342324 363.01997813880104 0.0711919441819191
221.41389969494472 398.64148045234555 245.97598944623687 438.9007119612637 0.07114166021347046
633.8771331958995 292.97381962913613 645.4158911313174 309.57105744796087 0.07112841308116913
641.0105401503247 191.82704819383778 676.5393035365116 240.74813661399082 0.0710989385843277
628.9498605506382 258.96091922031775 659.7957247776573 302.92801189419697 0.07108011841773987
38.0114732371614 368.0475653383276 47.1160364439084 375.87178692908293 0.07104584574699402
167.18709416454934 342.6927384860286 194.63290714707284 377.3948973994249 0.0710294172167778
347.08792526149307 327.3946828752051 353.63063356750354 336.18462445774185 0.07099796831607819
85.11896929717317 320.7645954881483 91.12848251232391 327.4050448293958 0.07099148631095886
551.5560525330378 -8.331271885677708 598.0786596042492 42.38863169345066 0.07094983011484146
1000.2310894195522 144.41924360114123 1041.123125151564 201.1974569736523 0.07094213366508484
504.1851437984647 290.9753394643774 514.9126460312286 303.4985752287108 0.07093202322721481
282.8700575028736 447.43602753610884 381.2831118452984 573.4355916216407 0.07088739424943924
346.741317663732 673.0837490985007 368.2298210244422 692.7060687623251 0.07085844874382019
94.45446121973497 89.39771833714997 445.66178523053736 484.03396362712454 0.0708402469754219
366.55829974812644 369.7487828590383 372.6549030855305 376.51029557252053 0.07073802500963211
488.1564135398089 224.7208695521766 526.9075682832164 284.9551373948739 0.0706816241145134
355.3608757086138 283.37238531542914 364.1172178093622 295.13748409560174 0.07067146897315979
97.67047965802398 355.9792718152555 127.93674960951631 392.86073454587023 0.0706295445561409
598.4796544347879 332.6996063951943 605.2657842379595 342.70878419475815 0.0706099271774292
547.4216890329407 185.7154857826613 599.5259705847781 255.21760901810313 0.07056286185979843
752.1819662984235 267.6640594849463 762.5224230680129 285.9381269085105 0.07055521011352539
394.47878654322216 321.32577803645313 464.03241687090616 399.1513127506648 0.07049646973609924
457.1417109047719 283.79562224237793 466.880937740571 297.3739710425761 0.07047044485807419
374.22423050604584 302.93194812604713 380.82389943490483 311.6706243174098 0.07044102996587753
248.95356964484847 374.22179746045236 298.33100423152337 441.4127708894403 0.07033272832632065
110.76956004676414 345.13381360179784 127.57627585400314 362.85258793385896 0.07028955966234207
558.2131833562504 306.57378742722193 567.2453728091392 321.07986972835806 0.0702720656991005
477.92252936134093 322.4121539423748 490.2287811608343 338.09510664781493 0.07019932568073273
489.95926893746736 343.1328423299205 498.64744450587773 354.6382842933656 0.0701962485909462
54.67361709615145 377.3973062545647 75.60885767478536 402.44016712661164 0.07018018513917923
421.24651123279085 345.90218482780625 431.27966306013457 357.60789722878343 0.07009752094745636
481.94568060869165 309.3600171108124 494.4644667547171 325.0402976242645 0.0700681135058403
482.51635525108435 302.10657711785325 494.7276794275199 316.35920079781556 0.06999757140874863
425.26606676837554 265.3602006655898 434.3164050382524 276.99360312849484 0.06996830552816391
649.2411430845594 152.16272407908812 695.9286755486715 210.12262723278525 0.06991540640592575
784.0815642676056 268.19682955078423 792.3646175496882 279.46473570241506 0.06991272419691086
630.779560781233 313.17294863035545 643.1538011935605 330.26055322396167 0.06978083401918411
553.9384054825857 248.9723196250204 565.717001736631 263.9057643165306 0.06976550072431564
397.0620676526099 348.44742536977174 404.071373350271 357.4429841090621 0.06975589692592621
877.2156926204674 155.05639949643552 915.3618305561145 206.79169450412323 0.0697467029094696
591.6664080960803 267.72661018980665 599.8745637702201 278.57473581998437 0.06967116892337799
-106.94969304944068 415.0655766707836 258.3455011415349 854.0014473120531 0.0696398913860321
426.5485161329708 284.8975481243066 437.3374986456532 297.3638632563614 0.06956633925437927
396.7059569029393 362.2281057136915 404.6513856187353 372.4744248616066 0.06955012679100037
345.2138338521824 351.73643246800987 360.9674791052753 372.07001709644607 0.06949906051158905
393.38376141703117 116.74950916178739 429.8490346675696 162.81862352548256 0.06948249042034149
102.22465676724443 285.05179081373547 120.65468066462057 308.9946686381784 0.06939451396465302
1026.235934106703 654.129681892397 1107.642972874441 745.874400902793 0.06937786191701889
606.3882698298571 274.11612987472915 629.7732049998774 308.31613829443216 0.06930287927389145
733.1458112315139 293.1628820043558 744.5800697928316 314.3560910649653 0.06929786503314972
520.2968172643198 317.48127828541595 530.2471155640364 331.93711375290167 0.06928502023220062
515.5865000991524 294.63047583374345 528.5487698998874 312.0989175784372 0.06920353323221207
116.14269952917302 322.60824744118054 129.92293414917535 339.4413567618673 0.06919819861650467
15.10359333131421 328.1987198959851 24.977726925062903 335.7686180117909 0.06916283071041107
584.4545808381592 310.7610365547827 592.0298427943321 322.5098698894465 0.06914220005273819
172.88409499922588 298.8509576464206 189.0294151767628 322.3725343397753 0.06904623657464981
580.193384591758 256.8475664759707 589.6506567079318 269.3651133201635 0.06904510408639908
560.9752816902055 264.13795662745383 581.5986793714563 292.09289849212166 0.06902725994586945
445.3527428450957 190.9359415141355 491.83525644015384 257.42406182208236 0.06902351975440979
411.8246954238493 273.60751445241146 421.53985904332376 286.39906886289623 0.0690113976597786
724.8265652026648 299.0181136430087 734.9837354240914 317.73908653486086 0.06900924444198608
563.8998100281564 293.38948217971426 578.7298325609399 314.65431615213123 0.06888823956251144
720.6542650301178 296.54225298079655 728.7829558298579 312.00244470202824 0.0688379630446434
397.17003322579086 325.5806867678908 404.715899787195 335.6223926682019 0.06879956275224686
588.7997422111009 245.03502993659635 598.1681709241126 256.49845373139163 0.06877592951059341
46.81874277830903 338.79830745219766 56.049164217639 345.8395563389924 0.06877432763576508
450.3668139467705 179.40201819906594 459.01497599751264 192.96348602513552 0.06877229362726212
505.13075255011177 341.06665374141295 515.2725202676809 354.7479352519766 0.06876606494188309
782.799910363166 303.75197379596875 805.8895022753151 338.07850386477963 0.06872362643480301
27.66971640295472 345.59416456453965 35.18660634292622 352.4810565239449 0.06868492811918259
963.1016913729777 297.1656807086955 973.1811723565334 314.2455354029674 0.06867367774248123
479.7269431827194 340.5454555589436 490.6206408928738 354.12043807530597 0.06866639107465744
852.831202288837 400.1621664223921 939.0882835286059 506.15153078046643 0.06865502893924713
402.26438553354836 341.2273089844853 413.94766280381003 354.29402015613704 0.0686325803399086
131.83432114558764 337.33861793190675 157.0727766900353 367.36529691103055 0.0686148852109909
361.0901262811888 272.3344677842403 412.1316649280247 331.3244015896362 0.06859295070171356
611.3044575468494 269.03853850635414 620.379039400932 282.26166633638184 0.06858304142951965
526.8507683390591 340.1083630205257 538.9457506094388 357.9032971590139 0.06857838481664658
688.4599739726098 303.32550117348393 697.9183589520364 318.9241023704803 0.06855384260416031
128.97438449448748 259.0118714651493 138.4381649112121 269.41779419645974 0.06852784752845764
949.5487079208385 191.5114421445774 982.8855277697121 241.34503102926357 0.0685177743434906
359.7142101396774 314.514928446768 367.2324369781298 325.0502630514739 0.06850086897611618
732.9184307819346 142.52987856238371 737.6820125154288 149.58684528458306 0.06849699467420578
732.5012569371589 98.45515856690322 784.9348605988017 161.5682624991518 0.06848638504743576
465.3795790077598 334.17223954273084 482.19119512409725 354.55854775376326 0.06835750490427017
583.7176738318079 229.6196859471063 592.6726347306516 241.95482058575345 0.06834699958562851
822.609596696362 359.28285458734416 904.8053783173517 471.52140346520264 0.06823934614658356
54.92507781100383 342.32801097012873 67.46849488071167 356.10507013417634 0.06816456466913223
951.3904614650471 319.99692387645035 968.1023364193409 343.5125998819233 0.06804437935352325
508.5698520278247 325.1792435954976 529.9645035829266 355.5090697720644 0.06801266223192215
48.18295116675801 359.17591409776213 63.804458175129795 376.36111283393086 0.06800059974193573
568.9918694910795 479.30241511614054 828.3060363550809 756.1615904947506 0.06798313558101654
591.5123229281578 207.87820755440453 599.4214388133726 217.99173083095513 0.06789907813072205
93.76198148035876 325.4856018426605 101.61775993316957 335.62453479603136 0.06784003227949142
510.1009905139145 101.1280209962268 535.3166776941923 129.8879471924259 0.06775511801242828
112.54083365102949 258.2147755263442 119.32649891723878 266.29304312442366 0.06770632416009903
986.1668258652587 186.64868544742345 1020.367291132597 240.0193216428164 0.06764809787273407
328.3760554642675 20.680881189331426 407.0732667283464 109.07262508441143 0.06764482706785202
10.993195311663895 335.240611436005 32.47460865852409 356.15017729224394 0.06760672479867935
457.9675668313041 264.0433523209587 468.71378648726267 275.2831139922089 0.06756681948900223
373.92815473852824 265.8808567659392 382.6797875475887 277.4727936508688 0.0675351470708847
346.9120554722224 124.56770723911534 406.14870523885605 190.74985297709338 0.06752340495586395
550.397940282549 274.9849181794836 562.19600052309 292.34670215949325 0.06748498976230621
964.690529826739 -66.7183527302445 1141.760978465993 143.32798444300985 0.06741741299629211
406.07517058658595 318.43336795901416 412.47727893597244 326.55602641271827 0.06737933307886124
1031.0746184971401 229.4734913717033 1093.060233636281 323.2681553671392 0.06731754541397095
482.3848578575979 285.76112211547877 493.66801423151816 300.52519527797574 0.0672854483127594
412.9771740438305 253.56922736283173 424.4119895585686 267.9381642635889 0.06718843430280685
568.8363833956332 216.19654680127013 576.8097404029502 226.29662946516558 0.06716872751712799
492.0366823065831 55.17628872349403 515.4322814473363 83.71383259192804 0.06712839007377625
380.70403307961465 350.5611902293609 387.0612432479604 357.53593834102503 0.0671246275305748
411.7441456333778 279.712798139535 446.48025457259007 322.9000039928897 0.06710446625947952
728.311291828265 309.8839369528994 738.6931218503222 327.1357100068892 0.06703533232212067
344.210971553865 695.331056174949 371.3062738371545 720.4435762421986 0.0670151636004448
482.1396292111839 319.7676758474927 492.3650768071112 333.3116126237991 0.06693779677152634
772.9210583438737 225.83849161871143 784.9469153845507 243.97781198823964 0.06690829992294312
372.4632088906433 320.31049692849194 378.82455670408586 329.61133490584155 0.06690561771392822
520.5345838513225 188.84819489593684 564.8961261326905 244.502231982361 0.0668845847249031
546.8937088552975 225.3073257286403 558.3239013427046 239.82878946327423 0.06684437394142151
583.1305825149758 343.76295402811087 618.8586358476927 391.79907785182195 0.06681305915117264
603.7691809740157 265.8116460085075 612.5493033454416 277.2776166816841 0.06681036949157715
146.07523787250463 -19.564630036463388 368.37736443859416 207.735579015993 0.06679537892341614
31.223254223612503 369.1925767029871 45.553688974608 378.9420619569792 0.06678438931703568
690.714866985189 325.52127626640925 701.5614239013833 343.23938774630614 0.06673961132764816
79.01000508316042 328.0974713119619 87.88159565657408 338.92115447854314 0.06666453927755356
596.1894718163563 231.89264822926543 627.7785599319777 277.26934949717236 0.06662233918905258
616.4257259283786 254.19931684330842 626.5973114051194 269.15652582135783 0.06656595319509506
531.2204929244206 325.33884087805677 545.5248836904988 345.07700340793144 0.06656195968389511
417.72825183064657 283.41314956675956 427.8136407423237 295.78915903632236 0.06651655584573746
574.0111887156451 231.42335313214093 584.9781957077615 245.55978357197054 0.06645680218935013
657.1001074892781 262.39646743043954 673.8424937434927 288.86430345863727 0.06643006950616837
543.4679793689329 241.67784500075203 555.8754135711426 257.0598470630694 0.06642132997512817
102.32738389201664 311.33473388500994 108.39795767045294 318.686834137844 0.066382996737957
424.33058108366833 250.40793011802637 432.8899257807423 262.45572122061014 0.06635826081037521
530.6275380037326 281.81650949390973 541.9887715074182 297.6652568743756 0.06631290912628174
18.720236580115422 391.7988785545163 64.13010350331379 447.35833169384074 0.06631151586771011
1037.6379271382682 146.9014032953157 1078.904231075722 207.3322531159666 0.06628274917602539
784.5871125231976 262.77744855992836 793.3989354738949 274.4560893184906 0.0662473663687706
813.9466904095439 241.8768178800249 822.6037995021294 254.38172074723946 0.06623831391334534
777.7056977658875 331.8343642588303 859.0166394575475 450.5235758730797 0.06622551381587982
723.603080463594 397.75089655497925 773.9767516812155 465.2775463514488 0.06618553400039673
567.9804943625453 344.306043726245 589.5742321554497 373.94816434836173 0.06610714644193649
589.6420881054635 254.6920545065344 599.25905179121 266.89951880805626 0.06610602140426636
92.64196448411569 318.7245524295354 101.18775217819638 329.0386811010357 0.06609374284744263
60.67211234476968 283.68169781521163 84.06096796900107 313.54221750748894 0.06608916819095612
660.7216443201181 283.3926255079443 669.400508166226 295.551200818202 0.0660807341337204
759.9739467087384 295.0741293271579 772.450857268389 314.229319117638 0.06601492315530777
413.3604487496592 327.55107913034067 422.54650588947635 339.0780838246553 0.06599639356136322
449.53512557843726 296.45007394136763 460.32615263932706 310.40152197448094 0.06592071801424026
216.0903822639113 379.4421595427136 221.89881393919694 387.57164763005085 0.06586479395627975
485.21377337474274 347.9837517949152 494.1647685910636 359.7832548303815 0.06584452092647552
132.94763349897076 277.50846042130456 142.71248488441842 288.2210277643002 0.06582459807395935
272.1887234827353 447.25118420574864 313.44007403447324 503.8149915656501 0.06574489921331406
694.1617838072287 269.5011769931437 702.9811317160836 286.20779556327284 0.06571903824806213
547.9086505451207 223.98590689443793 578.7286445483533 264.90134735561975 0.06569237262010574
718.1108058066327 173.63596562413363 761.056863457741 233.02994862612005 0.065666064620018
383.7696682352116 270.6414720457608 397.4533044506555 287.28756609782226 0.06566005200147629
431.8669163118422 276.78929077458423 440.67706867803435 287.81053516484627 0.06558076292276382
737.2514043153785 264.0282059050066 746.0618166148475 282.04548381223964 0.06551127135753632
376.84334651184304 377.6921794109641 381.9112388936334 383.4158059269689 0.06542909145355225
372.52159826754615 699.663843781264 401.70658561429775 732.7210351437986 0.06540603190660477
189.8242266523873 294.7398352151421 214.22575149742988 328.5354122449674 0.06532860547304153
528.708070971697 333.0129844864518 577.0719879543063 397.1608489124067 0.06532695144414902
321.2915867695597 293.10602415404895 355.8205399037248 338.711157946058 0.06525705754756927
713.4114612154374 225.24396596054635 733.7414350366768 260.9862386553567 0.06525181233882904
-62.23289625308941 -29.145457221521916 147.78763378683715 219.78898363649608 0.06522984057664871
399.58562664291986 676.2457162650977 420.40012891265764 701.6771061445769 0.06522396951913834
792.3685916320159 228.17286045133906 803.4964682761514 245.0894424707301 0.06519845128059387
800.4090074737275 104.72922066144906 844.3542491832219 159.64810936746045 0.06516531109809875
358.11991290835095 477.615529181549 481.45905520115923 610.953900396438 0.06515701860189438
516.7255885483352 386.3137344073311 564.5351941207035 446.8321081377259 0.06514111161231995
131.01790708672902 284.2246026160766 153.57611773126584 311.4285102092478 0.06512465327978134
570.7791134255489 149.20187509532252 619.4537938524484 208.15038336208778 0.06510177254676819
35.79729555272514 348.02630270966006 40.718781033368536 352.7317596268472 0.06506268680095673
401.1885997778501 286.9092645317376 406.23351080203975 293.33967690655624 0.06492789089679718
597.8803445235242 145.58794917893562 646.2209002132016 198.85856775891085 0.06491543352603912
613.8270236754606 216.44092517188264 618.2076804095377 223.1035871441334 0.06482625007629395
788.4132116962595 191.54381514297967 811.5945239883396 224.55691527903093 0.06482438743114471
432.80346168458885 249.9114844137079 441.6363885404602 262.20599094994924 0.06479179114103317
509.1342015072942 1.0799192095094083 540.9759093814137 39.62981784039936 0.06477285176515579
665.5058119207081 253.1721769324421 673.3536306375049 264.4408247860812 0.06464043259620667
379.9442477173877 330.3739935544252 387.1283487279123 339.176097237916 0.06456335633993149
734.1590487630884 319.8524200562974 745.13151157013 337.2292942682539 0.0645408034324646
686.0358345781513 279.2151490480981 694.5792085964438 293.6552135524767 0.06445353478193283
702.1881887316214 276.9027601015355 713.2360596743104 295.98519814458734 0.06441421806812286
501.63547879326154 299.0867786600852 513.5496535651876 312.94255880693504 0.06436532735824585
753.7041684589927 32.86599620599081 823.863578691441 114.92902817339579 0.06432926654815674
589.7225031200165 221.0587496739989 600.4403041788465 235.59688575908106 0.06427745521068573
347.2519116653884 305.28015285457445 353.3350127437486 313.01967245482865 0.06424114853143692
238.11342846805016 427.6363014118741 246.83403915316842 440.13532386977096 0.06422948092222214
764.5542821794946 383.37098594648205 816.9486332374145 455.4564645479795 0.06418319046497345
414.66784706759006 291.67852376068726 419.06152382361813 296.9241794252989 0.0641639456152916
356.4815343077936 307.56301835491837 364.15676950326167 317.43191167299193 0.0641525611281395
642.7074452115113 417.284046832096 722.7710387433773 507.6765346459584 0.06414610892534256
517.6505128741439 351.7876349261458 593.554388579435 436.5285955842509 0.06407465040683746
258.358297605112 308.7399872620373 317.09287238687233 391.6000406685203 0.06406836956739426
982.5349441636141 351.74841251406315 1023.6626493468913 412.3286292018383 0.0639587864279747
456.42679159376877 350.4439437839072 515.2247888249739 415.6652253340192 0.06394783407449722
436.9445720961729 202.3363636242135 457.45396045561614 232.62489920829162 0.06394756585359573
627.7446564274263 245.94564475210598 649.9991440112317 280.42167233440654 0.06394275277853012
699.6764473082806 316.24544369258984 708.3188959503011 331.07710713728443 0.06392406672239304
716.5687252404565 306.73031935965713 722.4642739783013 315.27152147132745 0.06386885792016983
382.6397368877971 378.1728250349195 390.98259220774173 386.7061796078795 0.06377995014190674
15.992976952411361 289.85793134638146 34.79695332864487 310.0195146270818 0.06377173215150833
317.86776398261844 346.057699464389 367.314748298599 403.42831110401113 0.06376883387565613
508.50810824098204 350.11240603570604 521.8171737399034 366.92460316942424 0.0637185201048851
463.74964809592194 -2.728746711651863 506.7340533542373 46.476124999404405 0.0636674240231514
714.3807656113855 292.0601556840037 722.2876529211363 305.47918264818946 0.06366557627916336
906.2976983542522 369.96879211021263 994.5723753139066 494.4279666308769 0.06365491449832916
493.5445039068335 455.99874867395636 499.99910562982126 463.89710199373167 0.063651442527771
800.3604877301901 287.94178751707767 810.2650522424719 305.8459390872616 0.06355036795139313
709.9960450866478 288.2800399482024 718.9754157067064 301.8508983334525 0.06345681846141815
682.2679343975963 297.8852051210265 690.1265387367458 310.60099737554526 0.06335333734750748
573.9110251520555 265.6040093018781 583.9363162248212 278.16969562750313 0.06331495940685272
32.803563059271745 352.4684615113967 41.19419302692698 361.02847052928433 0.06330634653568268
625.8645355542554 235.75213500023523 634.4039074572026 247.2308631241695 0.06329910457134247
339.81153866843687 342.51171655905796 346.15344449375493 350.839386459158 0.06328508257865906
478.70837910632764 168.9242641468286 523.3792610596282 228.23966402392804 0.06325521320104599
720.9919791281044 238.12082281111938 735.4626833333685 262.1713242681909 0.06322416663169861
831.6061629295239 399.39326595935484 1006.1981014417531 601.050500837523 0.0631638839840889
1037.0362110459482 230.1775907137812 1042.2110218357618 238.15691582082925 0.0631520077586174
399.8733662570467 356.5449430238859 413.2684844974779 372.5159887360355 0.06303940713405609
724.7090079115503 258.3463863629503 734.8314185541286 278.7106051353608 0.06290483474731445
538.61714782152 32.71378682034484 586.6222931334503 91.15385417294104 0.06283201277256012
124.94740896026072 262.4934742908048 151.54575164309378 291.54341580970737 0.06267637759447098
329.0634187529657 342.5240330990585 334.73536158871207 350.3364506422375 0.06261162459850311
797.1142575502325 -57.560281854466346 975.3339274863689 143.89391325430975 0.06252605468034744
426.7275917890275 339.59415813116163 437.2987433852296 352.1282198313422 0.06251198798418045
422.19009194711293 276.529976124726 431.89303660271605 288.6263612090946 0.06248118355870247
466.8749597825363 487.25650078620225 592.2219833203707 620.1396745405808 0.06247754395008087
804.7487347724569 327.1202028005258 829.7989155401042 366.6195102513775 0.062473129481077194
557.9500007435214 346.38419235559894 568.7772746448641 363.9695421147237 0.06241769716143608
566.211766794182 259.65382544368475 578.702378609296 274.85667057378953 0.06239579617977142
345.9484181890843 279.3243983746812 354.7945890300309 292.2027496733117 0.06236935779452324
556.2158508797578 220.3916947617596 565.886009441285 231.95920659614438 0.06231661140918732
211.8343524531265 382.5733704318615 215.64813078403475 387.7054069452913 0.06230911239981651
33.49002483026238 342.01279406449635 40.76600059859056 347.9836219307345 0.06228988990187645
373.9704875394891 652.2188729490894 398.94694071319424 680.018252023067 0.06227578595280647
22.528545472935985 336.8572977628408 34.73511042966338 347.942702991672 0.06223189830780029
391.30648736283734 284.1686040825114 397.21881035691143 290.9686920105781 0.06218716502189636
327.88049629668376 343.0989727758949 336.3385460508549 353.835070307678 0.06217281520366669
433.2361334670947 298.8996717603745 440.39762923716427 307.6134909210878 0.062171146273612976
946.7913387545793 286.5043439396444 958.0273607500785 306.32409256349 0.062011417001485825
387.7968819265136 236.84723249718053 412.1811105691488 267.5297385198358 0.061947356909513474
941.5305705637064 348.98734923098 1001.4016726169333 427.33178357617163 0.061786673963069916
520.0821139463058 77.24771209850155 535.0049569844383 91.51542024542091 0.061731379479169846
867.6541450788205 372.5181390106863 916.3416020309453 442.6236380173111 0.06168641149997711
585.9581062528039 300.7457351412177 592.850405623655 310.8891390849643 0.06162698194384575
522.8424342120479 228.05249451638787 535.374012008404 241.47632222710584 0.061613861471414566
850.3179474259232 338.3669544681915 878.102044629527 380.44911033026034 0.061579763889312744
689.9959291050898 288.7215460616897 712.0085291258667 324.6596987439711 0.06157510355114937
95.71959137010745 260.48520370782813 122.47429338602814 292.66087444239105 0.06147828698158264
411.5678873831713 354.72504958031175 422.135223850713 368.2696995032803 0.06147262826561928
435.7691229300923 295.6235701094267 480.16860320997444 351.0315116293934 0.0614653155207634
715.5994361354941 269.2424213988225 725.2533737689588 286.9888708251325 0.061421509832143784
571.9707012922277 389.59454761791903 634.4682778911174 467.3708504130378 0.061299070715904236
347.8889037148395 249.9548022190739 373.9659365354363 285.58371745147156 0.06129338964819908
28.435199778889203 350.1949634022039 35.77275001449412 357.46602733111513 0.06127162277698517
454.77594178746597 345.4673987730451 468.1868576243223 362.39947803726477 0.061219651252031326
410.05968778905384 75.29985371650538 453.50707806742696 130.16990032997083 0.06114266440272331
450.3981476724484 184.55265568231772 463.61811358260655 203.0332167377885 0.06111474707722664
899.9039519028431 318.8762498194752 934.6953457938354 357.25344142472557 0.06095673143863678
564.3918469433696 287.5437506556545 574.4501657724355 302.15053379483373 0.06086655706167221
255.16175143820152 272.506893626432 312.57020565574123 346.9640661620064 0.06072845309972763
135.26519557440164 331.3688850405906 141.92441695056502 338.350050323557 0.06066782400012016
1073.8995990408062 330.7700881485058 1080.8230547248227 341.51006748832407 0.06062987074255943
633.0585361747486 111.19400211907339 679.7514843974486 168.58452902448897 0.06052222102880478
495.13558805208726 350.32823602629355 503.9681813779502 362.55801315535166 0.06051011383533478
754.5112811728063 238.01715758592428 767.7587784764734 260.30170856819325 0.06035006046295166
464.1687826520419 210.68847092798057 494.519935866184 250.8749301199713 0.06025120988488197
399.44114471306096 619.66977869854 421.81144587030485 645.3718344014974 0.0602107048034668
166.56697941471387 544.629763154249 354.1644233926212 742.1043756117194 0.05999148264527321
100.54012347437515 325.6305534945263 108.20928672483485 335.2482309456398 0.059900492429733276
382.28238122404434 262.19041409155017 392.76204302810004 275.68847348265825 0.05976179614663124
60.104473274607294 246.89295051991 92.58482429462782 287.70626535153446 0.059753742069005966
219.7914347060912 371.6849656237402 224.46320204747965 380.1991875948096 0.05971389263868332
438.9788555012549 622.4386006279651 457.53077455124816 643.030868616725 0.05954592674970627
453.2273674430783 251.9579607171659 463.587201287487 263.6822075360461 0.059464503079652786
327.6235325991819 347.80440137127965 334.27200299458275 357.00167287601414 0.05941171199083328
600.9245101221705 229.90343746778663 610.3149345962454 242.5737034467731 0.059396784752607346
-7.971936290237696 280.0524207403469 17.317294871784384 312.17282220546326 0.059100568294525146
375.3161638476118 87.47257109845263 580.3435542334469 342.96952659986755 0.059091340750455856
536.4517731481284 251.98134250204708 549.3799192543856 267.5093158277634 0.05895973742008209
1016.0311212922685 207.4816571598898 1038.5987819190193 246.8464727123143 0.05884877219796181
500.43684946280655 105.19135340186509 563.9882888474856 180.19819680246545 0.058676935732364655
399.28222258576903 282.66197014742625 404.98815463513074 289.6440111735277 0.05837903916835785
437.66208757467 146.97908709149044 469.4837243339818 188.10105728469807 0.058341726660728455
170.31836061491154 287.31358665756545 204.87331688160856 340.73736411116664 0.05833934247493744
419.2596036649189 345.61215925357516 511.0281933177291 452.93035440211327 0.05813303962349892
549.479011812209 188.33110703615503 584.4248266202139 231.43150028725776 0.05810198560357094
94.77967743459249 282.0519274395541 131.55141672238784 331.1486318886526 0.05715193599462509
901.8428788241728 343.5283037992693 929.7499534749365 381.6308108717327 0.05712343379855156
345.6969047480828 525.0258952425801 560.7496734710288 767.9617259061173 0.056597400456666946
