766.3579592632226 452.99107649121726 774.6827306382716 464.60996436635276 0.9974973797798157
132.4064887697892 436.2787250936774 140.54895420869695 445.9655285684739 0.9881651401519775
113.10503977421396 435.2113253857334 119.93169902086535 445.0919354356611 0.9763129949569702
737.2577268461913 456.70973758514936 745.4354338087089 467.2516475684538 0.9652997255325317
338.704484578407 441.18385164503997 345.9819306368172 450.52111855949653 0.8012339472770691
602.6827493482264 419.568969582795 608.3766313700899 428.0249116186499 0.604743242263794
711.2739600730156 451.72161608901763 719.4639136785435 461.9178664943464 0.6046125292778015
597.1721386684835 447.43461065178076 609.6612950253733 468.6319263429406 0.6044358015060425
556.0958039516155 399.0768306791323 576.3243189889193 435.87554023111744 0.30035147070884705
398.77671222073815 434.5187004563985 403.94594859465593 442.3872954286228 0.29722434282302856
371.0823889489224 453.1262950473749 383.24819114821264 465.65690478308437 0.2952498197555542
350.06906364817826 438.9046198807884 356.3370172271045 446.7838962251544 0.27306586503982544
643.5852068004598 444.4934779747083 653.4584481857343 458.27775333901985 0.2405400276184082
301.6106688183703 447.3396094898358 309.7698479063693 458.09933730312946 0.23596729338169098
503.7791597515947 481.1338603628461 509.918677330772 488.6618499236153 0.23271264135837555
630.3809674366646 417.2172329085582 635.2652999307242 424.8270601704444 0.21864864230155945
381.53804049312026 455.0943840000145 387.62309704849156 462.45145060715504 0.17943474650382996
306.47527651597113 439.81279100009795 313.44875474895764 448.077433964471 0.16963686048984528
598.8952779990346 464.96612175959694 607.140771786303 478.5535264827348 0.1528058648109436
592.7382426673053 451.0295981787136 598.8061623688611 461.44006559213165 0.14081275463104248
657.6603723033402 451.422433714532 664.702527634294 460.9600964227578 0.14012856781482697
623.9668210050199 459.0353017372453 635.7347761652305 475.89527777049904 0.13893531262874603
570.7540782889653 451.30204467417155 582.7392489180683 466.3685565999614 0.1387701779603958
283.4069701770106 179.52049153953877 618.909858186556 553.0168670610545 0.13541102409362793
583.4168193587045 447.7456646980911 591.9529845232239 461.21714940017057 0.13499419391155243
489.8561500990214 352.9880337163934 510.5979621110264 377.8247317903803 0.13402384519577026
618.0967868775374 409.1219101428954 624.8745788306069 422.14256489073006 0.13275891542434692
611.6007526955652 429.3440429591785 619.0287700341685 443.5838396532587 0.1326991468667984
656.4629830685909 460.0693135802953 665.5251979863122 472.2992686193703 0.13213743269443512
608.8463470002564 455.4324130940773 618.4973051161923 471.8971973612031 0.12970919907093048
616.1338458869853 448.1944970426216 627.4276909979492 465.0834079403968 0.12871985137462616
624.3910156365351 438.8526910896446 635.2497308199323 455.63799112123 0.12661580741405487
536.8645548450718 500.19178537344067 542.8768273620832 508.95421113412 0.12611836194992065
687.9293328655858 484.32293433676045 694.7837593081161 493.2078898005085 0.12611404061317444
588.741899607864 429.9742262142556 600.8127100435172 450.2600183883746 0.12590424716472626
617.4500455437023 439.4601187756626 624.1526570394618 450.37239870551167 0.12502264976501465
601.0992795204281 424.47512419427954 612.3225190669549 444.2703111400558 0.12310813367366791
632.7035885299364 447.32355687725516 643.6659150663794 462.68089162951424 0.12271235883235931
697.5715494304562 457.6341876584971 704.2608280919502 465.9637781072934 0.12086187303066254
487.71206995257 473.30314419585346 494.1494947876471 480.36770681695543 0.12025465816259384
673.5089822101992 463.7156912143445 682.908096269692 476.50059978106196 0.11976677924394608
501.91965607638474 487.2049730880463 507.72355373068433 494.1517305992051 0.11872176826000214
665.9888731082674 459.1354740757013 675.2356758013033 471.6086038591663 0.1183972880244255
472.82020363365893 388.6107854501644 480.2717652652126 396.9778881831333 0.11816272139549255
528.2916417321773 405.95513905684135 552.8254728432371 442.703829655549 0.11610127985477448
530.9812449768137 476.7825609360036 539.0594871042807 487.82834420923336 0.1158456951379776
619.2544923459913 410.3546753548493 638.2748948583745 438.96595227511443 0.11540010571479797
669.605529050132 452.9154703401658 675.9649324970526 461.2122404964433 0.114651620388031
607.3849364934852 411.95760207054326 619.795008928885 431.696502539943 0.1146310493350029
551.1991950645341 448.90530448916365 566.3982624225657 469.73462939983926 0.11458008736371994
641.2010222257267 438.8952620183703 646.6852519065856 446.0947415378476 0.11418097466230392
660.3595830517372 441.93357799544225 667.6980338601744 451.75231374794475 0.11402836441993713
597.3362011038321 438.30649557499527 604.5154311094976 450.73504768168283 0.11392875760793686
667.3123936935599 443.8961255473368 674.1163500054706 452.97111654736443 0.11362693458795547
688.5432189217235 460.91582904074266 693.9310382195624 467.6443102970956 0.11348135024309158
679.068988579814 450.91307939959466 684.2685355963345 458.01794664836433 0.11326419562101364
352.804359539295 445.01820188585623 358.4028755242761 452.5479070148096 0.11319547891616821
637.693769704966 426.03662870409244 652.1336034464805 446.32502292132096 0.11302699893712997
609.2611953796654 441.4077729875026 617.2416366012384 456.2430851220781 0.11280762404203415
642.5539955637752 457.926404056848 653.8149546434935 472.913747678886 0.11259536445140839
583.9134698300296 417.0355390582127 594.5515533410276 433.79750691603306 0.11240770667791367
348.86237225022023 433.21071186396296 355.29437984105124 440.7460273077749 0.11218851059675217
627.3248000708082 454.3557150855247 637.7979081089194 469.3504149964456 0.11187784373760223
612.848444164534 466.9045652866733 627.4790550121213 486.82366519351973 0.11118423938751221
660.1356519267327 469.54305077233954 669.912932326884 482.5974879498282 0.11096379160881042
529.5464667568306 396.6996496089876 543.6428124759375 417.0316844353823 0.11085782945156097
687.0796910088573 494.1885240419563 692.989281236262 501.5245565223494 0.11054173856973648
652.751112452957 443.1090775169688 661.4425672777315 456.0838068295471 0.1105271577835083
328.7223391777362 457.9232247911389 335.7591194168011 466.1185016074514 0.1104188859462738
677.0397050693088 454.27909044998137 684.238422681688 464.31740867939806 0.11039062589406967
676.6705761304711 444.96704378540386 683.7939392293254 453.89746746545035 0.11027056723833084
528.9679605493369 448.95649638839666 542.3662455368295 467.33286257105294 0.11020256578922272
294.76805250852345 457.77588903351204 307.07431968979483 471.8762634801924 0.11005108058452606
634.4383017057243 463.23162108794963 645.0428436184485 477.7279970995429 0.10957510024309158
648.3020824271483 469.7805859200672 658.4208663716792 483.18923700901803 0.10862520337104797
571.461276552639 426.85465811460597 585.2787317805703 447.7445734569609 0.10774689167737961
732.0830042337292 453.4458900601349 739.3800603571468 463.25662919906364 0.10730891674757004
564.3374080854074 428.46017829211365 573.4793500859165 440.8743240838003 0.10715518891811371
587.809548348278 384.10188337275247 613.4096169842558 425.46300040379896 0.10698284208774567
701.0505768780571 452.34009830393273 709.3009550882688 462.5392838681783 0.10644520074129105
565.6310282333607 464.1031964041156 579.9317058863819 482.9186439632451 0.10637388378381729
682.3879777024783 460.7022458406587 690.2834251398366 471.3652232359011 0.10617292672395706
683.5423334809733 445.88653750809806 690.1462490228204 455.03337405637666 0.10609224438667297
635.2352664137036 473.3391280973842 648.347811062105 491.56744959554817 0.10510706156492233
457.683728575189 385.77168508525864 498.07871431396535 440.7449306485421 0.10508918017148972
494.3535858895817 497.22168649736955 498.23493291255016 501.9758182940708 0.10494436323642731
313.4656813193877 449.60002477218194 323.1836124429356 461.4311746198027 0.10485564917325974
697.4191273468224 450.350318016468 704.5760886299246 459.21444012441776 0.10475271940231323
696.6308997150611 445.54091952593905 703.6259411314643 453.5176643490797 0.1043945923447609
651.514530930141 479.4449932669398 662.3485082424688 493.88830012912365 0.1042179986834526
538.230901440129 426.0936858497014 552.7034875273225 449.02749823049254 0.10400419682264328
100.77530123315161 481.4249205500716 186.17177965252654 548.1678057054971 0.10343939065933228
673.3510721998382 451.7389742808633 677.9337126462607 458.2213713506856 0.1030886098742485
583.4447835094018 458.679947670806 597.5371903848788 479.67489836473584 0.10291233658790588
617.6752060039285 427.27682554677295 625.7424717507602 439.9136935446231 0.10290850698947906
688.2041314619366 449.7638260770616 696.3171168815326 459.8857438140614 0.10260322690010071
280.6480465953872 447.9509952986482 290.4252228177541 460.12887171814094 0.1024208590388298
484.8967373244409 391.76711616579695 492.3620987708198 401.27027486586115 0.10191120207309723
59.94536169024978 321.33566280143657 73.73302885935223 337.0958719160025 0.10180915892124176
306.99459031755197 457.34256007444617 318.2839561809613 471.32190131315326 0.10178316384553909
496.74200743155757 476.0603516143744 502.31967455839043 483.05875494106624 0.10114166885614395
718.6968468437099 455.1077062723705 726.6087001332861 465.62440616466665 0.10077334940433502
504.6433615701026 414.52813798701436 526.9316062147514 448.3570664819889 0.10075651109218597
654.3062487214908 429.7990147018881 663.0918457728715 441.35188072259575 0.10063935816287994
291.3725108422636 448.066130170031 300.44765071022306 459.2542863993043 0.10017810761928558
693.7465931976334 459.9727925578784 700.2063848217475 467.70759556748806 0.0999152734875679
514.9333701586547 407.8884294243369 537.524981109911 441.88424288687804 0.09969215840101242
701.2745940418413 460.98395010977845 710.9357448055408 472.5766302855205 0.09966712445020676
662.001147980122 426.8423685913714 675.4507585249494 443.89004137609055 0.09949430823326111
508.1587526133122 397.3914925833345 513.34800671621 405.87103508348 0.09940291941165924
606.4842842991708 462.87177294479466 612.726718127851 473.78798104589305 0.09938254952430725
292.37966327206004 424.00528390831016 316.26070676578945 450.27382096866455 0.09928609430789948
542.3383480747763 447.54926046149217 553.3410536966788 462.8455081124497 0.09923067688941956
631.9057196034253 431.3194954037614 640.8431274173296 444.1928222434788 0.09920334070920944
564.0249000845214 435.1966023727468 575.1829277969811 451.0703597128558 0.0991293266415596
683.4198589612758 455.51370589168215 689.3642098049527 463.33353613503056 0.09900718182325363
570.5882633485825 368.53149578916214 589.3656522751343 395.59773329257297 0.09886492788791656
644.177712098822 418.00760593877095 655.4741974135294 432.8096744844098 0.09882045537233353
590.2304833616193 431.4835925390806 596.5156657038976 442.14094038161903 0.09881439059972763
506.1063117824374 399.50974690362744 518.4004212081294 418.28803537638254 0.0987478643655777
480.0246618931592 466.81102193212547 486.4918898768579 475.1755375014698 0.09861522912979126
519.7342241153042 392.8916138810829 529.2270148166763 405.3905615940571 0.09858537465333939
363.84910293833013 420.396652010953 390.9731477393969 454.18923836888524 0.09858526289463043
633.8873096643376 440.2888736253759 640.8278690205248 450.1001001895176 0.09825225919485092
745.6540115564602 454.81107242020397 753.0469450990308 465.0264223998025 0.09824741631746292
602.9917094733427 441.3372062124277 609.5177459524084 452.9259352014663 0.09822258353233337
510.1988572456411 490.5532345620039 515.135294270418 497.1490115359471 0.0979040339589119
601.9502576023801 399.1449815110857 614.1963554216549 418.81533380822935 0.09788408875465393
650.5619391441796 439.4852174272257 659.6522332522495 451.7422526288859 0.09778213500976562
322.3620723230142 440.50979884538293 329.2847893212935 449.33249514846875 0.09776405245065689
278.07550912784603 433.7747354793902 290.6765810867276 447.8371678911978 0.09761252254247665
229.64498074389718 173.33883845251046 300.4562458959788 249.76552720708887 0.09759757667779922
543.2337906888386 390.09462142639467 555.1599883887377 406.3005920044784 0.09759631752967834
604.4401359250371 472.0300814057975 614.328418257506 487.2471560871896 0.09742231667041779
647.7604559388329 415.51164608442366 654.2589255505126 423.6739179729937 0.09739600867033005
689.7082463307736 464.2311183743423 698.3610677864393 475.1874760566508 0.0973299890756607
289.98844189331453 434.3841804881662 297.048025956097 443.11107554587227 0.09732764214277267
349.2108397048401 429.8548118928665 354.0110953727357 435.5043928023668 0.09715847671031952
529.368446455066 491.9474772684435 536.0303614270251 501.35280697803324 0.09697391837835312
545.0860925753419 358.8701802519272 564.2268000309126 384.3880830961468 0.09690391272306442
286.87055861933334 462.3019537236388 298.5272976488957 476.37727041974676 0.09690049290657043
513.7578705704665 471.2121084316848 526.969485622271 486.92305389845694 0.09688159078359604
539.5556290875076 463.2495545145352 553.1833492596992 480.7766845051969 0.09681335836648941
620.3973425946239 472.96272456359407 631.8852510250232 488.0920585117405 0.09676345437765121
671.7473868039447 38.92693114937901 710.9998004251636 86.61118954437954 0.09676078706979752
688.5052703905814 441.4016074161659 697.1637701705002 451.568592610245 0.09662222117185593
704.6365199577673 446.86290974806997 712.8663589005257 456.9072111179579 0.0965598076581955
682.9774996564893 434.13186387011706 708.8254013181272 462.51818964586226 0.0964939072728157
321.3974983743642 462.02832694289975 331.88886081491466 474.8908230373464 0.09643405675888062
681.904111678212 447.8904167081336 690.7329201541343 459.5214986029435 0.09634139388799667
653.0365407720344 417.05895461389997 664.1552731706859 430.80052954637915 0.0961565300822258
552.3775474573656 465.9847979639312 565.7006867503682 484.6008757136034 0.09614886343479156
635.2333636471863 413.82442857208326 647.0507603877538 428.959357532898 0.09611847251653671
677.3409132052711 437.34315295606325 685.0952268207299 446.21120438153605 0.09609591960906982
487.7393625417695 396.4943385517477 512.8317193376766 433.9265081299927 0.09606308490037918
507.5572638159939 437.698125611219 516.0217907121585 449.6738091099583 0.09596695750951767
709.8229618267501 460.2919119590571 718.5491470664247 471.112428203335 0.09578844904899597
332.533514684371 433.6011012289233 340.1415362020139 443.63519369970936 0.09578430652618408
393.4016555929801 437.4124996578914 398.5677696690919 444.596613504498 0.09565412253141403
663.1519821829323 452.9315609023387 668.1293225021514 460.0790615502614 0.09560589492321014
524.6931082842312 480.84916270099876 530.3107644464878 488.8203456634275 0.09554439783096313
756.3932328990364 451.64953430940443 763.4966893484797 461.9379070987788 0.09540023654699326
380.07770158968 372.50325137560156 408.9681595256944 412.294205311891 0.09538249671459198
572.4337317342513 410.5061317625902 582.1542963076189 427.1646592292206 0.0953516736626625
59.716300758107 216.2639671529237 306.93785298767324 522.5288927946228 0.09534677863121033
519.1327229289423 433.1108493052415 545.5303131350631 472.00920170072146 0.09525848925113678
305.04440589878976 432.88671081178967 312.8677107460181 442.1911244112299 0.09505918622016907
629.7375851008699 408.1561422305586 636.7684349207651 418.5388079588426 0.09505551308393478
509.45307946825363 342.50530088851804 529.3624260229619 367.3954767087082 0.09499364346265793
645.1512690286276 477.8867366191614 653.4121596954217 489.7202510014731 0.09499054402112961
314.442211070448 441.89589584143386 322.4404236133402 451.65574502324614 0.09495654702186584
612.4543018313738 403.2919620919755 620.8806112278015 416.8504790504789 0.09462413936853409
338.4467383790635 396.1910779906057 366.99865426991136 436.4361551544403 0.09444980323314667
513.9402931965611 478.60928616177625 520.8038815067197 487.23927229481353 0.09439243376255035
300.38773410367133 148.18000241970336 392.80860547485133 250.88380615459175 0.0940222442150116
408.1508256227536 411.9790089247377 440.87965137787404 456.7254204447455 0.09397267550230026
636.9070121784118 424.6812095733651 644.2258597486257 435.3208017030297 0.09392565488815308
309.08706017831963 446.1750521012364 316.6484634000379 455.7221973475226 0.09380517154932022
672.0757477172413 440.50259030183014 678.4485028139237 448.57255392670294 0.09379801154136658
507.20883541285866 374.92891117839173 522.7442029359156 394.021569461969 0.09366868436336517
415.4983132157103 393.607995374172 460.1613204318077 453.0892735753349 0.09363574534654617
392.53770295168994 414.8812926420993 411.7875135618085 442.4533304884845 0.0935729593038559
679.9660076584408 471.3985045419461 688.5092762857397 482.5002177595697 0.09355079382658005
668.022341554051 474.9507333147691 677.2658468344672 487.01401302862496 0.09351574629545212
339.2704915834302 422.29965942390044 359.907400701766 448.4149016331969 0.09346996992826462
486.27133073046934 479.6983868527463 494.0385814356935 489.55417965745136 0.09345673769712448
312.3737858402102 431.35644089563965 320.19994360860727 441.5919320849974 0.0934469923377037
286.0688924622055 443.4203419917165 294.1404706011649 453.1115412662295 0.09344402700662613
624.5110975255434 430.5918828577459 632.379339876176 441.61742442336305 0.09333138167858124
472.8304225241745 367.0376688652255 491.2965691917055 387.0358651375212 0.09328766912221909
562.9548378694705 447.5799779540633 572.3618585140712 460.93735578831604 0.09310851991176605
494.423033428309 489.6702961918649 501.9792103157628 499.3204508769105 0.09310109913349152
522.5372174964504 489.6234137908392 528.7438004279079 498.12955189466555 0.09309085458517075
281.37269530377364 461.26604783344436 293.22537354248306 475.2443350109043 0.09301982820034027
499.37136539762497 479.48683507035616 503.86444929927137 484.9451917693974 0.09301020205020905
651.9727998854158 398.8430395432512 675.7384528186291 429.5303549071954 0.0929538682103157
329.32764346527387 441.2701244484994 336.56224060775054 450.91119364600155 0.09280070662498474
525.5311357610859 431.6912396043841 538.1351083814357 450.66812706269366 0.09269260615110397
554.7753595426465 447.46852470615283 610.5468541746161 532.3118925018001 0.09268533438444138
594.5738430328884 408.45038044128063 601.4156260026178 418.38882866175663 0.09267466515302658
587.931547158962 490.34980117188513 619.1849603681223 535.5519827926927 0.09261982887983322
298.76157647637774 438.3440791022287 306.31895769621656 447.5415427389998 0.09258700162172318
721.1970613717417 448.7319227998849 728.8662531345904 458.8325696460917 0.0925830528140068
555.7706997294855 432.09963745556377 564.5901511323203 445.3597369376315 0.0925557091832161
283.76505834670144 473.52723208318434 295.0841770891042 487.6991726221251 0.09245121479034424
324.9557095565393 404.7722949316779 353.173382451991 440.2974101019236 0.09244661778211594
514.417195345743 361.04254433244716 526.858164232152 377.72727368219 0.09240667521953583
483.0998441973972 472.3422672407434 488.9009358447105 479.9053760109491 0.092354916036129
344.6522729900122 438.2401087358194 350.714357487982 446.17550318331297 0.09232586622238159
157.06632717698142 450.2601789904256 164.98532292970518 459.84037318772556 0.0922924056649208
688.7008820097119 473.21406762051276 696.8625423914534 483.427993554287 0.09225793927907944
275.3618284478292 460.3876451071147 288.47979037151964 475.4214609509946 0.09223343431949615
333.0078156018072 449.45837190418075 350.38051082628283 471.2261473909893 0.09217594563961029
355.9281082865573 446.21683499307676 362.5068212011982 455.1732080901466 0.09215425699949265
524.4808995157081 361.82886949576505 540.0134779968129 382.4685014730632 0.0920826867222786
683.8350464780235 477.7846636127232 690.2342254368527 486.3964815673607 0.09205470234155655
293.75610688637505 443.47247437001033 302.54202601936277 454.5965774452817 0.0919543132185936
34.405669502153835 265.10546454828693 53.103995040351386 283.8685414235422 0.09193066507577896
500.81655513017813 412.3726340211414 508.825723478476 423.83520718390554 0.09190181642770767
627.4619843786389 374.1867736192244 655.3573446966657 413.70662500635086 0.09181955456733704
582.5100300714486 407.08911439321395 590.9156017537925 421.9443008529496 0.09179732948541641
608.2697624071815 419.53052296621854 614.0931584195209 429.7687152910116 0.09177879989147186
315.1523007019329 428.75131947675806 328.8139621593356 444.7562624321252 0.09173477441072464
578.3248148877341 409.89895772316584 585.969833185702 423.0012080228421 0.091717429459095
502.1484486990681 491.7292364300457 510.61223024303143 502.88612596561046 0.09167589247226715
529.8865891868536 339.93230414211473 553.4167877680384 370.265371142245 0.0916713997721672
746.7681562869302 464.70002965639253 754.8150856871035 476.14354901299873 0.09155074506998062
548.7173406833726 430.17782711940436 558.495653644818 444.0631103736086 0.09153131395578384
613.8461402024147 379.3613442723709 632.3424039121018 409.489775417909 0.09148915857076645
664.98736767714 -6.409740703473728 775.2335662054297 105.7733865195552 0.09137196838855743
493.90143361112536 386.1772947337503 508.39246599385496 404.3873279902301 0.09117526561021805
439.4811394516598 389.7763498750702 466.1620879720722 425.40280406461017 0.09090041369199753
579.7764418256979 387.64430280322733 592.8644571608394 407.48779719481576 0.09082372486591339
82.89291498271707 490.19431930598915 110.36486708075695 515.0518665041699 0.09079153835773468
567.9077195984737 336.90777658280797 597.9637253177391 377.08974124951527 0.09078449755907059
700.6913348955806 303.7068709270199 751.3769087585456 346.1523678915804 0.09071338176727295
723.7333570373089 461.3196431489333 731.6895638371153 472.43092079114405 0.0905575230717659
504.23994290997956 444.2716724613133 528.2618376813916 476.25209504693646 0.09054462611675262
357.5972001034381 359.402689771953 383.1060606111658 395.02721010650106 0.09040199965238571
800.0237177634467 380.84682125283695 807.9985084834258 390.662539946244 0.09039492905139923
275.9553001788261 418.91493694781894 299.018418430192 444.7943657801319 0.09036900103092194
69.3519219393052 232.10499736487708 161.49807669448316 317.8159796672337 0.09034042805433273
359.75142287841965 450.2037923936782 368.9130746254148 461.41925886970944 0.09020630270242691
489.13391446906496 455.18321279865165 503.2399640631387 472.50301349087226 0.09018012136220932
512.2398674059547 495.8630525093045 518.1340339626129 503.5835485132987 0.09009299427270889
505.7026463547485 364.6913961212057 517.0420049964653 380.2390795595422 0.0900871679186821
742.2502823274829 463.169277500903 750.4766389623423 474.4662873071072 0.09008011966943741
265.8242695882944 444.81790422781603 283.7786379625161 465.46819771246265 0.0900425836443901
344.13511916107376 443.53070064477936 352.74508902007193 454.24175832965693 0.08999492973089218
547.7080550917661 479.310197353854 564.4962956315519 502.9932666536472 0.08999285846948624
525.5317081454132 485.78507342989053 532.8344111268851 495.58593630432966 0.08993933349847794
458.8016203437466 431.85368572125134 471.5930240175001 450.782845640826 0.08993135392665863
558.9762007386167 367.36426992491704 572.8557328024566 385.78013862054786 0.08991795033216476
521.8478513113362 501.17006505245695 528.015089535096 509.9512370158945 0.08988628536462784
343.53731447367215 428.630344451479 350.3621529870202 437.3773132632954 0.08988533169031143
473.06511863407843 424.9355454495499 542.1695020652404 515.535993153146 0.08984891325235367
494.30680717364476 468.0806678242659 500.3662501178174 475.79745748281994 0.08981260657310486
733.3371155574866 464.4533048111031 741.0091422540982 475.52426403832914 0.08970605581998825
483.7533665476279 370.94602170305143 497.35318788589916 387.2023307527355 0.0896388441324234
639.8938988440937 354.4041577647413 689.7941805214749 411.383118173787 0.08945998549461365
531.3717611383097 381.44710520230586 540.8817847050819 393.97028836019206 0.08938991278409958
472.51933191539126 453.54489302966715 479.29191538783203 463.4350300026878 0.08932791650295258
515.274191690243 357.7767698439542 550.135560498589 402.6612447834953 0.08924990147352219
439.67349047440064 441.9595873686571 486.8857173028223 501.3882776961693 0.08907996863126755
585.6296738264133 422.2489438456204 590.3333378003341 428.79593192868515 0.0890737771987915
721.4815619633328 431.51736591407 746.3811281074082 461.2514033508256 0.08896604925394058
394.40745919908363 433.91521420812086 400.4749487797185 442.6980885974562 0.08889485150575638
492.30300923164936 477.63096469063163 498.92014677118925 486.1019071104237 0.08882144838571548
660.8783929837981 480.6440413464739 671.7195003280412 495.1968827417842 0.08875995874404907
436.10675036672217 359.0418096013478 470.5278906045694 399.02492752796707 0.08873790502548218
486.5685334229564 461.60765578982483 493.39922471628597 470.7513127703563 0.08869075030088425
673.6554999872935 434.1508415078888 680.9812718168953 443.07589217998844 0.08846872299909592
355.7392787707324 406.0947210289782 372.3846116805352 429.38050383655235 0.08844210207462311
526.5626321659945 389.37061982303914 535.4123915623405 400.62550825169814 0.08823955804109573
522.0114234598589 475.0234411375864 528.1254825202861 483.2613366476453 0.08803751319646835
358.82809548919613 439.91320092889083 364.53270440467935 447.5160544526508 0.08802857995033264
630.080623047317 417.7437048686896 638.8556676620476 430.0570360622953 0.0879865512251854
715.9293369207937 459.65814033644614 723.9715782697425 470.2233096293568 0.08795435726642609
288.3060575105859 430.78182205428925 331.46974206453007 477.8384549666231 0.08786240965127945
482.3598203032136 323.0747722560149 509.18543343202003 353.0502294399968 0.08782747387886047
356.22358360662366 434.8367798061408 363.43445525642124 444.31023693365404 0.08780890703201294
607.3546181583256 481.7377655874448 621.6504459226333 501.9021241500946 0.08768092840909958
387.2131459599132 440.80495293755854 409.3110689183908 467.2704883977082 0.08766141533851624
750.7366902311777 459.806881780662 757.7740035018556 469.47734178515617 0.08762558549642563
621.4508802079112 487.54842788511047 660.2627860758354 538.7338518930748 0.08751086890697479
497.64653630123075 485.8653622843952 503.2264858310896 492.9088542353938 0.08737130463123322
666.5746035189986 408.4291906906527 680.7913496721497 424.65281092854747 0.08731614053249359
537.0776612505208 488.68546361339764 542.6282220042976 496.22554873577576 0.08728824555873871
484.4494965519373 456.99243410954665 491.2467577365338 466.3976688968811 0.08726731687784195
596.1619616231623 413.80788474134505 603.4640805516489 424.9645258659871 0.08721507340669632
324.28323874966225 447.8188583746999 332.22818911333684 458.02978119986653 0.08721236884593964
634.8082477963269 489.3417173575126 643.3426161193898 501.4947160901314 0.0871579498052597
349.5118564937015 397.4042784219539 394.9598422047821 458.88128376435577 0.08710876852273941
658.181935562951 57.0601522228078 905.371190494422 323.6040398984583 0.08708126842975616
533.4868729872143 391.7975347316536 539.7896917161926 400.2924968032815 0.08702167123556137
352.30994467906277 410.0093717393112 359.2115244181556 418.8045297121776 0.0869433581829071
333.5375258595179 446.92703762465004 341.3890504764133 457.0169063758517 0.0869377925992012
505.79209660249296 487.49850123608513 511.18060444146244 494.7941421493398 0.08688470721244812
675.6939116473405 475.8079819757865 683.5918076406413 487.20755252536657 0.08686786890029907
524.7281612641814 469.5243703027404 570.0894224267336 531.050716586224 0.08683984726667404
519.7636497490163 378.7763654176364 530.3558094332465 391.96985667066053 0.0867619439959526
377.6584713214856 447.9579538269666 385.005036132391 454.7381216852774 0.08668477833271027
296.7624688567985 432.52682628123034 302.845411192632 440.2427364484376 0.08663876354694366
684.9364124625409 439.711831002401 691.414073340015 447.4582989653489 0.08662889897823334
300.43259611815074 464.83211644453195 314.98923506349064 482.05133552679047 0.08661726862192154
494.85329397581677 461.98562937801876 502.1785761350385 471.728546466688 0.08653935045003891
696.8882046931751 470.92010539037983 705.5746236604268 482.42142562863097 0.08651698380708694
595.1675470962884 352.3698414152325 629.4600093400323 398.32946878086995 0.08651269227266312
593.2710329575024 427.2313154450182 598.9499036194951 436.87308905765883 0.08650080859661102
537.886485062991 472.45350999969963 546.8938001020383 484.99744426447216 0.08638918399810791
149.27204919864033 444.8726745487052 157.83057496649124 455.6643150970862 0.0863577201962471
98.77448826338563 404.7715738821697 122.93797021227056 437.18238363012364 0.08632343262434006
744.2544838999877 450.4875399504098 750.7064143509336 459.3269860199735 0.08626864105463028
316.19202469875864 456.32423390615776 325.27718277102736 467.62939009148516 0.08618111908435822
471.5911415660258 464.0098305549187 479.2145948452606 474.52789317300113 0.08616756647825241
79.66966912635331 419.5035235335817 109.26921397190176 456.57525389589154 0.08611973375082016
204.44311118972098 449.62552091185125 234.2080471084874 476.1276291748864 0.0860157310962677
678.9623762453789 430.0793387449676 690.6028379308447 443.9170029480243 0.08596951514482498
300.82246975656085 397.6869214166087 328.41706735136563 433.00705012335305 0.08587899804115295
728.0161403340794 444.3488013027656 735.7285787420336 454.5664757604731 0.08561009168624878
539.6525368449988 405.8258147592453 550.2365727893889 421.0782828084938 0.0855945572257042
712.7409548894371 435.1435935717104 723.956266075954 449.06759596280705 0.08545979112386703
553.5772007072952 379.3216497158073 566.7370902412283 396.84216203484385 0.08544015139341354
699.8978565158457 436.5601721958804 711.1612976513838 449.7019681907104 0.08543861657381058
493.3603683680929 450.49888008924256 519.6446118732762 486.33783658261495 0.08542109280824661
501.73255883269275 472.047711847678 508.5121754619621 480.7972547129408 0.08538118749856949
463.0851211908052 337.9762064523002 489.42769523328377 368.1676431589927 0.08527636528015137
472.63271827804164 438.95896204163745 480.4651579943226 450.47070192931983 0.08527252823114395
315.4530004273189 471.1154831511998 328.12485865424856 487.1079058070046 0.08514102548360825
406.75943568955466 321.99782320063576 434.30276492826835 360.3454969890244 0.08512173593044281
517.7246254892947 496.4463922528054 523.4275914008045 504.418824476715 0.08505584299564362
545.4630365575828 410.8403556999869 556.3145124026715 427.57953621421126 0.08498083055019379
498.40278632162443 323.9473086682268 526.4715773908611 354.7570878792751 0.08474446833133698
619.6667674644286 482.86685950145534 632.3811647519509 500.0357564168307 0.08467616140842438
327.15078457099224 466.3835481499993 339.61980834882127 482.3795742367874 0.08464236557483673
672.5943784896225 423.05502705568637 685.3913807399572 438.4413210750854 0.0844607949256897
623.8254453667994 410.8703780389443 631.0151155069208 421.73534274654946 0.08441823720932007
246.88761847920648 419.97201713208295 278.3305008446846 453.97961992060243 0.0843844786286354
583.5382353255193 372.7052082962337 600.5598363869351 398.2385692263085 0.0843769907951355
594.6934101441749 421.6371823961976 601.5646163983902 432.6487737901374 0.0843629315495491
491.0043841745445 488.3865840568853 495.20115862498056 493.9356640187479 0.08416476100683212
52.65061272606545 265.4812623910528 64.26867092703847 276.5829436984967 0.0841253399848938
626.387753096468 474.19982830316997 639.7493178433842 493.3015780590318 0.08411959558725357
541.5934884156344 3.7569829315860743 652.2725589268509 121.7275025781745 0.08385079354047775
750.4941740099905 470.6808858469524 758.0650921459434 482.0093436767154 0.08373738825321198
466.4628974971536 416.8468155657084 474.4168292255919 427.02059275629045 0.08368991315364838
125.13251727808212 435.96424407954777 132.24502150409057 445.0712297696508 0.08367320150136948
371.135577827298 464.093828425068 394.47728788000603 491.96280610198346 0.08353345096111298
465.52051148239127 463.6709159455798 473.687229000937 475.1090217334333 0.08349675685167313
395.4408855042108 425.4254122257162 399.50626708382754 431.1884591060654 0.08348454535007477
720.9064286983813 472.7957536306304 729.6604330237225 486.64086552131266 0.08347802609205246
299.85962636937285 423.0343641328185 308.75800920357733 434.18760898158865 0.08346931636333466
575.6792390868754 461.55736549539006 588.0886763090874 478.98300311366455 0.08344876021146774
-74.56074263579747 532.203060074507 163.33161416764244 802.3494132808638 0.08342213183641434
596.808652767558 367.51356123542416 618.7441677505932 399.24828519194006 0.08337060362100601
367.34268517843657 446.29939438899027 374.8094640126618 454.607987210795 0.08334356546401978
121.51713102262858 460.42066408004143 131.430650915905 472.6546158915106 0.08330877870321274
72.9246709395996 321.95194426037096 88.26134335495354 339.31284367689796 0.08321403712034225
177.97504583269702 423.26236435853843 208.89201902798723 453.55873420116694 0.08314594626426697
593.767607193595 475.7706991889086 606.1318619854808 494.49946905076763 0.08300613611936569
145.17278739808498 417.14482862546157 181.49800439921614 457.89865620950303 0.08298348635435104
784.1257891387429 457.8898526612531 792.371519027476 469.3900148188777 0.0827862024307251
542.7125247521697 482.0237128206243 549.8572662068364 492.66219009174085 0.08277871459722519
304.5436455096366 473.24196807915774 319.9254642908081 491.63371116069015 0.08267617970705032
508.0817422800823 425.9063512802446 516.5479570839317 437.56438225211025 0.08265755325555801
337.669280854108 431.0406748572884 345.3005889575598 440.95339924962053 0.0826331153512001
140.05394707662884 432.8697773481912 148.6887619835857 444.22592879025126 0.08245960623025894
516.8060284100922 491.156605802894 524.1850369869053 501.2632111475209 0.08245635777711868
757.3738764077929 462.83387718158195 765.5538466734685 474.42411561682434 0.08244797587394714
351.98126935034236 451.1862439594643 360.8339482108685 462.8088461639579 0.08243671804666519
84.59506521308549 454.06365241643766 112.56384108826796 483.95724721663606 0.08236433565616608
302.44395292036734 432.3786375489843 309.5013150800326 441.1870448430892 0.08236043155193329
477.2804535788778 385.0675798089538 488.80151453225045 398.53514739731105 0.08234184235334396
724.2342017913816 452.25711804143646 730.8291789898274 461.24460676284536 0.08224251866340637
49.084627989493704 313.5271442964818 62.001036329970184 329.3164932684752 0.08214870095252991
510.1696503650373 477.3366350642249 516.144055633903 484.7423619714342 0.08204275369644165
411.4763364347561 449.93659136041094 442.3429735974625 486.9612100614345 0.0820036232471466
71.17636162629381 305.72976945725617 91.67663484465977 329.507126102519 0.08197279274463654
510.7620746606179 484.3263181933091 517.5339260077516 493.0306597960123 0.08189363032579422
710.4745678882082 471.46824124786826 720.180478473888 486.27517143813293 0.0818745568394661
153.49317759385295 438.869119353017 161.06403913324942 448.7612427084467 0.08175964653491974
292.0017131897576 471.8597201718333 306.8386915602208 489.26263152548296 0.0816984623670578
676.3263083774688 485.37464489898156 684.0766657697382 495.83588160269414 0.08164555579423904
756.728040371948 434.7489696548609 764.1862252457331 444.9972011014033 0.08162284642457962
404.8138419268279 435.97472622583706 426.6306240565137 465.5526747515846 0.08158214390277863
228.81873455338103 403.7593274354691 267.3781981852407 445.0535267085894 0.0814979299902916
671.1823883480571 396.10581328579 702.7322581578043 435.80065313154273 0.08145319670438766
403.27848099105745 434.471004114076 409.6539290550869 443.2825559378709 0.0813780203461647
362.35251510518844 434.2775191017358 368.99442839448045 442.61125104270764 0.08128731697797775
481.42534768215745 425.695635986874 490.37904865799044 438.3902054373691 0.08123821765184402
213.4561529680259 415.3714781398232 244.17228666148918 446.25368126101444 0.081221804022789
110.85098740600577 394.26302371259317 140.5727927024238 434.8834546486448 0.08121055364608765
70.68697651903501 461.58268884458045 83.02645596562883 474.7206714251969 0.08116315305233002
266.78088597460936 462.46725365499486 280.5933059965475 478.61869379710686 0.08114676177501678
273.29412249022465 477.9268808470177 285.6074576274249 491.7649351171304 0.08109860867261887
652.2353696535805 420.1198797759281 658.947955683379 429.41931678528533 0.08103609085083008
50.88328275410275 277.5923662466672 68.69679289233979 298.54468632042574 0.0810316801071167
466.2181881952324 401.5533590180929 479.07086901339113 417.80600066849445 0.08101651817560196
411.49362832925186 360.66641301645 444.2185959951512 401.0389069261501 0.08100401610136032
58.82695141421868 376.9652801639453 136.21894674065473 455.1177758687085 0.08099564164876938
331.4307898520608 425.96195354132385 339.32876809243794 436.4331358468204 0.0809844583272934
624.5060248006548 423.5094402656466 631.5801350056263 433.97815493236743 0.08081867545843124
493.060132479008 404.6618871231156 502.744100596212 417.39996118016495 0.08080838620662689
370.877368195889 445.71569158281596 379.24795955835765 454.23517988011025 0.0806826502084732
148.01409436564103 452.15675691407904 168.58289255135873 476.8777102955863 0.0806773453950882
506.44045554698863 461.8734657154085 514.4520599572721 472.6842636505119 0.08062178641557693
327.5226371626628 462.21523029116014 378.4202846935377 519.7568886379655 0.08058372139930725
386.67880213444516 456.08331466608485 393.20486326441005 464.333341096557 0.08054506778717041
349.56795935235635 419.3301083772243 357.1532021635433 429.2753747788434 0.08053679764270782
272.2987871695041 468.92904588148997 282.114354079579 480.82254392935823 0.08051660656929016
514.2482347730245 503.3509903718715 520.3974833376615 511.52540659054114 0.08038555830717087
451.05691208403925 333.86808894757445 481.905141610229 368.80425442981146 0.08037769794464111
151.4028231056166 453.5535893672553 160.69012832484975 465.671397103504 0.08032848685979843
345.9151043213009 421.13415177231286 352.268741309725 429.2054831175552 0.08025433123111725
386.67096657483137 446.94416140188184 393.3872534706319 455.3631432746758 0.08013574033975601
509.79001508505047 389.87378414274383 519.0545297604488 402.7126033266342 0.08010854572057724
58.038122417540464 292.83412058742715 75.34119123117661 313.88920230963987 0.08010026812553406
130.50266378368366 446.81330801870786 140.33207654718538 460.52793194462424 0.08009064197540283
604.4778479033955 497.4864364540836 611.8039997682057 507.60999811221086 0.08001355081796646
358.22769360436865 423.93005382631895 370.26193782740546 439.20682022886365 0.07989133894443512
536.0353233087244 369.0874708955483 547.1389045618532 384.9565208878993 0.07974518835544586
324.9409023220495 367.58547627464833 353.9021015332777 407.1063997832278 0.079742431640625
582.8373074156716 431.3619359491265 590.9996953778783 443.9463828145044 0.07974014431238174
736.8843302959853 448.3362807922423 744.0053815713103 457.3094690523653 0.07973165810108185
119.79692390162919 436.3472515775828 127.38643110743024 446.49880288560564 0.07972706854343414
577.0302312428372 423.8046537199764 583.7234168679241 435.30420443674154 0.07971123605966568
325.56804319534285 393.4391386272116 347.3118806174936 422.8850062845311 0.0795968696475029
554.9674064940408 326.68668556023465 581.2848008818904 360.07255442419745 0.0795392245054245
566.8339187754383 389.73945593554225 577.8072181293123 406.9889660886203 0.07952773571014404
627.5641452586674 404.556954775469 671.3954436093542 456.8690087072935 0.07951119542121887
465.45342713381825 447.6301185283319 474.53427907107255 461.1618175787403 0.07935258746147156
284.2861778448021 382.3229681483948 311.43896297785835 414.15578936015436 0.07935062050819397
798.8132572838902 452.89816518020996 806.1993310578001 462.26895833491835 0.07933312654495239
751.297188125138 450.7558446119186 757.6793593589114 460.0745051503605 0.07931921631097794
174.9426544809966 442.3302250097855 196.08664316343072 463.02214540400104 0.07930402457714081
478.2111800815625 407.01436689454226 488.30087546703515 420.626656916872 0.07925641536712646
497.9663179546463 434.2710151935273 507.5063165918434 448.48896871569605 0.07925384491682053
391.48511560094477 461.63621964674934 396.07346643739857 467.39429976168964 0.07924550771713257
138.82920647369997 443.36179423919873 148.13517139066295 455.8862169946468 0.07916507124900818
702.6377462471638 470.20574590949906 711.3748350150428 482.36598520720753 0.07913535833358765
519.3788586925494 481.97011971131246 524.6389674612756 488.8456122789926 0.07909438014030457
385.0148076278455 347.50851994293606 414.56167870543163 388.5150058703203 0.0790119618177414
49.69366719128624 249.43880292678224 70.0727443956828 269.2959430553108 0.07900018244981766
125.38800759563732 289.66442602947086 150.79851354452916 322.5039737676197 0.07893563061952591
669.662369827707 483.65900784265364 677.3086020191446 494.27142713298366 0.07878674566745758
698.3077596804837 464.29953886588083 745.0228753783551 519.6345205237384 0.0786093920469284
480.8469971727852 447.0239351290052 488.9113854374652 458.81110087859 0.07860137522220612
515.4572788732661 434.5552081710197 525.1821377935236 448.87753504362024 0.07852043211460114
165.28258599902264 433.12117820568534 175.97634161335478 446.5020138691799 0.07849357277154922
97.78087925032851 455.3439524854345 110.3752998316401 471.5357937028673 0.07848169654607773
371.4536238937364 438.53439448966105 379.74499149551724 447.34347019243233 0.0784066766500473
432.56387888355226 435.41963878059846 440.62138301725514 448.2102659567789 0.07839110493659973
686.1823444609527 421.41335870934546 697.1344047499955 435.1585202223118 0.07837199419736862
514.4531580563628 470.2902069073961 522.0317391742284 480.19239854947307 0.07836750149726868
159.38429483471015 433.9272460037285 165.2854123293204 442.0376101592998 0.07836631685495377
625.4284031544663 427.3996601270687 680.3112026103553 504.0037528570127 0.07829594612121582
320.7278054457581 426.3264565220764 327.6964433588257 434.9069673237345 0.07826615124940872
505.8232963154096 79.04598845911207 723.4285533247489 321.49412506579785 0.0782657042145729
804.4331858556187 460.157783809758 810.6323656713802 468.43360709890214 0.0782477855682373
64.40370246759787 474.68190455991925 89.77851502752458 498.6105588129993 0.07820027321577072
382.6393087981615 440.1884008842751 389.43555408958497 448.13992927773694 0.0781155675649643
144.63467035329649 454.3895299258758 201.87789994324007 502.81609890188446 0.07808660715818405
124.72657790623204 432.4813539097134 131.88102301199646 442.10338513327014 0.07805033028125763
598.3134255891184 420.79041883513423 637.0289436962237 474.98325033369684 0.07798334956169128
497.39467555548305 422.2953739335757 507.3898265681979 436.76266405291574 0.07797271758317947
819.580651394737 451.6851162715911 824.5580524945489 459.24301616849385 0.07793962210416794
545.1746857722495 498.5107089887786 552.6340483927461 508.9047725938026 0.07793650776147842
527.3211711669028 466.31257075390147 535.1483981016619 477.80927417148615 0.07792491465806961
121.33147848597923 449.79690366870085 130.641910400341 461.99495515792387 0.07785039395093918
465.2402618309316 427.04849022960053 473.56532194553 439.0241363795965 0.07775507122278214
127.8572046921138 445.46252854058974 150.60472675029615 474.2458584795296 0.0777381882071495
29.64263375311512 310.6956207612428 43.75542705604359 329.75347722701196 0.07764043658971786
143.90452399681215 458.21114180399576 152.58844573325095 470.37463157316813 0.0775982066988945
505.53257781849254 502.0397366564975 512.870304832593 511.93385122924633 0.07758120447397232
547.5868075373082 476.80762214029465 556.2750041341812 489.5167933798961 0.07753738760948181
927.5222094055214 531.153876259776 1163.5577196516497 802.7182471752112 0.07748789340257645
307.9738475146446 426.54248305199695 315.63924097417953 436.7957588308857 0.077438123524189
390.9284937894548 444.5747160619873 397.96804356709833 454.02008620921055 0.07742910087108612
250.66753936389424 392.8050439724172 276.4724140729326 423.42966194350873 0.07735921442508698
488.4849366247197 433.4439265707563 497.4866461702198 447.7812501731084 0.07735659182071686
519.1303494892247 462.09921807188954 548.2344432148889 502.53017138453356 0.0773257315158844
515.7992294314583 459.28264578948665 524.1732411958154 470.81506338518506 0.07725994288921356
471.93059308605586 428.8416696940553 480.49558299743296 441.11552116223965 0.07723062485456467
341.03043717760914 448.4770253753004 350.87834521004413 460.927947340807 0.07715073972940445
787.217237097677 467.90448155979266 796.2416983410197 480.60118438622897 0.07708626240491867
167.34609801342071 447.30845187829937 181.34757967804137 463.6323419420231 0.07699990272521973
365.8542206069586 461.85774672504795 379.0219101922319 477.4532870981981 0.07696457952260971
675.5734151046612 443.1007723881636 716.679951123317 490.6942720359112 0.07691968977451324
722.4962042289757 440.46897045973697 729.8332411326835 450.3133769743768 0.07690504193305969
518.1041837441892 308.65683968119725 553.825012941016 353.15842148927544 0.07685260474681854
386.86686683834483 432.23550321687736 394.8989077276697 442.40643927988066 0.07681414484977722
143.81932503432543 440.87383704872286 151.93499099455684 452.08533974980605 0.07679557800292969
772.7313335959426 465.34541818387856 781.8120383626291 478.1792269981318 0.07676959782838821
447.71375921937573 422.7020154064056 455.74926047150643 434.7104643701222 0.07670439779758453
548.3876294084378 511.1811279042981 554.84082489897 519.953100343089 0.07670299708843231
524.5921365765334 449.2881215136886 531.7203795603999 459.5259884580693 0.07669197022914886
61.138685585952 331.23346169289636 82.22716840757194 354.23583320795007 0.07665666937828064
292.42817852823487 413.6250415240585 304.3093129966298 428.2512960800962 0.07661459594964981
612.5660720146221 411.96990880381253 619.4641624158112 424.29168137475017 0.07661110907793045
750.8303731222243 478.7218448053379 755.9588258412086 485.4856822665317 0.07659865915775299
488.3748512901958 445.66270792897404 496.23343634925493 457.0562668160849 0.07657556235790253
616.6559437398175 419.71185610456456 623.3475086320859 432.19427758097794 0.07644172757863998
457.8820944120814 407.2281300103737 466.1571481923028 418.5007675172061 0.0764373317360878
125.60702490840332 393.31407425178435 159.64247983953862 437.82962096667177 0.0764293298125267
431.9004569778106 452.5571117125447 440.55160928416905 465.8626123186254 0.07641690224409103
790.376881674236 452.73268677499095 798.9733345537547 465.11016555931974 0.07641100883483887
463.8453533098399 474.553009127029 472.42396743948905 486.75917670263635 0.076404869556427
202.11197773494553 475.5339872446767 236.60918663100364 506.6964041390407 0.07621855288743973
365.39032415697596 349.91281986023716 432.82051795780535 433.7318455204984 0.07613416761159897
73.00096739471564 286.75643319855095 103.36328810526828 320.3500687251929 0.07612155377864838
461.94552513281434 459.08141020209865 469.70693990693894 470.2571790377876 0.0760636180639267
383.5017312495289 440.08047745354645 391.8711543528526 449.999441800673 0.07604475319385529
146.6059401952727 435.47492719986366 154.74038984094054 446.29110050095943 0.07600513100624084
350.4894925788881 457.185703243661 381.7821751973922 493.1088567414156 0.07588917762041092
359.47675394229395 458.7055291184657 367.88277077360476 469.0361374374221 0.07588217407464981
718.468642863536 415.323147093925 758.835485990104 463.3200159403567 0.07579135149717331
514.1907847096455 446.62835258822423 522.1956460855052 458.4053805433745 0.07574419677257538
489.6970285537799 505.65778520689344 497.9171083936217 516.3038705020499 0.07573364675045013
157.91069881416928 463.07026599409204 173.42952646807964 480.08249191882277 0.07572918385267258
708.1571933446917 442.9764967288215 717.4039190663736 454.07761313383924 0.07557304203510284
110.52671014631339 444.64974583546456 120.47772147826609 458.7310599816659 0.07546120882034302
387.7150549157452 461.60255403663723 425.19212745452796 507.9088871944915 0.07542754709720612
328.3149839937648 467.0682371998266 560.3000804324571 717.4770272637899 0.07541303336620331
729.1759943667408 472.8012944090722 737.3584378449308 484.96485505434106 0.07540251314640045
114.41222407653612 469.7059250620534 128.8271474916546 485.68737766862574 0.07531528919935226
44.775122091630145 295.9202117141529 58.489442254980496 313.04547003618694 0.07527011632919312
542.2453113449767 505.13607372865647 549.9638192612647 515.6151247198427 0.07524998486042023
138.58670400206626 428.52430216651453 146.61139860950462 439.2380723714901 0.0752149373292923
496.23792130201383 450.88533534282465 504.0388620826841 462.2588728405538 0.07520986348390579
422.5795017246953 432.8221269998837 430.6931867252999 445.57563979942915 0.07513261586427689
439.9146541583096 430.13626894109206 449.3223863805321 445.52669051774984 0.07506895065307617
392.82402524465687 424.4357845075572 400.7355240376636 435.5726056829868 0.07504591345787048
611.0091919351958 393.52632895511687 621.5412866662891 409.84577977296544 0.07490954548120499
747.1281479974914 478.7387559189812 754.509379210276 489.3166396378611 0.07490621507167816
338.44844113546696 459.0053475007226 347.28443367439417 470.2639165843536 0.07490252703428268
52.48840794293317 497.05672462476207 96.41574775391015 535.7616527562371 0.07480613887310028
85.57016121155102 323.3485239024051 101.47912875031909 342.8616734757373 0.07478127628564835
774.8938989272776 453.3974516009446 782.7247309823255 464.65241394314756 0.07477082312107086
90.54787335664058 484.89404604217776 108.48825244017907 502.045201688347 0.07467837631702423
448.16128161408676 404.56672804174116 456.34033611163045 415.7846457013738 0.07463148236274719
118.1961605547355 495.51792464076794 374.2988685720963 762.7903790104459 0.07451049983501434
743.8920593224613 444.9818894166596 750.4735393570392 453.7612158848522 0.07446440309286118
695.0849369508104 434.1788009616107 703.644623796981 444.15716922851556 0.0744561180472374
59.5378497754938 309.51701608960917 69.99101060415622 322.16689828228226 0.07443518936634064
731.7427485018119 440.44301809922933 740.1350988587618 451.1842215157367 0.0744234174489975
841.7097380136079 318.03354919776535 864.1272317492908 349.1105550376637 0.074410080909729
796.9921441280995 460.45282628106224 804.8795882440103 470.9316029368074 0.07431986182928085
774.3515097389135 474.04787631227833 787.0820713415817 491.32561906616706 0.07421811670064926
803.1392101257554 466.98960053612495 810.7508306481604 477.4711999833603 0.07421312481164932
642.6554733939216 332.44899310479303 864.7727085579871 567.17361864435 0.07415764778852463
378.4860091563178 462.18755624523686 387.5438984497711 472.21081392308827 0.0740898996591568
145.48168176319126 387.91836268482473 177.93857693377163 427.46489397623793 0.0739114060997963
644.5661246974992 528.635735011364 650.1329401452749 536.3597277142634 0.07387609034776688
751.289049382752 439.20685552952517 758.8883016765461 449.5171814909269 0.07386671751737595
486.28708817170525 487.70266058570434 493.70919399448786 498.14360828719754 0.07373418658971786
779.1788936751157 468.9351207999365 786.8526639741785 479.2115026562791 0.07371261715888977
104.70376694003758 284.4287937410422 127.16251383803716 312.4691398152181 0.07367434352636337
515.550911149998 507.94048539295517 523.8669335216608 518.7023679614298 0.07360481470823288
493.42369455495657 95.35738262015393 632.115003887096 268.44300257305116 0.07353390753269196
516.6703488326491 417.47771307529695 526.1414475698629 431.8006618935778 0.07350867986679077
154.29734633770076 498.5823445303463 188.60346229063995 538.1409404813223 0.07334180921316147
535.1481035422136 442.961035840911 542.6036071945575 454.1454136668 0.07329504191875458
357.23355944177064 418.2600051511153 365.443510041759 429.97176205945306 0.07327508926391602
410.2493717776028 377.85554231107125 422.84981986794656 391.11389421665535 0.07322505116462708
473.21155688840867 478.3398965348559 506.03636270136553 521.4480722242022 0.07315406948328018
340.39031715388876 468.85890975676074 352.1560089423043 483.32493377568255 0.07312411814928055
237.77610875961975 387.82962899620526 302.66410417769447 465.192703898926 0.07312162965536118
143.12904671071053 289.342982382741 177.47270720589643 333.2391189421723 0.07311359792947769
782.970697586924 191.3461085538381 1142.6824911117233 635.3744965000371 0.07310608774423599
763.84499375464 438.7495120262471 771.6734565420167 449.29111015217734 0.07298611104488373
382.35271854045817 484.7172872498675 391.6578261476462 496.7718797287634 0.07297630608081818
762.3237573923508 469.65669349161334 770.8785818172333 482.11721354402164 0.07266268134117126
489.15264465374713 420.59693353872177 498.24658005960544 433.32305550670543 0.07256831973791122
-121.5805482929465 362.3250842172831 299.4430732133018 868.0244533378826 0.07255420088768005
712.323922837909 484.7650043015046 720.960842057694 498.0903680530688 0.07243471592664719
530.5725368145299 506.7994864716571 538.1734862425623 517.3545044136172 0.07240503281354904
687.8603128998645 461.5441496351099 695.5684742283637 471.4402153315717 0.07236509025096893
350.2790935026964 464.67120617642064 358.80118549568806 475.16947147719713 0.07226342707872391
476.4158616426094 475.5413383993511 483.58268676298775 485.70088510232426 0.07224004715681076
589.3544180458987 474.05608045391966 599.0939766173452 488.37885949431245 0.07223954796791077
686.584514641026 434.0859384997814 696.0896285051093 444.22796057246586 0.0720645859837532
477.2452635270763 335.0591407995899 541.8877329379798 406.9063398690011 0.0715252086520195
159.6976836027778 441.9985443777846 167.124557142435 452.3376964550979 0.07151425629854202
541.0537645308259 426.435447344624 586.6672076544311 494.1045940064935 0.07120193541049957
145.06160360647695 468.7367304007269 157.60841852415638 484.6432278930282 0.07115636020898819
363.2204854771893 316.57028342813106 406.35230989259264 370.52865631500333 0.07113716751337051
47.23346357455391 330.3940753385871 63.23811381375219 349.5031711197289 0.07098864763975143
29.56809728801477 280.16109562300363 49.017820215528964 304.5401795562385 0.0709766298532486
309.85578890426524 332.8203521421496 365.64660304873706 403.64364321044206 0.07095696032047272
721.1307006827578 481.0896248377854 730.0283347841936 493.906767225661 0.07087426632642746
547.1444355463808 460.7967005194608 555.1584631795391 472.11848402354394 0.07083907723426819
774.7362862684272 439.51176022306544 783.3776608652032 451.5944270533726 0.07081795483827591
113.38134422366768 20.332555228022535 372.8230594418364 293.5104119840953 0.070816770195961
497.26639781150584 504.82770180904197 504.57138650505954 514.2400608283741 0.07079877704381943
127.42530725528455 328.35415266563473 139.75254451812668 344.21980564769206 0.07070484757423401
443.060166486127 384.61200085618157 460.3244530395223 405.1536525228802 0.07067763805389404
778.6987261983809 452.10563853044215 786.802539609968 463.73660906506643 0.07059716433286667
799.5034806037659 442.83890899618365 809.5535961128542 455.1403305499806 0.07058850675821304
107.634187174195 330.3868776133351 121.44381739261391 348.65412835868864 0.07047388702630997
501.46653438012754 380.5600108622812 509.3633788231469 390.6832602915364 0.07025647163391113
359.15817842965595 408.857434771613 367.8964588462933 420.0529627912465 0.07003398984670639
428.402543346963 484.4952444752184 474.0807851406032 539.6096657600378 0.07003156840801239
555.8657766588931 530.043480386766 803.732537875067 785.8081589393528 0.0699838325381279
753.1642123641125 484.19238819007984 760.7815014368332 495.137501335365 0.06981551647186279
132.36407212898337 427.0293454906046 140.74324640757712 438.29990804009407 0.06948121637105942
510.93085610027896 508.76849877519373 518.8900538092 518.9669077714177 0.0694541186094284
459.87020493620435 395.47923316635024 470.65414868533924 408.439665300134 0.06915871798992157
402.27291284417424 387.4409768859379 415.31875206126045 405.1687655370568 0.06898560374975204
245.798502511507 470.01758814378655 293.21640444330586 521.2211467109199 0.06880804896354675
756.0018733864183 474.63004962582085 763.761098417316 485.2859929353888 0.06869792938232422
126.59688185457249 424.55428483635666 134.65472087651273 435.15623871027924 0.06853796541690826
491.85598486291224 498.63259356181806 499.7827589829847 508.8552864560622 0.0684976577758789
285.0748049336722 456.05419311416415 340.5172866508188 520.5499276667756 0.06848790496587753
931.0286546295555 163.82383743244813 1124.619717751846 406.7758851067282 0.0684250071644783
454.75065834032927 451.8345526022458 464.567450017842 466.4884922145917 0.06821055710315704
120.1961982026238 422.7116053864484 128.2428143037051 433.5663682228445 0.06820683926343918
179.66210880364906 371.77685097555513 233.2242216940443 431.37126924661345 0.06807278841733932
90.06620686125243 433.14831976773274 144.3501573079165 483.2259393057518 0.06801716983318329
504.2970875511552 509.41778982514 512.0715854766801 519.2231692982144 0.06798727810382843
313.8794826172494 418.6236735044693 321.89787038014094 429.38153771376886 0.06783847510814667
789.5496206920071 424.5304713800094 831.9817924832275 480.5118201598307 0.06777815520763397
336.6813831566838 421.01932651461993 344.92332258270835 431.7647238348669 0.0677296444773674
534.9026214059792 324.1879144038658 582.999599322879 384.61766421639385 0.06770854443311691
323.1535661403332 431.428425716922 331.0353176062032 441.77295010469896 0.06764916330575943
198.82276263075224 443.37262644286466 255.16581813559227 497.972668187296 0.06750313192605972
566.9492341497659 378.6609785115426 577.8916790458316 393.2707291593321 0.0674072802066803
137.70862577918265 470.8378292676966 148.03173273683615 483.38859495838756 0.06692640483379364
455.1536324163738 467.97523883976527 465.18267284958205 483.31551716771025 0.06670905649662018
742.0209637973574 485.0993033569916 751.0380480824398 498.9370683189064 0.06657390296459198
396.20851758956604 274.4129842032663 455.53119107526334 352.8665349061866 0.06654229015111923
425.2789487380677 447.7272981313821 434.33294123384906 462.16948400036114 0.06647136062383652
739.8136751568165 436.5643674370097 748.0033984000522 447.5090685024337 0.06644322723150253
399.21812966573935 375.9054249810389 411.1258316842145 388.4948088983661 0.06618326902389526
127.17834712604412 472.77641528459145 139.51081926425653 487.1032599318095 0.06573226302862167
115.33424588781979 342.10774652798926 170.9844797978155 405.70937652801734 0.0655406191945076
-11.639081664772656 344.20174005146157 79.09913310549547 453.9354004793121 0.06537787616252899
336.9739320475161 474.30151789243166 345.6299668378163 485.7175853770316 0.06530195474624634
179.47152350531633 298.1494278534058 241.1479300748495 372.6623204476677 0.06484626233577728
366.6148855081285 366.9272227551833 379.5825180677186 379.8836526813649 0.0645211711525917
415.48513465601513 421.0658079656708 425.49566647355516 436.7093631310953 0.06440676003694534
934.49358151055 -77.65827117976777 1163.9927782230045 175.79384014310307 0.06432931870222092
429.7987189738985 419.7817365626699 440.83930597877844 434.74332357840376 0.06422171741724014
499.68982368631146 514.4002992340718 508.3976833044642 525.5410326454889 0.0641816183924675
156.78234545795254 315.3155075004234 164.69305681695414 327.38443245944296 0.06415735185146332
340.0408787624834 39.96964830225799 490.1482130871973 212.17639831886495 0.06415186077356339
101.35959167853298 440.054174734779 112.83278548022382 455.02922028523324 0.06394494324922562
413.1476132424919 412.24871509173215 422.30232951850337 424.6708140536146 0.06370147317647934
459.9419152486474 380.21513748201636 469.2060493122917 390.6281285145052 0.06327410787343979
371.85867317757146 463.77235320931686 384.7705730790182 479.61048004570165 0.0627853125333786
492.5418810442995 376.80762168495653 501.5981168492094 387.2561296345362 0.06272492557764053
439.89844890882586 445.482518896841 450.85205039064994 462.55074347357703 0.06250423938035965
781.3216567557658 432.24922994033994 789.1744318133673 443.527196289741 0.06239816173911095
294.50264482268886 264.2912871456825 350.91135538513356 337.7705012388709 0.062337424606084824
464.62583309719116 486.83845424384356 475.0690736529187 501.18574936523447 0.06228949874639511
727.6758773990484 489.1629453655346 737.477774562215 504.0910503870345 0.06228608638048172
600.1519604475134 486.79475915278977 609.5950566041349 500.7129127803378 0.06219702214002609
425.60707084488774 407.454120972442 436.37225061447674 420.7602619632408 0.0621316097676754
809.8383462757633 403.2924488480818 817.6983714244678 413.4653649759371 0.06200656294822693
-22.68373726139957 -38.48431677387524 93.21855954278503 94.0605976435315 0.061847783625125885
761.4111372930203 481.87154029540966 770.1922229614897 494.1449012976357 0.0618363618850708
297.52944175720825 319.09058839876263 417.29901306334017 464.1621811644661 0.0617438405752182
887.4819970379954 411.8165744227293 936.4275888233393 482.95434310551747 0.06171625107526779
355.20085128325593 399.1314537871055 365.5422745439896 411.2927422319239 0.06150771304965019
436.19302906475923 407.5337977853532 446.9510741715473 420.7318221520188 0.06124504655599594
406.02966096131826 422.7394489445833 416.39123505533803 438.6247616254497 0.06119722127914429
729.0380480315912 428.4689256970747 738.8892833899371 441.73644853784504 0.060729436576366425
129.56538531644452 414.32576381430005 139.36063237466732 428.27644849012756 0.0606432668864727
442.82298708991885 464.4559345920917 454.92537466104676 482.37230128234506 0.06056158244609833
745.9153030286674 535.16025927617 968.5509470797956 764.9218309984329 0.06044245883822441
474.1438041692996 490.5695424104795 483.1270319399298 502.7777787435012 0.06032100319862366
345.12434809259656 223.82115438744617 409.7436003376485 316.82156197390736 0.0603090301156044
396.1111077925567 -0.11867779905061468 513.3498707833679 127.66211317762016 0.06027171015739441
441.1116638629811 311.38544223172426 494.93169431812146 375.0632733288043 0.06014062091708183
166.4348505055122 453.3596705253236 176.574931322654 466.37792691722007 0.06000645458698273
234.09605642106354 347.6770806682738 286.46578861454793 411.856350782246 0.05958765000104904
174.60165708493173 364.57941578970826 272.90871691044975 469.27183608882797 0.05949832499027252
802.8679389997784 389.26431137083097 811.9139267907465 402.3956278934899 0.05935600772500038
774.3420775427902 486.9469122037865 783.682491468571 500.6148656239254 0.05923222377896309
524.2185027317753 511.3049073473866 533.1743225712889 523.1193073210726 0.05921829864382744
343.373284801833 412.3612421867034 352.4871110961685 425.19475925215676 0.05901922285556793
551.9881220596421 337.3332907223266 651.0489486186019 445.782976079678 0.05899752303957939
415.5277482527249 400.097892650542 427.575912876151 415.3592241710978 0.05896328389644623
89.6163773505058 327.16736746622 140.28839901646273 386.95004185814855 0.05879760906100273
141.6934520253405 326.6744121037747 149.85162676714933 337.5264022962289 0.05848976969718933
91.14251595767462 436.6172383842995 103.14590049013408 451.81601632296326 0.05795897915959358
343.5012352309546 425.2742240123792 400.36730618689916 501.936329213799 0.0577714703977108
-113.64265805340114 -126.72970310184485 313.58203111046316 339.8523334443482 0.05761657655239105
153.88787968784348 333.1805459325326 163.29196289182616 346.65241330689 0.05746924504637718
175.75164562800845 495.9143626729106 243.9757462225911 560.6067420353547 0.05732475593686104
352.6727643205523 477.7147494196786 361.98896216498446 489.3632143599539 0.05730079859495163
114.72703563963726 313.87919744642954 125.52345727713156 327.7142096544569 0.05700182169675827
271.83880937530756 151.81778097153088 343.61730366403856 238.1993764270454 0.054092828184366226
491.69376627486224 -24.530873436526157 601.4728152671534 76.33139235269073 0.05405593663454056
199.59983075825335 -21.566609770321598 328.0597387427079 87.17480813485959 0.05299097299575806
