900.7042154208743 385.92282960184986 942.8945325536054 433.3134846954618 0.999975323677063
266.5067156071968 360.949024084347 298.92443281362887 400.3337672180118 0.9995891451835632
425.13243139651865 355.901682358075 449.24077066110283 389.4501003018252 0.9988110065460205
676.0845578687632 401.31575837617646 691.539572191723 421.37302087187766 0.9985744953155518
633.5955492393483 409.4403491060006 649.550474132214 430.5587503254717 0.9980733394622803
551.8334022722306 358.6547028004776 579.5529206639814 391.65771058454226 0.9978960752487183
972.6545537524134 369.8726621279344 995.2274380127071 400.75004429766824 0.9968896508216858
989.2326709121203 356.042865549501 1006.9934511864575 374.1413408380745 0.9898844957351685
374.48951618430283 385.8724823660112 384.79501294116307 399.3877072455181 0.9872238636016846
627.4399854427063 391.28475652810795 639.9180210442827 405.85711842160737 0.9856874346733093
817.985588667915 325.86427922188716 851.0729635813472 368.4671852704949 0.9814115166664124
486.8860807394248 397.43942285057517 496.95666225611075 415.6398793836338 0.7170596122741699
485.2836105856563 374.78127940239125 508.56597787330793 407.5953090983758 0.6766259074211121
564.9391029197213 392.6036896477659 582.4627919716878 411.40692464834376 0.5116311311721802
320.3286926164538 399.02907103067724 330.09022722447884 410.5436023858104 0.2567923665046692
391.6255340497377 387.2515262567953 401.0592455940595 401.0916792065127 0.22968578338623047
502.6441295832827 398.5035621245764 507.9316179806663 406.121904515605 0.21411298215389252
512.3704177404428 402.68319287143584 517.43421080594 409.83752697662607 0.20313182473182678
601.1216467660971 412.56648385597407 615.9592804868207 434.82865914829785 0.17968033254146576
699.3785333492608 381.53887046701925 720.1604610996742 409.02301204512867 0.15885740518569946
454.5790942799452 20.006103102207746 527.5496288859512 104.83689948173027 0.1560310423374176
952.5471103527904 382.30214642662025 977.4113044916376 413.9875230893176 0.14751818776130676
147.93307207629533 209.27603466330586 215.3972986462636 284.44254882964924 0.14372701942920685
239.41525111402515 368.05679644134 263.0768692363107 403.0065399191559 0.14010009169578552
712.6500815516814 22.665156096204694 763.8318182311132 78.81209284015037 0.13738958537578583
469.38540775539735 383.423191593081 487.63379479292706 412.0919013250926 0.13698607683181763
802.773656371964 356.0389846870768 837.7082213072583 404.7101108176481 0.13462118804454803
943.3782179025167 34.200691909772175 967.9527713458575 73.57019213415842 0.1323167234659195
15.942921865387202 461.5243112357943 54.84792215155781 507.70143711369843 0.12856599688529968
603.9724956573615 36.97987588229854 670.0846321212765 122.5020635765737 0.1281101405620575
516.6105358487489 405.4284570482704 525.4206066927403 416.8946854266242 0.1257988065481186
346.19371169394503 398.19874474382914 355.9278305370195 409.7280101217808 0.12551039457321167
490.42201157781716 397.0143976512042 495.0423099167282 402.9738379500015 0.1250886768102646
384.10909894145624 197.70627740224157 468.0825194566092 296.84719142130996 0.12338868528604507
343.1867627055304 410.60610444682675 355.1578372634747 426.24392319805037 0.11525221168994904
518.8448989098614 406.5243635793831 524.0795684218699 412.9574672443661 0.11469049006700516
524.2629675560034 361.19220260098547 549.6250198524358 394.4563618122319 0.1131570041179657
599.8007422269234 362.4508779735255 626.2784518873381 396.50080266346674 0.11133220046758652
530.8457497062109 398.0828803950453 537.7089949915957 406.77521967310264 0.10952413082122803
329.60336683359503 398.645686662069 336.3274675719364 407.843886906313 0.10671986639499664
338.77754310814976 402.1065669607464 346.892224947637 412.73248616034715 0.1066831573843956
590.3878470202354 139.47115463993993 672.1861549995747 226.60258358969003 0.1050848439335823
351.0317316447294 401.9907966960805 362.23887265007966 415.9205498321703 0.10385531187057495
98.20824516562443 456.82304745507116 109.76521933049493 471.0663692015756 0.10354683548212051
584.7065804127253 418.2788548547761 604.5402189713805 442.4744865498022 0.10344599187374115
129.74517719412194 473.7612650551972 142.56200847263577 489.9231424949071 0.1032918244600296
681.9792210222427 340.25369155243675 722.5801749965677 391.65272270640156 0.10270481556653976
580.5610975939412 401.365455865904 597.4526835878297 422.8297333505121 0.10255209356546402
340.64932344086327 389.63722762134125 347.9864611381781 399.96313990442866 0.10250020772218704
125.99700472310751 466.2428183955066 135.37690260616603 476.44230729669704 0.10236664116382599
536.042142180808 395.9591662232246 547.8385652514955 409.40157694976756 0.10226442664861679
508.40387606387026 408.44162423823593 516.6811909982091 419.3973199388772 0.10113465040922165
499.74467848530014 389.7175529884529 509.8025218172957 403.9236983172625 0.10048818588256836
108.25964555573977 463.8043902126581 118.55222509847766 475.1875988437465 0.09998905658721924
538.3364531864769 421.5520728034696 561.7604464746347 447.6501056299896 0.09989357739686966
508.05300986163894 400.1010243126402 513.2973415522072 407.1067740258278 0.09962673485279083
331.7975368373088 404.5887174281727 341.93171711555544 417.309186352363 0.09914359450340271
606.9817441231708 330.6308428354628 639.6277787051648 373.56996233724755 0.0989341288805008
533.4531330357578 401.81710793517016 550.9534191513911 421.94449934859824 0.0987720638513565
1054.9788680822194 357.4897573958513 1085.226001332331 399.88317783654475 0.09855615347623825
698.1751181692489 409.64903529371236 715.9653773033137 432.29845258339896 0.0981035828590393
385.07656325155426 384.66998762397253 399.30431201532605 403.2487315885368 0.09783106297254562
145.54740099808362 452.0612603396349 160.4335326641134 470.0327512886447 0.09764494001865387
579.7197679827718 367.32511567286156 600.9446866977758 393.60100808810347 0.09759430587291718
522.8670020333378 400.5076265118139 531.416412538642 411.3632956609361 0.09754060208797455
768.8951825837277 356.0852736867442 802.4571910481636 399.25016306350545 0.09738903492689133
508.16213297904136 382.58028414469175 524.1697409406984 404.28850899116804 0.09726564586162567
664.912136114725 69.19990506101877 743.4704390848724 161.1340518754143 0.09720603376626968
45.178735438901185 190.1256452976229 113.18856755437083 268.2905519765903 0.0968274250626564
506.1986432462803 415.23591260068633 525.1414682328566 439.966855854001 0.0966782197356224
632.3606263251844 346.08341260559996 667.4233724526673 395.1413150114015 0.09648621082305908
523.810398505927 409.06910532172674 535.4884925770477 424.2277800229516 0.0959290862083435
660.8646999060342 420.6719636973564 690.5710350788207 460.47794484028555 0.09586042910814285
663.7204155150923 30.45095434848344 702.3308990793101 79.66446019667302 0.09570538997650146
458.17669528500807 376.99218511177213 470.8651269387988 397.6837187380345 0.09563302248716354
580.718932735265 390.3211527090548 594.6380185732099 406.97294023447927 0.09548705071210861
532.9849526153171 117.93188619968 599.8170954828659 189.49318887762962 0.09485793113708496
594.8082292599594 342.4742787135033 619.0607603978686 373.8915259180823 0.09461067616939545
547.7429624941406 445.9531766353953 572.2622034522227 470.75810514615614 0.09423946589231491
122.17897159029712 448.2567990579771 133.3370738029276 460.81726711378207 0.09416325390338898
961.3044643462729 216.43739478153358 978.536271776986 235.99387391137898 0.09413719177246094
1051.6045691481065 410.0399144792309 1087.7623833352263 462.33045590723935 0.09367416054010391
1002.4562350563401 385.32889735847414 1032.2041516982988 426.51007457576486 0.09358460456132889
550.1200143285263 397.67471585176656 567.3116200126512 415.99978642299055 0.09358412027359009
109.26656409072996 479.7183173152446 121.12528706795918 492.58829554834983 0.0935363620519638
332.9203880215491 413.5096875182495 345.399099752661 429.23918833300434 0.09353433549404144
143.17661877998228 103.6412726989465 234.73650246282304 207.52078461004234 0.09351087361574173
496.32202380830745 402.7673741812128 500.58398602961944 408.5565455808025 0.09347959607839584
355.02161685499834 397.77446035164746 360.95552722440436 406.0357459524459 0.09280810505151749
107.17754164726705 504.14049718116974 119.41870266753848 518.5106404564003 0.0926888957619667
711.8205351850231 413.3538394262998 720.7554442188164 426.39073916737345 0.09266650676727295
608.4074716669325 379.2743603126366 618.8535967126803 395.27435066859414 0.09258891642093658
500.27094999718514 403.37470033660475 514.675421077285 423.2879034855644 0.09253603219985962
845.7803399594158 364.53222123263123 877.1330431776779 406.5706100775267 0.09231363981962204
339.76921589876184 423.08839374525763 350.9591217459254 437.42394805137997 0.0921298936009407
115.72629701641814 464.3740746668772 127.01311806158422 476.6199416100943 0.09202154725790024
476.826241024356 406.23201886270857 489.1457810481307 423.77930919557224 0.09200377762317657
164.99883949827148 393.77193600762735 184.13211426203517 431.9416439972402 0.09140344709157944
358.92514015795933 380.8405472898572 371.92591169968387 398.0263226868046 0.09108114242553711
670.0076834694681 21.317687121475455 685.4592987882037 42.75530077113072 0.09077215939760208
60.720128254451325 457.78554340848524 74.26666161787048 472.9144623373243 0.09068792313337326
100.15773403737184 476.17933765259176 110.38926927014927 487.45164045840374 0.0902918204665184
216.5987081603745 346.37049841416365 246.2744662818104 385.58837429822955 0.09019330888986588
343.4328337389318 385.72865667297106 355.82625105581235 401.93590579992264 0.09016549587249756
719.267039619611 346.8940830376452 751.4340556496115 388.5277561109378 0.09011277556419373
327.75010076377873 416.89172982777507 340.9051957765291 434.35270515018254 0.08998561650514603
484.18899814903654 342.2890620093675 507.42490203118933 373.71295065358487 0.0897148996591568
611.9728787222443 389.34603824628846 622.2937964128928 404.0057183267532 0.08967846632003784
962.4996573180674 302.84324327228643 1000.0041784818433 351.91330417099323 0.08953285962343216
116.00128013801488 475.48874655047894 126.2189917600762 487.0365925993118 0.08924441039562225
464.5661778530225 394.3464612652113 474.6475822999235 412.86480786671547 0.08909706771373749
490.8815272246654 384.4867802273248 500.26546245166844 397.4108259857048 0.08870505541563034
679.0633248100055 468.01649641879 709.1172529367468 508.02189808524764 0.0885358676314354
295.9107227364377 374.9750791896259 315.68566814851323 403.5156313283801 0.0884917601943016
917.1625320266015 226.16562098754827 931.3364004416939 245.77290358764475 0.08848446607589722
326.90852288533245 380.8949718469174 340.67236861067084 399.17547059894974 0.08847592771053314
175.82914686990426 320.2307099571399 218.59970188357352 376.1691707075972 0.08841217309236526
362.492029101755 405.40597075141005 374.05387546991864 419.71205429395025 0.08831548690795898
209.92311366894904 323.02620736130507 248.06564837831266 371.1458647151292 0.0882578045129776
360.9257675114338 399.2378520421998 368.85039363709535 409.265213232244 0.08808057755231857
647.6065884996054 61.72073126472604 660.594808242927 77.38688048632874 0.08799681067466736
506.5460737447883 395.45000414493023 511.3701350011699 401.6824949350242 0.08791564404964447
130.86689302394237 455.598821191235 142.9809263149005 468.21805507158894 0.08784391731023788
637.7521843911727 15.763099162554852 663.2764591855549 50.56034956963082 0.08767667412757874
54.992844360505835 83.8078164389828 252.6522890547488 308.77807437209015 0.08753512054681778
934.4185588282876 217.371584576765 945.8733317311483 232.5221736570602 0.08752387017011642
25.230879782926166 517.1790856660215 106.42409224186434 602.5334512181731 0.08752060681581497
653.0477507422071 86.71876119217288 687.5837632626038 129.17211465952812 0.0870288759469986
592.2487754210766 380.29486488460884 602.4598758928212 393.89024906652656 0.086872898042202
252.47624853106527 198.81415449788284 589.6970970892704 552.1346682527003 0.08651740849018097
339.53736403593956 398.9674557832438 364.34146335001515 430.3028359390547 0.08642535656690598
116.07270047413854 456.5055302270923 125.15164901656117 466.849630430394 0.08633464574813843
905.7616810850169 232.1821354680753 918.3101011086967 251.5716966903615 0.08624041825532913
723.5108620988642 382.7244638423829 743.3788122904931 408.02040501984413 0.08619105070829391
727.4310955312485 416.2780431564243 738.4497601820241 430.47486852349914 0.08617863059043884
983.6013217782631 429.3157203337045 1021.0172079131688 479.2099510522963 0.08596666902303696
353.01519219548936 416.7300726448681 361.62075022989444 428.12502426391626 0.0857948437333107
529.4755191030309 385.65618972278014 543.3796304604958 402.82799111483024 0.08573820441961288
520.7630178410695 426.5247247947123 540.7830323593535 450.2237119418828 0.08572691679000854
527.6715511315259 49.94060655324515 614.1470079840396 148.95454667746435 0.08572445809841156
657.3733520582988 397.1252402698321 666.7279312882386 409.93316639846057 0.08568941801786423
539.3139930429112 412.7470140137595 555.2077957578093 429.3599058237026 0.08553389459848404
609.6711195223021 301.67344096236604 650.0593202677074 347.7698144500076 0.08549319207668304
123.4308756655876 476.96771462217345 129.62447408028288 484.36412211089464 0.08525843173265457
714.6144059148701 404.4906630928876 720.6759802360228 412.9696355064694 0.08517792820930481
96.63653957032258 469.11077316679945 106.61688726421423 480.7511394011342 0.08505947142839432
512.1886741717902 397.87559888820624 516.3472983085686 403.49518988512773 0.0850391834974289
932.5518881175514 427.38052312900606 971.1770186673017 474.1611569061345 0.08497921377420425
927.0696307349764 240.02782836054143 936.3977960572438 253.26069620961067 0.0849500373005867
567.2863704875514 416.6915310750421 590.697838914525 446.2954649167058 0.08492279052734375
483.3300217964251 377.13584415688484 492.9516126433399 392.8135957174923 0.08483783900737762
533.3051300707388 317.28400407586287 568.2882728049829 359.41169743467077 0.0846739187836647
288.56088142468036 390.10347560595534 306.688633059952 413.603809947882 0.08446885645389557
107.63333541674973 473.13427625744066 120.17013833017607 486.9379151670808 0.08444590866565704
704.4140927447016 -0.5236080554576246 730.0458657599487 25.977928901653783 0.0842946320772171
696.3538032472524 411.1855500194683 708.071317343009 427.3463012468423 0.084278404712677
952.0374507729941 215.83666175102894 957.6448639092088 223.95197749200014 0.08424423635005951
627.4214416880665 427.85522473877194 649.7805233269094 459.1783699593663 0.08421464264392853
72.34361745044822 447.99356601625567 95.86166052626871 469.0819964390687 0.08419358730316162
863.2098560006061 320.86785427226584 893.4680899431366 362.17012878274517 0.08412042260169983
239.5885615754803 270.6762777472985 287.4404008601515 330.3062972195078 0.0840018093585968
708.0214621879206 422.3648922916147 739.2892544529004 465.6629915538594 0.08398620784282684
153.80406109984736 268.9271027352358 196.8053072948093 321.94260654807385 0.08397222310304642
507.13364028066974 390.6766710129128 511.1134354830035 395.70577842313224 0.08394517004489899
906.4325993542316 338.032403022819 934.9425576097254 367.4933536371519 0.08392176032066345
107.28937095041198 261.9194839479934 128.2807507531451 290.5940422908613 0.08391307294368744
704.8894653562229 43.51239509113104 720.8589121084902 62.873214142563064 0.08385688811540604
872.668884086065 328.93129688578534 896.7279086398438 358.3760249036956 0.08380100876092911
496.5123542006147 406.371876284027 508.43505780743783 422.26451508140485 0.08363872021436691
-10.825907685447026 28.44393402802868 66.87714139183848 140.89040378852638 0.08354882150888443
93.67409756431344 434.8783470121842 117.58652132868856 457.04163768259906 0.08349789679050446
931.4277406416722 247.9192272102207 948.6643612595475 270.6595146052354 0.08342090249061584
353.0357523154779 386.3567419589406 362.5262513304837 399.07239759005705 0.08337350934743881
689.1562289769848 392.65452519118503 699.4320429318628 407.5153287059055 0.08336905390024185
994.9113136182161 373.1837830155466 1014.6217710458908 399.1084846811827 0.08299917727708817
273.47549163406507 298.247543851162 316.4399626744148 352.70261533456454 0.08287458121776581
801.3940982390058 416.5947884312806 840.3670715792845 469.1015472142243 0.08286155760288239
609.4329046333177 397.62639586412723 620.2729310566383 412.7457185306404 0.08277681469917297
568.4647023457238 327.50644386776435 597.2306286968516 362.07283139561247 0.08263330161571503
499.108060150258 377.04470906820194 508.53826523253036 391.17309407742295 0.08261122554540634
323.84700274889315 378.3859827658053 334.54665386742147 392.16092163161227 0.0825682282447815
1042.3916950643998 302.963734058488 1081.6730442481974 357.2079245160574 0.08252493292093277
81.3211171990447 474.3543808824573 96.8735949176734 491.2113998135277 0.08240408450365067
497.4678157439585 396.82371061659734 503.1828355477439 405.2337745560336 0.08236426115036011
914.5390343195397 253.64661736483464 929.6415188549352 271.6668009237822 0.08229630440473557
940.8886006567425 348.4747822973242 973.3363963224787 392.7895457862148 0.08228080719709396
338.36862845187096 383.4846138982453 355.2722156427996 404.84509879831296 0.08222939819097519
593.8054879445774 389.97254259940377 607.319815605331 407.11666376921727 0.0821610540151596
559.3775891641604 411.91927837767327 577.3450007579098 432.6549216505997 0.08214206993579865
593.1012853234522 401.97183859257063 606.7736507007945 419.2106319242259 0.08206609636545181
700.0254599276352 387.28274807370695 709.5687318833404 399.22073934176746 0.08204377442598343
129.68281880268222 283.8340492671654 157.77134148494687 317.48755301233933 0.08197888731956482
70.3723743060788 434.1492116485763 88.54155884395499 450.5997381786009 0.08185534179210663
318.87077727843115 408.42798107338865 329.07716900082755 422.46228636445176 0.08182647824287415
746.5239089515618 400.9299658141001 781.5725480783856 446.19513213904946 0.08182305097579956
121.66526331393175 485.9324514119907 136.29834020062475 504.0028925499986 0.08178429305553436
126.92933275310881 242.54994163453298 162.63506643980955 288.78894774159835 0.08173484355211258
610.024702633854 369.63907760056736 619.2888642394535 381.76288928755133 0.08169832080602646
202.92938550492536 371.63019540519997 233.39036754842485 411.6017088827202 0.08165942877531052
592.0194505517584 437.5970684263104 608.7468263570856 458.6687826356609 0.08157365024089813
663.6073224514474 401.650895608272 676.660530549771 418.79445270289017 0.0813925638794899
505.4741092384713 362.17046664088997 525.1034537167671 390.3080191627196 0.08136864751577377
207.8785756329061 24.590248346228197 301.37451735629526 128.7452593197487 0.08135980367660522
638.8489553272267 382.1528588186616 648.1616468930356 395.1473056040142 0.08135920017957687
140.96981303187172 467.23474826141467 158.64119573663518 487.56384170686965 0.08130266517400742
516.9988453996435 400.13565248282293 522.4211865476011 406.93970292729244 0.08125468343496323
623.3663834475202 412.98875067989576 635.270156008873 430.4228727378252 0.08108877390623093
938.8573655974957 362.4150657558538 960.755355828908 390.01970712363214 0.08103694766759872
192.30389150095093 298.6976483680043 223.07673247142264 340.05252006934234 0.08082099258899689
97.56921327789833 342.1872976372562 117.0799943905465 369.06504259607243 0.08066246658563614
982.8506693581121 225.91542445686707 996.5240737470335 240.95799783016994 0.08050580322742462
256.12026948027875 334.3652375186677 281.35956298934383 364.74939992665367 0.08049651980400085
519.3285461137642 390.95186823939713 529.5537029463114 404.1005296210704 0.08049403876066208
89.9970319300396 479.510706949281 99.45991892033192 489.93810321114245 0.08046896755695343
743.3718930779564 377.6760004265333 767.3962309736359 408.3169745498864 0.08043593913316727
109.6351393086456 438.6021934071581 155.35186632365708 486.7077556533601 0.08040949702262878
949.9548617228982 243.6498162516937 965.7651169529377 263.9497711109774 0.08036281913518906
105.1890507324229 470.219750717749 111.60666749853083 477.4081632783293 0.08027549833059311
228.8913720986914 304.4174657605334 286.8843533712316 378.6010411674996 0.08026657998561859
113.8880465318557 428.391294600284 135.97245320706395 450.87996987833174 0.08025877922773361
690.5669411955279 17.464031916154823 711.9711539988268 46.36320856551748 0.08024486154317856
303.7336710282354 267.3911831300714 348.38613094859846 321.5568773419211 0.08012915402650833
344.4249703364647 361.4325913807062 363.6761380402921 387.05956415577583 0.08012256771326065
918.531097978021 221.88776517953949 925.6954933712796 231.01405381572607 0.08007906377315521
201.13545448294283 252.84356818588245 239.1398217787747 305.0807214297113 0.07997234910726547
710.1523678383401 387.78984880061586 718.5606732706676 399.3748324113709 0.07993568480014801
548.7908265863966 385.64831216868424 562.3477799129354 402.8612419403672 0.07989543676376343
110.76185397509533 445.28748811844144 125.42137590509468 459.85968101854166 0.0798824205994606
570.1963768412667 439.6135352412859 589.9449200040852 463.063497391838 0.07981905341148376
311.18807669748145 396.3584413939367 321.8610888951843 409.33628408378684 0.07980959117412567
479.6677773038276 425.3671580075324 490.32727774398575 439.70610999598375 0.07978016883134842
707.8732110886922 404.83699296510457 717.8120511911243 418.53415443157655 0.07960603386163712
681.1198518043775 386.1737602144049 692.9898249271866 401.60792931160177 0.07957857847213745
855.9340275905454 400.3960367296581 884.0367222333921 435.77941035713025 0.07956212759017944
767.599920561648 4.284159587431476 799.7180154691878 42.63620231977437 0.0795607641339302
941.2368946589746 340.8944194314376 961.0160206461989 363.30369825281866 0.07955504208803177
335.9474003580633 396.25686313076505 342.6319654693029 404.9736330019031 0.07949291169643402
610.0692968284212 433.47642055974376 630.1739283422668 460.84748270612124 0.07946372777223587
717.5842306246074 378.9292839569918 728.0995955179151 391.7412039354304 0.07946137338876724
946.0927413986448 224.62620739855822 965.7618646843422 252.67141074345162 0.07945892959833145
103.58127955736298 257.75460403510124 173.88933007512776 340.53308692681156 0.07943189144134521
657.682497631112 -6.896408473199452 688.5787673304828 24.928500367225414 0.07942978292703629
92.17873625794928 416.6924378727019 118.932646036642 446.00732339101387 0.07941509783267975
92.66070420664425 484.6767844401185 109.62207599785668 504.5057756907168 0.07936980575323105
577.2142592062183 370.4404747279476 588.11570449772 384.1456904332723 0.07929787039756775
300.14015264226543 349.68090627147683 323.7463372729409 381.82564187411083 0.07915555685758591
612.4413361740307 15.656286758836817 639.0501479236164 52.32438479776999 0.07909726351499557
957.6705916336782 261.9851570007601 975.1019305757993 283.20397825115634 0.07903997600078583
21.905032193828582 322.5101599206586 28.690647153167404 333.9896348556045 0.07898879051208496
648.9171480748745 442.69484439588354 671.3547749505897 472.6355528945006 0.07894177734851837
896.6816003839475 305.724771118908 931.4958727712296 352.09897191883914 0.07893309742212296
623.7226644536556 369.2615065644697 631.2784769538569 380.4695235293219 0.07887732982635498
329.12823170379625 314.70782533689544 407.41366679507746 417.4616628309776 0.07886867970228195
487.15211513418325 414.49111019138974 500.7257595513243 434.5896028677207 0.07880454510450363
603.4717464373321 385.80763235614467 612.1981669653909 398.14276437442805 0.07878301292657852
621.154340404671 379.450025671241 631.3661625672597 393.7780187561225 0.07878037542104721
592.778251701981 437.91828078486066 618.556953353784 470.9180209065188 0.07874826341867447
647.1494540155945 398.43461418982923 656.8898319819752 412.2600146719869 0.07865146547555923
77.25064264657468 305.92834248361913 85.91716795334821 315.741570692499 0.07850638031959534
699.1079782283001 398.4512944488747 710.190702678091 413.35759719151264 0.07847171276807785
488.22355458339433 415.13395036685324 495.7669611489105 425.89008804748835 0.07838691025972366
973.0551210666456 209.48681981272807 980.6561625315436 217.36215713585673 0.07834942638874054
643.9220850049317 404.19325842158315 651.4964304444511 414.9631274963966 0.07827677577733994
776.4750621915401 397.7196120578526 811.1284374048768 440.6688526736184 0.07826723903417587
876.0777076266307 344.7889640834482 908.2878527822444 386.8799983583891 0.07826303690671921
815.8265873263088 270.99347860647504 844.4637323208875 303.987410957932 0.07824146002531052
368.5850313012846 362.77074257379195 381.10296428361136 380.1386775390488 0.07808869332075119
531.3183328452005 416.54174681622 542.7133870462436 429.51126758691896 0.07806601375341415
975.1207798450171 215.2184024259221 984.7389082431001 225.2670813337955 0.07765349745750427
687.9299893473257 364.08584946676393 707.8038938430941 388.75038745427156 0.07759620994329453
189.622327122909 414.31788678748865 235.22549744069926 470.2362673679292 0.07755760103464127
723.5768097205164 397.47199820971395 734.8817978345618 411.6716873317811 0.0775042176246643
907.2447072944951 269.37285916974696 926.8772933972058 294.02350625523746 0.07747106999158859
817.5878892074421 364.50963376708205 851.9716473942847 406.37688625928257 0.07747018337249756
96.22293013797045 323.5258900201743 161.86539310430956 407.5163415768791 0.07746722549200058
966.1047707224952 354.43414669344423 982.6100261209064 372.4451196432448 0.07737049460411072
935.1479299402818 271.71028229779307 956.8048909690904 297.8752426844365 0.07732466608285904
647.4220239976422 304.3158179808971 686.7142869579931 353.0723636764331 0.07722478359937668
451.69908123646894 279.09897654846094 546.0177905959745 391.82176719671025 0.07722253352403641
525.8046856640644 400.06636994871684 611.0199090311434 510.10269585025895 0.07716551423072815
402.1888386315497 103.3085903405655 494.2151673711815 207.20160858584714 0.07712546736001968
295.20173217928493 226.70427608647572 341.60598820644697 283.39720162486014 0.07711425423622131
672.3649874644408 388.67765367645205 684.5957523249251 404.23841162635125 0.0771031528711319
396.93357458664383 382.02342517308847 414.1790611319821 406.11417288662267 0.07705698907375336
198.36773656537798 215.80403471389474 236.32991238649402 268.8263297514526 0.07704705744981766
1015.1003886778034 220.4380209137142 1023.7540856632057 232.26240852380744 0.07696500420570374
718.0851877753447 400.44962541615496 725.0730916901057 409.7196928219605 0.07693319767713547
696.8108820118924 59.61833204907158 723.5546298636096 92.8771159586751 0.07683975994586945
619.340939988096 370.86663665702577 663.6258357324184 429.27889405019164 0.07682351768016815
27.404217189185168 279.0728903361186 105.7117757528477 371.5801965963005 0.07681021094322205
965.1728674763793 238.9687942992111 990.5463446056051 272.1149315112272 0.07678413391113281
101.36194673235188 312.889837517629 123.0847208173661 340.91780338870257 0.07678357511758804
468.239748534064 367.5152688619256 482.08578471013504 389.7623454465664 0.07677414268255234
751.9236757584682 -2.3144742395465747 777.1580435054439 20.20917784593676 0.07674780488014221
100.20297345199494 451.15168892930546 107.52903782897424 459.0411433936742 0.07661382853984833
520.2195026913282 446.0291052521399 548.8661696487769 479.49219340002674 0.07656712830066681
370.4209263943456 399.84956626406984 379.6972330298881 412.1568631918374 0.07653345912694931
106.63070326533322 454.0554240445937 113.48969832716872 461.5850131543899 0.07652647793292999
947.245894337265 221.81439139995743 961.7614653283193 241.21217956407403 0.07651776075363159
703.2436227156775 370.5807584438875 714.5473931399968 384.55675828887223 0.07646145671606064
85.88117594658468 459.8559767873454 98.98043988777984 474.05990344359816 0.07645569741725922
976.43858877078 259.15177191877484 999.298328353805 285.8587621411611 0.07645517587661743
64.98048312698931 485.40652712399736 100.57837757914889 529.1468148086136 0.0764537826180458
728.9495240010248 408.4614208147756 735.7284518050769 416.1611897585091 0.07641509175300598
619.7567923327211 355.6751878026898 628.8121939532364 368.59755586782046 0.07641131430864334
108.00799457643694 493.65667438249767 119.34667922163051 506.2052944742463 0.07626963406801224
166.169837656026 351.2106261364013 201.9980936856764 405.9409509783814 0.07619229704141617
754.1303777356883 662.8971619270374 836.2542182632119 757.4246092528762 0.07618831843137741
125.47472215390714 313.34256035671314 146.76339652490407 340.59052070705525 0.0761755183339119
784.0024479152859 327.71454804494374 814.5666849909467 369.59952504761554 0.07615936547517776
970.015877409739 229.82907304010232 985.4743370362042 249.01949046250294 0.07606608420610428
148.00436199855685 352.03673878957403 172.4744829877041 390.44041057682153 0.0760587602853775
677.5896855205813 517.3439376334613 714.0967960816553 564.1215596167755 0.07599745690822601
1038.0762534147354 214.72583199320897 1045.8627024874027 225.8682879913907 0.07590366899967194
379.0562697558126 356.62356033572377 393.37723622606353 377.3439492711017 0.07590074837207794
490.2124516074214 412.14063734972996 494.09652201448307 417.5831361235981 0.07575413584709167
679.0849000080951 70.04220611565617 704.0513969059301 100.01198013311252 0.07574493438005447
756.5110628064118 369.8804081148663 785.4605182047044 400.33771963402233 0.07573572546243668
990.5915212767135 207.5851913740226 1002.7798098610427 221.7754884169611 0.07573534548282623
888.8355142673165 230.6856141017914 908.0120343995023 256.4358133039442 0.07562117278575897
88.70060595350448 389.7412063870378 127.44572905241654 439.47052356186924 0.0754992887377739
122.68228366089694 393.1641123500053 161.59396840390752 446.22838373577184 0.07527794688940048
347.5867322176684 248.47580890147918 392.25633465458344 302.8730349228279 0.07517566531896591
995.2129720298954 229.12000172513865 1014.5879155800576 255.0910866401616 0.07508280873298645
748.8909478280395 314.336982306568 789.983933837342 365.6272334986818 0.07492911070585251
349.69573321228796 429.64514565727933 360.1488863129994 443.8967732484533 0.07485200464725494
613.5467063726553 412.96755916238084 627.1193267595742 432.49297887677596 0.07473142445087433
474.25469649027474 351.6755924618418 492.75746993101535 379.94803895701176 0.07472562044858932
45.01251410846195 457.3157310267085 59.37778840175665 475.0907970722503 0.07466086000204086
182.05932529298929 373.85175052354697 214.02802590983046 419.6184887126865 0.07465645670890808
624.6741486145568 -5.254205601028624 657.2782817506661 29.260666885721793 0.07465150952339172
315.66395972579556 392.05327381775425 335.58329128718736 416.71675951016135 0.07462003827095032
718.5119957322798 413.5387395521068 728.5317861804442 426.6385061078024 0.07461130619049072
597.6812221974951 53.14886980803885 618.7279154923269 78.46494431970109 0.07450409233570099
72.96202313523082 283.6201128162083 96.66582109022283 310.7111764693508 0.07448901981115341
962.0143338115066 211.87502591378842 969.755748253058 220.00511970741704 0.07448253780603409
708.8098705174971 399.19369375491976 715.9474096247311 408.4381960001293 0.07446844130754471
306.70456598687036 353.40908671734496 338.1389963207609 394.5259807223284 0.07426634430885315
924.8315556019526 219.64323414422543 933.0703296501213 231.18788950875975 0.074217788875103
933.4766681723081 231.54623636920354 945.8920551174587 249.10472432059908 0.0741434395313263
351.9711866841157 -9.558243915751046 438.573599097811 80.70126346392483 0.07408793270587921
1054.722538159883 379.0729431486213 1095.4582308874074 435.92526920614824 0.07397392392158508
542.825730920895 368.7909338526511 557.4174103594271 389.00271980216655 0.07393940538167953
74.53202080527637 307.4321159069734 100.01166386776491 338.08539959628735 0.07389814406633377
602.4214197681584 392.76156293754934 619.7082362001008 413.41664598927724 0.07379209250211716
915.8201012476433 330.72536187501044 944.1629588136336 360.16862825915683 0.07355187088251114
1025.4657155932096 220.6063489142786 1033.110510246267 229.46535718033095 0.07354066520929337
347.4127740849698 380.18276445737143 354.1363783155303 390.8553926901721 0.07348350435495377
235.22988365402648 400.75129731434527 266.80091320036246 442.7451061310479 0.07343293726444244
844.5268213817614 332.0278237386914 872.459215033954 369.631877480167 0.07340437918901443
650.3464456643956 414.3297303795255 664.4653860992534 433.860341578278 0.07339244335889816
836.0487841314387 595.9369584621437 929.6630753827526 698.2082085580232 0.07336992770433426
1060.7180200317237 353.34858603647666 1080.4720814578066 377.6349792081773 0.07320024818181992
513.8210118596564 342.40637899498824 539.2260359223674 375.8333479836004 0.0731511116027832
893.355431891114 283.5462667650265 913.4232839588537 309.28823924304453 0.07314351201057434
263.92209565061273 398.0570205288782 293.5444076260093 435.03802308661284 0.07309495657682419
1004.8214170463068 358.6056514281711 1019.4456536440989 373.5813637397252 0.07307732850313187
569.8883981857883 99.72445913559002 618.549230617405 155.89617395798788 0.07304978370666504
77.46509137967801 474.61327373366356 138.51554213433812 550.1168268731351 0.07301521301269531
721.6342218908374 395.78224201345137 730.5626583190252 405.41263026605856 0.07297336310148239
966.405169549254 211.68264336274098 973.3837703630707 218.43596140666958 0.07296955585479736
616.3162519651409 394.9674125721774 625.5469521859463 407.4782628762241 0.07295436412096024
11.935212169038161 444.9162825008074 30.339263633620124 463.98377299785824 0.07289488613605499
860.1412875642445 267.0957222225711 890.2890456894219 304.3832789168156 0.07286615669727325
52.75512517817819 506.905724702149 70.31600744550103 530.8062403544174 0.0728570744395256
2.4769310304297725 101.74596445745598 75.52287659690788 206.6953732272346 0.07272743433713913
733.372664804505 407.0596511871087 749.1948772798692 428.8224464232031 0.07269524782896042
650.8339689020493 373.69843768775326 660.4460031951342 387.41308778139097 0.07267951220273972
859.7719083156304 294.04670987882605 884.8200247865099 328.4261232823646 0.07259990274906158
487.15597859830973 429.28269254180617 507.4990445656899 456.614544382702 0.07254888862371445
952.5033517333492 192.4893077604275 977.72242011147 220.17575808439923 0.07254818826913834
563.8282702296592 4.84139958372527 611.5334137861043 58.078560432204746 0.07240696996450424
152.8448162298096 301.9753035661365 179.53501348105237 336.17510291758686 0.0723918005824089
92.24749544060384 282.717218142998 120.75152502140854 317.55617196690446 0.07236753404140472
165.58591348741368 231.90368754669674 196.44541789398218 273.29620030997137 0.07235657423734665
511.76278811628663 447.6356500324628 532.3714960180806 474.3064670764449 0.07233617454767227
651.9120127267081 469.2850025278781 674.7896270833486 498.4541786695566 0.07232104986906052
172.93013425545635 416.8284615214099 193.7355451437982 452.2696219366142 0.07226073741912842
710.4142250139294 366.9870112801312 720.7358892468292 381.0095776558588 0.07222490757703781
640.3776796882572 366.42207014343603 648.4515622334371 378.5139315809441 0.07219813764095306
955.352775826345 215.72226986634374 962.8375479840793 225.46532247337942 0.07218607515096664
375.349114435066 395.5650430647752 390.2585684106694 415.1355408345416 0.07217974215745926
807.5691981360212 -2.3135108839109106 834.3606591547166 22.614500255979006 0.07211028784513474
445.65848378270647 370.5806676154504 458.14092361250084 392.5502099960593 0.07200466096401215
707.0037242417983 423.61599413229044 717.5320007725807 438.0179479186977 0.07198437303304672
513.3207731505371 393.3080239249877 518.5654485907896 399.7343376119859 0.07195910811424255
308.5796635835014 407.0986935077745 321.0670888168201 422.89432123192813 0.07194798439741135
712.2934476054097 351.96280682941494 736.3322005995365 381.06008602080124 0.07194673269987106
357.86678436768517 398.2750120865619 380.1014881918176 427.77563803302195 0.07181534171104431
383.6816763833879 394.75214338589365 405.4087831536167 428.1507038239215 0.07177778333425522
399.96727568219876 372.72607408647673 414.16113979526904 393.69157004436244 0.07157687842845917
451.3556200329467 386.58523726421606 464.9645670335098 408.57594026185643 0.07149554044008255
631.1113907586688 376.1667139111034 640.4477399599036 388.24602119251585 0.07147256284952164
742.040277968992 452.6108448783673 815.5580457401403 546.3189244177714 0.07144109159708023
590.4769811520147 368.0070476999084 633.1280641700504 424.9207091070564 0.07142888009548187
685.4969492462893 319.9611909354248 721.0176121219778 362.0960463818793 0.07140085846185684
954.8174030513027 209.9851225235065 960.5721371437703 216.8321679816172 0.0713023915886879
139.38135531888875 233.8314365524221 166.2848984341757 269.7133149078883 0.07129799574613571
386.8171841020612 335.2507435401627 409.7597248818828 367.59897278405674 0.07127366214990616
914.2828498424772 243.05213733165678 927.1842668282146 257.1094852488962 0.0712713822722435
690.662035310126 378.87696195645765 737.8318819936537 437.85206118173517 0.07117636501789093
108.56522701804907 286.3208913904351 126.68934154136065 308.383607485137 0.07115571945905685
679.030872938782 444.9605468971436 702.0871627600152 475.6353488186171 0.0710781142115593
131.22295433043087 196.09363609569255 159.11999768978197 234.88981707725526 0.0710480809211731
124.00843629992526 276.99985368264583 141.3561664569268 297.3123993635056 0.07104675471782684
236.7078260528239 217.94645802168168 277.71258245976514 271.95418464308347 0.07101786881685257
599.9784770306886 465.56095981883027 621.5097573843499 493.9397634365005 0.07099953293800354
306.335043159031 409.2746041817305 329.0465653980057 440.32066494499503 0.07096502184867859
501.39968808269793 336.7112473978481 520.6573241740274 360.9419916404704 0.07090514153242111
54.93479175910441 206.66284731622156 89.25208603988096 251.56822771644744 0.07085646688938141
647.4341069668881 409.3690153595458 656.650513936404 423.020671262979 0.070839062333107
845.1679850248559 278.76946574804276 869.9226801644994 310.1382297035818 0.07078935950994492
383.6950634979403 374.09223142256417 396.80341534155804 391.70043590514445 0.07077422738075256
536.723835888262 338.6815624909792 559.935155438103 368.5671049685444 0.07074473053216934
59.563323799649346 252.75609121272234 93.78339528446858 294.07181148168075 0.07072103023529053
-4.799241787850968 480.6396275809464 19.720609938617805 520.2987815548471 0.07068614661693573
138.7291169746102 315.3702713246763 171.67319456237954 362.3396093990147 0.07064471393823624
678.5894260736785 363.9043791339369 693.1090842732146 383.00358315550994 0.07063740491867065
689.936951497345 407.59740406246755 699.9859613327435 423.11008590041644 0.07061227411031723
469.3495079216292 419.11435055250706 484.3487031234982 441.8535374875325 0.07060762494802475
903.0647630059042 204.02542571899218 928.4212788674137 233.63870237941728 0.07048401236534119
597.5512896945164 368.5367962653042 607.0277199826617 382.5726776505382 0.07048103213310242
667.6917286779169 359.34605402538415 678.0714554759367 372.6227029296469 0.07039348036050797
609.3985981393763 394.287707543225 614.8971991123146 401.18946470881315 0.07032112032175064
324.9290603209891 415.7075794036144 350.10077010139474 450.8308906213048 0.07022037357091904
632.0297366868529 352.9030936132847 642.3144401639676 367.8475717425342 0.07005906105041504
700.9580385130871 355.21526134183614 709.1295145121478 364.53754467224695 0.06999313086271286
273.51133116697946 420.1313952608352 315.4474166053013 473.78386490128514 0.06995153427124023
82.75007895811699 260.4160910573824 105.92640925804439 289.37485172126674 0.06990517675876617
877.7682012334892 251.96639605533232 901.4632966833223 281.7274430856397 0.06979715824127197
-20.774848160458728 286.33072872759897 67.87501665840054 410.03935334625663 0.06978639215230942
926.7257898122192 191.31284609796916 953.765529783338 221.01199863645923 0.06972214579582214
722.4839640010763 404.7076919792575 729.1637254574149 412.00238061847466 0.06963256001472473
667.7022178095651 377.7472220823728 680.9992805034216 394.5298758359745 0.06962432712316513
75.17839997191184 331.1848152344049 101.29620114837243 366.3005194313333 0.06958656013011932
1012.979805604739 392.1183418337423 1033.2718283167872 419.5738720094511 0.0695769265294075
582.3008174473883 454.65558953472276 605.7980253226006 483.50671587818636 0.06935574114322662
715.5202478478592 427.986592738743 727.5256759207547 442.8718013597728 0.06933830678462982
1019.500519315416 357.5930147763219 1033.4855248248186 373.5402721251313 0.06932245194911957
324.5741222422116 328.1156002325819 349.68716092767005 362.3061503856008 0.06931816041469574
591.0876292240656 353.75590974951103 600.1411921444945 366.0748585397125 0.06922277808189392
559.4886972673864 281.71356490442395 602.1031793643898 330.85425993585284 0.06901135295629501
627.4347721323311 449.33620370323786 650.5066453041334 480.2425277433482 0.06883589923381805
726.5060709619626 424.7516881276205 745.8446274334892 451.9093332071645 0.06879404187202454
632.7306485267607 478.102939967181 666.2266346691631 523.6953245230903 0.06872931122779846
450.5376914869791 402.54390331693725 481.3644948230001 449.26404506141233 0.06854046136140823
1018.0048638090134 371.4971791315285 1038.7086888309072 397.4518144227293 0.06847386807203293
396.9620380151679 355.5097759675648 423.7735440627425 391.07590236405093 0.06841056793928146
108.67723578727191 223.07763659181418 135.99871476506337 260.1426787507957 0.06836003065109253
1033.021074332552 386.51616361727184 1057.158088375425 421.98279160280833 0.06817953288555145
714.7039236610873 73.42672084016004 746.5764835885165 112.49406139571101 0.06815823912620544
485.1903635279238 391.6654109480998 491.73007134058173 399.9956444614928 0.06791321188211441
341.1406662594693 207.70444809189485 389.54071743976266 269.0424948214464 0.06765080243349075
996.8402540909054 337.0106609691712 1017.9014031826108 360.79422267771344 0.06761721521615982
416.8223802196332 374.758044513465 431.5626236557867 397.13040861085204 0.06737718731164932
32.64831796349237 435.9672857470644 58.84817678167887 463.0248025721883 0.06729605048894882
633.1267245923578 100.42648641007895 709.506200934041 191.62875847765565 0.06726555526256561
638.1238712927188 347.17543602070134 645.6691210244466 357.158677179257 0.06721674650907516
773.4901832466876 436.62428074849447 815.0884535084232 490.4465157578696 0.06721118092536926
641.6810950634318 356.9209822118571 649.1917253012601 368.22988566223336 0.06718895584344864
420.92958080121036 384.8420959004655 437.90804466895423 407.94864402116593 0.06718654930591583
84.41447806288944 234.85814390952854 111.71154245203992 267.7385190591817 0.06718359142541885
193.58256503053894 252.12181489204661 218.87064321646983 286.6272851727338 0.06717481464147568
671.1687269049999 350.9458516237481 679.6755735421383 360.8081612761754 0.06715104728937149
694.0684415949556 373.9662421267043 701.6836691889407 383.2462166824439 0.06714899837970734
910.4668715517411 224.03154421510385 918.0519508511126 234.25203586924874 0.06709720194339752
366.5684876677271 363.2113770875052 388.2057976926411 392.4016469492386 0.0670793429017067
619.5748939718785 348.4821765206923 628.1756340145663 359.0684386695003 0.06702828407287598
585.2303382611394 444.8211951375914 600.3966357173532 462.0939489605442 0.06695549935102463
905.1490485009738 16.21145088503273 949.4518335698026 69.06740698333584 0.06678685545921326
651.5174602395603 355.7372690160378 660.4292770148307 367.2948962163438 0.06675191223621368
225.40890486978813 425.0769116792842 274.24927983418604 487.21639970937485 0.06675064563751221
863.568036233073 229.09260809211577 888.6685384268433 258.7452393719472 0.06670188158750534
735.526810970204 346.04804670029046 757.9664294683931 376.3246712594387 0.06664413958787918
728.5308702377371 381.69358954413275 738.6769422872558 392.3827166410226 0.06663896143436432
513.0881650883204 353.4939838364865 593.6044883475995 453.73730104412596 0.06658370792865753
244.82333710509485 350.6149501262885 257.92024709424385 369.77386449377434 0.06655368208885193
707.7869227076717 438.37648901288185 726.6269957147612 464.5936293690762 0.06650616228580475
172.69079363204926 392.5029893937531 212.7499009793232 451.1236240230403 0.066429503262043
101.49346794211473 304.10213880754924 135.44567635237755 349.8011597335987 0.06621852517127991
71.16982994838396 399.1256896373382 99.9117002416238 437.28121011675483 0.0661449059844017
565.9892070082581 456.91644427168694 589.221277735981 485.20165379303626 0.06593970954418182
17.423011808126123 251.2674045859835 65.69576945461073 313.6365072354772 0.06590040028095245
121.10508672426553 360.3703309618333 159.67215788057715 420.1940468524746 0.06576064974069595
136.15002095910012 261.4737449827166 154.6844580991303 284.4192295104066 0.06573429703712463
733.786724863333 432.33652822176145 776.5542849626142 485.7155627432181 0.06572327762842178
983.1307567789381 404.688187622977 1009.5797411531751 440.6105195310795 0.06568237394094467
43.09552431600779 472.6749918577595 56.327433636530394 489.73892873886035 0.06558027118444443
627.2143460887423 362.1305134035272 638.8501571570922 378.34447199169205 0.06556740403175354
465.1228635880756 411.9807234212551 476.69864590268435 431.4952787736425 0.06552479416131973
800.4228393110895 313.8230378753181 827.5401348555743 349.8814835418393 0.06543893367052078
586.2173859724969 422.51329906724806 681.293317126329 536.2922994028537 0.06521861255168915
55.100875203808414 422.55702202805 81.75850098247741 450.51770922261215 0.06505244225263596
543.1731380757888 465.53432952577424 572.0457919004516 496.5268844238543 0.0649578645825386
816.8341331164148 16.568169885516472 874.5771031518086 88.70030298198905 0.06493392586708069
402.5222370057088 29.838666300735973 471.1670929814857 114.98554448576422 0.06482001394033432
682.9253559179052 379.4340652390996 690.5853728084865 387.86259734400556 0.06481891125440598
93.53920072343033 283.36947366178725 110.20808828793608 303.6107915670653 0.06478563696146011
980.3836717485142 348.99886490793244 993.6209339402293 364.0487964591146 0.06466547399759293
117.09062429224136 299.31969969724616 133.3625030990462 318.0622754491386 0.0646328255534172
624.0093655995927 402.40387573980263 635.0528493089605 417.626320790103 0.06439149379730225
802.7361733022792 396.82316126404925 831.7022128978515 431.0864403559332 0.06434652209281921
-21.504328021167282 150.6756373940411 73.14340763680765 285.31447331813195 0.06432937830686569
304.57842303210424 427.62542871683644 395.7891965439083 550.4879054648387 0.06428273022174835
483.64067800571553 443.2191524560499 525.9577946267732 500.0165130867682 0.06427488476037979
359.82162681815544 426.4198654513447 391.2283991353889 470.3635388024315 0.06402759999036789
642.426098711844 367.258514420842 656.6812462357524 386.3227617512136 0.0639616921544075
13.497815100943654 407.5994648106673 44.90355696686704 446.4675475242525 0.0639478787779808
658.4295494116002 379.16627888653295 668.2882818819852 391.7029374881354 0.06386573612689972
735.8514829328059 385.67766542494616 749.5510534775963 404.46401085908457 0.06385782361030579
703.9478391106353 273.01664618314675 757.6785501561712 336.48668521644174 0.06381143629550934
698.3019670601991 -19.20105757162484 795.8198824205859 79.2748075995048 0.06365314871072769
691.7729823713938 349.43821819664174 703.3156709809994 360.3245922271939 0.06357736140489578
94.8001609976434 242.94526172373338 111.0815345465454 262.68900182572975 0.06346678733825684
440.94040327564414 401.9315430684907 458.18706894340966 429.7048020336507 0.06341973692178726
-0.7340358156205883 460.9019975491932 6.237630588354586 470.6077404547515 0.06333043426275253
920.1051162602009 354.8103894997809 950.0330578362841 387.77490836747154 0.06331165879964828
256.21172199320216 354.6636885130073 271.267865343974 376.9110990968432 0.06296218186616898
-17.955744478695205 -30.160726116077957 72.5441422072316 90.24076755471594 0.06284286826848984
542.9207295956976 395.62911066522946 551.0334092809246 405.8187462752849 0.06276475638151169
827.2315708000873 395.9973947374384 855.9384194350171 433.99567426080114 0.0626380667090416
745.6701691686967 420.2295683975973 767.1357503116355 449.6236891947941 0.06258454918861389
456.5878571869768 355.6775149349202 469.1103256786451 375.07484558915195 0.06245982274413109
677.7919666238885 352.91057682821105 687.3458989075357 364.3479940506306 0.0621865950524807
619.4557653622251 275.7347252731989 652.5977094539033 310.49610068667005 0.06215744465589523
227.33243030031704 284.9031026014135 265.37542011144427 334.7164235472832 0.062052275985479355
148.8234070276407 388.5286123113323 169.95749322485955 425.7118818608307 0.06195757910609245
661.9230401065964 355.0709881230762 671.1390453501152 366.3652070167263 0.06182246282696724
721.2578602676448 441.0549912424033 757.0026140453944 490.5799299312132 0.061806946992874146
-54.271034227153 578.5250352333973 118.1694568280879 772.8274830335257 0.06164717674255371
1028.3748423362779 323.4702687828521 1055.6231525797814 356.1576970627628 0.06149783730506897
425.5957061716447 387.41545160124895 447.45899412882113 420.13215422042384 0.0614185705780983
499.2200001590499 359.3807175491836 515.8500211936787 382.64917818688497 0.06118304654955864
529.0025989672284 -4.942906534591713 602.9582143937503 78.05850145767648 0.0610981285572052
512.7184441661018 246.16689045973155 560.2819500208144 304.4354642808286 0.06106077879667282
622.0045162615194 345.184664351394 630.1671059555082 354.66069709509037 0.060983359813690186
0.35782679341831264 492.2468155481622 5.210683370719575 499.8897188552751 0.06095896661281586
134.75475430497832 449.43551319147446 148.3524626791661 465.16738965383576 0.06086814031004906
644.3192341932415 342.34366391203275 653.7264566776033 353.5797204102716 0.060782093554735184
125.35245433363532 459.71428594545716 131.98491940236156 467.5812362233907 0.06059041619300842
105.98976817499391 179.13294299859925 140.26663325537987 223.13463702534898 0.06051648035645485
137.34999833183323 422.0203737012327 209.27789339476317 524.9318922916669 0.0605020597577095
793.1414474581933 81.85186208675388 990.8672277185699 334.6875449382155 0.060500893741846085
30.46127176117429 332.59840659993245 115.03711241177479 443.2492676860699 0.060267120599746704
295.4513467490693 431.3400810285105 336.23203506350814 487.23069873304564 0.06012203171849251
862.8493831130326 355.0103166298244 887.8975217718804 386.5287733210777 0.06011122092604637
947.8548526154552 -60.91362457105162 1136.0427211232206 139.5219261532668 0.06009237468242645
411.84720407449737 328.9651222091715 441.2308660535289 364.1207025421609 0.06001248583197594
458.65925327501384 218.65827924027587 513.4819661035704 285.4579842935464 0.059992872178554535
463.18232703440617 445.76433670503513 490.0963000078467 483.6245716951007 0.05995021015405655
148.7842610704564 189.5726852480032 185.58302782577928 235.33667387516502 0.059817034751176834
958.7112465675137 364.7952070062289 974.6036319965809 385.5329670923608 0.059774257242679596
690.0944761769454 459.6134292306667 716.1123837537365 494.52300320784946 0.05976089462637901
499.8013023371278 474.9988302636465 544.1414210181263 528.8214635556287 0.059643037617206573
129.18536238061796 156.1650696215566 172.6945590976139 210.90556851040014 0.059481073170900345
639.6794142026848 392.17021783979266 648.9572197337837 405.2578802792555 0.059436436742544174
698.1526887540222 345.2653465984699 708.8384196133945 355.7218930794015 0.05932701379060745
634.5913911179832 371.677989898337 642.2411816211725 381.88106750014333 0.05916386470198631
332.9258874100235 286.82050972016265 366.9240415013259 328.86939832608914 0.05908074229955673
519.8719761750237 322.9606262586895 544.20462956161 353.9677425015676 0.05897431820631027
787.9287693460395 425.7378492834272 814.2452984233 457.8139540854099 0.058737367391586304
184.27910076674772 268.47218256601144 226.2199394519955 323.62087199107805 0.058715201914310455
618.0763759615704 503.2440377288999 655.4923136786265 553.8741517993036 0.05868709087371826
879.5566128579966 466.7673846990677 1248.0074126923976 891.9599854978003 0.05855565890669823
822.8451746242325 -9.764843240040953 888.3338492780002 47.47117083505903 0.058407071977853775
697.3488860581311 432.41571624366424 712.8358039435045 454.7581131054283 0.058405812829732895
162.32353795799105 462.753288710601 207.9252968222445 520.9594646451618 0.05835139751434326
400.9852956934562 445.2616496899167 512.5218473704294 576.7897079398278 0.058269843459129333
315.8459385445786 340.56006371399 348.24157931289335 379.381768756538 0.05825057998299599
1010.2092347764492 -30.050845868938705 1096.082164519831 70.94685008129662 0.058170925825834274
337.2898142446764 573.5955988297625 457.66382473762604 707.8894648407128 0.05805395916104317
390.59048553180395 301.2754097445331 422.36797657914315 344.0433451945604 0.057941000908613205
728.3409832816374 465.0081638240689 774.3197066130857 524.2974679068298 0.05787721648812294
254.98538222712432 479.8464191412212 365.2958935897239 615.0260961814157 0.05746152997016907
429.8741866978745 64.96940304745445 530.9448698574506 184.750592050065 0.05735168233513832
372.067325841657 443.60337735789375 406.24952627073515 490.3765715166014 0.05731360241770744
1038.4363948880011 246.4087431209071 1093.7138468420121 322.62605467329604 0.05704876407980919
454.30262115658627 401.3386889627314 466.27030566558625 422.0320075629067 0.05703296884894371
596.3158327716371 621.9155264230972 722.3515223114188 763.2784960980831 0.056837476789951324
650.1757273064657 246.95626717836308 691.4930862988542 296.2347116180944 0.056807465851306915
201.13200326049432 600.0918288799276 318.9999432913414 738.8502595456389 0.05657340586185455
482.4757945506771 621.5522077457621 608.6249020350524 765.8692229667658 0.05652203783392906
374.2269791651156 406.0826485144026 389.67625445222984 428.7346022752902 0.05650200694799423
684.0449084759553 352.2487493319351 694.1759998253053 363.0226070994441 0.0564737468957901
596.8940040108994 347.27525228630964 606.8865054104648 360.5046856783583 0.0562942773103714
534.0824167153057 490.9810342869776 581.8862671480608 547.2261554817748 0.05602617934346199
954.3578343552952 347.43785589008206 971.7557376702509 366.91673125956515 0.05600457638502121
629.1642094757158 518.2775517090483 719.8430514181662 636.294367293133 0.05591516196727753
1028.462797788177 346.6597555619573 1043.8825743551797 365.3755930010122 0.05571017786860466
397.3187507092963 396.36695158042994 430.2763545537695 442.64280907358614 0.05561743676662445
703.1903844484785 556.3859899689635 795.7022427950185 671.7278351357276 0.05560243874788284
324.4483971691176 21.165134860013115 430.69734874854714 147.8696900901536 0.055496618151664734
38.82342592868658 417.9904505930389 142.76018153875378 541.1151549189003 0.0553472675383091
80.22920551077283 615.462988400384 209.06965938416766 764.9254163636853 0.05456121265888214
599.893424033215 200.69757497661834 662.3686568564945 273.26213018558025 0.05454636365175247
542.6052301272367 205.61259628344064 591.307897831993 264.42333102317883 0.05418812111020088
541.0222548665795 513.9812758140895 608.4597159485658 601.3799265919587 0.05416717752814293
441.7504050461333 552.6333294567256 539.7927680378442 666.3665621429212 0.053633078932762146
552.3121518800715 180.43426655353576 779.1279501611476 435.56395112423013 0.05198113992810249
396.01991975094154 448.04715853180784 439.8524519288878 508.86161888104004 0.050716426223516464
