118.69251882944124 431.57604697663675 145.19575516614609 459.5835061975634 0.9998078942298889
195.2635409062919 457.32104552421924 217.9271136306644 485.4130316970703 0.9997289776802063
435.6781939981735 441.3428185088611 446.18025185321426 455.1215243044993 0.9979239702224731
407.5970664646519 452.53933109196544 415.6442866049138 464.3387112743131 0.9947800636291504
693.8662240006938 471.08169635019516 729.0084430445453 524.170647481827 0.36923542618751526
685.1346351292702 448.42644265082833 697.0290941373235 466.4072469423881 0.29721692204475403
1002.5616753480655 182.4782365776021 1012.3827713182062 194.03812113435552 0.22490519285202026
950.597988555076 246.5224846536138 957.4782020112298 255.50255787368607 0.18535049259662628
625.5988128953735 453.3918295838327 631.1535078639359 460.0402232725665 0.18027225136756897
1057.7369587378803 113.37377402984363 1073.470640170362 131.64492942873426 0.1567002236843109
973.3191838912846 219.60786315459364 981.8180870461063 229.73892698797232 0.15387219190597534
965.1976590775863 229.24652538054482 972.6978406391388 238.81404037563408 0.1521850973367691
946.285196623155 298.3438368979669 1023.054581895507 385.3458666615501 0.15213733911514282
992.1487637882836 194.97769016003835 1001.4177658885673 206.2100526931679 0.1500145047903061
377.2076372577027 457.1958730289227 384.9944017884558 469.34527542992305 0.1486189067363739
899.7521345951825 244.33692421111084 1098.0841031214545 497.6281222136156 0.1442025750875473
571.0133833094125 437.47808907497 579.7710844962601 449.93040177575114 0.14204466342926025
981.7837068393632 207.82837940833932 992.0457350821688 220.29095147350435 0.13858631253242493
544.9092423368679 434.90698337734744 555.8334116265827 451.08379836556634 0.1368427276611328
957.6430298582836 238.59367543313172 963.3405704866982 246.06835049627256 0.13321374356746674
401.0376768817216 435.6251030685868 408.4399184405551 447.4443807934233 0.13269366323947906
561.9041952338154 437.49192361280217 576.5666742766294 457.6140129589802 0.13055554032325745
554.0625491553091 436.99243385032435 564.5873252065994 451.4607375400076 0.12818543612957
557.3720962944217 414.80608868828676 573.3676415656256 432.4758414429545 0.12569887936115265
0.7089321692898785 337.0475049657019 9.199465050808225 347.45983452637483 0.12551775574684143
587.5949580292183 422.5735481500664 597.5974770151771 435.88041412855443 0.12296298146247864
1014.2539243764107 168.01474553765422 1025.8436134719084 181.05770795572892 0.12233871966600418
575.0226285751553 422.04671610656186 584.9215545716553 434.4430206737244 0.12195391952991486
977.6493849616527 242.64385499229647 987.3125731298716 254.59031230891108 0.12113349884748459
944.1136225922755 254.47047211912857 951.0871215281251 263.1207847679602 0.1209409311413765
985.9932512000657 234.75832084274023 995.7547635956427 245.70234792736755 0.12044817954301834
994.2798475430467 222.43230559467685 1004.7193992482356 235.28312636763383 0.1195315569639206
591.775708702646 442.2493854752041 601.5643881380479 457.29362552250154 0.1190289855003357
978.6125652079717 231.54013203985963 988.236226961959 242.75318312153416 0.1189412996172905
971.3394219827009 229.86439200254932 980.3095830732237 240.3023812636585 0.11723709106445312
984.4301994904664 227.21734363491032 991.9592308370293 235.9520263063018 0.11663586646318436
561.597537450235 429.703737087586 569.1588350022632 438.9164213720603 0.11659923195838928
986.5383906558345 219.23847351109686 995.3455225233163 229.20324031021113 0.11600349843502045
580.4348828006101 409.4686340275122 594.0660362588181 423.51853333881905 0.1156301200389862
553.4915450718194 424.6925362886273 561.5142054983306 434.8749445106354 0.11544115841388702
527.2104461907992 397.1814378168569 545.6224999462671 423.4047801688127 0.11482390016317368
530.8769046041127 435.8581468273412 543.0166949686366 451.69177940125377 0.11446613818407059
596.1427099996937 421.96398712657844 606.3461361670295 435.51772288058027 0.11423394083976746
979.7169406058279 218.28381374875426 988.7491301708083 229.15545873692915 0.1138915941119194
587.0861540869463 413.699944926134 598.0115394822404 425.96822829170276 0.11293766647577286
598.0193931205962 431.93254507462086 607.5416351283102 445.33943677968034 0.11269687116146088
563.8508307666293 477.0661579348082 585.3865200385075 502.7537849544095 0.11217821389436722
551.1156901903944 451.35934821412064 568.9713182187901 475.0769247357376 0.11212729662656784
1025.7995849847616 149.93066534791322 1041.2417828662965 166.41509860800113 0.11168976128101349
581.1707133285047 452.9962127815043 593.1736591836395 469.9193909756205 0.11156410723924637
972.2167435042462 239.09145018147555 979.5767148884548 247.89004870736045 0.11141277849674225
992.3317888283709 205.42704597261698 1003.9682955495672 218.8596244681164 0.11103959381580353
577.5246512821902 431.4635526831147 589.5382993229616 447.33620926998964 0.1108681932091713
515.02076132154 361.8924578577011 530.8980148474213 382.9679391186968 0.11070095747709274
968.360430808791 251.000424923098 977.8879346201338 263.0494012762831 0.11044791340827942
570.3175037860461 455.83733961242024 586.4784848365833 476.6751744908174 0.10943424701690674
611.9062024007936 444.906793497016 621.0060607739402 458.07851338355607 0.10922880470752716
705.827552316517 440.30200913492956 717.1402822001 454.712113797488 0.10911673307418823
598.1922128067338 398.98861472081626 610.9518241688662 412.9436795709616 0.10883282124996185
590.0883255075396 434.7668892125153 596.5790765312664 443.8693580617496 0.10856778174638748
956.6191002461369 245.27336170485157 963.5499486065253 254.13638356970998 0.10842753946781158
981.2185298713327 194.700229593278 990.7587156922588 206.0915881080322 0.10833479464054108
591.7470358021609 474.17063323173073 605.4364997894372 491.84453956951285 0.10832290351390839
530.9372572608046 420.21557416316534 544.5142410824136 438.2172599879422 0.1083039715886116
621.509920595154 440.30287651456075 632.6466272987161 456.5438715294356 0.10824539512395859
651.7327711249683 474.5093596612275 688.7648896398122 527.3550078879181 0.10819212347269058
940.6796114624517 236.93907479991915 949.1408971087453 247.8007295203734 0.10810670256614685
693.7638596998266 466.53442448516387 707.0248102904806 482.114849310528 0.10804355144500732
533.4145773224028 450.1749618192316 548.0579044334214 469.98155408734056 0.10788238048553467
599.7512931831203 413.51261122325394 611.1970489701388 428.68991511159516 0.10784728080034256
577.1130663964184 416.70043530617124 591.1543670655841 434.7736163251659 0.10781291872262955
602.4391084271273 434.1110816692993 616.6565533845201 453.79796903933743 0.1078101098537445
587.7639671425651 445.4705990072854 603.2218769960575 467.2604799785677 0.10774814337491989
551.8545295682766 445.85575523388894 558.0788966065783 453.6067540218477 0.10759155452251434
973.050011390275 210.843909877698 979.8647257335792 219.15042727955782 0.1075470894575119
583.1948312863937 437.81997918628815 594.0855597038613 453.12174911171746 0.10739226639270782
947.1333015877323 227.5054170479161 956.1998493485571 239.09846622842 0.10720203071832657
524.0682875949517 429.1359197878734 534.0142279999095 442.7302152996377 0.10719280689954758
546.7914336984052 421.6286300454341 556.9251713996952 434.704072273739 0.10702428966760635
562.3842634566005 437.3583690871978 569.0657120037255 446.77645246540317 0.10695988684892654
609.1096811110016 457.25163034420103 619.662276156146 472.39508799905815 0.10636041313409805
954.3633104276067 220.0196842815725 963.7182210761107 231.75958655502785 0.10620468854904175
962.8498359054274 214.06621223842572 970.3994313649199 223.73815079193295 0.10609120875597
618.6703872900126 457.0846255991507 634.0323339371638 481.4279811335545 0.1060294508934021
572.4355849435474 414.111463140789 582.4120153630735 424.543956132651 0.105808325111866
976.7104314599546 194.47810484442786 983.2262990244742 202.85261754989264 0.10577485710382462
570.4477778494222 408.01780867710573 580.9486227145679 418.7335224807673 0.10560514032840729
568.0975583765178 435.72375373632457 573.9507176656442 443.6116674802593 0.10552823543548584
379.99223834614565 436.69180405468546 387.5583870348186 448.9139678416583 0.10552313178777695
537.7860590931163 438.3924283107497 547.2640963971644 450.7111858705306 0.10547041893005371
640.0266102569819 438.03479603306664 653.7322731939543 457.19255950544516 0.10541357100009918
539.5959907120186 416.40152748777837 556.7986133491631 438.09240612111887 0.10531756281852722
605.0019967511782 465.232068753373 619.9107436421955 485.7927283460044 0.10528615862131119
542.5422392358919 400.40938203671607 559.8276031277321 423.36539881412335 0.10481397807598114
600.0593402154209 482.3471659908634 616.7662790735354 505.0988243702082 0.10479425638914108
509.087414081062 380.3046494854004 523.3532378223427 397.0254755608123 0.10437148064374924
593.5366822631958 459.5767669790551 607.2921415572156 478.02776265012943 0.10430856049060822
622.1979181426935 425.17218366833885 642.0884952100412 451.67597799216367 0.10389987379312515
987.4019299152452 189.64190675279426 995.1991378762838 199.37036949607534 0.10370426625013351
993.4698209508243 180.43181843541885 1004.1409638348294 192.8643337745814 0.10320532321929932
612.5151742244865 432.3830041619066 621.1480059299174 444.7900563774058 0.10316243022680283
567.1745462883415 384.03648209702493 589.5619024258127 409.98818846339196 0.10301975905895233
514.4963856763455 434.19763278325536 531.9690652721189 457.01814062538625 0.1030142530798912
966.9114408556031 206.81918858941685 973.3973536290808 215.21368891467233 0.10295674949884415
948.7411587367186 209.96365340413422 957.5574493098374 222.14288452506585 0.10283452272415161
1001.8705065915477 230.2300559089137 1013.2678089357731 243.53856905878493 0.10271638631820679
975.8184776844455 183.62289748227934 985.2052612806157 195.55902831698512 0.10244517028331757
946.6524497519671 252.97631953051243 955.9919748453017 264.3252485678888 0.10243409872055054
566.902149387536 448.84141268017805 573.5104749846287 457.78557089537264 0.1022937074303627
981.4745391876793 180.7614517229189 991.6409862024461 193.1642112057844 0.1021842360496521
640.4855777780957 451.55676404069413 646.0994449163461 459.0588828419027 0.10195708274841309
1010.8871662808137 178.63780009080872 1023.292924089421 193.04801507634056 0.10189859569072723
527.3415486687993 447.7396623676632 537.6893308119884 462.59571949159647 0.10185600817203522
632.1300321692252 462.0972124960025 644.7986478755726 481.48546902990574 0.10180991888046265
608.944107315166 425.973276118832 618.772674047328 439.1837114125517 0.10151989758014679
964.9824899853598 195.72801733781236 973.9465027292696 207.65179783551966 0.10140836983919144
603.304039891218 446.4586822459946 611.3256332655841 459.1498459662727 0.10112728178501129
1003.1138870868282 210.0993690188183 1014.6953624866557 224.58466961093538 0.10094282031059265
943.9664590513443 218.35144279145084 952.166255875024 229.75976958141626 0.10092591494321823
426.28157198231696 418.63218386316004 434.81310188752406 433.5903118428306 0.10080473124980927
631.4189372147418 451.62154632019775 636.7131977429324 458.8235348847173 0.10071685910224915
541.3989709605689 466.18323495923494 557.3742798786707 487.7876358841887 0.10058193653821945
908.1541157008367 358.4029777016412 964.3762938758449 425.5544759507117 0.10057882219552994
970.599859546055 198.80400502901315 980.5322417419811 211.25914021516073 0.1005137488245964
203.9042439498576 380.6585213796519 244.9482558215253 446.63439454642497 0.10034315288066864
546.0649934193308 384.8023531740253 562.1598092862117 406.04664435369693 0.10017883777618408
1041.6461830067383 132.81522936012507 1054.5837940355514 147.98086419951125 0.10009840875864029
1013.6039629748157 193.93104066661002 1024.5727941818964 208.384768483154 0.09998054057359695
454.86231633578666 444.2423762845139 463.4446683745014 457.7264710414785 0.09995472431182861
583.1740807923156 464.6593982826458 595.5231964296763 480.40328796177556 0.09993965178728104
560.0058513599698 406.3912233458582 571.1476507176142 417.4554653160678 0.09990394860506058
943.3736355424442 245.50682315697117 949.8148317079962 253.7399867715942 0.0998154804110527
202.72585581294445 232.68464669598495 267.1381512731001 301.2138336451941 0.09981000423431396
521.3009027242052 381.7446443987309 535.6103031189688 401.8066337767786 0.09964799880981445
604.5585353119346 469.6119287536281 613.3442421092951 481.8884037802832 0.09963444620370865
557.9215023772671 427.4535992852026 605.5724820530747 495.74984537115654 0.09962762892246246
948.1382954419504 240.447508911853 954.0909901665575 248.32604859830502 0.09954776614904404
966.4600585202779 185.29251395800733 976.0119218622581 198.04838540698933 0.09954041987657547
960.323283727121 235.44403714447262 970.8137808970861 248.28523224140986 0.09937197715044022
683.1748046556646 432.16560969600675 699.2535460226931 452.3255642987782 0.09924747049808502
610.2006790345977 416.26644576604866 622.4985265248947 433.49459694593156 0.0988023430109024
645.8002699727067 504.9788213775047 696.9653734518087 579.0741510325362 0.09871784597635269
508.48380226282984 397.54993684643375 526.70908091922 424.36075330877554 0.09868872910737991
1013.5816300770985 201.12957143780656 1024.6934979695473 216.11890112429106 0.0985303595662117
555.8882096199413 432.6378248251044 562.1920102297631 442.33026305765515 0.09847018867731094
514.8262579651998 452.4574424331806 531.4429843208602 474.86526450119413 0.09843721985816956
552.8094698613528 391.4626455240872 565.6564165795229 407.9815815969272 0.09842655062675476
586.3209434422289 395.8684724274888 599.0273057545123 408.523211229605 0.09827391058206558
937.4109699795581 211.8324941925598 946.0535547390608 224.0686780966635 0.09822628647089005
1004.2890865008859 221.4755114482229 1014.9494245120816 234.38387133862796 0.09811145067214966
1001.0554163156158 196.76301107698814 1012.6957409591337 211.29541971499617 0.09810303896665573
605.6722207305322 433.92380654813843 613.3418379678844 444.8578078531825 0.09778276830911636
533.2619932972815 359.28509037992546 553.2432643918831 385.30828927080813 0.09759403020143509
989.6513344823164 172.3493965966604 1000.1154621376912 185.28486062364044 0.09743311256170273
1023.7353312746487 180.05073116674598 1036.1389233234768 194.98677539921462 0.0974198505282402
500.21723609454375 459.5537305050149 507.62208386330434 470.4778934582515 0.09726354479789734
506.31694190267564 442.6238652557868 519.784141860589 462.34658275131585 0.09722817689180374
959.2535143721908 230.16570881527153 965.2591471049947 238.05258496436625 0.09714052081108093
591.9121871118401 397.35217683657686 613.8898392582488 424.3193249505445 0.09695865213871002
667.8033159450052 441.9689057772765 685.8618052735615 465.42872564346294 0.09678584337234497
424.85039499334647 445.4967326452444 434.663904904034 461.0611407290627 0.09664931893348694
998.3072131354646 162.71085125807616 1016.1036466881912 183.2284496235582 0.09634567052125931
642.0135895590664 461.1308819717455 654.7155602353804 479.58374708829456 0.0962606817483902
546.3608132765862 477.2703396653689 566.0627023881144 505.8104951996446 0.09622886031866074
994.8929986330788 237.2635114819532 1005.5078287953794 250.28366880193906 0.09618719667196274
579.8220874059433 398.1979484997151 599.9390432073828 422.50099443396005 0.09607210755348206
544.8696241913535 454.75868704909664 553.436001717526 466.9146934956648 0.0960480123758316
952.5028496839104 195.85480019091213 961.9391732975504 208.9871766095421 0.09597240388393402
558.0053349483452 466.12116507122585 574.5831382043615 488.58227462873003 0.09588822722434998
525.431370461598 365.36389370054854 553.3889892255627 401.588382815138 0.09536603838205338
608.1071653740576 409.3707796339679 618.3546706178199 421.8756592315443 0.095317542552948
94.97013875390462 411.3945377684572 122.52116098107028 450.07547661422575 0.09495869278907776
564.4699940224353 397.15221437350937 579.9393658308123 415.8905477713354 0.09483517706394196
583.6814651696658 496.8399588520234 609.121188514208 532.9774609640061 0.09464490413665771
619.8307627284545 414.2466084635286 634.3322062305182 434.2485648447424 0.09463650733232498
538.3330206083418 375.82627246589976 552.8311571204641 395.9596312309943 0.09463311731815338
417.8703384356984 452.971476380444 426.3190880747998 466.03664355481624 0.09456527978181839
638.9334180756932 416.3146252457341 662.6582862797251 446.89144044792533 0.09452498704195023
990.5399665381334 206.1403989233227 997.1543514025151 213.6730229332423 0.09435097128152847
530.1619789691771 352.5562773887389 543.7152426953937 371.0953046894754 0.09427967667579651
301.84027307115747 457.178406837658 308.2476404542306 466.51881900497773 0.09414821118116379
520.3335733413029 412.2946847565279 529.1593445703796 425.8968208098965 0.09414311498403549
969.4101229239775 222.958109116956 975.0712498182849 229.96294707938722 0.09409483522176743
521.4222526059264 408.7039633739085 533.9839530198922 427.35174919999196 0.09387052059173584
665.3731022558179 438.16042999466936 677.0498912940432 453.748825852702 0.09369237720966339
634.6643722895637 454.18567045378575 641.4121863089522 463.23761617957086 0.09369164705276489
515.7468657133858 429.4047726535394 524.2419167314929 441.6479851666802 0.09369108080863953
-5.112329715937258 -6.86362102455766 96.53303960319934 114.06949226786365 0.09364594519138336
503.3485511443834 453.1134294775494 519.7075859341572 476.1271410480988 0.09356749802827835
394.3209358146752 433.97416052872165 402.58132842874886 446.8718557071965 0.09319756180047989
676.1272145578051 469.0248327848506 695.1443363238764 494.64611365801454 0.09312830120325089
497.36249928007277 425.0662260748922 514.6289942501719 449.63061584805473 0.09294486045837402
633.52104660274 416.71183331268827 648.3678224760264 435.7571335905548 0.09294472634792328
568.6759242837916 428.1584252207306 575.7856837267936 437.1673170528815 0.0928872600197792
554.2193299038184 378.88600312144104 567.4069546249821 396.0297131161485 0.09258721023797989
685.0292721326082 348.431453370428 925.1212283306795 606.9170905283381 0.09254399687051773
448.01968257691874 399.73482278987456 457.851156653533 413.84858386582493 0.09243343770503998
584.5384449631342 462.48805907544363 598.4849961346735 481.3233754707431 0.09226223081350327
1034.6487954641295 159.8241575056148 1051.4285215175903 180.18175375487596 0.09223046898841858
413.1185343218734 467.02153912970465 422.4472404979347 481.00374255199273 0.09219101071357727
952.801998647641 239.81274197258927 957.7321924043827 246.39717407411447 0.09218399226665497
505.12914335628926 441.95197369314207 511.5904196349936 451.35205518110104 0.09216747432947159
642.7744355094566 438.5679117398728 648.0549273288675 446.55918298426144 0.09203994274139404
489.7169335285638 358.2072198160502 503.6241482384754 376.7203405723863 0.09191538393497467
601.6580462358668 442.0400885809216 606.8113256264253 449.7304611778205 0.09182409942150116
943.2841721986599 202.7720700285407 952.356896811884 215.53965391326173 0.09176627546548843
554.4305953477407 416.3934805777339 585.2007542015701 454.18034831328976 0.09171020984649658
528.4118556207026 466.53387045190544 542.661546237181 486.5431126898168 0.09167124330997467
655.2185757598364 459.42895286686996 667.8049056668749 476.8139185868319 0.09160594642162323
608.4041921213376 400.4327786842376 619.8018130620867 413.37260894320286 0.09159775823354721
980.7978397487849 170.40586139236953 990.9684577984528 183.3500012339814 0.09153704345226288
634.9342408398313 441.84462055416907 641.9884383065593 452.5648533618209 0.09148266166448593
383.62666370860876 453.73039363245766 392.83108408199314 467.61091816029807 0.09146177768707275
509.3913109245992 463.42276845773335 531.507134203082 493.35563637151444 0.09142990410327911
674.6605414425558 433.5537899532537 685.8542150927148 447.52112879916336 0.09131917357444763
596.1189083322827 402.2578215670752 657.069903029126 489.1042649644114 0.09128370881080627
396.6044956574492 448.0133515130567 406.08289926937715 462.36101801854255 0.09089977294206619
580.9231167704869 477.05177592913265 597.612331992996 498.06684325602794 0.09064596891403198
507.5448813636398 418.1444105333969 520.3052751477891 437.6537089561028 0.09063852578401566
626.4644186640461 435.20911338879046 632.6308747331819 444.27196811296153 0.09062881022691727
711.3131130994589 419.0970934219531 756.4324214204606 472.8875014382252 0.09062379598617554
649.5482844420385 444.54041258392334 668.485744389218 470.42071283042833 0.0905783623456955
628.5997436754059 455.16599682056705 635.9960592138137 465.37033101986185 0.09032566845417023
704.9527781827323 453.1616741581075 717.9095081707464 470.4631867800992 0.09029514342546463
81.29920948253255 142.3664053348807 169.51597751360245 245.70932986408314 0.09017904102802277
613.9616475050352 388.3703434105143 639.9627847587813 419.64559522436247 0.09016510099172592
613.3749789530232 479.4408403577693 631.4238077549064 506.5912743113446 0.09008940309286118
581.1787784922589 431.8121228508906 587.2017101621186 439.8088308579747 0.09004095941781998
1059.394917708526 158.34274280321858 1082.6789343288608 190.96581531973243 0.09003034979104996
452.0087813610421 339.29211320701995 461.81198298719954 350.6510165771348 0.0899457111954689
504.00262029020297 355.23388479883494 519.0534997157456 375.1706228119207 0.08986266702413559
493.73490344721785 386.2606086865474 506.7640828928639 403.0530517689324 0.08973811566829681
429.5057833461288 441.2427904123217 436.60583485121543 452.68714705838715 0.08955264091491699
407.6882791468289 428.9226073403009 416.81613599651723 443.77359681407694 0.08954355120658875
560.5535050057724 453.3100377394195 565.7703825694962 459.85555998180735 0.08945856243371964
675.5263243046 444.14075078667565 686.9010133116248 460.5690951174522 0.08934305608272552
466.6898600232201 438.8106742047058 475.09798616443095 453.5090072085732 0.08928102999925613
435.6972892700453 420.9466207685594 446.1534736135056 436.42373524623355 0.08914798498153687
495.5018866478234 445.8972413621657 504.3269675608795 460.19872288721984 0.08914341032505035
966.131746256109 171.55391795095665 976.6293584836949 186.17343114994847 0.08887091279029846
634.0377091686768 479.3641805197731 651.882651374582 506.9196120653808 0.08871585130691528
608.9142673310781 436.90988389018344 614.3397659146074 445.5543203827938 0.08843287080526352
1022.0098908062677 201.4114844557711 1035.6340179251208 220.40080001457582 0.08840707689523697
437.7304853634477 210.44945070095406 512.5769014987355 293.63389442235996 0.08831349015235901
587.8204456496995 373.4232727477417 612.1185217908718 400.1932762594518 0.08824307471513748
958.4280043665034 180.9326183698249 968.9568234391139 195.63155385056717 0.08812154829502106
424.88044351426674 457.5704623204127 434.17173560526567 472.0569333583378 0.08800939470529556
706.0365363916643 469.7778421389944 718.0685599957851 486.13552948778243 0.08799292147159576
301.28967600404326 456.83300866944177 317.1665343991656 479.31349828779247 0.0876610055565834
387.8054389818799 426.07734098051816 401.03320193458427 446.1256381507481 0.08755750954151154
510.00768652616375 467.74697727619554 551.7803815033476 525.5166546848545 0.08754201233386993
573.2343814338806 469.3235591254807 586.5241947865857 485.6069794641071 0.0874876007437706
699.1039120843363 431.78277334424564 709.080371097932 443.9248994295567 0.08736350387334824
1015.613803820618 215.39226856688066 1027.4254514740594 231.43397837723037 0.08725126087665558
476.04449031149557 370.2188504518018 505.07516914382353 403.8315964378932 0.08711062371730804
658.3300438707066 445.0325941108852 669.0915441361955 459.6494025436218 0.08710592240095139
501.79636576478384 444.3244633781005 509.4019853973877 455.97435666003383 0.08670336753129959
650.3754267552918 466.77215178995476 666.1304165311232 487.91890976259646 0.08659020066261292
516.3329853398859 347.30015168895324 530.2676276759394 365.47978572060435 0.08656243979930878
986.3495696713795 200.53253696242462 992.7523243805593 208.26088062291694 0.08639953285455704
419.50595276242547 435.3745171277507 428.10979347115654 448.66337951799954 0.086396723985672
497.05948421205716 373.2670617725099 511.88575355643445 391.98141471356206 0.08637348562479019
1064.183463705006 134.45213328589062 1084.160877094685 162.26542026520616 0.08633922785520554
550.4802867377095 361.00300027421457 568.4650793178896 384.3259965052853 0.0862056091427803
903.4570459561189 503.2338797113578 1190.7559610254787 833.2926646261546 0.08606711030006409
1028.7609125098095 135.5766408337172 1043.1653771763508 152.22217286304743 0.08599305152893066
429.6650924631167 449.9682193852351 435.95265803844995 460.54087505107736 0.08582136034965515
607.8801477589797 493.0444296954648 659.4859640615811 574.0279879694372 0.0857933908700943
493.1973225622124 441.49232824370296 501.01484190658505 453.99868163425487 0.08575364202260971
482.65853100860755 415.4274310237792 492.52264044217503 431.81474272495444 0.08573707938194275
442.6413394174926 448.1744475999606 452.36472871580014 462.26739494096 0.08563221991062164
101.24368196047281 248.47317562213303 435.04460058433284 632.7826193205019 0.0855046957731247
499.1404518648086 392.50758717536854 517.6447288127209 418.82324352347274 0.08537536859512329
544.946926307071 375.7960588304811 579.6740626271352 421.4792122442445 0.08525945246219635
399.9485376185467 417.8372154782913 407.4790621134766 431.31613770067474 0.08523537218570709
489.68832235532705 409.3548258938584 507.06492661058815 435.0620040347876 0.08518356829881668
658.7929923950707 427.42070117302865 671.8222453059396 444.46290403406283 0.08518052846193314
652.2530033200245 497.47781239024647 673.3279626887993 526.7244178915469 0.08499758690595627
492.599610755579 453.64052271905575 500.4934789187229 466.3839751129601 0.08497460931539536
1014.2208544933252 143.38260693617963 1027.1414366661604 158.93253086879238 0.08475256711244583
963.2429301544101 223.11666302482973 968.5012581687921 230.2112385624299 0.08461320400238037
536.4028633653465 481.64252402388723 552.8493361972095 504.94682946112977 0.08449935913085938
543.4430218085303 530.9038006767441 591.3205803764105 600.31222608213 0.08439985662698746
652.3644023509607 434.5284977389415 665.4050488559438 453.14374884245007 0.08431955426931381
579.2454283812377 505.5579942983229 640.4929041077658 594.8396267160228 0.08389954268932343
688.7075485178858 483.5943562084023 700.4699802585887 500.10679158269875 0.08376296609640121
687.9617339364922 426.0659956009568 698.7752283066781 439.6401616356769 0.08372817188501358
381.99813268204207 403.73857046944676 391.2839380897747 417.5877497370988 0.08359210938215256
443.3474913267261 334.140243590947 451.98460770952653 344.8844028558412 0.08328762650489807
662.9440674499842 399.76763215021066 696.8316423893498 442.7327276081683 0.0832579955458641
532.0361412829996 496.76772271473476 576.0649203661873 560.2543125889403 0.08322280645370483
622.2631227770223 432.14678708377795 629.213828172318 442.08674699716755 0.08320661634206772
401.70226495113224 468.59778821738723 411.90401545339176 483.6776075902057 0.08319512754678726
503.2955250877106 340.9487925179092 518.7059587781628 360.83988866965103 0.08310180902481079
473.59460734546053 424.485123197398 482.38294686076404 439.2316866677916 0.08294332027435303
496.52886592472504 471.68157571327663 511.6072818233052 493.2981157575411 0.0827699676156044
476.0375440166342 352.4128046454978 493.14272803022084 374.6458520918554 0.08276902139186859
64.62169131384981 390.73696111390024 89.00872016439878 423.66363962945627 0.08270993083715439
33.165530891060655 370.16369338334727 72.8468226692817 418.6688182373283 0.08266833424568176
978.5186278967923 156.10706171313007 990.1633368113028 171.3149165473547 0.08250652253627777
299.1863617381646 435.5392649031575 328.25444683673345 474.7127427736399 0.0825059711933136
388.1591762740987 410.9111998530051 418.7568586885568 457.41151872728256 0.08237922936677933
464.3568692904649 329.50709327096433 476.9246722836262 345.31528350264495 0.08233216404914856
628.2834300408075 379.35046193606485 664.4738225589235 423.18460172471555 0.08227334916591644
486.64765041712326 432.9059029185907 495.913108153086 448.6833724583423 0.08212251961231232
450.8006436662908 443.95560663762944 457.8610679855832 455.06922944654775 0.0820358395576477
385.1118087876207 443.17494387089494 394.236554959153 457.0081066622642 0.08181876689195633
567.1155373715434 454.15158421202983 574.9595448058373 464.9408222475708 0.08180589973926544
687.3999821226444 527.9905339580664 694.417361429114 537.5108560413165 0.0816958025097847
604.6901918224715 457.44995496072505 610.6195907748511 466.5396239999154 0.08146193623542786
385.087681686785 466.1347957666461 395.1173886550344 481.3499056879244 0.08143111318349838
1032.0448360821608 118.23083349213758 1043.9567194542783 133.015906311674 0.08128631114959717
662.8544032789688 468.11724021266525 676.2380047371292 486.0068945916659 0.0811842754483223
416.6522218890089 445.33419854232517 424.6198606248949 457.2493385681522 0.08098973333835602
462.09396427261333 453.28207027725847 470.16037150692716 466.6204860529935 0.08091704547405243
543.5740482400938 340.87214063119393 574.9388690825048 380.7055807481051 0.08091071248054504
431.9144828881923 405.5572141472088 442.1330739249784 421.6150261608125 0.08085300028324127
426.31732159519373 325.8206011052871 447.15374606191153 348.55288197007957 0.08075585216283798
637.473582480679 457.6435943162873 644.3570623894942 467.31278790961164 0.08071261644363403
486.8276550417138 338.7612752238734 506.3063846810767 364.3537221952221 0.08066616952419281
407.7912185341446 441.72997011148556 415.84593993461255 453.550574523971 0.08065654337406158
986.864712602778 142.21796303288153 1004.8692074163307 164.6685198681164 0.08058790862560272
693.8303507257122 62.559718205549686 955.0828518256574 363.60784778098457 0.08046060800552368
423.6274536754053 471.6270755037433 432.90520763033146 486.06474409594375 0.08038735389709473
451.87873621589563 425.1651655797241 487.66808059680477 480.2518114476984 0.08036006987094879
400.4271048685762 453.7597090779404 407.6933716577052 464.8903353161796 0.08028578758239746
504.5060017231338 370.1684222883851 517.4320127994157 385.5809179000932 0.08027105778455734
414.98071089567344 419.33652817756683 424.311804608245 434.4702225760913 0.0800095796585083
482.5400799164778 395.9422270610109 500.1038380703595 420.87739119398066 0.07992956787347794
448.9721709732112 451.666514095192 456.63916239486923 463.9739012222878 0.07979860156774521
718.5310796384755 455.3106904784053 729.8657690219402 470.3119835134265 0.07974523305892944
489.43133506967763 478.6846685169859 525.8183668962266 533.7248630132381 0.07972285151481628
410.1308923653862 475.4470371563376 418.9137363111207 487.2421924390362 0.07957881689071655
388.8179186132874 411.9332877858486 398.92342809947775 427.3176824980246 0.07957438379526138
375.59761915882956 466.06048042322413 384.4808619830404 480.9731523140047 0.07952621579170227
480.16851306181144 458.7040105681222 499.2927373596322 486.5496624119098 0.07950910925865173
511.4780829625427 326.1095150109419 539.6058089052506 361.4547513295801 0.07950789481401443
654.8465461951852 418.4961750896811 665.402456862995 433.1346071576116 0.07946734130382538
711.4190349680767 473.58864785649814 722.9861073627247 490.8414995241818 0.07945132255554199
421.0295493153564 493.98981881645096 428.3485505296624 503.65252693645834 0.07944227755069733
444.27630277384515 434.4347377569101 453.47120632459774 448.0732023946865 0.0794307142496109
492.1032401574292 419.0549263951441 506.83973649355863 441.46898207712616 0.07934381812810898
540.7521544538704 343.7643609198965 554.8601809461666 362.544206962445 0.0793217271566391
390.62459399845886 453.5033040242415 398.7113136795852 464.97949898149665 0.07923441380262375
718.6795099668548 488.39060320580353 728.884690067364 506.52760183955445 0.07910338044166565
995.304867516196 186.89059961738505 1002.3700274368092 195.52318420702878 0.07892222702503204
701.4209038475764 407.2788792780441 733.4179218788441 448.9936222410452 0.0788770541548729
482.81086048048337 443.83642075391714 490.4996401874622 457.92093889225333 0.07885938137769699
444.8362527446219 417.89048278540264 454.64979962397143 434.3768299776959 0.07880415767431259
558.609143938628 495.4014083860424 582.8947673301774 528.7769374433542 0.0787782073020935
477.7679566793862 437.3311443213477 485.52721833363034 451.38446704476434 0.07868153601884842
371.39477056107626 441.14325921254067 380.792169384488 454.8848366214079 0.07837946712970734
425.93439807232966 399.79675063164365 433.86040101840285 413.0228976068981 0.07818972319364548
374.12492419167654 476.6097202130472 382.32595870765937 488.7151749341738 0.07802814245223999
616.8803903715994 366.4491713499353 643.9565825047359 399.6670316152782 0.07796847075223923
439.37490961535315 455.37825410042007 448.9572002362224 470.2526875616095 0.07780415564775467
404.46492848853933 408.41065542704996 414.3191503971895 425.3586697454834 0.07775641232728958
517.4401858841952 331.65279378573547 530.7507652722551 348.8668991374191 0.07733485102653503
522.1978932416052 481.113420884503 533.8504895253401 497.8949552353548 0.07723644375801086
394.11050470316104 462.56347046005845 403.8456062618874 477.14925607660587 0.0771380364894867
445.0963982805311 464.03349276265124 453.70009451309664 477.5178130733605 0.07700765877962112
243.6618729798709 454.80474466856936 268.86738818177366 486.8677851594571 0.07695919275283813
458.3336279008985 345.30865633697346 483.0782861464648 376.6059629088288 0.07671983540058136
418.8853545948671 403.39071358270985 428.6186443293505 417.11226108348495 0.07667113840579987
499.1699123837046 492.14547508202503 512.2344813199214 512.2863271861409 0.076557956635952
696.2176303180485 483.86292047659623 707.7184323949456 499.61143161854704 0.07650889456272125
452.36606474864277 410.1913368239725 462.82735013724624 428.81523218630707 0.07641173899173737
237.50806808014585 410.5991613880855 287.2278890682787 471.4623148534953 0.07636607438325882
488.68407088532354 481.54254065657796 499.9897024901604 498.02960436193615 0.0762171521782875
371.6172648840591 513.6371993509479 397.9914372938257 553.1315363994316 0.07617861032485962
425.4273273391429 404.7246695565205 455.8098648294523 457.97921661024253 0.07616470009088516
473.8190114810005 447.9723584248017 482.05875819653926 462.11401421500267 0.07604759931564331
280.492998358109 427.2086181986937 312.432693084703 469.5525669408444 0.07594852149486542
567.8400907323904 365.31912854287856 584.2693160195613 385.13755084944154 0.07561402022838593
374.9057303109592 419.53364327394496 384.5381731647011 434.2206183817565 0.07558875530958176
457.6184944579122 390.2783077820229 481.2854834031837 423.81430363602976 0.07520990818738937
697.2476235142851 510.3899174792228 751.7177424608318 581.7203745750905 0.07515028864145279
489.52229029060646 477.702347642606 497.2323491691835 489.1932979035059 0.07513394206762314
506.1108721341502 491.8940717768444 535.9388648661011 534.2561647076086 0.07512009143829346
57.55497133696863 324.1845913939097 110.35172706991649 392.87564307898197 0.07486813515424728
630.9123941483368 450.9112282168784 656.6720036880208 485.80456080816197 0.07472186535596848
563.7693473192036 339.6499029034624 606.1398793233983 391.70634762896276 0.07466457039117813
498.5397880704508 521.0635998797727 549.6478992260078 597.0055496730705 0.07461118698120117
717.410016429613 440.76049959864156 729.364982622667 456.00602413960974 0.07422888278961182
432.90988526810446 467.6399670472621 442.06067990831104 481.67440363179855 0.073972687125206
490.26136019070026 504.6515066902048 507.839550277528 531.2380607836246 0.07396960258483887
389.8864109697086 383.7100079790716 413.7554434445423 416.9875345508023 0.07394915819168091
404.8184412696504 553.5788423889095 478.7596569221644 640.9436568558656 0.0739322230219841
435.4833530116423 345.5522103420331 459.4035027925832 375.46074479361096 0.07388786971569061
420.7572806725325 373.54288005971995 449.62654746103755 413.6891322184343 0.07348152250051498
365.3528968631821 433.3046085056839 376.0919625323813 448.3365547236683 0.07346068322658539
450.5834446503855 363.7040717853152 473.62905923411756 393.4683711641636 0.07342466711997986
355.72786823540025 417.2189418049708 381.82976639839643 453.67448900671906 0.07336463034152985
488.3852981026766 458.7597746567246 495.2121225139149 469.43448236144286 0.07331985980272293
384.77124813159054 427.0506546768187 393.6624248484789 440.88006968498735 0.07329228520393372
-2.4345026024201974 327.6839869969774 6.028998410319412 338.87227478086976 0.07316164672374725
387.21849154182803 390.3141076683982 397.45471155899395 404.65466453017797 0.07315628975629807
472.9590730763521 302.25720234145996 705.761092633113 558.2440825025793 0.07309196889400482
466.19987881102344 473.53872166262624 489.7088531642327 507.05690065561396 0.07294530421495438
654.947506420102 475.858717014379 668.9105398184623 495.7663637977162 0.07282489538192749
627.1932883321084 466.3642742336933 643.2290344669777 490.259844680955 0.07277285307645798
686.8871499334302 500.373453355544 702.720504209157 524.4754817373678 0.07243813574314117
483.88688793150476 429.093658725044 490.2358352899306 439.68480501192283 0.07239721715450287
415.86603608103974 391.9788614294902 425.59611816504383 405.4970576484266 0.07220423221588135
693.9691601118936 439.5617260276856 706.3846422172596 454.0992319346357 0.07218172401189804
290.9982021904832 467.561116189854 307.6640875305951 488.76931358024154 0.0717986673116684
385.6123118470037 423.2631639088922 394.05740805797495 435.1595042428565 0.07178635150194168
361.87593570597625 387.6649088116768 412.0703596189037 461.65565659864455 0.07157416641712189
586.5891153570379 344.81011075564066 619.0682651711086 385.0185844036696 0.07157053053379059
283.92577556156704 454.2351803133701 298.80750091095376 474.0477199361882 0.07130081206560135
727.2840321823244 471.4734934135519 742.0681898568675 494.6817435909556 0.07120301574468613
421.07814272525763 481.2700952716243 429.92485990876054 493.5678186817836 0.07111715525388718
49.71304786942385 461.973300481299 98.48449638410828 525.2750046590348 0.07111189514398575
412.06472709421803 486.93500640015384 422.03765024355783 499.8302927206736 0.07106003910303116
468.4581428188663 544.1693089613352 521.2169044655764 617.8440076750674 0.07105739414691925
317.5246589255038 386.42794192809663 367.55012512375856 449.78534132400904 0.0710175558924675
485.821304584255 500.5256474401686 493.68606986144107 512.1439053026488 0.0709296315908432
476.0845249660803 326.6991398754226 500.1858732801172 355.6083309498614 0.07090535014867783
407.8872708424945 469.1726083907603 478.3835887937793 551.6370160454727 0.07087279111146927
482.1022379059481 495.6813496964208 488.1942050425534 504.64906595164695 0.07084232568740845
467.65752017029405 455.54138150635896 475.90927487681154 468.8589942905649 0.07072600722312927
669.1802061726976 477.72429783413236 684.7629934609091 497.8636158917419 0.07061844319105148
384.8854922173892 380.7950615716813 394.0952467952151 393.30284865587055 0.07061156630516052
413.44867898971967 351.76669403999176 462.87940805725214 423.0309157299503 0.0706099420785904
369.4631198609724 464.6694803680607 379.60253828988465 479.1111698142285 0.0704491063952446
517.6740668986779 491.19168440433583 534.2948675288799 514.5172552223513 0.07037899643182755
680.7727342519204 464.8066875876824 692.5102365969356 479.48854506800836 0.07037868350744247
343.0263467413011 456.01358871550315 400.28831713739606 538.803165535628 0.07027698308229446
434.8162063805436 304.3829034328223 448.1709586905454 320.9449273940672 0.07025603950023651
427.7204915659019 480.5398033124572 446.9305913514998 509.32891719000105 0.07014979422092438
531.4693392472145 484.1412147526246 539.967822414606 496.4181746111367 0.0700669139623642
445.78046987612896 477.4006335394879 453.0208610647792 488.01728825254355 0.07002858817577362
305.1507363202623 317.1598435955562 384.43120813639484 409.8163309870144 0.06970449537038803
450.91498051220225 358.24724331768016 459.47212231549594 368.08200972285323 0.06966536492109299
484.1726138120642 487.3292619153695 492.10774678557624 499.2814977504648 0.06964316964149475
475.4456722599784 460.57439141164974 484.60653519542444 475.3971161174752 0.06940989196300507
471.8870646338618 469.8164059641574 480.64192426467514 483.33717469685337 0.0693461000919342
403.3685608728227 428.8358397852583 410.6383667878969 440.0526397517534 0.06932307779788971
450.77375417048233 347.3378392723237 464.1865570956029 363.5477038139905 0.06926054507493973
597.2144202702393 331.92425952174915 654.8581938256872 400.71705473915716 0.06911703944206238
388.14465382516124 82.17897744398387 661.5005230529046 385.5260083812254 0.068976029753685
326.8816079668218 416.7186614773922 350.05852309654495 447.7495029663325 0.06889265030622482
315.2461093834822 577.6338637845124 402.46014929098817 668.6379907354216 0.06876994669437408
630.2992695592043 531.9597636843181 637.9754762567514 544.1771503956186 0.06869301199913025
417.3544148520692 317.56014467013466 430.26503554670603 332.024436353648 0.0683799460530281
674.8225795372239 516.4624875401547 686.9254476764623 534.0864837977654 0.06821475923061371
430.03905497219864 483.0271136125811 437.149882933243 492.68265025016825 0.06815782189369202
640.346601884156 514.2919182563238 649.3055539336626 527.876008865674 0.0680360347032547
450.09150559147065 329.79696350382443 458.1988625558382 340.1279721809537 0.06796768307685852
631.8483916914566 513.4441110219244 639.5593421782273 525.678327660935 0.06787805259227753
285.07141741921873 401.7972057689284 307.1418047764762 435.6887219815494 0.06770507991313934
670.077081287775 425.67767548772787 679.3445234861206 437.6514531741021 0.06760834157466888
464.0544283844825 353.47547952129327 471.31623673065974 363.13900985472293 0.06749369204044342
383.01593921795944 488.8524047598367 393.8231252261504 503.17311425024394 0.06741981208324432
444.92115770303604 304.39663754358315 505.94328652058346 373.9705940607599 0.06733805686235428
607.2237602349885 510.78663386839446 621.5335155614224 531.9091144492169 0.06732259690761566
313.38743352660003 429.49667777486815 349.40086142438264 477.07935543308446 0.06730750948190689
544.9095702681434 510.84314049722207 564.4495266704926 539.9980276207372 0.0672864243388176
473.7105549968048 351.34362967353024 483.2927109437067 363.8860720314667 0.067177414894104
296.4360019550004 473.6140787070907 312.71949785273455 494.7316108200387 0.06689511239528656
375.0070681787096 488.32362713501414 383.9603928517827 500.99767258276137 0.06688892096281052
527.5694597367574 332.8496063748536 542.2267374313581 351.8097790246579 0.06679459661245346
508.18948724054457 290.0241214304853 561.0181667156669 358.39240172390856 0.06664284318685532
963.9567225523442 337.40121295636084 980.2646457968973 356.17684007749034 0.06656374782323837
382.305719380538 477.663318723865 394.6960095732361 496.08511737920776 0.06656215339899063
359.3454311107528 453.0798138939455 370.672527283262 468.9402191156581 0.06656154990196228
466.70174801857837 373.7268369680416 477.4899058957777 388.4234043119026 0.06651948392391205
590.5976502403277 508.7429186386621 601.3306535864874 523.5411687893272 0.06649143993854523
385.7842335078255 468.7803849141271 413.5562494254063 510.5520156248003 0.06647855043411255
461.86280850582136 489.1193603573628 468.3835271673376 498.40501451872757 0.06642811745405197
941.8409026787647 353.5302008857732 964.6102255023792 386.533580304373 0.06642521172761917
286.17198643846933 487.39620008723995 336.28115114618964 553.6305085347708 0.06634414941072464
414.3120890697332 360.5423238917808 422.6524446182498 371.4161260613235 0.06631984561681747
560.4903842757604 609.8238567986047 657.816209755629 718.0033602512931 0.06628821790218353
194.89060083447694 302.7457723129637 271.1018959257839 400.6346136433236 0.06624603271484375
350.63482847393857 577.0218377450856 387.126307392656 614.2786639048529 0.06620223820209503
633.0807183726524 499.4465627248977 642.2329723227215 513.6333425968437 0.0660402923822403
182.74673884150602 461.3748072842871 251.04594074651754 557.3583421341622 0.06592637300491333
582.7561203217836 489.383754158652 595.1696667184605 505.49253525409017 0.0657808929681778
491.0247806237079 495.88346596177485 498.83069346818326 507.2873178353805 0.06569670140743256
288.53497503300434 432.0235909699987 297.9641838617802 445.8954489048451 0.06568781286478043
512.7451530316149 484.6480261666107 523.2817027268871 499.37936036207856 0.06568020582199097
456.2593928770235 469.8622844274147 464.9443041147416 482.54851316525543 0.06524958461523056
466.3093579180423 472.82607245428284 473.86742745930275 484.4382633039722 0.06501681357622147
562.901144125569 522.8819017872441 575.7745025716113 540.4976798960736 0.06496421247720718
-53.35482909063214 579.1590877669521 107.16970619610501 772.7096254471855 0.06485430151224136
472.8094594523917 407.7132764990109 482.5886433644808 422.67705973070844 0.06466303020715714
489.3926033523472 313.1902037996738 509.86612652214086 339.8167513194154 0.06459419429302216
447.2633293196421 301.23884856802016 470.4050655440631 332.26735403242134 0.0645260363817215
356.5633256611926 472.6176596109098 368.14801076242907 488.18892480737156 0.06443721055984497
458.5576402667856 357.8532754728763 466.8060643574993 368.5707548629472 0.06430511176586151
353.4799725091716 433.710044254284 369.55015213887975 455.55621914780005 0.06418774276971817
438.78531349242496 505.308881316084 477.04182089127335 559.7050239844174 0.06417010724544525
443.46550014425037 312.8101342227668 455.73308672838175 329.0116517443213 0.0640544518828392
649.9787910030651 513.1843970342813 659.6454265457118 527.1798126110295 0.06402761489152908
294.7863196309847 449.6137824622005 305.27833862905413 463.6147303823859 0.06401759386062622
244.6723365102765 502.2199547829451 285.9072016168426 555.7675241004406 0.06394476443529129
729.1363295218438 440.78644353840394 787.7293350809391 515.7381671485288 0.06393326818943024
-14.761796273360737 432.81420486672056 34.52081364765915 498.85211775122167 0.06383682787418365
382.7777040804019 335.86245706581525 422.0372627635286 386.9147047099653 0.06371033191680908
421.7750020280367 303.19523506647084 435.88179681209226 320.30054775689894 0.06365618109703064
414.39885719767705 336.16577481678513 430.49077839765005 356.9793008143884 0.06349567323923111
510.5606720834283 506.89682568621737 521.1327312607253 521.5759544917596 0.06342466175556183
1020.8094285364576 208.81695304872628 1090.9824150160885 317.20398041208284 0.06336447596549988
951.1608276636871 -65.9065455199364 1135.4029847546833 160.890200720698 0.0633249431848526
256.23192426338306 478.40411329635356 291.61179015785245 521.8489687938526 0.06329094618558884
364.8532191226835 478.1946149115923 375.9675623502807 492.41276931528205 0.0632626861333847
536.3849596300834 514.4325827509308 547.5641171260454 530.2878210143228 0.06324614584445953
466.71453696109535 359.3697261530443 475.7819230707479 371.95187141652053 0.06312008947134018
524.1484240484782 511.2557391523029 534.614313000207 526.5506717595457 0.06306962668895721
477.37075107145125 339.2238349811693 486.6730367883813 350.9888579789309 0.06306224316358566
498.5312282307293 560.7838889668064 684.5739089950082 763.9366658956147 0.06295838207006454
354.1238180283979 261.6448106168836 439.6399632746267 358.90854584060844 0.06294138729572296
558.2973363338884 534.0851272937118 567.8638357541195 547.2060624850541 0.06252048164606094
396.94313712080117 520.604447760096 438.6663486013524 576.3974956850584 0.062241289764642715
344.741771669413 431.71445812656094 357.37894767678745 451.9278815286631 0.06223156303167343
467.83727353020834 487.17521715087935 477.48617949887966 500.3647772725276 0.062130071222782135
384.5105172150387 513.5342523831793 393.77688715639596 526.4017402319336 0.06184917688369751
325.3378475043843 462.1010881767733 365.95379673255667 515.1359163737241 0.061780378222465515
508.3622756472899 491.7916354219765 518.7093417887328 506.68182656157126 0.06152225285768509
402.2950327730098 435.54509396208675 441.98777759922376 503.38552833497926 0.06151077151298523
582.4825606844421 516.7317360025054 593.3599439948744 531.6600685251648 0.06125686690211296
694.7505712338257 525.860396887644 704.2181270702437 538.0525058148271 0.06120587885379791
628.4718397998099 538.1705875852622 645.1019655826566 567.7570649389947 0.061007238924503326
231.62717693358087 607.8729235497502 350.61460251606866 735.2719847515481 0.060909733176231384
115.37223429922471 496.89181271964657 141.09267630624717 528.0847659259375 0.060789428651332855
272.5219996952169 572.3773682983099 292.3771454813044 595.6286473149577 0.06075922027230263
445.0350572790285 363.73067897713264 453.8514032078465 374.70905211638825 0.060700561851263046
395.53195358659997 621.7961558924017 516.070585786305 753.0384093607122 0.060529373586177826
443.4482721051187 488.04802317785624 453.9004741063231 502.76469785471346 0.060482606291770935
314.65909426914465 479.4010022774409 350.1121693876329 523.0372462264381 0.06022568419575691
420.7207943459618 353.5748923284511 431.3021326282094 366.53797453260245 0.06010683998465538
406.4349050257259 355.3998866720073 415.9968778429103 367.52109857237645 0.05993122607469559
721.3572982392697 571.7050733064995 904.2856926800213 767.7326566740443 0.059918101876974106
295.2058074702761 501.78465807783493 319.4061570090803 529.8051397259046 0.059664610773324966
101.55320053199445 478.8530906888817 126.65279873201172 511.82360133017585 0.05948849767446518
65.3688754255047 625.3066828957724 189.12610334830455 761.5639740143157 0.05946316942572594
406.64997397062496 345.24053719872865 415.51164441645335 356.2952336354473 0.0593140609562397
593.2590528669281 523.2824353612621 603.2281239403319 537.2879457534281 0.05885571613907814
-57.91906488207184 -61.6313572301833 124.03186314180981 142.01789868986117 0.057937223464250565
278.34556384272685 534.3081370417445 329.0205149855049 596.8952084266276 0.057861942797899246
352.83679375320287 413.00484379667245 366.56924227868734 431.4374120634306 0.05774214491248131
726.8053530998253 456.9632880950692 737.2882739777901 469.4610968308889 0.05745623633265495
342.5996881249283 312.5318459289897 390.29486506400406 370.54238460239657 0.05733751133084297
247.33962056906634 227.39796684527425 329.2014885321448 326.68054779775593 0.0570092499256134
335.3513895636742 507.06348014233436 362.34529936120725 541.5392407976599 0.056652605533599854
259.05026261661146 372.6282593525182 295.88512885692313 417.7889828131828 0.05602193996310234
231.2848458679445 583.1720422748646 285.2190364147214 642.4504619749478 0.05578528344631195
