673.4364683865864 497.8550218242958 693.8787129370999 519.357579015601 0.8526802659034729
252.77600065778282 406.9434466458571 262.44810577165237 420.1567844286388 0.33222100138664246
807.8059456701661 552.245252292856 874.7436759433216 614.7387364722788 0.19406650960445404
136.55382134062577 446.83280505915315 150.01619142447535 462.0250725209894 0.18999990820884705
234.18670073070888 350.7505746445802 243.25697152337239 362.71586529355534 0.1833418309688568
522.2924721156032 489.50119784022553 559.0409685425487 514.833578118195 0.17883478105068207
953.0117833565753 390.023394664044 966.8429313128674 404.1044549122479 0.16677320003509521
151.47118924244958 285.086823443986 203.68488382025217 344.4839742802514 0.15286603569984436
299.58497413632364 349.7476816802011 306.02817479431064 360.125315851255 0.14718259871006012
190.23860091801458 503.798185586022 232.62139152537867 535.5991845675035 0.1445586085319519
118.12674813277476 349.74483034170436 130.69185259904714 365.3270194301553 0.14343906939029694
303.4981736427363 341.922396363636 322.9973849331981 364.5071838252438 0.1414501816034317
556.916923916254 497.0354899480674 579.1495883788904 516.7686019737978 0.13641026616096497
446.25185278341036 495.16001563050315 458.2817788737897 506.32831590108276 0.1358061283826828
180.5022158924012 450.48012238315044 184.67060591219652 455.24785261132286 0.13334500789642334
556.8404976422023 445.57183584172884 562.2251544654596 452.05040790571206 0.1318727731704712
166.8297353894433 452.6610053384219 170.56090041823487 457.2603256003791 0.1310318559408188
-122.61660542717128 153.97179159367622 441.0151936970203 828.8360219074428 0.1302388608455658
539.1746787551602 450.07801807889433 545.5042750492211 457.7850591043369 0.12866294384002686
150.7334632564505 489.7997686842779 191.04505422953122 521.2797139643757 0.12336989492177963
714.1179803242687 550.5507320574374 726.6501450530793 569.818723574329 0.12290071696043015
221.7417894346125 353.76028487577076 232.4696485118516 367.8709534644121 0.12282126396894455
110.99505876677857 334.5407033929985 149.3642859302963 377.43954465082084 0.12260417640209198
181.83091983917876 436.95305776931207 186.60996878133358 442.6519226498509 0.1215231716632843
176.43343577159956 437.24876337751266 180.75274380334483 442.4536027110647 0.12035124748945236
192.47722244220992 478.90880305734584 218.0763101151111 497.98571119678394 0.11831728368997574
171.3258691228982 444.87294489482974 177.2918325613594 452.1506304840396 0.11547166109085083
191.06400768275097 447.3166788159 194.73203789149818 451.79463183786305 0.1146933063864708
174.42369841890715 453.7232749510926 178.89254245298977 458.7508753294586 0.11393172293901443
206.62494169776156 292.42425211888246 252.4459868414389 355.4400163555473 0.1130647212266922
154.12133616137305 347.84125670177144 168.51564526821923 365.8872770986371 0.11282819509506226
962.2163818143614 451.8201827204787 966.6010515446653 457.43547479320495 0.11129868775606155
258.40145996639404 357.7840744815885 267.7278186819328 368.3115798554313 0.11104495823383331
177.06967172472457 447.3700887855293 181.64747616025232 453.04834268838056 0.11104178428649902
462.2034158181852 404.4210281339402 490.9664684924977 437.648675471731 0.11009711027145386
528.4756503516018 465.6290988257794 535.3456292303335 474.3729929861018 0.10981638729572296
202.33077144277357 464.069543247334 209.1814281958719 470.6741553937797 0.10854198038578033
819.6174046749284 247.0422990452943 894.8635816905836 322.8387396731049 0.10808157175779343
178.78489170871893 457.1475660914708 183.2615184143979 462.52432667107036 0.10789219290018082
100.35170270732785 345.64580983340176 116.8302872885669 363.9930490057663 0.1069287657737732
582.5166125735444 448.9869626434816 587.8009166072104 455.5427131806794 0.10686700791120529
167.15084788339203 456.48817727270216 172.51294176929946 462.72716021415266 0.10669708997011185
193.96056986599814 463.83544543060367 218.08241518440724 482.3615153183663 0.10578306019306183
315.99061416425155 342.4594340156556 321.1623229530058 349.5086151258474 0.10570431500673294
158.96802194823934 451.6110715111988 162.11618368282805 455.50027361737654 0.10540551692247391
186.43747421082617 449.9320829507165 190.2844945835956 454.4765641422852 0.10537189245223999
164.7600479282374 476.687101967004 194.28365310848014 499.2875865370208 0.10504590719938278
178.12641541095024 443.39683549110936 183.04665969065746 449.1012665892814 0.10502894222736359
532.2051223887437 454.43910188875736 538.2980382092522 462.93985500152553 0.10439955443143845
183.45784941993108 457.8012107826373 187.3455748393203 462.40047976236497 0.1042495146393776
570.3889459168566 437.7301423734716 623.3782494023334 481.85831546013236 0.10408076643943787
153.42147661725156 454.20143742215413 159.81761376438928 461.9166874549549 0.10386394709348679
577.4357575166255 497.6190430281823 652.1771277225535 543.8991665695403 0.10384488850831985
587.0312657782505 341.8524227846383 592.4480674139052 347.82567088108027 0.10373108834028244
164.21525974795472 455.7246346826961 168.2933125856716 460.88159920246704 0.10315477848052979
172.7707169362106 458.66719966706347 181.3306399943433 468.20676662914514 0.10308557003736496
186.97150759436067 443.0313835314071 191.16179409192026 448.0072363107706 0.10292387008666992
149.93001387301558 485.2020386669996 171.82405765047136 505.1925606466694 0.10278619080781937
167.57414467002357 448.0562552449636 171.6745795855335 453.0231446420578 0.10235516726970673
483.1788880270584 453.13775340752125 518.5574306899642 489.92667328063254 0.10231704264879227
156.89651589471916 466.6866146062744 173.65970909768285 482.8646842712101 0.10217821598052979
160.06546151016073 446.3601943903892 167.28030365517557 454.68435768525774 0.1014687791466713
155.75254620732096 451.9122944799812 159.45393521456072 456.32376877902516 0.10142360627651215
492.6102135224574 420.0477499611447 506.39464580128134 437.693900910332 0.10124094039201736
503.8263799095082 433.572877628099 542.1661740804808 473.8585341237567 0.1011841669678688
566.614763448526 436.51228034645976 574.064474726512 444.8190782644308 0.10106310248374939
172.30268107390876 433.18388424070787 177.54797948741398 439.13267962176013 0.1009984016418457
151.31357952529623 445.50650291194233 159.25026816782395 454.5786838510016 0.1009821742773056
174.16319506873074 441.2439785370797 178.82328952797093 446.79625130579063 0.1009349524974823
183.1344614238032 442.00134828707166 187.6240672020193 447.264711939474 0.10089138895273209
488.3128108084315 463.6129066026004 494.07550990936056 470.81577190248703 0.10080572962760925
434.43114928817124 436.08075798286245 483.5147163406002 487.170221266309 0.10077542811632156
561.2513739901372 446.5845731130425 566.919487621911 453.28129886981253 0.10074104368686676
53.18711266575851 163.70983534513985 98.76799086632683 209.4630764599871 0.10063935816287994
551.849682176924 451.9369379294906 556.540465146289 457.8461277114613 0.1004432812333107
109.5609148160049 508.68756027642223 148.30513471913562 541.1841168365432 0.10037702322006226
550.6503033431137 460.34392481626526 558.4144105370124 470.27939074016905 0.10036464035511017
161.5027728280939 454.1785128915849 165.22432881336587 459.0321843040261 0.10005037486553192
550.6976972436439 441.09756303672634 556.1378863186366 447.7013634933911 0.10000887513160706
183.58896157473444 452.47697771683283 187.97617977335597 457.516440243873 0.09946662932634354
760.0022223311497 476.7340605605497 780.6703775308067 495.3471852411943 0.09918414056301117
590.1355446021449 448.3901676305654 594.9874550667524 454.1792382240887 0.09904393553733826
561.8143754990613 429.23247997797955 567.3832614206867 435.77084607972336 0.09890350699424744
171.30046909876944 453.3836384326259 175.20780126119655 458.0853041686903 0.0989030972123146
235.1508209829982 333.97716297958345 247.12366884971127 349.65167404269215 0.09888558834791183
110.62643899547444 301.96568280188336 150.3346852541002 343.57042473397513 0.098456472158432
570.1597266351107 447.4997647019998 575.1654252500966 453.30319448948086 0.09840576350688934
158.73162269482884 456.35222428640674 162.37116530408727 461.19297997460995 0.09838852286338806
81.78171719958888 380.9134792831931 146.77864494209743 441.1290790638637 0.09827162325382233
165.56954738171288 439.6447666359448 173.70435307128747 449.30783964698503 0.09820733219385147
154.26638619070064 479.5165372462338 162.72429675516526 488.4486563562486 0.09794128686189651
144.91987781631576 503.3445177529626 167.98867963369844 528.0199163418541 0.09781283140182495
82.80783653829059 486.448882537811 88.27841634335181 491.55494811005764 0.09780819714069366
552.4651643108825 431.274144511972 589.8568630784729 466.7320290767739 0.09775778651237488
591.3064469040005 527.5357552270308 665.0417589398917 571.02102092596 0.09774254262447357
570.2370906618254 443.96081916118953 574.5701224407087 448.70491053291295 0.09770846366882324
542.8630194489522 414.8613368514757 561.5188963618917 437.0250167834847 0.09708420932292938
543.995107299809 444.1549453067357 550.9845662117405 452.4298881321461 0.09671825170516968
562.375228262992 440.2429023676539 566.8457545620108 445.41251553987513 0.09663838148117065
556.5599357337039 439.94929618435737 561.6054603399521 445.7404621839626 0.0965910479426384
179.6288194688218 462.05751593983655 189.9371584796408 472.79450624195596 0.09642445296049118
117.11890643718779 454.9752968600621 121.8129392384426 460.6384683626182 0.09633010625839233
486.59683350353794 519.0297188120683 547.2230681801042 560.4415225652248 0.09624529629945755
125.01585155155557 449.30048014244653 131.72852503690422 456.8410801982086 0.09615609794855118
197.1586956177264 448.576864547879 206.03484410943872 457.6028648354632 0.09602358192205429
191.36937296105657 454.217476959725 195.74622724302913 459.00868588532467 0.0960112065076828
146.90235226906037 462.9616832857831 156.06508959616295 473.2130557159781 0.09600910544395447
207.71639711344042 509.63048439836695 214.92551251947833 516.5885042281254 0.09594371169805527
151.65243634599375 434.8487001586625 160.4922488592283 444.4665313442711 0.09594116359949112
932.4500990108115 452.56396293081133 946.8759425922239 466.415945601619 0.09584049135446548
534.4375197324875 545.7494978161482 616.0846925183929 586.80888208976 0.09582927078008652
130.40950307086194 357.05809525764573 142.79026022224343 372.15633992633764 0.09568630158901215
118.90979430484721 469.61849665503655 127.57071793258719 477.39848438472035 0.0956743136048317
543.3328181306596 478.1628216973518 558.7875787079807 491.954111281574 0.09563209116458893
230.39736514755168 460.7045163485766 240.6476467011357 472.660254277331 0.0955817922949791
118.27274837766707 450.9300848990392 122.03915427715968 455.3936448923767 0.09557697921991348
165.5873469463454 448.9124596433746 169.08354247448128 453.15229024927544 0.09555985033512115
134.4508338113001 462.26487402705544 153.7046311968481 481.8454630943415 0.09554630517959595
188.33576581196056 454.87424530114953 191.77493148416727 458.73311926246754 0.09536220133304596
218.48396911315433 478.8525476417543 255.54461482805718 510.0439931009202 0.09503138065338135
494.00918760845025 556.0286238847882 567.871695453757 595.9854414701101 0.094883993268013
122.31861345369325 454.6610428861897 126.03490460078208 459.4774314230815 0.09470675885677338
112.82938451905937 453.2291177673274 117.17085150082839 458.6236929937657 0.09458744525909424
684.8908026278868 509.3218087930109 730.0344217622726 558.6251195620329 0.0944155901670456
195.93212332845565 512.5533390355923 207.65973871189468 520.8356550469304 0.09434588998556137
156.6618913252369 436.5786416770567 167.4432363838009 447.4716200490772 0.09420054405927658
717.8795108896416 489.394082214799 727.521414208617 499.61717045061124 0.0941864624619484
221.44314036119508 508.55558411958356 226.3861748280956 514.0535290585459 0.0941438227891922
579.9850054062814 443.8852667312083 589.0344178372488 453.69823753849766 0.09412480890750885
547.8201632100753 517.1669457986546 603.8449776838141 551.0562236325757 0.0940982848405838
176.56384807122953 499.57070364401307 191.7210862650283 512.6150187708233 0.09406319260597229
169.49090576226925 428.1891751856693 178.6593198565114 437.3827845493712 0.0939800888299942
587.4570292843927 440.8118121847097 594.9111020875848 448.8799030206048 0.09391862899065018
223.04115517810277 426.17370482029105 281.67409334142417 478.1616021977671 0.09381567686796188
969.1153473761418 446.9092658509767 973.5659913661104 452.2386615947545 0.09376850724220276
173.80194378752037 435.9143681567325 187.11690670492763 449.33261448402334 0.09372363984584808
82.12140737878937 530.3922231097982 189.24957345026442 633.8630481188327 0.09350066632032394
606.6997013044765 472.7457328141969 673.448949029552 519.1875044340574 0.0934993326663971
188.30158904650102 432.80436637815114 192.9138735232043 437.6372782506866 0.09346543252468109
6.619195226886535 447.5470527564364 95.90553223885317 531.90591837394 0.09341185539960861
507.56883430976825 406.2662374252377 527.904671387974 430.8312954131213 0.09339853376150131
600.6238351611908 348.39020193148184 606.0905478929919 355.9799088116604 0.09335427731275558
228.36518626764575 342.77306628984553 247.5863193041806 367.7482664536722 0.09335305541753769
559.2444699220854 433.86716296468603 562.9556210198302 438.3264213445875 0.09330741316080093
574.0113409236168 444.18463302192015 579.9421295985035 451.01530634044076 0.09323211014270782
532.1683676028254 394.35465043688464 553.5895856847563 421.09909433612705 0.09288948029279709
121.7974399005637 450.4331405197011 125.16566093225977 454.65807617961633 0.09287776052951813
203.22040716061957 460.7318007077991 227.33135568807742 480.26617730507917 0.09287561476230621
408.41046985172943 479.4755245724829 466.7470099053043 530.8683007134179 0.09286882728338242
166.06657563226344 350.4592488465565 182.31350755535664 369.6905223264819 0.09281264245510101
139.39132351330719 358.45747708748365 147.79713322235142 368.87686898744704 0.09249221533536911
585.6485969580892 444.67439032231516 590.1330442102883 449.83235275755663 0.09229158610105515
713.9021927363938 504.479836050888 724.2949028488276 515.5185248934106 0.09228859841823578
205.2305161113227 352.58747122696644 219.3734453761289 371.10004202562385 0.09226994961500168
161.46678016637068 431.72030921625844 169.92986794466083 440.65955399117007 0.09224807471036911
126.11737620614991 477.6385371629103 144.0827588340617 496.1087561060552 0.09191279113292694
527.3692091662613 420.0459859223101 538.6785459613164 434.3370160315537 0.091907799243927
146.3086759693077 364.4865920314757 167.34885475502475 387.73643229841167 0.09179330617189407
571.0775785509959 421.6330518403952 584.2378401761987 437.27585091545706 0.09178893268108368
565.3310879896873 444.4623241318074 569.8803692733078 449.77170946145833 0.09164240211248398
181.6160936848957 471.89005805029774 192.17196500361513 481.9569314785868 0.09162326157093048
196.7315011671969 439.4686664299749 205.10507358440452 448.3350466606858 0.09158214181661606
477.51411671367595 391.9296576624526 496.6157566480164 415.80476574626607 0.09149900823831558
190.67164760260079 331.16534027531105 214.01431272536354 360.51014950119253 0.09143278747797012
560.6849211978509 468.26798093794343 581.1889817910924 486.9459713497517 0.09140709787607193
555.3127433534492 478.41524152445845 581.8676447030427 500.09457474950256 0.09138885885477066
152.88345359574134 432.7087541841079 158.74713432939484 438.55472628607333 0.09138162434101105
477.7804223428851 436.8454360940338 487.55013543550496 447.96688163588834 0.09134779870510101
250.65690456964631 335.7963739894953 269.92879179905225 360.1250078959359 0.09131576865911484
131.58376239068008 439.413436414086 140.97427773171412 449.3189867348097 0.09130679070949554
592.5558941823408 337.77266419008436 597.6236863085436 343.82355739829063 0.09130065143108368
139.60141681484993 412.33105171164897 205.206278043476 466.1172555367928 0.09127840399742126
834.9946568203994 450.99395287225786 855.07283773579 465.8826574723331 0.09122130274772644
167.53724174059025 461.9752818202108 173.28837477110102 468.47051842986434 0.09105508029460907
965.509767957272 442.42028945421725 970.1871471534553 447.8714840449543 0.09100261330604553
510.95499238353096 593.6379937688732 604.0291685960942 634.7796043840577 0.09088350087404251
200.88579933603785 486.9723122860633 226.13346939804407 506.1183679854388 0.0908266231417656
565.2666820842805 448.77556368815243 573.9686146157662 458.6296803541472 0.09080781787633896
524.8942354592687 451.2150865609892 533.5207788083878 462.2433411490529 0.09078087657690048
560.639679866582 435.6852864545256 565.3674034743069 441.40749804258894 0.0907554104924202
148.74596615205073 456.70455403011835 152.898970953758 462.35977853951425 0.09072194993495941
202.54030695012983 372.68659904533234 233.8951481838665 408.983541560672 0.09058402478694916
177.3302882045321 446.38461416127393 193.58558645216766 462.0052238171471 0.09053357690572739
579.6358833864274 578.2792818751129 653.782903056014 611.1918230122687 0.09053051471710205
243.91774052007537 353.76479598427255 253.07624675938135 364.89012810760454 0.09052423387765884
444.36736559375703 431.6982424573682 464.26251579008357 455.8825293259985 0.09052063524723053
808.7801595059844 465.44642307152304 854.9236781548792 503.9328142775189 0.09044597297906876
629.8868625870845 535.146289002693 709.290394490641 594.010530420732 0.09043415635824203
109.19303618452764 450.892787974721 113.83143351342704 456.52932541061244 0.0903472825884819
127.92352421001475 456.1764943663126 135.20144609429823 464.725624607352 0.09033546596765518
141.8679760162148 524.2727094601307 189.71276724876665 562.2765013415828 0.09028996527194977
151.10802616995582 452.059546666861 155.08321947015955 457.3304218692867 0.09023793041706085
168.50462398506062 470.5575146815794 177.5069853005913 479.7897717259896 0.09020352363586426
134.6168511259881 423.3411821891286 166.30859891812412 448.36696200545333 0.09013042598962784
717.4082151543071 498.27245924202094 724.0909713582637 505.58972060698517 0.09011045843362808
551.9966378719284 445.6735003357994 557.6272879152158 452.27655350482354 0.09003978222608566
86.49869449921397 357.52349946482167 119.77464587617399 394.52684459861854 0.08999422937631607
183.904272537103 410.6096309493745 234.6173675252992 456.3789012675714 0.08996696770191193
308.9206451118361 336.4643323386685 313.8095078920028 342.47836363482327 0.08994466066360474
116.41359560638301 463.8039690850485 121.42189668012239 469.19219186942183 0.08981280028820038
178.03005548080034 350.49167135382754 198.98582896512937 374.73742312353556 0.08980517834424973
186.08829362318343 458.34194353683614 190.48943567436203 463.39537020871705 0.08979596197605133
735.2943437115634 525.1250705318355 746.3292508634285 537.1696333823937 0.08976093679666519
537.9469057378151 441.18834942915475 545.8028746363933 450.8462380533043 0.08974013477563858
676.7518449415372 448.78465789517657 693.2986429989331 465.495768853614 0.08969972282648087
570.7895432607972 453.71259356524257 580.6992325193994 464.7479393149879 0.08960895985364914
535.0217395550003 449.39771893923455 540.591188620074 456.60007255088647 0.08953152596950531
546.4631258649516 401.39971599211907 551.6466954713358 408.0222667791103 0.08946949243545532
442.3353028688664 492.86711861112866 450.86953136850957 501.6359774076748 0.0894680842757225
37.07892915143443 133.84538931099735 74.84848245058649 177.56812079018786 0.08941125869750977
529.0637125296768 439.5164906287638 538.8150612123546 451.4263498058951 0.08922296017408371
161.41668381864102 456.4730439815948 165.9057327491655 462.2763704528364 0.08911652863025665
588.9645202013347 620.0376051385023 632.4467723076177 635.5785136661372 0.089100681245327
551.3275674597459 431.7779714432807 558.0001147950054 439.70083118649507 0.08909019082784653
247.6556893045589 433.82533825336736 258.6204277500181 446.4991647898917 0.08907204866409302
117.81006893368517 464.50919064916155 133.95118022912374 480.4646648484093 0.08906654268503189
138.58649482772495 428.8207320631594 150.44246505982798 439.3958111850741 0.08906034380197525
156.67508667737678 383.5212652623635 176.1899772307621 403.9191019366442 0.08897306770086288
517.1784667585557 509.73649789597573 542.6035243563923 530.3698367122964 0.08894079178571701
436.6699379096462 396.0604332735333 451.62665067220297 417.9225216288848 0.08892307430505753
563.8587975128798 393.86281299657514 584.4957267770586 419.620867956299 0.08888134360313416
584.4794454648013 429.686370093683 596.8796330231614 442.79016064408546 0.08884449303150177
114.28806222983636 450.1502107272907 118.11186684879216 454.9259659682583 0.0887405201792717
463.95041832681073 475.30653700187366 481.7759052065691 495.6072120635646 0.0886869877576828
534.3771693328814 464.8074843004764 543.1044300683029 474.6283087565373 0.08867587149143219
294.72413716894255 343.197007817536 302.18344384984243 353.76216450308175 0.08853712677955627
405.057380397537 449.86082115286564 431.1513792051652 480.1127791684222 0.08848661929368973
232.10485524967547 443.4259666465754 244.30018599031752 457.4105639652255 0.08837515115737915
162.8996906741769 364.3303244241937 181.26164158606977 385.9733053493532 0.08836441487073898
272.6266547367436 371.942564524454 312.3326479357652 415.7978696022717 0.08835695683956146
200.29045819755268 503.6790103541511 213.52240199363555 513.1102168947979 0.08823712915182114
304.61361282600564 288.8242932794677 337.0029198226066 327.5884097704491 0.08814530074596405
151.1839767097713 474.1945907355235 159.2768606124786 483.1436358728982 0.08813770115375519
533.902815362084 452.03928977341695 551.6727122261362 471.01453005974963 0.08810921013355255
303.1717305060127 334.3632294311698 309.91491728147537 343.0969217104293 0.08793675899505615
494.8427751103478 438.6578914610935 501.19188589853724 446.7357276658043 0.08790162950754166
328.9666960657021 347.4480548445865 337.7122693785223 359.62496163415244 0.087882861495018
907.1484659811588 441.3505917625627 931.0568101246577 465.6439345445674 0.08787697553634644
252.03690631241457 356.6591177144493 259.4136862358276 365.7465269126371 0.08785534650087357
120.24921245693875 442.7851865790887 127.72290573922459 450.9308500041525 0.08774794638156891
203.37717936337975 341.8929055583 216.06338425296724 357.6931302560204 0.08770181238651276
963.2016570546821 369.1261182525721 978.5868499197462 387.51497811427976 0.08760713785886765
293.1117450761863 324.3991522332378 314.3376439586314 353.15753370794954 0.08758525550365448
130.84096815204754 450.3732638041822 135.3773751083511 455.86504347685167 0.08746152371168137
198.43067987073712 430.5141517419873 208.08684401949756 438.9966208304845 0.08741351217031479
575.0719761376087 435.5411034723011 582.0924367067249 443.742190903335 0.08739329874515533
547.4583515078025 448.7064299325176 553.4274518562852 455.8328188353796 0.0873897448182106
540.0880890069348 634.1090508677052 624.0584451236838 673.0513774462024 0.08737657964229584
129.27114394810343 454.80936109147297 133.27631267235205 459.71865883928746 0.08737128973007202
620.0483564212485 447.74386958213654 673.5080313907819 490.6016858815814 0.08733905851840973
456.29430204796563 421.1604852459759 469.7114509782132 436.49461951083856 0.08724100887775421
264.5023971953098 179.3276493003661 310.8271891059974 255.5943553843844 0.08722468465566635
160.499649633451 478.30376735660326 171.11131132990977 489.7844594902379 0.08718406409025192
432.6138474467532 489.2548866190303 441.94820443241264 498.0093324162971 0.08704212307929993
488.66212163700817 449.3730981345635 496.07811413221873 458.9719944475675 0.08701130002737045
461.23089166816555 440.26980459910965 469.34259791484925 450.1013498601792 0.08691854774951935
118.68299009791568 475.4949170075953 126.13776110101173 483.27911996196747 0.08690885454416275
144.3331270999688 364.40278855695544 180.40603299059882 405.62948521371874 0.08690214902162552
1010.0751497014089 465.66789867734525 1014.8795204279328 471.57172078560706 0.08687657117843628
487.3421459515321 394.6832438136614 507.7902935639255 421.10888837843464 0.08686026930809021
275.43350512991657 299.4700816694526 320.60939804859294 352.98459754708495 0.08684218674898148
70.54547478646121 483.6557687831061 93.10729197345901 506.7775557373789 0.08673454076051712
230.05628092738806 416.16489559701574 236.99208910459492 426.28971328462717 0.08666308969259262
463.90175347895666 494.8327661166305 515.52588307671 536.5916333099185 0.08664143830537796
237.74420895446903 386.44381085742293 285.3756996560593 437.2129894827977 0.08663027733564377
127.77711004417243 494.40135524706955 146.9915883268432 514.5564107751347 0.08661003410816193
164.12699168879553 474.4559140231246 170.5420248675064 481.1004282829073 0.08652731031179428
77.80529218767121 345.3304300110937 94.73423031469456 364.30972255869716 0.08643636107444763
923.9573340538618 462.55998507635275 952.2104054804224 488.69363571312624 0.0863766223192215
547.7827052655219 455.56735430296675 553.6067854467261 463.24278913896853 0.08633878827095032
259.4182030618693 269.34241218721564 300.9274520241948 320.808759568358 0.08630487322807312
527.3695612336295 429.3416720272307 550.1536689516076 454.08925740604883 0.08616545796394348
555.3650537761326 454.5589104199949 565.2729755587802 466.0290259309732 0.08612916618585587
714.8210236426122 485.5938054959649 761.0737705439361 528.4710711037311 0.08611662685871124
104.58401792047606 451.99894645960444 109.02399339628708 457.82537782788614 0.08605499565601349
510.80392170818914 415.70356599798396 532.2880057321458 440.4862292501676 0.08601772040128708
163.78524970453714 457.0926814620201 206.93633300021355 493.2577228120371 0.08595678210258484
443.7779591225857 406.9031398255154 463.53098447451794 432.3579831998933 0.08584573119878769
545.5381807064659 464.8661587207879 552.3238222558556 473.4954111595028 0.0857917070388794
208.31332514633894 514.1417882017422 215.59614520588826 520.7578870551107 0.08571921288967133
231.18282454089046 164.4195651826461 272.2675739575153 225.8756807973668 0.08571093529462814
152.68343624571347 315.44619623013824 167.4213806875024 334.1808105481179 0.08567270636558533
98.49323477047038 455.1845575503285 105.68735112435252 463.2776491144587 0.0856097862124443
316.7914791191426 350.9980952020586 345.58575306016223 389.5183319635781 0.08550622314214706
375.63022390206373 402.9102332975863 410.0043773755619 441.33193311275716 0.08548817038536072
409.04224252552353 380.86096806736197 443.13381337237007 420.96841718956136 0.0854688212275505
546.4768201723887 440.8286362864347 550.7418294704976 446.0521573288177 0.08544295281171799
290.7704368525578 350.77939107116487 299.66612656796104 362.6062355196826 0.0854400247335434
234.970489250287 354.1626836474769 265.47530856696125 389.37767583088976 0.08543795347213745
251.45917965474214 345.6420118088045 256.70353567207286 352.47534464834035 0.08516901731491089
166.16646943204802 448.9835968052692 174.99524312478792 459.2875308100695 0.08514893800020218
266.1838446016074 354.49962991378544 277.861789271165 368.583720866794 0.08513859659433365
597.1433583599021 333.73768480774993 602.9936595580986 340.7002249480025 0.08499719202518463
118.52878787657801 480.945528729479 125.23240743823952 488.0071210825617 0.08498022705316544
67.247318336991 482.76946055756133 76.80338369517138 491.72257351985144 0.08496052026748657
216.06622188848732 448.63745078236167 232.383208863039 465.00911447234796 0.08492975682020187
571.4293981145528 432.0093622520798 575.4295640883288 436.7216325686958 0.08490145206451416
524.6444993319352 473.24809819259997 545.2194779900856 492.0578419780693 0.08485212177038193
228.91645997186066 23.81584481959028 308.2754856320722 119.84225977341717 0.08465529978275299
184.53221185854136 428.49845925223076 197.82536089049873 442.3200864873779 0.0846056342124939
467.25285694841017 428.6632423293637 498.08198713712335 464.2929015134898 0.08451447635889053
174.90076288014848 450.4960052043503 187.2913431739952 463.25993603724856 0.08448862284421921
444.1585438910802 371.11411867723444 449.40030463831727 377.92687485083167 0.08447165787220001
497.33400742471673 385.0733380743044 527.8086228484841 420.2910266535838 0.08418314903974533
107.24359194655365 361.8050662178024 121.18789060460057 378.00956145444735 0.08408551663160324
178.97084550221345 435.78407870733434 188.74361266179613 446.69432043138073 0.08366027474403381
146.02335489019788 439.8014168846576 155.63526538385435 450.243682152298 0.08348709344863892
156.78800025464432 461.22788604142323 163.61762362734777 469.4159047800093 0.08348454535007477
710.6342551227132 525.6579939628236 722.2567846921986 538.7516035222807 0.08343899995088577
126.71877840732043 469.43825406726864 133.6941839632324 475.8715162683223 0.08323509246110916
139.2135643756602 382.13047369018267 156.06711753115133 402.15511727275964 0.0832197517156601
225.07271765380392 368.38196283058636 237.92330620157733 385.91617705422703 0.0831022560596466
265.28851114949015 342.1554857795867 279.3822829102362 358.83845777549845 0.08308205008506775
191.297031896264 359.5926900622346 209.34530082396438 381.7366802264557 0.08299168199300766
168.36254871241348 328.969216802723 196.3595804082852 362.10887283128517 0.08279947936534882
120.41525337100076 456.65911363003005 127.67151064747122 464.762558956218 0.0827113464474678
163.70913077182792 457.8354486634646 174.1208440338949 469.91273560535103 0.08257616311311722
140.17403476590744 469.6666650220031 145.18422063119107 475.2189205138797 0.08257165551185608
236.43269561316998 364.1391140731778 245.46080988864767 375.36264778595745 0.0825406163930893
160.38132096304582 305.1014031692739 167.61450147769958 313.7200779140601 0.08253727108240128
148.33242141908602 467.56392884917415 158.19239309638834 478.58580045503146 0.08252905309200287
568.3725217621356 431.17017847246746 572.509045759084 436.15926808798474 0.08243832737207413
842.6132795431256 603.3523127351067 863.8617790583406 621.2421848131527 0.0823492631316185
432.97248940603055 391.58148315166517 442.4771897726979 405.4291202959516 0.08231480419635773
529.9470125723418 498.50087018746865 541.2777739319798 507.4692459266603 0.08204402774572372
550.74320164868 468.90298321337514 563.3779644972698 482.03425996928405 0.08200089633464813
746.5184653413312 478.1946484709876 817.6253277356411 539.2258332844364 0.0819455161690712
522.691561377866 520.2010390980524 559.8113381326099 548.527029820944 0.08192238211631775
129.63111822501165 348.5136036835714 138.60922942216712 360.1881738505228 0.0818239226937294
553.2217800917165 408.2981493952888 585.1625767201575 441.72809679440405 0.08178098499774933
110.75876242996893 455.00608484323664 160.22793071576197 495.41534501604366 0.08176050335168839
495.2637674453454 432.26568151870475 519.5984311225698 459.1629386145732 0.08172105997800827
966.1831498773821 450.97516308354733 971.1167273126672 457.61865002209703 0.08165495842695236
256.61367944022817 345.4578474444438 263.5309334964928 353.9379453785735 0.0814124047756195
717.8318305601213 481.9274087583484 728.9271498225693 491.9948259721262 0.08130569010972977
826.2992649081164 602.0238875133665 846.1941710448505 619.417831254897 0.08112262934446335
118.02597639783804 375.19904083185156 140.0346576963588 401.5989329236263 0.08109871298074722
186.8623992724779 529.0820352311757 230.77716519391805 564.3052311041884 0.0809561163187027
281.1400365894699 356.94091068288213 292.68924759059433 371.881503648159 0.08084569126367569
133.2585963346983 336.9075611422014 150.85536233317094 358.39105551567764 0.0808224305510521
283.6182201331525 342.60298106162134 294.44994192832473 356.9340380218912 0.08065450936555862
138.81928786195917 398.1811964207051 175.05557480931515 429.9489296560369 0.0805230662226677
858.2138532456203 526.7734367902539 919.6899225996534 587.3638142657084 0.08046115934848785
105.90627714708026 448.3244043098802 110.11915365046104 453.4428811340831 0.08044593781232834
157.99783987876268 424.7663878196888 167.27276107929285 434.3606064706109 0.0804322361946106
237.00646600381552 321.559043921851 248.76440048671904 337.818598438 0.08041016757488251
229.04733499864903 388.1798599900146 256.9292703650568 421.14417581833004 0.08032933622598648
118.68126855767525 461.4954605647398 126.53194629125528 469.4386914283374 0.0802997499704361
590.3881467278713 398.1164313534826 614.7618639395185 430.27280877477784 0.08022880554199219
240.43280016703696 300.44803398763656 274.7060321558123 342.8242089643825 0.08021871000528336
177.17820149611302 426.1462641245941 184.904802658104 434.18720414302425 0.08010910451412201
142.61946173991615 490.23961978189413 153.68222801058613 503.71818575837875 0.07987850904464722
256.8178874038353 366.9745093235505 282.18085761168476 396.2043671475467 0.07980228215456009
220.58610002002342 526.6849418102771 287.18667885832457 574.8311497860882 0.07979241758584976
688.4940195432341 478.05513950833546 725.1895772794641 509.071799249139 0.07976602762937546
540.553200900109 483.9225535499662 549.4653253297771 491.2236411924207 0.07969212532043457
578.9248115986609 448.1798554535982 590.1092914870995 460.3455570074962 0.07965442538261414
560.1757689320451 452.40136109712626 567.6954366459464 460.86839331217305 0.07963404804468155
724.0674932553591 518.997856895969 733.2323475547976 530.0514974478434 0.07962968200445175
222.76510371228514 323.9104038088129 236.39822376418056 345.2009464542421 0.07953733950853348
229.12585552217274 415.0873809808782 246.49205611685542 435.97462474847265 0.07950404286384583
273.9275954431505 361.5276906015091 284.7325664758107 375.34385268898654 0.07947340607643127
980.1983896955824 438.80182509231287 987.9667678023659 447.9005816652498 0.07935705780982971
536.0804156789088 434.45520426199005 541.2023369190345 441.0071031240287 0.07934071868658066
139.43718570749053 463.4337071381958 144.19409612604656 469.39035287623994 0.0792904868721962
536.748018608116 469.38966774997397 551.2447813606867 483.6945776983144 0.07903306186199188
157.2958552651556 468.69595860848585 163.46228130428736 475.172549223062 0.07900617271661758
246.9189103731775 416.1182706354546 257.5924134955844 429.87513188770436 0.07885661721229553
1001.6288849290225 464.0584793227287 1006.4847623840313 470.17231764403834 0.07877320051193237
583.8582532255049 355.15224037661596 591.9752772360481 365.3131726752364 0.07870186120271683
133.5243623514725 472.54021390375055 138.90765228302925 478.13875498852883 0.07865362614393234
953.7728817005946 431.3132829240953 1008.3997139789576 486.7510807750172 0.0784551128745079
552.7763161105989 436.32936637020197 556.6615121260129 441.06994967190707 0.07845247536897659
471.4149912975897 390.7367707539475 479.7689330979024 400.56834847351274 0.07843999564647675
111.69198979558385 404.17398532609775 141.18305130306203 431.42184760737825 0.07834896445274353
213.15860804836754 225.8456151928896 266.03864285898345 297.2865465504974 0.0783005952835083
66.22131441482428 307.9489416621509 192.72919239651876 415.7911988800179 0.07816631346940994
253.21011588173147 365.02449864571355 261.0885435272708 374.4376732352317 0.07807695865631104
161.15152046145894 329.12354134607614 179.5587663349792 351.63143827056126 0.07807579636573792
546.3092542736197 459.934674987313 552.2989842768061 467.7916733110523 0.07796212285757065
417.0667755714905 384.38699178893927 421.3961972554707 389.69979363653493 0.0779244676232338
192.63888416259323 460.7515694836047 242.34587051537454 501.92963153297717 0.0779172033071518
124.77290118342358 454.0696463396586 129.87874645637376 460.034601773264 0.07791268080472946
739.9800865798096 515.7864601278238 748.4600425277208 524.663120405118 0.07782378047704697
172.63384058067828 506.4164904777245 189.65937184035351 522.256631616847 0.07781463116407394
986.6150140022883 455.47277206629934 990.5462617855471 460.76954408850094 0.07773985713720322
262.11910110556676 407.79735533071226 276.5305478975738 425.24146326232716 0.07773938030004501
550.6005501631748 480.42810331086656 557.289333897006 487.0989761988281 0.07773248106241226
136.98240472834735 436.8490601163902 150.08070858664044 449.4182156591932 0.07755431532859802
156.02212733186465 338.0174007443686 163.019592285638 346.4961269738435 0.07751329243183136
723.1457004059062 494.3620463010586 736.9155126865048 509.2767247186838 0.0775100588798523
96.79453796893718 309.81926653126845 122.95340837485313 343.8858911595519 0.07750797271728516
174.60262113560708 393.6638116823076 189.26401238912203 410.5763697767383 0.0774194523692131
64.01743498945667 423.0157894621401 139.02694318444873 476.2815975132668 0.0773744210600853
852.8109243133783 591.9866699294126 865.694699982394 604.0601032573903 0.07736786454916
188.65168154642038 370.3022857195634 212.01722852406743 398.79081172105083 0.07736586779356003
160.34263753637373 469.91971847339295 167.33211794294024 477.2361025936124 0.07735060155391693
1001.9620980364328 457.98472007648456 1006.9344319423213 464.173238684387 0.07732725143432617
130.49777707455314 474.5271013943523 139.9471010704787 484.2850174544754 0.07729636132717133
774.586112941861 485.865321913058 799.3101986607558 510.5019672541398 0.07729107141494751
582.9506506323908 470.50972774366204 617.709698953753 496.594487773068 0.07729008793830872
189.9419413069293 392.904995273756 204.9621630156018 410.7466100203093 0.0772092193365097
518.2418915422766 489.6452294476364 529.0078570643186 500.84188677832503 0.07705129683017731
998.7510456727553 449.7170788245618 1004.9864852012527 458.03824573922054 0.07687775045633316
96.91261863286354 473.40354091240863 122.2995665133011 499.19254173758304 0.0768100842833519
98.72810569943415 450.4809301441236 104.4364316527465 456.64873512572245 0.07679055631160736
186.93151877275145 487.60916343834333 204.27360849003196 501.8495239120359 0.07677608728408813
950.8602159516539 401.2866725139339 974.8609326634879 426.3538294084224 0.0767647996544838
76.23629617702802 320.22410550474655 104.49840219407528 355.42288214605094 0.07662119716405869
192.82284702324955 433.4653423512972 217.2514822173679 455.72062355954057 0.07660414278507233
722.5465772462732 503.0672241105265 732.1690545982384 512.9137470908353 0.0765298455953598
175.39577383390463 472.1673545357376 184.90410512749946 481.80083478334893 0.07641395926475525
228.5790705501099 432.87212256236666 238.3720804678383 444.8952118140394 0.07625918835401535
932.0447935220469 416.62980142721955 942.2647675464673 428.1137398128779 0.0762573853135109
110.11328138517095 445.7220517759566 113.86402661705841 450.2505986455509 0.07623796910047531
161.2313698845231 463.47316776051014 169.02525858617162 471.8574729456759 0.07602096349000931
811.639148381773 623.2812392781127 832.4350803264466 644.6526822772613 0.07587753236293793
735.8888727140085 541.7270736996718 752.6036734242506 559.6599739746935 0.07586564123630524
134.3516003017571 457.8893414522936 139.30750501097745 464.3755457834528 0.07571840286254883
240.04702050927497 464.95635720682685 277.70403455932717 497.803157980795 0.07565122097730637
237.9505391793386 432.92016594422375 246.82710539993658 444.762189920147 0.07561694830656052
725.0379176593415 472.9677260344312 750.3513403573791 494.2363677292111 0.07558125257492065
595.6321100717298 340.1226378766364 602.6372267632498 348.2095031446998 0.07553336024284363
129.37321483735911 368.71573203161535 139.7908318078953 381.8679758710922 0.07542974501848221
139.39468956108368 474.5216489308661 144.26104081268093 480.2780105466893 0.075344018638134
105.36764864573244 455.9696833311522 111.60376261867911 463.3257933629645 0.07533419132232666
568.239734916265 464.6337796632323 578.0614352466978 475.33091587910724 0.0752493292093277
145.33327268318786 334.7365653072469 154.03880854658792 345.28583433527194 0.07522321492433548
420.46050519328963 368.8878230694196 425.10377169409014 374.57048715861157 0.07521072030067444
217.70497300096227 440.136112377818 446.43890987419866 675.3113289901954 0.07520909607410431
754.7333825794084 434.4764051327854 762.0867115075729 443.0567546912516 0.07498665899038315
438.81242585570243 357.4129198181304 444.57167182604 364.38436954356223 0.07498504221439362
666.7320286048595 465.7773716938853 699.6759553032584 497.8356957526033 0.07498004287481308
441.6780542450824 377.9749725869763 448.00736231857263 386.13315122969215 0.07492068409919739
605.7473939423144 406.64101127214497 661.1415479438589 460.99930427017404 0.07483839243650436
997.7559790972346 459.62270352154087 1002.497167429234 465.70832797154134 0.07478445768356323
111.57376352290821 458.65836632380865 118.74618266636813 466.5426742871247 0.0746741071343422
118.73300260129635 446.8111415452558 122.25781217450405 451.1167073520479 0.07465307414531708
441.3226142600434 383.1420717704107 450.4077874590182 395.2888461941363 0.07461613416671753
973.8666647206089 448.5482922062699 980.2111151739219 456.0444593636977 0.07461383193731308
168.96348801863726 416.8184987976929 178.02842572606934 427.05791525486063 0.07459151744842529
576.6801802889806 496.9503088264754 605.158780547986 519.132203120286 0.07454399764537811
429.7846493268293 356.784182812111 435.80665720555453 364.2159367265005 0.07454065978527069
621.7698992951191 639.5849962801119 699.8266528164431 689.8328937457875 0.07447487860918045
715.6011286653397 466.6361900944664 737.8691940348629 485.4776323587422 0.07445108890533447
141.20977876909646 478.9734440347798 151.42977608677697 490.62988777720295 0.07442828267812729
129.0758760112749 395.8660982259559 143.66067544866607 412.35759941190486 0.07438641786575317
447.2257653580607 376.028873627994 455.0401585606302 386.3784168173584 0.07434076070785522
147.26518607161165 418.4924764051741 158.06895112579755 429.2793637086095 0.07432474941015244
709.7854502574015 484.5798688137423 718.3891628189913 494.3810569775594 0.07424085587263107
-2.140096242179363 332.28739053563237 27.471328255264623 370.94675752881915 0.07407684624195099
424.967434014174 367.0587253859321 430.0983013870031 373.58539815745377 0.07403767853975296
227.95990183468908 347.97546609522357 235.63881215847044 358.30301161123583 0.07399619370698929
833.1278671503936 576.4982374678314 845.2148339066894 588.3326680874112 0.07397758215665817
123.55242158651849 437.83969196844475 136.81595490369344 450.8126563503233 0.07396537065505981
566.0453843464292 429.78468656133697 570.0779522401658 434.62506588566674 0.07395118474960327
177.4892159368818 416.72358168872097 186.7543197544808 427.03043432109683 0.0739465057849884
701.3775384951216 493.0078093902339 714.1414165042597 507.40714072956365 0.07390652596950531
177.73719481227488 245.04744232429172 217.80623650826422 295.77797303300235 0.07380283623933792
985.9256826115155 460.47238847084776 991.1644248212119 467.595837434961 0.07376791536808014
186.634389837918 450.535495413869 194.88235405840473 459.2936644011203 0.07353387027978897
277.0798940390622 361.7092053466421 282.1554389180114 368.7409870218657 0.07352373749017715
443.29965747273855 357.8637857872334 448.6772166040171 364.4759607531127 0.07352244108915329
172.5810376180305 379.2926894626644 187.99571316585502 396.9294937089286 0.0733180120587349
204.63855452136124 354.5578154854611 212.80399479966516 365.4763390873935 0.07329630106687546
245.2950809666266 365.1382651609981 254.10912202175248 375.7218495758621 0.07329582422971725
704.6319710553992 461.22217702842767 728.7249846237556 482.7970284760924 0.0732310339808464
181.6681006299146 403.6738045883571 203.73308016969116 426.8542096329374 0.07319165766239166
265.05843513887885 449.31823652959366 343.9915889307826 515.225674706363 0.07318031042814255
464.807188709011 396.0198112277539 471.1921193807505 403.8741225910351 0.07310985028743744
150.5378713870326 494.81635304016953 159.65986886645425 506.08194677167444 0.07309425622224808
450.67283551444785 365.7080704974921 456.6639965677034 372.95495584092225 0.07296662032604218
878.9579015193954 487.14745990442646 1234.301181735153 890.9824994905431 0.07296159118413925
201.63095129692135 459.9185118367949 217.54147706836775 475.6975057892777 0.07294352352619171
711.8457186451183 515.8156258158505 722.9271021489579 528.2174583864637 0.07280419766902924
234.8214441665829 330.0721931485265 242.19875875720356 340.1526827849994 0.07277082651853561
177.71848602236958 472.9744272243882 183.2872630732776 478.8254885093936 0.07270344346761703
277.3011881146299 431.959038864019 325.13799391813234 474.20982433975684 0.07264909893274307
585.0971768414805 454.7659235539515 597.1941915682726 466.66880263269184 0.07260385900735855
444.60071029305124 364.3362939382698 450.0138241807084 371.18356182051497 0.07256822288036346
90.85784939541873 232.30062941208084 152.42810279530823 295.58602429908143 0.07249530404806137
201.4886609255093 131.17302209401777 255.63865537674275 218.16298468866307 0.07248812913894653
257.97041670565136 432.7236540022588 267.60251527031033 443.7619340758138 0.07232213765382767
678.4472758524046 514.597801953654 708.2906777017541 542.4531582778599 0.07219070196151733
764.0664662811857 533.6978026668655 1008.3601920969295 785.4514736935175 0.07205292582511902
243.61921870104726 408.75934367076354 253.56913188536993 422.47828577910974 0.07190358638763428
276.772496071002 98.42718144954155 297.2893574477258 130.80587389120893 0.07187170535326004
172.34162476584092 337.66742079126067 178.8227481663043 344.9621691852575 0.07186977565288544
533.0215276165137 431.0696817702501 541.3706212758608 440.88775129066033 0.07177828997373581
723.547080010665 555.922032067429 739.2544957683361 573.4318764749538 0.07174760848283768
179.3133490686711 337.9091355651511 186.34393052648068 345.4364803365537 0.07171277701854706
72.22243425836663 289.33938615759325 108.91410044806285 328.0540361314525 0.0717058926820755
557.8521706599756 429.79543335376815 563.5147955847175 436.48649849585894 0.07156997174024582
143.6782237589161 472.3836316188862 154.2614077466538 484.0265840655059 0.07153450697660446
59.33948113556093 49.774048044249774 262.1130844279055 279.0628563371019 0.07139323651790619
130.04496836478384 466.0783412711889 139.00961450415343 475.38110680816453 0.0711037889122963
92.9369717084382 344.60664841501193 104.02171324760464 357.8183260734196 0.07102430611848831
613.4183274168909 398.0313372033505 638.6243998999857 429.81600735658145 0.07099518179893494
-5.053336846657409 -4.7130653343028825 8.405763337649224 9.8864312691098 0.07091508060693741
426.8688731305301 360.1033358056368 431.6559782812081 366.3292129223191 0.07088423520326614
735.0323299515143 518.4781214648131 741.9412534538346 525.9179214629553 0.07086484879255295
722.3209204306125 527.2609002799242 730.6154819455494 537.4449185166715 0.07075858116149902
438.84743910284965 368.731346505995 444.7383577193305 376.40390061510675 0.0707579255104065
732.1590227912681 559.3673745612512 753.8400615858303 583.3673315695156 0.07074618339538574
332.67805580944344 425.41854822103676 389.03433624204337 478.6771629093551 0.07071717083454132
540.9608480218818 431.07715494492004 548.6399516545396 440.2873465252498 0.0706484466791153
950.9836518644732 374.68840574128296 967.3048564017575 391.90588554091187 0.07063177227973938
430.5887874870363 385.0442798839601 436.8000255930058 393.10595221177067 0.07061158865690231
530.3345260572793 453.5133376113606 576.8291782519667 496.1064354874458 0.07058314979076385
453.3876528732423 359.4519505045841 457.80409956905294 364.5566524549878 0.0705314576625824
429.37959781549057 365.60433057386047 435.4951065770563 373.0687594331168 0.07048916816711426
437.3176068505926 378.08397330774034 443.5968252308591 386.42976145829 0.07048259675502777
422.939614044166 362.0051615367197 427.40088843812134 367.6855587217857 0.07039102911949158
285.2883695449578 427.9441277648319 308.0465840749214 450.4716783160534 0.07034484297037125
247.889468217053 484.3178968114762 287.7886210102747 520.3211992179582 0.07024512439966202
307.1771327246824 366.00454622541235 339.29362638499293 403.2863493975538 0.07018233835697174
149.97252453216058 481.7008655939024 157.18943110549802 490.2603347742469 0.07015669345855713
427.29761923033846 370.33938205336943 433.3228166239413 377.8822020552688 0.07009685784578323
438.7788891498876 364.47665193690057 443.90417462891827 370.9600841954187 0.06990276277065277
510.47072314241404 379.94610435658694 538.211224445481 412.861771290602 0.0698162242770195
448.4502496964675 360.5384617734652 454.17752666294984 367.4641016138347 0.06973861902952194
240.35439133648168 444.8303541294035 255.45457223147005 461.88321201729525 0.06960557401180267
422.06435252361103 383.81195475121194 428.5878378789806 391.7188253864847 0.06959763914346695
449.76572357367644 359.23158607025465 456.4182629905813 366.84580786523566 0.06955667585134506
110.4326059909079 436.2286708237317 121.66418656558393 448.00506508949576 0.06955402344465256
537.494542967592 411.2614311198155 544.6618265253006 420.4360054560561 0.06951049715280533
413.98775568746794 376.97016988949383 420.2792466655697 384.79475656922546 0.06947349011898041
711.1886152853313 87.73628817346092 988.8145150108137 399.0600177178348 0.06938984990119934
246.58172926453253 390.34438322345767 255.86525331467925 403.03584905024246 0.06931927800178528
527.4159416206994 417.0210596775342 556.4707586078517 450.06131236490603 0.06904138624668121
533.1298165480995 406.2910341997737 540.8487776323728 416.2215950722392 0.0690239667892456
215.66130432907883 361.7913006536414 226.8686957975648 377.54480510971155 0.06900551915168762
771.7161433754961 350.42009613102465 989.5488734412319 581.2200253197148 0.06893818080425262
988.609820662929 448.11758160588164 995.1829617782298 456.7261783221177 0.06891898810863495
418.08218182214586 375.50334087372295 424.1734200835431 383.1944075172643 0.06877970695495605
467.9097933664922 382.73287058659406 473.31358223168786 389.36564644498 0.06876560300588608
411.14518025141734 381.24934379353766 416.0475781071495 387.3816052761355 0.06876499950885773
69.3420148973043 392.35724433489105 109.30500950159441 429.6885108306902 0.06860806792974472
171.54430929540644 406.2600779900503 182.02820719297497 418.7573621261816 0.06858286261558533
762.4069992188299 516.9924865218147 826.0856888256158 578.2035745337649 0.06856178492307663
421.20240111829816 355.4357982933434 427.02647414892766 362.9314241623844 0.06850790977478027
452.16848016289464 370.7339286693114 458.9824366636473 379.54278799796344 0.06847011297941208
196.10067680969786 289.4347506167788 294.8436029467674 397.09220612502946 0.0684247836470604
712.9827509609413 445.0025792861546 756.3132315994985 480.8102341290682 0.06831076741218567
435.2823480311354 388.3204035198064 441.194027988404 395.79659300136774 0.06822970509529114
193.88858270320154 413.7718496960352 202.5257363221373 424.59598267453185 0.06803760677576065
462.6357752213375 367.06424488758637 498.01197154290753 408.2319584252628 0.06794769316911697
345.56168830000547 400.7014339690025 380.5086398420732 436.6834305451917 0.06781399995088577
162.8116812362862 410.68527454935577 172.14273987147084 421.3202806665331 0.06774646043777466
741.1538159685697 532.3600952863658 755.9551093533314 547.7091363323685 0.06771937757730484
439.84533573496196 450.98013457285197 668.2646439240795 682.0856227273481 0.06760765612125397
213.18922284584667 436.655660598465 229.0165486937948 452.5747463047293 0.06755738705396652
693.7331496950634 519.7021574666122 708.297328066547 534.9662349870945 0.06754552572965622
693.111310648811 497.10953264534976 715.1551263417758 519.8900412636875 0.0674639418721199
739.5735454626044 502.57672835438456 754.7343445552759 518.7432287601249 0.06741217523813248
203.9795697964135 417.0761235436718 212.24673266033736 427.2386044622273 0.06738805025815964
498.4414344896284 416.76703171480386 506.2139896679396 426.5700007084887 0.06737404316663742
175.385030447289 347.8450862009789 185.74671450970018 360.4195488035866 0.06733638793230057
22.68030370784864 278.66333254055695 76.81126334290612 339.12887184964063 0.06733329594135284
705.3404167395661 535.9701686817126 720.0714563786114 554.3606686673878 0.06729398667812347
727.1830201826745 507.7770232475399 737.2454492886993 518.466573922222 0.06722863018512726
414.93199146337344 364.1854662889009 421.31111494936874 372.44648838249407 0.06694923341274261
883.0733287064176 -118.88467521502704 1235.6566447519017 273.1070895309594 0.06692378222942352
720.4221162532143 531.447472043859 751.0140157524262 564.8146172744841 0.06685000658035278
723.9597807430009 540.5976578213267 737.0113418669739 555.560810992447 0.06672479212284088
702.0987108446292 504.92961127479936 713.8881728009238 516.749674089108 0.0666004940867424
392.4914147076063 384.06942448872434 399.1353133760805 391.8099514764105 0.06657025218009949
751.9230744521518 491.531809403425 768.5983854095012 508.5547273641719 0.06653738021850586
423.9764275730099 372.1666794608554 439.02090783218233 391.94826898207333 0.06646666675806046
265.6535352226925 142.3526740749532 286.66008804742677 174.7607024531746 0.06638994812965393
84.23444897090586 281.580727931877 129.87098186068886 331.43610487401224 0.06638134270906448
211.45694829561106 412.9922264463751 219.91253770037653 423.78986259536435 0.0663105770945549
965.2841984996774 425.2514637823067 993.7224010195779 457.68279789449514 0.06616667658090591
275.25562667726894 415.666107111526 289.72702564406546 433.0245055236268 0.06613282859325409
687.5376005463788 525.3288239798344 784.9621177918249 609.3834758290051 0.06607169657945633
267.5928994751537 430.01656574351165 278.0416892224691 442.33449573561165 0.06601987034082413
574.2719957323507 411.91707600598255 615.7042240567915 454.49810546607415 0.06596171855926514
407.12901045243103 375.3660489725029 413.70945439187847 383.25148482308856 0.06575890630483627
231.04795768581442 361.9986278715068 237.7396529759925 371.2372386894771 0.06570177525281906
159.3627412098133 329.03862005708254 168.6101464092939 340.04359760281443 0.06551838666200638
158.87863841404103 320.6546466477681 166.72078536804926 330.2833250002037 0.06544943898916245
225.94617759173173 495.041793709193 281.6548571861859 540.9051861663155 0.06533540785312653
140.31338205201916 414.59876260606336 151.0854516255881 426.1635538368222 0.06532524526119232
445.69918678359005 351.90502094716436 453.2040704829706 360.4971718291264 0.06527840346097946
470.68899277833566 376.4928747894034 482.07733214784304 389.41425316682063 0.06505593657493591
676.0865129327661 484.5963003335484 687.8843993827107 496.62016966864354 0.06498943269252777
136.02229330718293 466.3641611983284 143.57896474891768 475.2533453695527 0.0644739642739296
108.03391033228031 448.7031637972546 118.99262661793443 459.99557113785164 0.0643981546163559
726.3263615589887 528.5769501364566 736.0722007084162 539.7741491696157 0.06429027765989304
264.2236395597059 441.9054609049975 272.9274747051335 451.80765442963684 0.06412486732006073
754.4495137122129 554.0453711318229 784.1368052728529 587.8672916313449 0.06406277418136597
1008.1521239550998 448.9118878730198 1017.6177820837905 460.8595900289667 0.06399355083703995
763.2936948236008 471.74052827493017 772.0279433215945 481.1938321672061 0.06367204338312149
660.8300278457153 434.6122083885611 712.1650615764416 485.16228469841286 0.0635768473148346
150.56805945638214 260.589631888964 362.4866577914889 473.7834998098091 0.06357225030660629
696.9733795707161 585.0467439777301 780.2878408310315 660.0257304007681 0.06348299235105515
674.865222621168 515.1135952655761 691.8387415040971 533.0256205871812 0.0634818971157074
983.0821167460228 435.4370223254351 991.3399127602032 445.31954094740263 0.06330942362546921
935.8743128160579 -68.70397633699145 1144.6243328759533 163.9312706574969 0.06326326727867126
559.2290687636586 435.00466253256195 567.9245696503556 445.4227555224359 0.06289035826921463
627.2504104370564 431.6801529425656 635.2025189686203 441.00241427014845 0.06245170906186104
654.6709536623619 429.8425744823649 661.0213909958451 437.5008440930584 0.06198613718152046
617.5413784528062 524.0759555872825 839.9783349525226 755.2559133383646 0.061768099665641785
996.2902518472251 440.05966254271743 1003.0916366837293 448.8896321128977 0.06174406409263611
716.5403032256846 536.1026795277667 730.4869211592335 552.8900298828728 0.06170884892344475
212.1599129084605 342.35875435088604 219.80197953649298 351.93847458897403 0.06170795485377312
706.5228943435077 571.1618185567938 731.8825629560381 597.5864028921594 0.06148339807987213
685.0745064950863 442.7022728519852 691.7675718978659 450.93819475351285 0.061321668326854706
127.05392017756235 426.6529216423245 137.3607696989079 438.4727290951008 0.061319511383771896
280.3042157102246 134.20945387698052 495.9406743806686 363.22223258978096 0.06128884479403496
753.902885306959 512.791873291447 780.5587478121748 542.526112956937 0.06116047129034996
142.054911816973 402.7802746941627 153.71500292172874 416.38165931786006 0.060888007283210754
631.2702178800901 439.4160504565546 639.3320933857441 448.56851426451277 0.06087871268391609
563.0570500819786 511.95221608879035 581.5048901217646 530.8651133292904 0.060753997415304184
697.6805293988904 554.0647952399165 715.252594446914 574.5260268625856 0.06072336435317993
493.2215556571687 405.94834906592297 502.07940607542866 416.87033534712555 0.06062086671590805
232.86463463537513 406.4365779158742 242.789303156848 419.8940487060113 0.06037583202123642
254.92423856197814 418.99003625223935 264.9412244836371 432.7848269181555 0.0602571964263916
638.0036484959232 427.0146567116023 645.2537989632693 435.65214596309227 0.060124658048152924
749.1231484859787 539.3041860490789 761.1008503149797 553.4292261996799 0.059894710779190063
150.72999563732301 429.60334835490124 160.89659761697166 441.0538242736576 0.05964355915784836
133.34264447865434 170.22293378717896 186.78657263450742 227.9725439415255 0.059468235820531845
88.65095560330339 45.91232178516438 105.14011534445652 65.22078607323489 0.0594419501721859
639.1428125603468 439.7813381300617 646.8136289964582 448.60427281307597 0.0590556375682354
581.9726234941947 419.41794049201553 590.50263520877 430.4860693409999 0.05876128003001213
287.7413649330422 390.8001565031787 296.4186959317869 401.09954222122735 0.05835871770977974
403.9552611268172 381.57510532842076 410.58374892721764 389.4678927520788 0.058334726840257645
131.25227806068256 410.250392749704 142.25362908184823 422.7433940898672 0.05817263945937157
550.1459623485738 344.34469400329436 612.639507283842 397.7973497864981 0.05808151140809059
629.3412150302862 415.5928716843952 638.252810959894 427.1953565332437 0.057968687266111374
681.5534409100652 469.16896856804175 693.7724060711795 484.039807883181 0.0578831322491169
643.7210574661036 393.8779896876562 650.9911706378332 403.62087273731373 0.05781807750463486
666.1353061809968 417.9271931890793 673.937129550268 427.3016813445229 0.057774268090724945
-42.4006770803814 588.5471535194202 105.54477059334587 765.3085659512324 0.05767116695642471
727.0653904908738 442.7805717474658 738.6901040006005 454.7260716931808 0.05766196548938751
417.0837325687886 416.23452006520216 427.1404678229482 428.7458743517201 0.057604022324085236
676.2240131524882 445.81703369731554 684.6189036303588 455.6567283386237 0.05756771191954613
711.0921846816192 408.8896463031814 765.7104925951152 464.4592863873719 0.057401545345783234
592.7737343785217 423.40469585127 601.0666954483828 433.86433301926513 0.05713691934943199
748.6724936385234 464.94767717647136 760.5303283247645 477.44311221306583 0.057091083377599716
577.0792891464794 494.78389208973374 590.5411026326593 510.48979457877005 0.05690711364150047
751.5013630909673 479.9105267194162 762.6974700335702 491.78210694287486 0.05682779476046562
668.9919914860063 474.92388574009925 680.6234928891104 487.72189106345274 0.05667689070105553
994.4009689072798 455.9015604054235 1004.3408101295676 469.4226900514384 0.056389275938272476
624.0388739537345 422.15703770545286 631.8828732306567 432.37082686165564 0.05631624907255173
589.4523152416908 408.2572520342306 596.7229059517341 417.312215817092 0.05613977462053299
561.2743115361192 49.32776086619176 770.7910562826044 274.4913649584635 0.0560002364218235
485.9858641248626 388.72046041124497 541.6298785859329 446.0246360183142 0.05571657419204712
568.1815677922036 417.54625733042235 576.7731332180766 428.1239326671478 0.05566629767417908
415.8656150779922 390.08063128944167 424.13563686732556 400.08975411906994 0.055518656969070435
424.08184914521775 428.6358556944174 431.9518843961295 438.51329557259527 0.05533478781580925
993.3576001883322 429.80431957260555 1001.7565883029918 440.95997106196756 0.0551895909011364
684.3991095611423 486.23922934214124 699.8822271986886 503.05967370214904 0.05514983832836151
558.2939513136301 285.3103514878633 795.5005824088472 537.9869073881138 0.05513380467891693
599.3873116282884 440.028755350683 608.3676684462699 450.0339091226274 0.05511908978223801
648.3336357664863 435.18892051822803 656.5425540121462 444.71905032574585 0.055067408829927444
-24.973481972956616 -38.01903090195863 96.33078689879842 96.30858063849725 0.054742127656936646
678.8818964096499 374.3320655891762 735.9706937564063 431.98851808442544 0.054527994245290756
560.3965919946369 415.186956114518 569.0310780324435 425.67800023932205 0.05418799817562103
476.4730838257357 406.99838548942387 486.69914477046717 418.6341396862741 0.05404862388968468
204.84322088605978 -15.914808602085735 264.59273694861923 53.32942481632388 0.053952090442180634
225.4331549569785 420.3553682885682 236.15168330186904 434.8337071908704 0.05378122255206108
546.1455121301776 503.68574454643834 562.7922721382997 521.2951420246857 0.05373295396566391
412.64733033220335 430.3687332954137 422.92259909948257 442.17007259662876 0.05362119898200035
514.2514796310581 400.697862220391 522.4214546410727 410.8435677957327 0.05352809280157089
575.9854722725266 407.4443237447942 583.1698610128293 416.2570256591523 0.05347025766968727
275.70848165321297 402.33173782765164 286.65755931442493 415.44841169349576 0.0534500889480114
418.5991338390225 398.69176130325457 427.1655578944553 409.2611914060982 0.0534486286342144
96.92343743499453 450.75625648963046 111.88812538421662 464.4824417091983 0.05330090597271919
-58.38871458780364 -16.26827464440276 161.31473756270535 236.69107560435978 0.05309705436229706
133.11899121238545 52.45200525641472 143.27549060458506 64.94171406379034 0.05291730910539627
685.459642597508 424.3446304716601 693.9057451651894 434.21538152849274 0.0525708943605423
834.4067902461579 293.1271409575644 873.116616692922 333.73441161350945 0.0521431528031826
180.48595168220345 -10.74864744087769 225.74278692162136 37.60740690045455 0.05158272758126259
1016.218514116967 475.141399391499 1024.0221897826632 485.8010669242875 0.05057016387581825
