631.1473397954394 590.2044089052212 673.2737956459849 636.9921837768411 0.6672857403755188
997.6126065316013 479.833308590739 1019.1933056033564 503.18075016808007 0.42577895522117615
172.01050532992952 444.0117193620746 242.1530455949448 489.75389651708355 0.21504510939121246
558.9615496545969 332.9215221167767 567.2349856957511 339.9908387500335 0.1904415786266327
16.682885197218173 364.6189090521309 311.4309660564183 648.3281692323905 0.16856126487255096
606.5738153586253 454.2782334836021 635.3231726690111 491.90535137691427 0.14494892954826355
147.06272613925802 280.3687143497431 203.9444207419223 339.38706260889626 0.1370200365781784
687.2106254902186 554.4459860235827 734.5264682064924 592.9062965986145 0.13273698091506958
959.1447723956127 451.8542117493793 964.2052304883928 458.52139202184424 0.13025593757629395
923.6794605995991 456.0291419781725 940.8821333853007 474.3783559715525 0.12495870143175125
322.30023727558984 649.8365896826253 412.025824502638 725.9407200944103 0.12432622164487839
962.8212921947501 460.59285378507525 974.0900139801391 475.26503652767275 0.11927571892738342
1006.0879135199904 443.53584988919766 1021.2582724166529 463.2313380727101 0.11697662621736526
783.5396003596843 456.9808072133342 795.9082168759228 468.5125516524571 0.11509610712528229
230.1412515350938 546.8100979636444 302.55927946315205 620.0574757036527 0.11206438392400742
961.1615956587694 439.8266294945376 979.0213021248675 462.76869409280744 0.11075510084629059
636.8849787908553 484.51308508179005 677.0061052357582 533.5499758782629 0.10977573692798615
185.45983817878474 501.77672709363736 258.672231035843 567.7597119156338 0.10900469869375229
959.0185112872172 459.8890163224283 965.817189029646 468.8038409820994 0.10873275995254517
707.6442339959575 493.7175187730088 711.7634321865146 499.3249029469412 0.10868346691131592
664.8782717705964 591.1893398470722 701.3983914124466 632.567873670212 0.10828021913766861
666.4915964084632 489.8551670846169 722.0726024772084 546.7387627851932 0.1075478121638298
950.3351194361994 460.60922551153067 957.2558205667041 469.73346396020696 0.10459782928228378
966.5409498519139 446.5289644908251 971.1743431615055 452.3545278727288 0.1045743077993393
914.3357806817193 478.76222836676664 929.4025207634674 494.29438704576745 0.10361502319574356
773.6078119033115 462.7620551718993 782.5934218129762 471.95199652279734 0.10262250900268555
682.3634534225895 38.87446869585315 765.2036490508982 130.6426423828973 0.10141555964946747
955.9312923760383 488.7799629609154 973.6485140412493 511.09656300256063 0.10137049108743668
975.6141731636925 465.40617433406885 991.5340418797857 486.93771550297834 0.10096927732229233
950.2607102539766 447.0380853588732 955.0613149803394 453.7035899357127 0.10093329846858978
747.1857973071819 499.4564956583881 762.9714429504367 517.3874555592021 0.10047785937786102
518.7354266426305 432.04972912370016 538.7316652283124 457.3470179442495 0.10033917427062988
615.3231443903974 537.5149333908357 696.1191363127191 610.2969279972536 0.10031677037477493
938.7318278682443 450.12526805708444 955.2367859484413 470.9326986683069 0.10006186366081238
627.7769057804885 427.50097863474633 643.3532424895745 448.41679986994893 0.10006186366081238
933.2991815420111 478.748118971847 943.1796708899572 489.44586042060195 0.0999453142285347
618.1991952535192 452.19049819495393 628.1874075355271 463.1020836791057 0.09965768456459045
438.90543239897477 526.6714028346487 517.8648398284168 608.7280042309864 0.0993451401591301
585.0957624167753 483.9845273002128 620.2989117881976 527.772473120277 0.09917442500591278
541.6377215788272 418.04673822124 578.9470055796066 463.2902985281646 0.09857552498579025
982.8345163349629 454.47435315689194 988.7973691070607 462.6192803627244 0.09850325435400009
946.5822963287768 476.7147124541121 960.9718006107731 494.7106554112699 0.098411425948143
563.7357929979239 436.2167343077304 605.2310297419108 489.01919330431883 0.09839794784784317
870.8132893567425 516.9419016342069 931.8384958866168 590.5193901157899 0.09835908561944962
956.0034896981725 466.23095611685926 963.8014101985899 476.0097244333273 0.098209448158741
976.3253515649234 439.62786564976784 992.9474439902604 461.8907421415595 0.09780639410018921
951.1791343465704 450.35616179816805 959.5340517047835 461.1237175393019 0.09681128710508347
540.8336850238243 629.5482328052988 634.3122475552583 709.7821056361462 0.09576623141765594
750.9207191955153 434.4441208502207 761.0073719607959 447.27151147714244 0.0956089049577713
562.9850394876988 473.72864923903296 581.9159298441716 503.1647490714567 0.09524617344141006
718.7335215393156 500.9527633138874 722.5711604858619 505.8243583013349 0.09515184909105301
763.7154753848409 460.1473024474085 773.3074156070614 469.7647948784809 0.09513190388679504
910.1616286752551 480.36733701400703 945.926728527841 524.0603910837473 0.0950193703174591
715.1037819448734 501.04189454063015 730.8906053921636 520.794252775616 0.0947672426700592
709.828888316265 525.887438104085 746.6621607116676 560.1888663493687 0.09459362179040909
963.286919728651 441.6143574728327 968.4259228250189 448.00647547094127 0.09450437873601913
572.9740062461041 539.0302626901753 641.1023525614888 608.4017442775404 0.09413181245326996
966.2194829098655 449.0358283713744 972.6389099718708 457.4999194770186 0.09409688413143158
707.7245659961666 467.2932841941686 749.969349153723 515.2001321556932 0.09409648180007935
977.862800124099 438.0507236051721 985.8369403667356 448.0330807314827 0.09391853213310242
79.69640338788626 562.2533503104222 162.3539551994771 628.664368942213 0.09375065565109253
552.1412252680824 390.4051034295463 584.7346634496246 427.77394451885596 0.09361474215984344
642.1710900448685 437.96435832552 668.1693595373055 469.49627521128934 0.09352827817201614
592.9135894150821 454.63659225960055 606.6655800810996 472.5668932857615 0.09347905218601227
786.60390835899 453.16081997092994 793.9946268297695 460.16159759493354 0.0931728407740593
556.6904007979786 468.2286543457307 593.966354662616 517.3477509407371 0.0929064080119133
959.383502422947 473.8532162456345 970.6634161501498 487.8839451469382 0.09283814579248428
904.9565765449204 436.96506149117096 930.7876722414351 466.31123042529293 0.09283316135406494
776.8593373612678 453.0532089756519 786.3671707414949 462.514823740136 0.09270751476287842
935.5126259123874 516.9151796900541 967.9603520523623 554.5620683697705 0.092331662774086
954.2778599521463 426.13256236988764 996.5531345781143 480.224560220121 0.09229186177253723
987.9415230663067 480.91136268107897 1000.378541709874 497.23902351300933 0.09210269898176193
84.11145834254118 291.1796487711565 145.57604690939837 353.44225314014943 0.0916774570941925
593.621450199745 334.83032877117927 600.7657757569646 342.2309043011504 0.09140439331531525
592.4782206286482 430.16519208711566 608.8212164053967 449.8185572235274 0.09110316634178162
795.3583747536868 452.2018838428366 806.5382588229646 461.04595730521766 0.09082216024398804
926.4831328739149 472.21077736538246 937.6724267661331 483.2328762303602 0.09040551632642746
782.3668985944092 472.5505151273474 832.251510510104 524.0862267679053 0.09038630872964859
995.2735469370012 449.1125660192876 1002.1788418762468 458.70813195300286 0.09035580605268478
944.8578846112923 442.7811057543821 955.1873581869697 456.42559357792885 0.09009970724582672
972.4207905037141 466.4533309827438 978.2794696289752 473.63274569938886 0.09007630497217178
899.6941444875557 469.1988663566146 917.9708630299777 489.33155485907656 0.0900467038154602
448.7813133274746 409.8899741479312 489.3529761274305 456.22878278871883 0.08995268493890762
610.6814988617571 422.54944130288914 630.5499402973261 447.0295230436523 0.08979123830795288
956.7680307970967 481.37706167211945 965.6875707271588 492.1965837525063 0.08979097753763199
895.5821022471911 439.2917358123983 916.6218723345035 463.2483306337638 0.08976202458143234
706.4352403851819 503.1927389959007 710.7110556901014 508.85398738880446 0.08962088078260422
961.000618941811 446.2658394474322 966.6823132859275 453.456149803914 0.08945614844560623
55.69291442280977 611.9771594449873 151.38939169585424 709.2421818671046 0.08945167809724808
751.5835923292151 640.5466973763492 789.1560584569155 689.1788409461492 0.08926423639059067
972.9766980654093 439.0274796445308 979.2782592046212 448.13875722901247 0.08912702649831772
625.200610578279 447.83721829050694 648.7924954097122 475.0150745476216 0.0891166478395462
598.5177099169418 348.64765605426675 604.7359874809912 356.42744605880523 0.0887836441397667
746.4449337362303 456.16974524592956 789.7846339408918 495.09447802785746 0.08857889473438263
791.7675630822987 641.4419720827273 843.1893055749575 696.9514746627256 0.08856753259897232
584.456644168272 342.6133318836723 590.3919518341913 348.94597869396154 0.08838316053152084
928.4351063481629 444.75819175859914 939.2235599283406 456.766050657547 0.08836688846349716
472.10393580747217 385.5315280359556 483.06273998779113 397.74056285041064 0.08832506835460663
136.83579116185066 561.8969534425632 213.2599236847777 604.0041032616341 0.08804959803819656
773.9458865605136 442.91953558146275 783.0750342815959 453.46124683076926 0.08801786601543427
938.9253344870452 468.4793627548906 950.2923781419125 481.3944969699901 0.08791043609380722
624.504102885589 550.388993387762 657.667769016721 584.7607307268914 0.08787792921066284
949.3790620765471 456.30263230457234 954.8675368343571 463.6663076553482 0.08785417675971985
716.476527171328 507.2115189596802 721.6775449879515 514.7742376891251 0.08767015486955643
22.144533193990082 421.4910352335238 109.57745162639222 509.16631690697784 0.08735285699367523
659.8856185474358 464.35310782060634 680.563313387716 490.94712101411756 0.08729427307844162
112.79306590781302 307.0804259273058 118.70924258691122 314.975193793974 0.08724341541528702
968.857643617496 481.71406790681436 979.5175074657874 494.71300166748165 0.08709811419248581
928.4195728613211 416.28193850825636 939.9487721046524 428.73396979565587 0.08699953556060791
971.343805963848 493.87311585934106 1002.1480994912612 533.3719866979865 0.08692401647567749
949.3386481130848 488.94532176542083 956.6225411647222 497.84701727608865 0.08677765727043152
955.9754098236193 457.6202641679794 961.2573225016791 464.8410162958012 0.08655033260583878
908.4888974780521 459.938260252673 917.4882617182192 469.75145238126896 0.08640836179256439
986.0162309865682 459.6738000863815 997.2263037013583 475.2178751068494 0.0863724946975708
608.5389959511591 450.3010149673943 617.8079423203665 463.20251392053825 0.08632928133010864
594.5457228408641 402.42851771491047 618.8212026868512 435.22615141619883 0.08619077503681183
728.7979855451237 518.0147675953648 734.5876689643858 525.1615270776296 0.08617732673883438
90.25846473821467 443.66823564971935 153.22539625654446 480.28307619242804 0.08595552295446396
970.39196801001 449.3789887268533 977.4723531600793 458.62333521081206 0.08590175956487656
957.3665243567914 444.4823477316359 962.3492749165232 451.3558678731754 0.0858784094452858
976.1840020258309 484.9107875216726 988.1432506414027 500.0916311637146 0.08561325818300247
946.5750201345543 452.2875469115869 952.0067280172475 459.29796738483526 0.08552242815494537
808.9834138603442 298.2503861672882 879.7570149010579 370.793143394306 0.08546898514032364
525.6762321840927 469.57828920407167 561.7613114970737 516.360703201117 0.08544817566871643
645.2057524841105 456.5070246926811 651.4369667598053 464.0525046736935 0.0852941945195198
730.2122193588059 548.2257263652324 771.0536256808267 587.2552240704717 0.08527760207653046
677.8768475063589 447.37454681639406 717.3978605038246 490.22358336534484 0.08510714024305344
981.2122982556947 460.5654189678566 986.6562671148038 467.93204381728157 0.08510119467973709
644.4573614894069 473.41554428578644 660.1766660963791 493.70749394795945 0.08499077707529068
428.94263224275244 390.5838292454313 441.5393867750246 408.36465508933156 0.0848114863038063
978.576497525996 411.1741904552498 1002.4217632797001 442.10950517683716 0.08473563194274902
989.0307491653857 456.079764038219 995.3191655776994 465.01759608973293 0.08470172435045242
990.1998014140044 470.2063365486803 1000.2761337782531 483.2136768227713 0.0846564844250679
580.6456814619595 511.29018289555097 620.9808391720135 557.0160200761361 0.08453278243541718
803.9292852962263 449.5099604410077 825.8148332735047 463.50241455759254 0.08451994508504868
509.466000586964 393.098965192514 543.425583646827 434.08403675985153 0.08451563119888306
803.1468743183691 625.628720701482 856.8805392925559 677.6449207920831 0.08435814827680588
473.09142347069513 416.1200878603927 508.62537432811223 460.1481397487854 0.08434142172336578
575.8248234355484 483.14470422546754 583.3669769521151 495.44877421085357 0.08422417938709259
64.95482114602824 496.0074975118998 143.61190660399774 565.7366813631464 0.0839996188879013
760.681970496223 435.32002660380715 769.807547286158 446.12584173575686 0.08398594707250595
647.8541664696576 397.8122297728501 688.1536962736225 447.5552483665726 0.08394724130630493
693.7635371149734 537.8559898804992 720.4710188359307 561.3093961917943 0.0838647186756134
235.7011608329091 522.6818818287 492.28285359305676 788.2124529830814 0.08374292403459549
710.7531187735065 492.26864643636867 714.9871223562119 497.7843577029533 0.08366407454013824
741.7205136824309 470.46849087395776 755.8795488194929 485.8320911064302 0.08362369984388351
931.8257212788217 436.49633046973094 947.1166101895978 454.2471102110528 0.0836174413561821
709.7433599315173 498.51938530097846 714.3176130686682 504.7910688525158 0.08355793356895447
967.521142754576 438.42712071466667 974.6187179372035 448.0866266236084 0.08349592983722687
635.1254768628573 408.50212806649523 658.9370478062277 439.72591774919727 0.08333822339773178
987.5469389224705 446.5142890875111 993.9762532904223 455.35776397883603 0.0830598771572113
440.5663590259013 464.7064026554603 509.69810497252024 536.1700232967642 0.08305557072162628
277.0860755784633 202.74896659121165 313.3681239951761 263.44518361400384 0.0829070582985878
781.7753849273713 464.0146401010234 787.830777515309 470.9000458566842 0.08288469165563583
994.4564206713061 413.70928422950806 1019.318779187792 447.22377724230665 0.08286529034376144
629.0062204228368 469.7004205531049 645.5941797035266 490.86654719046663 0.0827813372015953
756.7316170704357 510.7208996754565 779.4015385628024 536.3107997902991 0.0824725478887558
-65.12054762189341 543.9243055972919 136.83860711752976 780.2120181191134 0.08240727335214615
989.0495238925248 204.9084533040093 1068.6660565196794 289.5373289860067 0.08235741406679153
872.3559413252734 436.4159335616117 890.7535821439402 459.4771277775437 0.08229643106460571
646.1248277416245 583.0460019020243 661.1052919092746 596.8137070892346 0.08217021822929382
412.5325568439058 384.86622747029946 416.7357216764681 390.15742853719604 0.08214201778173447
837.4342508669934 508.9251024748695 881.8562131143195 573.7769708614896 0.08211546391248703
976.5429629886479 447.7926797368926 983.2919409840702 456.8911000130579 0.0820063129067421
789.7929148340777 468.15011955214226 813.5334940698427 489.99456907526184 0.08199496567249298
918.8291392961985 420.44700781561914 951.0196779482659 456.5754955858181 0.08196321129798889
765.5339300951271 450.0349430407052 775.2689719054777 460.77106484403464 0.0819627121090889
700.8658135177775 583.1906042211814 759.983546870171 641.4382125894679 0.08193483203649521
914.1838915070349 454.63349751275115 919.2474709093161 460.3913061992271 0.08191367238759995
556.8328682578355 476.6726854565332 565.3920099430671 490.9243647503382 0.08177417516708374
994.5083279062753 460.3823557251345 1006.7926552196059 477.401275757771 0.0816727876663208
615.2998065228351 466.97845228380197 621.7232748234418 475.31041389548705 0.08164086192846298
202.94570050538346 22.397778767884915 290.93645861213326 122.93365023027467 0.08157297968864441
879.100924976857 486.66227519365117 909.8153321050974 525.5700017572822 0.08143403381109238
396.2406297116383 373.93132255314623 399.43115469553607 378.0065888851081 0.08139816671609879
198.7841240241656 167.8474629480353 280.3139019621969 262.67833680529725 0.08137655258178711
768.8379196731757 489.10384878013866 787.9555588696267 510.36187633394445 0.08135505020618439
349.017927721217 685.4303596387629 356.31845559126873 694.5166683160497 0.08129984140396118
947.8393797525536 463.39600252976686 960.7667646798548 479.3303957608231 0.08128637075424194
982.1361389883904 74.0756112843858 1066.2746453163954 166.04062534785993 0.08111608773469925
622.9269453856803 399.1932928780999 648.5134333245711 434.3108623614478 0.08103692531585693
783.6844577982436 457.12881373619365 788.0544949683369 461.985691998202 0.08099326491355896
143.56215199782233 491.3457542122959 197.04037018974057 540.1417843080342 0.08096881210803986
756.0099514425544 427.22005410044096 791.8549031393921 456.088319684676 0.08079736679792404
927.9052852683808 478.28723434882386 950.6637737054948 504.36114598975365 0.0807725340127945
973.2500887479678 447.4786390782292 1039.9659941740267 545.1100542388618 0.08062157034873962
707.2684368808254 506.331757470477 714.8175274646794 515.5713414395759 0.0805511400103569
885.0811183837907 416.857395427903 926.9952613148295 461.6987908919314 0.0805380567908287
715.4689053076225 498.5166021521894 719.3012961203135 503.50525347982654 0.0803733766078949
965.1295244122892 473.98689880933864 975.9761544222081 487.5654208826502 0.0803525447845459
995.4728812239994 457.4703617239563 1000.8821626682882 464.89229081280786 0.08032765984535217
607.8723428052687 462.61657040913354 615.321167318679 472.8771202842089 0.08029444515705109
782.921356324279 445.4190153156386 792.2422579644466 454.6378386545363 0.08027219027280807
911.7422377003727 463.4488553715492 920.330987456632 473.12825616938943 0.08010344207286835
970.9098159838416 456.47742646505975 977.2826751563632 464.71007110184956 0.0800800696015358
219.9225990000084 145.41154285273072 257.3019878491736 196.58372433768662 0.08005684614181519
865.1527853026563 674.4343045405409 883.6175304232046 691.2305699705583 0.08003649860620499
725.3083862201494 500.55018450640534 749.1090616936763 529.2685525110041 0.07987213134765625
441.5505245789511 360.0323476499442 445.3219480570557 364.9538315723296 0.07980652153491974
660.437154047986 489.4754997090218 664.4422209676264 495.47824910488595 0.0797666609287262
975.1694712111154 454.44994034484245 982.6239603554841 464.1991747179051 0.07973214238882065
982.241313529511 448.91785396921415 987.3395411725521 456.1213611473176 0.07957057654857635
1004.8075703177085 462.70717981934655 1019.388822793269 482.1700366127872 0.07951220870018005
740.4706091550787 451.980785851401 755.4948411973645 468.9291943768038 0.07938481867313385
1020.1379498036416 429.6413684707221 1053.8391549141188 475.55711477327463 0.07937157154083252
442.34721854794554 371.6421723345143 446.9909770117399 377.6731486340047 0.07930946350097656
874.1695994149287 418.10784198210126 882.2037168699726 428.40967480856904 0.0792604610323906
324.81352251862677 688.747913643469 353.79647532401407 713.019035840268 0.07926031947135925
726.1612332481859 458.84579695041583 748.1280894058923 482.81575533394266 0.07921241223812103
313.62312164964476 255.2456456982858 348.3535492207303 297.8563685989021 0.07920670509338379
734.013580912713 489.9637524142225 738.3084243286354 495.1759153159523 0.07919839769601822
581.0148655524861 353.9524154974971 593.3971092096346 367.2631812091485 0.07909851521253586
977.1063102886526 462.5709722428815 982.6387616850797 469.8222879938872 0.0789709985256195
808.4458192286118 695.8183485840468 829.4467860796061 719.6740988421366 0.0789472907781601
712.7103301436246 501.95995149091976 717.4757584943042 508.3940825573382 0.07891018688678741
992.7020165464603 464.64313910711036 999.8908742860456 474.1585798416209 0.07876601070165634
952.5426425974773 439.9293510330683 960.5464985107784 450.07916499692055 0.07869937270879745
889.6577581071716 463.18458467630927 924.0572699853153 500.2153308422248 0.07869333028793335
717.0106342422513 494.44051028090587 721.4435176094967 500.3458192012676 0.07864870876073837
757.9145209748076 450.8184317774948 768.9467069532708 462.97880210701413 0.07864117622375488
654.6884664922005 487.8606308608199 660.6423441910903 495.44106411590144 0.07860048115253448
242.5078953541893 410.52747234064424 322.46947554286095 486.51802833743307 0.07859958708286285
450.1196112489744 380.3735834723251 457.71660585391817 390.265730804659 0.07857044041156769
816.4685763006495 650.4729818508939 871.1346203018607 706.977723469125 0.07854137569665909
416.91713225466714 370.06052036229386 424.1268058829477 379.40881690433395 0.07852881401777267
200.19434284812124 289.8096343458487 245.25756488142179 345.03162452825296 0.07847332209348679
667.1608852549425 433.6026182679899 685.7114285467985 454.94245266909735 0.0784706324338913
468.2654903672585 371.94615655638273 481.6620151490741 388.4900067791141 0.07841847091913223
589.7146610956275 339.6195162432372 595.4739406989644 346.14065583889976 0.07834295183420181
936.6693342604592 453.5367016841565 944.1947802087188 463.06867290649336 0.07826337218284607
932.247074197067 410.2830644194466 964.1596191571658 445.5242642779965 0.07823269069194794
985.350271175955 437.6160278945528 991.4045985635852 445.9759611982514 0.07809800654649734
943.5266294049915 458.04147947298475 950.4800477494344 467.6007708304679 0.0780690461397171
228.167710982042 257.09055981417106 286.58568453463175 325.0068423592119 0.07791241258382797
757.7433622497543 463.44536791719906 766.1008059220421 472.4378534107656 0.077887624502182
470.40456464081615 393.8173732137453 476.08278280906814 400.7034103449124 0.07788476347923279
735.5599449491507 496.40666007699724 743.98515426449 506.7042919963794 0.07777849584817886
705.7475671120354 489.80536928544205 709.8452188686236 495.4099699228258 0.07777473330497742
260.25320486479353 146.59024536361937 283.79601398064386 182.54071161306337 0.07752303034067154
656.8248504489557 566.4121636204445 685.7009174761847 591.552787731574 0.07751486450433731
661.1386171318325 527.2031275079788 701.5930931778194 564.2541042597211 0.07748179137706757
559.0843809075002 428.89864126417916 565.6633890114296 436.8536436861253 0.07746651023626328
798.7701587995542 538.5177320255448 837.5329118053146 582.3216623516781 0.07740943133831024
477.8685573337988 394.5350347447593 483.09134251777874 400.67398105755814 0.07736855745315552
441.49025659346376 381.88467431191674 449.5050760009226 392.4027781271214 0.07721544057130814
619.5541433039458 630.948832186419 673.3973951528725 684.085378026383 0.07720572501420975
1015.9369544136285 456.52486524085606 1025.6141486174133 470.36189510767883 0.07717494666576385
950.3098192379459 478.248513546965 956.1185627819411 485.2166329414757 0.07716917246580124
930.822518228212 488.5095158871339 943.5049614448733 502.88183832888 0.07711415737867355
-8.740946589451234 533.1584164873248 69.60803183170465 624.41799617302 0.07706974446773529
118.63831870445874 307.24755349352444 124.99901470531032 314.9112488074797 0.07704566419124603
570.0255699003313 486.75507456135546 575.2984014926225 495.2291419164484 0.0769982561469078
157.20490953260042 306.6707062163281 164.3190271007335 315.13730397006094 0.0769869014620781
617.6886690760804 443.8680610584375 628.3800345338534 456.089114944297 0.07694007456302643
607.9891539078634 476.7774666337848 615.2531710408468 487.2747772984251 0.0769379734992981
415.58346603946967 385.7247678479423 419.6038619275789 390.75856577345314 0.0768820270895958
969.7692860837842 473.1481569165016 976.5832092739101 481.3525947431514 0.07686606794595718
712.008842667225 487.0752045968875 717.8333276337813 494.6926126178734 0.07677367329597473
429.256620185304 364.41287317896484 433.7432922624726 369.83013786148103 0.07661539316177368
957.9694541484164 430.054684258642 969.3604601972463 443.73733594816287 0.07653460651636124
1012.5262174111755 492.11535759359157 1024.36740018759 506.56711042554497 0.07639072835445404
-3.963671333537791 -4.206782678419327 7.146516071502748 8.621717802139422 0.07628530263900757
998.840564705558 462.59801043318674 1005.4415135028663 471.1456680150536 0.07597353309392929
461.57867590265766 375.78648429086985 465.4030648294483 380.75165258887694 0.07586700469255447
829.0638211855077 448.3962093699506 854.295831891604 468.8669790770763 0.07583136856555939
428.3320831341047 358.4296744392117 433.5639225869347 365.0046218898923 0.0757175013422966
444.42925743924974 366.20419862246354 448.76354702651275 371.70748837409747 0.07563374936580658
994.4355158542295 518.1344012105218 1041.3874308074735 586.1063370709116 0.07557933032512665
984.2398824332428 443.37869479616194 989.5650784336194 451.4290233692178 0.07555566728115082
1018.960955488255 477.1213061630859 1047.2900645185016 513.2026379548079 0.07524494081735611
711.7718463403545 436.5696099669967 771.0710686338634 494.44881543349027 0.07514407485723495
445.0676221155776 357.9326235714099 450.02505777307556 363.883899977254 0.0751388892531395
745.4602238854357 597.5629177901022 805.4574280407325 664.6793637574938 0.07508090883493423
410.8818996809915 381.60396369986347 414.2562238942983 385.844115972661 0.07501300424337387
187.2762741942926 397.11765353634274 245.77824112181816 453.7831790460241 0.0749899372458458
440.31781343276145 377.5215906689432 445.3967126814486 384.14286574841856 0.0749683752655983
278.02582911615104 314.3940385276111 499.9056905189237 545.1764231439703 0.07488510012626648
419.6017125231532 386.89730584114847 423.54455971614556 391.7233975120679 0.07476967573165894
363.31144919207094 683.2191567131903 402.9189306635513 713.0436106175482 0.07451791316270828
731.2161962397867 526.7997789555737 796.5714458729699 594.4509574945333 0.07429514080286026
926.3511773283632 536.5477788468428 1173.2575866530312 820.9634050247046 0.07401882112026215
696.7247240618198 493.90237626385135 735.9086076564404 541.0132174291638 0.07391958683729172
424.67126738104815 366.58621345212424 429.0566847488944 371.96009838562935 0.07384996861219406
410.04288081827247 375.93174455890187 413.77969268375267 380.65265802750355 0.0738246887922287
398.07537065708834 370.95840730461 403.0183823353364 377.046720307678 0.07381080090999603
105.84721518632898 296.8509120562265 138.60337849869163 331.78231106573537 0.07375812530517578
436.3191036130657 360.515211113837 441.28301894503807 366.6748630660612 0.07359495759010315
506.83486220987027 460.5808083451668 562.5549049822733 527.301136642636 0.07352042198181152
231.4980910046479 372.94428015626124 298.5883150650549 448.9566747343441 0.07339215278625488
1014.9874471009027 487.84814692537907 1025.414543899385 501.5161627959365 0.0733889639377594
93.50226390107673 351.00718114143837 125.94769305996692 386.12989761661237 0.07327917218208313
995.2071759925761 438.5193005116331 1001.410314163476 446.6959696053806 0.07327701896429062
629.3905698893288 588.4032482564061 646.354489851894 606.7357378658799 0.07320564985275269
1001.0724483009521 451.6298263228 1008.9716650673334 462.674417555473 0.07315947115421295
458.31719729103617 361.37668863919674 462.4059194199168 366.34097018755983 0.07297084480524063
657.5573449030092 585.3895740510694 664.9399711125637 593.975883531339 0.0728640928864479
620.0310964953595 508.06159964685423 659.3068939913811 549.119987497248 0.07279117405414581
407.6761884582676 384.6400208537756 412.14995724721086 390.2486260566797 0.0727694183588028
1025.2250418570632 471.6801256795267 1071.2920625874651 537.4276755545825 0.07264252007007599
835.677960930538 596.4096772975404 883.1103757038339 649.7207063733744 0.07258902490139008
413.86777841120636 377.6383709094407 417.92210796743433 382.83148016847923 0.07249803841114044
392.5646025023593 385.54009543670503 398.1894558601655 392.2495515101243 0.07247242331504822
-31.004090013909696 628.9008835478273 70.46067149243899 744.9245021094574 0.07241955399513245
665.585875378202 584.6710770540769 673.5566740048829 593.6002961281716 0.07240714877843857
261.93487364469087 28.03717756629036 548.6279459115492 315.5405335905707 0.0720401182770729
477.5615134499198 374.8605707493243 482.0753251109231 380.33815906018873 0.07202597707509995
96.34800491102503 306.4366768014631 105.26825318570586 318.04158918528947 0.07200205326080322
463.9707343741466 383.0367928623487 468.3203117026057 388.47975944858877 0.07198821753263474
425.69937311514065 370.2637131148469 430.83233308235293 376.87011129230467 0.07195998728275299
400.8703462735174 384.18930276759386 404.9896812242422 389.75580307342017 0.07194581627845764
451.0513096071295 361.4117122004535 455.3308815986684 366.6763902716466 0.07183878868818283
456.04671772865356 365.8249867459367 460.22392529766245 371.2057186018165 0.07180377840995789
862.0803425193274 458.30567223917785 894.2789962167807 492.1184488704635 0.07165844738483429
990.6999978916882 436.366480710483 996.175003395789 443.9737776586921 0.07165372371673584
355.65874544941437 374.7860872003387 360.2452406219763 381.76881461258836 0.07153189182281494
451.5404680094768 371.6981869057196 456.68036648367365 378.32642450174524 0.07144095748662949
89.38467397173443 445.64841869269554 183.2014164794086 503.064099351043 0.0711853876709938
119.79931992187197 300.82227912358013 125.5464306430208 307.61864491487347 0.07097715139389038
456.2464853717852 370.6583464612195 460.74658252649124 376.44784024854823 0.0709562674164772
447.4486842733402 368.68616686441686 452.53269420333544 375.1316912821927 0.07084185630083084
130.4881098910877 275.79110242975634 166.63547071223903 317.5955447546174 0.07080275565385818
737.687701384708 509.7380035208057 771.5010077634864 547.6003997366491 0.0707986056804657
614.6990604326604 548.0756944311967 637.891926772091 575.2257547919447 0.07075107842683792
681.7163958770496 422.4087085978881 705.9871903156745 450.29909309792157 0.07061377167701721
628.3747100961374 461.82086841733866 635.6181238173301 471.52507490434306 0.07049333304166794
814.8793484667935 463.93549685188026 849.7257483140075 497.2530712689266 0.07046929746866226
436.662638389597 371.7132476782 441.93785821823013 378.71315912935455 0.07026920467615128
420.9433947589495 360.68186063988026 424.8404911807546 365.7259991767869 0.07026726752519608
438.9668126608453 366.0861571987094 443.32325746906986 371.68004183133604 0.07023493945598602
433.42324691086424 365.4448680638906 438.5709785376989 371.8109332745124 0.07020965963602066
718.7848603907122 501.97206941280473 726.0419699032122 511.1149599679246 0.07011394947767258
462.8580925710569 450.42523301404486 803.3403234140832 816.9613738409291 0.06992967426776886
821.2687070853077 491.04768951934795 848.6773559404819 527.779474129059 0.06991172581911087
450.1656855110953 356.14664752475835 455.327830711406 362.2361166896632 0.06990288197994232
418.982142238023 366.7682750717479 423.42050413297346 372.28236298650165 0.06987547129392624
656.9144981980216 571.8950766340437 670.0804612062225 585.5875961734048 0.06986740231513977
611.657027459953 393.45308845305885 635.3736756587222 425.6437426569057 0.06983490288257599
781.418491644611 453.2718423305208 786.7256190556202 459.1195853723013 0.06982427835464478
132.93022527891512 303.7157483977462 141.44490383662065 313.8148781100772 0.06972255557775497
429.2086205366388 374.8477560195231 434.1449213187848 381.4197699338335 0.06969267874956131
631.6459104282986 454.53216998876144 639.0942672057319 463.9339362485414 0.06968200206756592
767.6129014885589 520.6442497416487 797.5268605239878 554.9167070338173 0.06959863752126694
1004.126907010476 437.48381184677106 1012.0910152980974 447.4313391694847 0.06944233179092407
445.52275937346366 375.3392461689999 451.5743484045237 383.0923721839448 0.06943361461162567
459.97132730680465 365.5701522393818 463.6968526618259 370.0250614219786 0.06938942521810532
551.0182859839828 524.4378914621366 585.913738116059 561.0016307524888 0.06934235244989395
614.4184618767341 572.9677880414588 636.1558623874848 600.1200015928791 0.06927875429391861
611.5694085505454 484.8440526917527 625.860819604462 502.2220219183499 0.0692630410194397
821.6324565208487 461.7275074988689 831.18837099288 471.86900993834064 0.06921911984682083
409.2879037449131 374.2068962176385 413.23529205205114 379.21898054783236 0.06911050528287888
679.357202307205 566.9399511760327 695.6168546754128 582.6850694453441 0.06908638775348663
448.40867135158237 362.39980115669084 452.8587810439421 368.00985816731145 0.06892220675945282
402.09930815522955 374.7285562464414 406.2447979367529 379.8520440172681 0.06877419352531433
352.99204383874456 711.2515944438231 368.82001184773264 726.3256486633635 0.06873837113380432
342.47606225771926 657.9444225412477 374.69559049714013 682.6130012391558 0.0686972364783287
629.783731051783 599.9799042514062 649.0135647374922 623.6191862309032 0.06860683858394623
424.7612298177748 358.1839979717021 430.1315223525847 365.0153505322482 0.0685667023062706
276.93831435433793 59.82577966170731 291.20327891612186 83.45190835888106 0.0685649886727333
798.561445454243 368.0962493445504 1218.8349087849062 868.3779534573905 0.068544402718544
412.03094182204427 390.421783141194 416.2655368838436 395.54348831341963 0.06847529858350754
770.2774933658577 571.3440815765838 847.6567251121795 657.8153288156605 0.06844431161880493
-15.113045209793158 126.31851564159365 224.2642941649452 409.21606104439786 0.06843205541372299
848.8175811310183 484.1242118972718 883.6010097286055 531.6285604949669 0.0684078186750412
710.3084175230484 433.61838123792865 733.1713753291955 457.10053891616496 0.06832322478294373
444.68292493905574 352.951447762205 450.3183089663716 359.4815534917501 0.06830112636089325
973.2622516520579 390.9947184533838 1006.078782318114 430.86017787685165 0.06830017268657684
450.57828703190836 366.31054041488574 454.96308779709784 372.09516976599457 0.06822812557220459
811.5502522180261 563.3187071939171 857.6507823793705 620.2158649499306 0.06821010261774063
422.76458229326005 378.1297674979466 434.36590333390507 393.78283755814874 0.06816114485263824
422.4051349991184 365.29311999219243 427.5539257089048 371.51581692910753 0.0681111291050911
741.6455427259234 439.11439202811283 762.8827747275475 460.24610064733616 0.06808044016361237
775.1581414799399 69.441908199293 1015.0273804575168 336.8002522675077 0.06806358695030212
404.26964768969765 361.0917921263558 413.7432875119472 374.0320224504219 0.06806042045354843
703.4405366200202 493.6625865313486 708.4549235643522 500.5333873348734 0.06797631084918976
110.30944551484764 267.72550092040336 139.53588065762605 297.43659010250786 0.06796016544103622
654.4192719980244 602.3444301212004 662.2682648389814 612.0166795626926 0.06790465861558914
473.3191422179483 378.5047074988878 479.3457438001018 385.70148327054864 0.06787237524986267
436.58186209552275 354.3284729702808 441.8793825299963 360.68492723226115 0.06783785670995712
429.6946258549766 369.27231169162224 434.51253576265293 375.2850805732219 0.06781435757875443
405.6459151304253 385.0560099729821 409.8485322021855 390.4186518172137 0.06780669093132019
423.16158942195653 372.87959812592993 428.40511964697794 379.8192056398051 0.06779015809297562
440.90962088679805 354.2635851908166 445.55420069764654 360.0130492011879 0.06774262338876724
155.31804410936297 320.7153402708822 164.79883220576536 331.1691301646575 0.06753326952457428
454.94501891738014 376.83801783970324 459.53623144531775 382.6376818992086 0.06752216070890427
440.64005692083623 363.5707739491253 445.88704883032926 370.09589271448743 0.0674581453204155
415.73865187493294 390.6352462433328 419.54179272344294 395.10895810602625 0.06740518659353256
771.5391319261303 466.2178104821531 783.6429250020144 479.62093702258056 0.06735217571258545
481.9175584456906 378.7016768215429 486.5925529381738 384.2512078487601 0.06734268367290497
433.9868543772526 377.4160499475667 439.05584092663486 384.00338945511743 0.06723268330097198
458.2728761581366 381.9976392230935 463.5296956968095 388.58853323188 0.06718939542770386
586.0513219534739 449.2046599631036 597.0768957637396 463.3829420397424 0.06714964658021927
723.3722372317535 281.1100526736323 816.0986575200831 366.8350500890229 0.0670108050107956
617.4292512444863 429.70038042003 622.6220109053894 436.4236965722969 0.06700728833675385
756.59051781756 467.8968450249688 767.2060518555625 480.2141691460701 0.06690701097249985
465.66224146885224 370.47490022515325 470.97830846824763 377.0034317024062 0.0668528750538826
671.0078679490148 589.7326755632718 684.26550721919 606.0362408033362 0.06666967272758484
165.72690889716475 128.34265344609287 210.43266343370644 185.39308488206927 0.0666448175907135
69.57043001977215 394.4088733181735 131.59223213466205 448.8741131702968 0.06642454117536545
420.10752448676584 389.44055922046107 424.48024357344264 394.85186920518754 0.06641614437103271
417.51385927338345 383.0368570976654 421.9045553838315 388.57318530122683 0.06634934991598129
771.6983238200163 457.2384469493443 777.8624310259787 464.3641218399465 0.06630448251962662
279.82566322546137 334.7159429696525 331.25172656895586 395.5601779229192 0.06627196073532104
84.741730396339 278.87803064341904 116.74731564739139 312.3352032861477 0.06626465916633606
593.0736679664354 545.2980337165617 623.4507294302539 579.6091210173488 0.06625264883041382
863.5113329199415 413.10060736806435 1059.9151153992634 634.3162231327088 0.0662401095032692
433.47762687946323 384.37010113546546 439.234528058839 391.86364157863613 0.06622917205095291
455.38344998337806 357.2598639477481 460.06767704736694 362.9455508359889 0.06617385894060135
1015.1728045460408 472.5892070952819 1027.2181969484996 490.5830751830579 0.06617376953363419
417.468835474473 358.33997146457034 421.41900230682467 363.6504130735622 0.06612768769264221
468.04692937510697 389.9622882129138 474.58288623358675 397.782499428904 0.06574159115552902
951.7983532666708 470.29133247806374 959.6669972838382 480.4017758569973 0.06572901457548141
416.2750751481067 364.3930575436678 421.1107002996808 370.6698284910056 0.06568754464387894
882.6794879446982 405.0622385038516 918.8394877607127 442.57844127396834 0.0656663104891777
490.1785485449786 298.73892876804905 675.7615881538742 490.5836698663391 0.06543806940317154
944.0842710495928 429.16586486259393 952.6347212239799 440.0698999552015 0.06536168605089188
301.9128022399024 30.579822282008212 308.6940841681678 42.19978936808438 0.06510718166828156
437.3120503654646 380.84092944704037 442.01779920691655 386.9319621126562 0.06494183838367462
489.00824905206485 487.35386109310537 523.1900161968549 529.9215351068374 0.06493726372718811
1001.058342423851 438.28861653792296 1008.4797240085782 447.80900841424443 0.06486743688583374
918.864601057656 459.9759841570434 928.8010018508846 471.40447571639675 0.06486144661903381
468.4516611141781 380.3679253199464 474.6313440621496 387.7087657884355 0.06473424285650253
464.16160991476676 377.56346671586203 469.33192580119794 384.0651291441585 0.06457400321960449
933.1661251508834 -80.16911273168618 1164.2593814001907 181.9519620100466 0.06456294655799866
787.0236118762667 520.6825262117786 813.2701350575219 554.0363033037866 0.06455496698617935
116.83784181028456 322.76594917051676 153.91152793381775 366.6021955796182 0.06440369784832001
641.694743834355 563.2366810433966 660.5813898818071 582.6363083769849 0.0641525611281395
938.9382193394011 443.2432186532378 947.9510695416468 454.90198942966776 0.06405846029520035
682.1992828755831 578.8376791398459 700.0265285611524 599.7822311927256 0.06401927024126053
272.7522372766426 102.67088954435934 291.23131685920805 130.84808274988708 0.06399724632501602
614.6523775973062 602.7166703823423 634.3794042001572 627.7091721815112 0.06392493844032288
676.7329547600901 447.4072849582877 684.6830188212007 457.43949384785486 0.06367477029561996
460.6899520298048 387.1050152789589 465.13564774507125 392.4362858716776 0.0635627806186676
461.0929887465222 360.8532646113145 466.4550697864066 366.8557221417907 0.06349892914295197
856.160319763228 631.3543993169445 927.5773969691323 709.1869203334116 0.06301708519458771
470.80201394530616 364.6586989404303 475.5259931471214 369.99878769163814 0.06293205171823502
407.7569041071677 380.1009620890426 413.1878952535741 386.79749896803366 0.06254851818084717
951.8392665041139 504.5112101487826 968.2335544554616 526.6927922498155 0.06240967661142349
610.9586877014684 383.92870322023174 615.9755071419172 389.67606389023354 0.062197666615247726
646.962907470141 596.1266242793013 653.6890743947687 603.70617976649 0.062106575816869736
421.0459432270654 353.1341488482227 427.28047988778286 361.13291087650316 0.061530496925115585
413.0962446920324 369.65498391043155 418.1699358556022 376.26865398822815 0.061480261385440826
662.3139778083457 603.6929613659447 672.3336238377591 615.2546211028904 0.06099576875567436
364.21076615491154 684.0803731321487 375.02389341802035 693.9905469589477 0.060970649123191833
430.6162022737795 352.78696970600174 436.66563630068845 360.06830879849736 0.060892097651958466
758.706839659653 400.1692790297458 812.6308501079761 454.10393007613817 0.060880791395902634
655.2428767771379 551.4821143176549 676.6137659059773 571.291031042199 0.06079838052392006
129.64604251331684 406.9303637977876 183.22403842751467 451.4105216447912 0.06024380400776863
1013.0479443304778 633.0006492880624 1107.7141486774622 748.7360740833827 0.059932686388492584
386.9852335667954 687.385085954108 403.2059011701951 700.897875957234 0.05981821566820145
657.4631388060624 613.4783624468012 667.0319148441869 626.3826849019863 0.05977300927042961
971.2954192216481 429.63235613683315 979.9240845833316 441.45736315164214 0.0594339556992054
972.0401514542137 458.2836013508344 983.0400427372444 473.18868835227823 0.05942384526133537
656.6620889262928 593.3692636514538 664.191094756166 601.9165630603761 0.05924040451645851
356.5718812898687 679.7124288443065 367.7395270544504 690.678759655321 0.059216178953647614
651.9324231998095 427.04625944679856 657.7249376296083 434.14250779961094 0.059214718639850616
1020.385916407043 462.8228537294453 1033.7470442606693 483.1689804808711 0.059196602553129196
666.7956923534573 518.8541980839717 684.7172929635877 540.5721701179582 0.05917469784617424
804.8011923756492 420.2323508782659 861.4714268902295 481.4774970172778 0.058864232152700424
844.1488684067532 533.7756068527084 854.2324072463404 551.1477026122926 0.05884892866015434
649.2875600291108 611.6598857824141 657.6361414043047 621.7057085391209 0.05882997065782547
411.8092365550021 347.23048480787855 417.5939553868637 354.41051656870167 0.05876513943076134
854.4576818055597 372.6150424516254 906.2842253042578 430.8973213057113 0.05868709087371826
766.884823562477 478.6517045365048 804.1233127545544 522.0405341717633 0.05858949199318886
686.5630799125831 354.4871907832255 724.3837422769446 394.5340557838284 0.05847056210041046
590.3735124889781 49.36792961702017 804.327838724574 291.21480247222064 0.05845218896865845
403.3284771637505 380.70401509962414 408.26223736871935 386.8994671042761 0.05814974382519722
466.21350884682283 361.0549377029181 471.5601707443588 366.90770305357137 0.05813535302877426
457.8934517727634 354.2087469362358 464.54124270441184 361.79621322002816 0.05811868607997894
628.4775952466902 628.3857388485096 651.9110752659815 655.9539326526099 0.05803767964243889
648.0101765517809 431.17463656707736 653.7196211103541 437.73853730381643 0.05781784653663635
682.0086761694056 440.74928884615525 688.6187625575803 448.91290197113705 0.05767592042684555
623.1306910026174 433.3340368881709 629.4107664289606 440.9538890955152 0.05738869309425354
684.6125082068505 551.3012473887949 706.3707542799575 566.3458684235381 0.057373836636543274
711.0433416651788 393.9562681302665 757.5360692523504 444.5467694916437 0.05733319744467735
782.3768564436103 652.5931046441439 796.9771746148577 674.4384776860016 0.05732674151659012
874.2422535057242 554.8024726144503 923.3695373091215 618.2679974715585 0.057323649525642395
603.9138600587222 384.66711415171096 608.843493085342 390.2652472979264 0.05721861124038696
77.26250070780448 40.91295352991678 89.3980146353479 54.51572892954552 0.0570492297410965
372.07827662312945 686.2380282045486 382.1204879012897 695.2361406952793 0.0568469762802124
242.35975035097098 506.95975915781554 290.88633011542584 545.4714504971544 0.05677923560142517
823.6050225973098 391.7722680910678 872.2899452740872 446.6278478330742 0.05660300701856613
746.0897777034518 464.5428817989974 756.7174502385062 476.1648461279512 0.056387342512607574
513.184529085432 520.8787561489642 578.1219284748075 581.1086167115427 0.05613637715578079
784.2899697043022 480.8045414532342 791.5681190321591 489.7266305397542 0.056049805134534836
6.323147620508997 -5.225360068491504 21.02271694035403 9.960742600704862 0.05544102191925049
17.976393900977975 8.277582712837713 28.763955505405917 19.021972675084395 0.055367611348629
382.95902949031046 711.739831259463 398.1451192656457 726.2402982986357 0.05513555929064751
1025.1928632595143 377.55928956353176 1088.511027258311 473.52811771698174 0.05491030216217041
898.8678339151261 442.0641863536802 906.8588767798742 451.8920105178213 0.054742082953453064
913.1429836582222 418.5973088294893 919.9028315983322 426.2559232909034 0.054473765194416046
85.83225085978277 75.43366532556976 97.89432115830421 88.05819320800474 0.05430356040596962
1020.4179603018152 445.0531886221881 1031.237699082753 459.09307869659244 0.054141730070114136
-4.662414053336697 29.401620736716122 6.725321784578435 44.29395447856543 0.05389755219221115
770.6227145181733 439.28324172894116 779.423028098145 449.94988595348894 0.05383036658167839
89.17745337584682 46.12321825820363 103.98265840817326 63.37678073954705 0.05381428077816963
128.80173582880613 51.823348920730695 139.39890374270374 64.69084853343593 0.053758248686790466
673.309890082602 393.8992537618157 729.4824381363956 452.4901977958145 0.053693294525146484
590.9988638124963 383.27873342259517 596.9319207945473 389.8409687311056 0.05335140973329544
-23.356660570371133 -40.149807118701446 102.13308570543998 99.48753562603889 0.053249161690473557
918.4086873224595 418.6023212651226 926.3278027241648 428.1844387984048 0.05322672799229622
639.5068414792794 427.6814840121728 646.787094332729 436.3343711121713 0.053158558905124664
590.3560335239242 393.99813594301696 638.4509457221891 455.725653074925 0.053137727081775665
998.3463165032078 427.3215645597398 1008.0841139520411 439.930317689705 0.05311773344874382
635.3837776927686 425.6512891202097 643.187876357353 434.85714881057055 0.05304660275578499
233.75230753064855 147.8935051811259 246.06414273535808 164.35023831160484 0.05300699546933174
-26.71231971252572 432.3999192226751 73.36241941174717 545.4538663908797 0.052928898483514786
938.0033789249762 417.9268879096034 947.6769887835848 430.3450354692668 0.052900273352861404
105.06678631862053 509.32469906565086 166.2862627644462 569.3011302477128 0.052884139120578766
-58.23827436264832 -67.78893744528195 160.11845240210263 167.08608373474144 0.05286784842610359
728.1860703861304 437.3005636127027 739.606845609975 450.7329660684831 0.05276818200945854
1006.5787753969228 300.39620489292076 1081.6262079849296 413.5842200790442 0.050800517201423645
