916.2073589572575 484.04222539202584 939.0283910723545 511.90761999373353 0.9994528889656067
871.9251999442833 469.8993960716988 896.9203055969422 496.2059596469447 0.999248206615448
511.29827735650736 485.0363655525152 519.8559200592709 495.3737646049381 0.9937718510627747
870.3172138207445 348.675561176065 878.3964135859954 357.4670049420649 0.963043749332428
738.1461279684855 473.0403933105653 743.9119280152913 480.33161270696996 0.8219724893569946
462.3682477390039 334.0182587095513 490.0569012850035 374.5510496136121 0.8039590716362
545.5690330152742 482.5115606073807 552.8844446628543 492.6942744181149 0.8034955263137817
769.280516434669 487.8662311537473 775.06484786724 495.1766426552152 0.7211166620254517
669.9578138237275 473.7964054740662 673.8109128377083 478.93693743665995 0.48424094915390015
608.9275436909642 462.8440016695116 617.2737587519165 475.0073392911453 0.46431341767311096
200.31893915837554 562.419913161812 217.2724782411479 583.5986796636606 0.4261193573474884
790.3327064457853 347.0762082721045 795.4479142656188 354.2985732669275 0.39928120374679565
797.5764741102612 487.20788365655494 802.9613778905009 494.3466906504271 0.36559703946113586
178.6219109814326 406.01775029071405 204.8280846849951 448.7447846122055 0.3243007957935333
653.0445691344527 466.30912471880566 662.0758066798606 478.08243447871854 0.2693225145339966
85.36701961350512 465.86459935560447 92.74604064268364 474.1316600604177 0.2081901729106903
231.48405740622866 391.31901883574716 239.69901260570123 401.19628634793986 0.1977936327457428
943.9797712122868 477.2930603611739 957.2434294847202 499.51396594001005 0.19562000036239624
128.61220062743118 498.4710438147664 133.60021855002756 505.16110485069504 0.18219690024852753
788.1234965698046 487.09955326534555 793.5564327908966 494.0607339105844 0.1796043962240219
108.53405787358072 471.95166568054316 116.53373124009288 480.1610339093448 0.17709176242351532
792.471276062757 484.9203046973356 799.0882690473433 493.2932246730869 0.1742454171180725
126.58160454070415 474.7169295527731 132.47950894269528 482.97316621468224 0.17103265225887299
899.0718120106847 462.40051534384344 913.0801776979815 476.81660911637306 0.16679590940475464
539.4613361064742 480.67523232403363 545.540364575498 489.70606097452685 0.16432765126228333
764.3319057107616 499.1274580322584 770.4402141668265 507.67312473645524 0.16259834170341492
983.1398607846328 498.144690502937 996.9166826929147 518.6237728477568 0.15910637378692627
87.96649178864243 474.8740692801257 94.99826043675468 483.4838114294274 0.14284907281398773
907.4886050242258 350.17600515542864 917.9761602216282 359.27713337772707 0.14248190820217133
471.58163734060906 491.2913530728881 477.9355269485373 499.5469874399237 0.14162953197956085
116.19079347514509 471.41827009597756 121.41441442456562 477.9083320525 0.14067959785461426
102.85718943720288 473.28894201700496 107.8617684398738 479.5849249739423 0.134651318192482
723.6396166103161 483.03347023744055 727.9370730478136 488.5689778934238 0.1345469355583191
137.2554314843501 474.0497227876696 144.33336520201257 483.1869142455377 0.1291983276605606
101.41612393612023 466.74372806539895 107.10719000136092 473.61027377931094 0.1279599517583847
829.5434957525235 487.59015496936735 837.0489539260129 497.27160253166784 0.12713874876499176
102.56716527484369 479.70475042856157 110.76895435939498 489.58426351282975 0.1256161630153656
839.4896641826537 488.86641156709067 849.0283439000249 500.45788048480534 0.12319526076316833
160.73255822493942 446.956756259856 166.0543731169547 453.1578634215788 0.1229168176651001
913.491914763212 559.7708330154902 923.1595656349401 571.2178219446884 0.1226874589920044
797.6704321564087 492.70282763442964 806.4844244255104 504.26173244842806 0.12210807204246521
110.49698974442154 480.31774052532825 117.53392213330282 489.08223319401844 0.12153874337673187
738.2451739062634 496.790863153212 747.2816384658763 509.4776130411118 0.12123464047908783
779.6809635470602 485.7866878015354 784.5220311597666 492.95544138731105 0.12122176587581635
93.97673994855737 466.621763803324 101.06441440777309 475.23272563302135 0.12069222331047058
120.48873091598986 471.90466669560163 127.28352735218907 480.7347912903538 0.120205819606781
84.61040796190382 482.70109971725867 89.54909560336374 488.56211936609657 0.11994777619838715
116.85266665585917 479.16973786501103 125.32946565358792 490.1495076429911 0.11760271340608597
650.8479786309623 171.04345084357567 692.342040373546 224.93802359517946 0.11736199259757996
120.30591670504293 463.49238594531505 127.88027825312724 472.778294348142 0.11644308269023895
791.2469277565624 492.2125369143766 797.4965147071676 499.42820132657477 0.11618175357580185
821.1470347152559 486.1982039771198 827.3017208646231 494.86507726609767 0.11551354825496674
783.4177286083607 487.8213582239237 788.7585990294104 495.33294488612813 0.11400030553340912
535.2986605602359 320.49157037517335 538.9452988312868 325.54321483358 0.11392231285572052
244.2135234469752 129.85735743196952 341.5856349869018 275.3293776874275 0.11361925303936005
753.0257895095291 490.18939904893904 757.8059289384665 497.0091581893905 0.1135706678032875
781.0523142811795 378.6809381820386 786.8847285040235 386.52812657140356 0.11330508440732956
98.60630000581897 476.84192480638313 105.18586451458667 484.5316925322248 0.11318796873092651
151.8698576273612 484.5811470427133 160.91318018175792 496.0438287232635 0.1127607598900795
628.761238329063 466.8570292513976 634.7499013488195 475.5998527377407 0.11207274347543716
558.9430736190367 493.69915606992794 565.9564625124628 503.16119874363517 0.11145494878292084
550.641448421113 334.2115485697777 554.4249409808797 339.14671072512056 0.11144697666168213
134.24340848775756 483.3773429905322 143.33496903473835 495.484538007586 0.11116302013397217
127.86374914088033 466.8104748344551 135.03693845286745 476.2077024966515 0.1111336499452591
788.2702169483161 482.43127695423726 793.0319706311775 488.5771082335947 0.1109052300453186
664.3829810099866 465.73281218206836 670.135206236367 472.82058266949326 0.1108720675110817
818.7689592273515 494.7334312693977 827.384111895955 507.0187847046112 0.11067861318588257
73.80902518497264 472.06779396752887 81.85432150484098 481.65521405397163 0.11053956300020218
99.41205078261365 489.62962152028445 108.86114246565529 501.5903839953913 0.11052116006612778
656.7167510762541 467.7523720642311 661.2242696333494 473.2829772346805 0.11049945652484894
127.41850933446683 481.0186114254491 135.95717905559331 492.4770168930595 0.11023291945457458
541.9943190925968 337.2220817558089 544.9412025538917 340.9113461805144 0.11003873497247696
145.23677721961664 476.83184252014223 151.67885599061213 485.80096872854506 0.10984724760055542
785.3524752226286 492.6867010930977 793.8546003944098 503.9476129396923 0.10915876179933548
808.0448993617606 489.5726167323849 814.7700837369642 498.5883873588221 0.1091039702296257
89.16761256614254 480.880279397067 98.33922190592581 492.33726022484444 0.10906939953565598
818.6515747334233 493.2856126014586 822.9301257823931 499.26600122285356 0.10902075469493866
761.290039818098 486.4768503217693 766.1319941882563 493.4360246914893 0.10895068943500519
106.33684478757478 463.34820814341157 114.10081383608289 472.1261126709877 0.10867182910442352
783.3752222387617 482.48743149683855 787.9753449308203 489.22244650137645 0.1086425706744194
652.0945309600891 467.62566343538884 656.6832494635182 474.24892626967664 0.10862228274345398
568.749996133542 448.08501461184113 578.0853550224551 462.52853616615937 0.10846257954835892
153.79601867985437 454.7900806318282 167.66394277682085 475.7716418329414 0.10843155533075333
745.4043828371429 485.92735711497323 751.0002119792064 493.868623819536 0.10824216902256012
966.4651725951217 497.1762926031212 981.5888503391947 517.3378070521798 0.10824061930179596
556.3731300400249 480.2823049640897 563.2710656106927 490.0210620902712 0.10781605541706085
140.86792557243905 488.7364011516681 150.10225262251734 501.45454630892164 0.10771164298057556
493.5203599228576 484.29254258115026 501.368122005402 494.7018504908467 0.10749902576208115
113.69533069458306 465.7787026931857 119.49900384644297 471.9315106910019 0.10718042403459549
108.50684887668676 492.6788654896352 118.016178203584 505.73211668230095 0.1070890799164772
109.25592881126123 454.1476984684675 119.22143071366541 466.42273073975565 0.10686013102531433
825.4233922625948 496.103706680511 836.752033943617 511.1016296598888 0.10675107687711716
518.0701059473705 516.8667957973943 529.322565232714 530.5525871217003 0.10596441477537155
527.4688604633881 510.35263653722825 534.935722745216 520.1691944164462 0.1056104227900505
535.288992567739 481.2942338692393 542.1833795231151 492.31278819355805 0.1056082472205162
765.6088297938518 484.22498771137276 770.3393152885557 490.68985059884153 0.10556285828351974
98.07850623711361 473.3905889099938 102.42442064322618 479.03915307146053 0.10551609843969345
750.4028753965126 470.65457139702283 756.7356829932079 479.0833336621388 0.10546141862869263
774.543923369455 484.93323120160846 780.1529506276753 492.85440002585744 0.10537805408239365
142.89861781050328 467.95161915513944 150.52367005913382 478.00730295381925 0.10519523173570633
807.2374960576682 495.3557830160143 817.0144243331921 507.9081845751566 0.10515031218528748
115.3939778338227 487.2157970258164 123.52721475174111 497.5195865818499 0.10497649013996124
503.15683852089785 519.717017987836 509.31462510377736 527.6216993928848 0.10495322942733765
906.7214633276611 707.9138396009771 914.1414402297592 717.9486285690076 0.1048724353313446
655.3983092271643 476.909914090747 659.9734200829694 482.4835280966026 0.10465001314878464
139.32140132208283 479.4305012929822 180.4684667343965 539.9790792519583 0.10461583733558655
797.7876689760204 503.01465414531515 803.6382484341001 510.4928742888245 0.10456866025924683
764.0927414504747 490.90294215049425 769.3974203309997 498.2106318434863 0.10426518321037292
573.1259344818801 258.98957403210636 624.31643748035 327.81849202926213 0.10423639416694641
781.9077193299148 474.3751241593121 793.1052333006716 488.5155212998985 0.10388091206550598
125.39747294780678 455.4814349972488 135.24494558711348 468.5454369292098 0.10382464528083801
131.80630020467362 474.7642548581949 137.3792167261386 482.40378774914564 0.10374920070171356
116.54395455891522 486.0711200135944 132.02186108452076 506.9457385377117 0.10373290628194809
530.7458112848868 524.9739570555928 539.3966971859763 535.8841936391317 0.10369662940502167
934.9994605166345 352.7191438015642 957.2362359971161 367.3857310868623 0.10367943346500397
525.9496598449656 309.638002907242 528.9504371847635 313.43564338588294 0.1036025807261467
910.2557583726441 383.80117070984005 918.0893489276982 391.4654880448046 0.10349366813898087
515.6609696939796 512.2777805980598 522.8457083760504 521.4968163539148 0.10337946563959122
917.6404928613931 383.43228791863373 931.6757950897512 395.658223254024 0.10265324264764786
497.5443482485152 501.6036125184411 509.5206005631472 517.1112191662944 0.10260669142007828
800.709003423054 480.20467217531217 807.6258368521302 488.97302662875654 0.10251403599977493
938.834739549313 360.6877996125048 950.5291827682466 369.60560394757226 0.10248211771249771
795.0158998249582 481.73176105399193 799.9852590647804 487.66439688349413 0.102322518825531
552.6584667093352 487.76055046695126 561.2033612405606 499.79377021304634 0.10215595364570618
93.34510052112392 457.89673276378994 99.90476034620049 465.66113625409264 0.10209399461746216
615.5724255011207 480.1092490127629 626.0820780420338 494.3684011663072 0.10197773575782776
659.9921070887318 471.9938736693014 664.0598062680971 477.5197664864777 0.10191845148801804
827.0254898439595 486.90860234168076 832.3392598145952 493.7566740002308 0.10182033479213715
574.3436276886891 477.80324357973006 581.4257583897803 489.0415101620459 0.1015535518527031
556.5240786718077 471.15389864174557 563.4236618596402 480.4624986967702 0.10140261054039001
542.1028479314987 442.28351266403104 569.1550580722936 479.3420453151735 0.10135204344987869
790.4352148914295 479.45509770230325 795.3591125929961 485.65109475387544 0.10134436190128326
83.47595178610462 475.5093960326686 89.09620648931289 481.68105885602324 0.10132502019405365
134.9815887895625 464.61516926993863 143.27570674584257 474.75660603777004 0.10127808898687363
810.4214039227298 480.34268970079864 818.3053128626274 490.53685310781907 0.10113829374313354
667.5527090859258 477.7318805646237 672.113612461776 483.9444412073901 0.10099686682224274
940.6754536729642 390.91368630063096 952.8148987734775 403.51488710667655 0.10087792575359344
146.38191722440027 484.4046276212989 154.42107676386047 495.77918166571476 0.10087516903877258
738.3414805495802 478.98625961770034 746.7421819264913 490.5864285705225 0.10081291943788528
580.1129615916806 461.4440846354662 589.2349686812604 474.44896877532364 0.10078554600477219
765.3466995533921 474.6149810615718 771.9644519041324 483.93577921300204 0.10063602775335312
528.080314895421 480.010645410811 536.7265904577677 492.4360169957588 0.10059888660907745
937.6025786175093 340.41967932360836 947.0777587611225 347.9494424402676 0.10053414106369019
89.66323658573245 495.81812657806313 97.39846122977032 505.98722237074276 0.10040085762739182
631.5769851474512 476.3524542814445 639.4277316464901 488.15215133191197 0.10015108436346054
609.8536632807362 482.21601058195415 617.3512118311058 494.1282497857832 0.10008572787046432
131.77701006676824 494.40132510730115 140.15868008944125 505.8943639821218 0.09990716725587845
772.2341488536578 494.02652480132247 778.3334348032721 502.5235703334307 0.09988108277320862
80.25643813066782 463.1690208309073 86.93027926770166 471.1570132581958 0.09984742105007172
963.5640672064898 355.5216985285066 991.210129810494 377.3982149168146 0.09983330219984055
756.7835401828888 486.4489168627791 761.9641354382833 493.75072832168905 0.09973742812871933
566.4119175231734 138.35983555334158 648.1600965834945 239.9103154340281 0.09969159960746765
184.8915046878768 547.8873130965695 201.56198907749769 567.5332937438969 0.09961643069982529
797.6231866465097 476.3175742426238 803.5223439232977 484.07170906764566 0.09956841170787811
761.1972255837119 481.45672831587416 767.0512628256197 489.78913738421295 0.09945715963840485
635.0060305491671 464.4743713403752 643.4856596224674 476.32745188213516 0.0993766263127327
778.4646122050857 492.1918123556868 784.6007476480884 501.0924732849914 0.09935526549816132
518.9664768059957 474.46260898459377 526.1894341845813 484.0198742109124 0.09925413876771927
787.262518270321 495.8380924947373 799.3760608727918 512.3969273872037 0.09922017902135849
510.1705515236391 473.9494634323132 517.4386548949127 483.1504859119097 0.09912879019975662
824.8374172669847 526.2205477939569 836.668825142253 544.8013354224818 0.09912766516208649
599.4640040681519 467.14348269800644 606.3901570543478 477.23737033079607 0.0991239845752716
94.61421189639921 475.01784827401985 99.22150083095582 480.9087806433895 0.09908924251794815
814.9923288755725 501.13549518195305 826.2156301195657 518.0246695397336 0.09905606508255005
116.76736645428939 452.6448799024464 126.0605406487585 464.30857456036387 0.09902500361204147
536.1661440881932 332.65163334955406 539.2174518429146 336.50845477991356 0.09898974001407623
531.6075492914966 326.85334727151667 534.4571088216582 330.4220836946903 0.09895972162485123
647.2769726907173 125.27360242923233 680.0739384117597 168.5341140639518 0.09884174913167953
599.5642304197698 485.21263365285336 607.5481135006761 497.3950674906212 0.09882752597332001
664.5797912884461 470.9386339713887 670.1380903048199 477.7357035292091 0.09880746901035309
561.3305102694117 479.346969447232 569.4337413556913 490.6863611983777 0.09875094145536423
5.627919202648067 450.35538521311275 12.376738579255587 457.7086234308409 0.09858280420303345
540.8878592950263 489.3955588111501 547.7359993548722 499.9620360988027 0.09849067777395248
151.92125606980963 476.16033625060766 160.63558521366218 487.36912209117423 0.0982828289270401
493.5055642284839 507.8698848304059 501.30066830936636 519.1250223818162 0.09824887663125992
600.4884614796316 475.21560881952536 611.9770504543466 492.11399150632656 0.09813442826271057
760.9030471473217 503.9151621666105 766.228776263707 510.88857446598814 0.09775904566049576
536.978298710059 471.0672157139473 543.8806569308671 480.73278616622554 0.09774045646190643
770.3097071655271 480.48466080064765 775.7128535254953 487.5749154033444 0.09764580428600311
99.22619825644 453.10674024620613 111.48960731943838 467.6564843784062 0.09763781726360321
775.367778450078 478.01029546232246 781.98124300152 487.48729680067606 0.09757275879383087
541.6324305351709 474.54161152184025 548.8232951618951 484.5065070329215 0.09742257744073868
645.1359561878679 480.8542938646413 652.700286437145 491.4323444849829 0.09739146381616592
110.36341982592619 501.1911064822164 122.96499371086783 518.1747905484652 0.09737392514944077
502.58857231066844 484.1464402625779 510.38074270770414 494.4500358503871 0.09731675684452057
777.9336091297824 496.1231500203508 784.9128671764662 505.8455146500826 0.09730817377567291
802.5541830365115 471.4733871144302 810.8304512377966 482.353923960657 0.09724173694849014
745.5374966065309 449.85902127095125 756.1454597543152 462.8221446497094 0.09720376878976822
811.0419581395245 502.63339322401697 817.2541939927278 511.0543385822797 0.09717563539743423
948.678560412011 378.21810479824717 970.3077507539778 397.2110502313006 0.0971585363149643
531.9279018934651 520.1620616557992 539.534260269869 529.2186375800651 0.09710029512643814
523.964123159558 472.9121194570275 532.1261251297678 484.2077635575716 0.09707383811473846
556.4038685898707 462.96223336363425 563.6865201359551 472.53256126933474 0.09701994061470032
85.1393973078573 454.5026326926397 95.2803792361755 466.2039511184059 0.09701601415872574
775.1330497688092 488.7769074720954 782.7878435550721 499.90478454625895 0.09697224944829941
621.4758238248867 470.3915616101834 629.6742159947368 482.2918902026817 0.09695800393819809
547.134225990033 499.3284015928515 554.2707012707518 509.4949542111304 0.09668026119470596
770.1262717734284 469.02442017488255 774.3617442433755 475.29387333885836 0.09665604680776596
816.3199236016476 485.27805814936903 822.116901268452 493.56260526443987 0.09664299339056015
750.3706666386819 484.3323577360753 756.1861640354776 492.548079549962 0.0965249240398407
130.65740091320725 413.7947558821567 176.75260829487465 478.57827891647827 0.09645529091358185
896.6749223909324 473.6826740870631 913.2585549224796 493.99894947593936 0.09645330905914307
533.2104516912921 337.68431465155226 536.9634825419491 342.30256528369665 0.09642195701599121
587.6264604350537 458.5014169279118 606.913230671316 485.3652061842696 0.09638316929340363
533.9898314366253 496.4582963413653 541.9783356527049 508.11464517215035 0.0963701456785202
751.387421639511 477.84112614289404 756.6336487608363 484.905071026669 0.0963532030582428
1023.9055914062201 485.80310195587214 1035.9023540589806 500.78427907371963 0.09634150564670563
562.1364945286125 465.96731915683347 568.412476151091 474.68152185414027 0.09625804424285889
568.0168407203806 467.0328809073896 573.5804808717775 474.5817817784084 0.09625686705112457
755.3407082258484 482.99477353138195 759.4760692260235 488.89526288068527 0.09611081331968307
532.2559059862232 489.2650861346703 539.7580438918437 499.7955528305732 0.09595213085412979
541.7261801930033 315.2442039190255 544.5895989056064 319.13791653619677 0.09594635665416718
610.2537725174541 471.6944255820239 615.7805112077791 479.28248883009695 0.0959172248840332
875.2067978133595 343.05569249772196 881.950414884862 349.7452706260377 0.09590344876050949
525.185763695489 313.214321135356 528.5954068331176 317.63984379684115 0.09579823911190033
756.0618239388408 500.55413989107416 760.4447289986831 506.72003852461825 0.09573366492986679
615.9247845366962 462.80520163676545 622.9648339143533 472.8069075529164 0.09571950137615204
542.6298203038373 316.94755025641115 547.3719662577025 323.5850131646742 0.09569862484931946
514.4440985174668 475.8063177388408 521.3723868953891 484.6876998151097 0.09564241021871567
794.3284144047054 502.14727631201083 815.091534946666 531.7758592265757 0.09560791403055191
130.67309585517341 435.75443579645344 147.67670811590608 459.38748815162677 0.09550554305315018
793.355785256 476.01793499463724 798.9619265939081 483.38475035153925 0.09546942263841629
558.5365607603505 461.2968644646125 585.2722787981091 496.39010858245143 0.09543657302856445
215.47101502178424 398.7439692612537 242.2962522798323 442.7393899266198 0.09539961069822311
550.0051346909265 316.8890321375775 554.9588650450765 323.83149549259724 0.095342718064785
625.0738876948795 480.98958853295187 632.6305000255237 492.4918991792833 0.09532240778207779
515.3346364994984 470.1627872394116 553.4075110849782 519.0815393903925 0.0952468067407608
814.5242879253776 493.52736890045736 820.3458354382544 501.6964952100268 0.09523894637823105
482.19653380807927 459.2668431904831 508.6801328818558 490.125628379521 0.09522613883018494
136.8656899497244 497.74661148313305 151.58142115306254 517.2593342944216 0.09500042349100113
533.5395451653194 312.66708925400724 536.8361386381565 317.0144533665602 0.0949949324131012
505.01658831228787 473.6018606290729 511.9077593749221 482.55026941686793 0.09495656937360764
770.4408065356706 497.288411074459 776.6210049487609 505.56404907064854 0.09495586901903152
162.56366023031376 480.3914687614105 171.2983733714603 491.6772353855838 0.0949440747499466
282.9492124824479 120.11587758591818 350.83818241979463 199.06346637031265 0.09478965401649475
761.1809259281333 473.96154987513677 766.4057605461128 481.50387222669974 0.09476025402545929
154.24055204330372 288.6641677805454 397.6369215554372 558.2135614232029 0.0946359857916832
769.265935041447 463.21612931514665 780.9541427479828 479.57691764675974 0.09461359679698944
775.8872887756038 473.2739935183625 782.7444669275833 482.76577697957094 0.09452947974205017
803.2200570262245 488.5568340409935 808.8566970324742 496.29643984321154 0.0944807156920433
539.9197757378048 322.08891629594945 543.1833580035778 326.56898436276975 0.09434901922941208
540.8366937231335 332.5067207746017 543.9636417635978 336.49055961319635 0.09428638964891434
614.7855341375423 440.86863391148876 639.4640931552392 475.03136511607624 0.09428554773330688
784.6635302558298 500.8745343361215 795.5781043388288 515.68001007061 0.09428142011165619
1013.7959176262914 479.3485734413397 1038.753164720345 509.2626688850383 0.0942731499671936
99.55127697747936 496.40766390002153 109.99645623292743 510.09072550015026 0.09423402696847916
791.3334598153784 470.9797142050744 798.8824002153963 480.80156741015406 0.09420545399188995
743.6376643743278 479.5226730344516 749.7026922749113 487.29106112457055 0.09411255270242691
538.5202475628994 496.35922984423854 546.999512869636 508.46226228294785 0.09406358003616333
141.28734331333735 458.32782042099194 154.90890526920256 476.59594908024354 0.09405414015054703
661.1454770753232 466.0167437601936 665.0842284783616 471.50688888276284 0.09404650330543518
545.0097102019148 334.2632263105408 547.5866625951365 337.4483869619154 0.09401123970746994
745.0995484971439 471.43447350576287 750.5922233056 478.70537585560623 0.0939241275191307
507.75519151737143 527.1963415699564 516.5233692891388 537.5731482158122 0.09391559660434723
918.3281616822504 365.701178818333 941.5680656143804 384.96391974372034 0.09385520964860916
741.829751926761 460.46445957790525 748.5460434065973 469.35935987171456 0.09381375461816788
77.27632053900665 481.0045899878404 86.38320374542117 491.55406932055763 0.09374656528234482
588.6666429374842 470.8171816547794 597.0445808658023 483.25249782799517 0.09371133148670197
539.910287859954 452.9300226132699 549.426019190845 467.22510091937266 0.09369563311338425
957.5970666167785 345.2780793881996 986.5123139834728 364.6896826277471 0.09366622567176819
760.3439615914236 492.3110315861981 765.3150383059444 499.5780913469673 0.09365350753068924
569.2909362551121 343.04072238024366 607.5282707207442 393.3045409618335 0.09365051984786987
934.6927391903232 374.904451371444 946.0947169678799 385.59740220632744 0.09356874972581863
626.4101972652084 457.9910955563854 632.9517926048039 467.70400216471876 0.09350530058145523
757.1672152069754 469.24863489388974 763.2234414040657 477.5273367446034 0.0934726670384407
166.7313298689134 467.20862633812897 185.28588214098113 489.04069104885474 0.09345272183418274
477.2158047580587 481.480108272004 496.38830794212856 505.04555075958 0.09345238655805588
803.6014598796972 502.01157020093996 812.315502531397 514.2066455341056 0.09338752180337906
506.21025513596527 479.84308174221417 513.6140121590278 489.81905073899924 0.09336740523576736
509.3644805524371 515.7885699506139 516.316600575648 524.7814237124949 0.09332780539989471
543.2687566826755 307.2654568225766 547.5951022830462 313.0544743763076 0.09318791329860687
506.83378695633485 494.5450660691115 516.3766005566129 507.0150986404151 0.09316102415323257
248.65710825175515 235.34778970521177 276.18347461446837 274.3294444953553 0.09309091418981552
640.9548167304281 472.2174514613497 649.0605755380948 484.0875354882703 0.09296399354934692
562.1523116958033 457.5641344158815 569.3203630705959 467.6623828806695 0.09275486320257187
130.06649522518006 488.0904856974686 134.86833366007642 494.5394278297949 0.09271254390478134
543.7374677611786 331.78550942828554 546.3549030912476 335.130630599709 0.09269632399082184
528.6985094232664 545.7821036188222 535.8739204407569 555.5451484871031 0.0926133543252945
160.82538831529868 422.2315697303723 169.8310438100414 432.8112214364578 0.09254010766744614
604.2283226162663 474.8326204661707 610.464443648426 483.54625064853406 0.09246107935905457
121.84601074647142 491.0233460706068 127.28009851040652 497.8769784351831 0.0924508199095726
944.480839349067 368.8639595522008 961.4264095801617 382.69902910893796 0.09244265407323837
617.7533077198947 453.3384573991836 624.2762001534229 462.2215826702002 0.09240421652793884
535.8015593130395 327.36567996117117 538.705028042892 331.0887247414799 0.09239570051431656
806.0425296312537 522.4358360825022 825.5808067858839 551.9448459860656 0.09227115660905838
638.0508918266503 478.8036395552801 645.3424110628307 489.15985407141085 0.09223098307847977
834.9904408759757 485.9202947272522 842.0140140577695 494.67578170727035 0.09222833067178726
525.2096388762185 322.34534162753584 528.1190776697723 326.1470260796722 0.0922011286020279
908.9193083481383 368.2024344578223 921.2541187834453 379.46883722733537 0.09215119481086731
565.1190182683883 478.14070975662474 574.790248092336 491.49514187286013 0.0921427309513092
113.86976672431955 438.18165328888114 129.64661732870607 459.86129133913266 0.0920887440443039
213.6471358092649 248.03231978525324 244.7986584667207 291.72235193509084 0.0920262485742569
182.2513869317962 519.5302396346298 194.3533863692289 534.4439221849749 0.09198116511106491
953.0405993749825 370.58519444959376 969.3663167501734 384.69709237163914 0.09196944534778595
525.0595516486115 527.9360239169739 530.7967979130619 535.3041861210216 0.09196074306964874
591.4799320287646 462.1040307249075 598.829805029159 472.6167998718814 0.09194215387105942
98.6073942530436 482.5775063516279 103.31041587963962 488.55667497518095 0.09182259440422058
533.0520608481012 319.6668555210669 535.5358288970116 322.92510984698475 0.09180927276611328
222.25611043187055 360.3096977037739 238.58277354541246 384.7399595832877 0.09169837832450867
744.7042161907966 497.3914140275055 749.7625088188298 504.79901562782555 0.09168098866939545
740.9150875950735 487.7391792915619 746.4319651673037 495.30256253211763 0.09164243936538696
736.692138952344 479.5303832619485 742.3540779743578 487.4008215268638 0.09163446724414825
824.6820786847048 475.9110864147733 832.481127151382 485.80755994824756 0.09156463295221329
550.3827786513025 476.6145551371807 557.6912759192228 486.461952978739 0.09154655784368515
755.625438780885 477.0749611564672 761.4605399697617 485.33832164236645 0.09151043742895126
488.926717833827 365.80450032086 535.6936149453653 429.78438408006224 0.09144820272922516
925.605429039047 708.3676635433671 933.7003029185403 718.0682291272987 0.09137777239084244
805.930840229055 485.86635849275285 811.9125295331485 494.43694935898446 0.09135553985834122
129.57638126356252 448.7894745517577 138.31482017389175 461.58729447046375 0.09128756076097488
830.8472942541283 478.2996561225261 841.4186356684794 490.67129961300844 0.09127204120159149
538.2706862150101 325.9359525910519 541.2793355672726 329.7862629019435 0.0912717655301094
543.1619097194318 324.98418787806884 546.3663163167281 328.999464424035 0.09121289104223251
773.7395276317073 496.796611235864 781.3038809897618 508.51288084577897 0.09119641035795212
541.1605072884736 329.3578218022863 544.6652212462984 333.9694608752528 0.09116070717573166
647.0402405771682 468.32316882167754 652.5103334875917 475.98287518248105 0.0911438837647438
303.7311732365505 286.66675727682497 331.8232681035262 324.11965283198356 0.0911356657743454
783.2515706019922 392.3187025427284 789.0874776406416 399.97776585843275 0.09113193303346634
571.2723859548246 470.993132993682 578.101984799391 480.6983451407195 0.09112275391817093
566.9593474132969 460.4459602719493 571.8654853855004 467.44166195810027 0.09105544537305832
126.19489967358794 504.1706204314529 135.038402510317 516.0062100965018 0.09103146195411682
528.16797166952 323.5716997025312 531.1323774919059 327.3444624449284 0.09101170301437378
752.7978762184565 459.9300222552629 788.3008304843441 509.08855465767675 0.09100162237882614
871.1320632727763 353.7484872922606 898.0407931798128 377.5110044714877 0.09098663181066513
494.1142745859724 493.33620523638143 502.57651957649614 504.35855187722876 0.09093865007162094
533.9782607431243 332.4529740045871 536.8541561275216 336.05729858252505 0.09091634303331375
519.5066135191439 500.3414481164412 529.7095708479006 512.8356630959131 0.09087035804986954
661.5881148659198 475.72207072888665 670.8081647502648 488.1572208532303 0.09081244468688965
760.0562249638855 387.23143812528616 777.8178202003535 411.20799144474455 0.09079766273498535
825.3783811284708 464.089721645742 841.3824259209534 484.96917209247766 0.09079714864492416
458.68048244452484 402.4091851511446 488.72496087199073 442.3643007733312 0.09074217081069946
925.4573349774448 391.0912181217671 937.5182075501867 403.1638336002806 0.09068267047405243
580.7959241109302 475.5346038681492 589.6523092871082 488.7732190519955 0.0906125083565712
531.662735015736 323.1933986521399 534.8194988264139 327.36982828297005 0.09058452397584915
848.4375068808605 489.5778685198445 858.4817674579484 502.0746734366645 0.09058452397584915
227.82911270948287 260.80125719705916 257.3311139225093 301.8668209470325 0.09055271744728088
964.3181788953482 489.4008866417426 973.9500881222167 502.1072452313062 0.0904952809214592
982.210255075532 464.4035497308413 1004.07577161751 492.66030991430574 0.09048312902450562
908.5115306517584 390.490241418508 922.2601026007326 403.78043617066805 0.09038349986076355
988.0086450708874 519.1372415715741 1005.8288694198089 542.3090694522083 0.09037420898675919
973.7007632614972 479.13404908667565 984.2952635603758 495.4930341973306 0.0903625562787056
621.5161090224365 462.30248543777145 628.2306777092128 472.13647201330514 0.09035287797451019
525.611908850652 491.15567053488127 534.05597635063 502.89667876182153 0.0903104916214943
643.8280777637553 458.0173835978716 651.2996143125564 469.0668690478568 0.09029822796583176
530.8422122511812 318.4483990939246 534.1628623378489 323.01735719067693 0.09029636532068253
637.6588297676819 439.93652459484747 672.2618730264758 483.8976917456874 0.09027143567800522
815.2684654892948 512.7786988009368 825.2772440535549 526.2248201689729 0.0902637168765068
539.8676955394254 333.898828645927 543.1343265112238 338.14667271446086 0.09024105221033096
579.3233286654298 462.7214117177886 584.980082522505 471.3659067747554 0.09021947532892227
762.5911344825025 461.76601619353437 768.9172014684686 470.59666590906886 0.09019340574741364
939.674003815712 329.5413806872435 972.3969591517563 350.20576455617277 0.0901036411523819
500.0798491333419 435.790763159561 527.5154574043619 472.1182691210257 0.09006626904010773
749.5441139765624 456.9780964152294 773.7540825787094 485.8497310244235 0.09005314856767654
838.2713596393924 474.5329653828318 849.8754319247163 488.741586757116 0.09003617614507675
773.1627181297616 501.81686584154136 780.8866799053112 512.9197400569852 0.09001392871141434
451.14880323528905 517.8806453227608 464.50779804865454 532.1520879650762 0.08994171768426895
508.7940270713059 457.02867928660356 532.6296751617226 490.2733589336397 0.08993148803710938
922.2689923541507 346.957052190401 931.8695859065266 352.69249756370533 0.08991476893424988
778.0832756592362 511.4399915454534 784.267326807672 520.5740445706405 0.08985185623168945
242.35392389605641 316.1525874003211 266.516783699937 353.8679733810169 0.0897931233048439
443.65134705415744 491.7676062421146 452.94482927025905 502.97374279352266 0.089762844145298
543.9236650218498 303.0064138241053 546.862114075249 306.80073402089647 0.08975712209939957
762.0808336955213 507.996353613204 769.8531406572297 519.217177459915 0.0897238478064537
538.2827087499586 331.8261335728317 541.2060332014931 335.510323801868 0.08965444564819336
533.0049510704498 308.5397626256568 535.6398884752247 311.9252112633592 0.08961588144302368
497.8568180438173 478.22907862925035 504.90079532179 487.52017269084143 0.08960045129060745
408.1793508943897 457.6081495667434 436.984353388788 488.1028446551448 0.08954311907291412
814.5929860342412 471.57404299460933 829.125599890258 488.37913400051326 0.08953926712274551
577.2014855047553 475.47187729136607 609.7517857417255 521.0084442400712 0.08944742381572723
491.7589454207466 519.2054462349879 496.95403327596625 526.5716051660758 0.08943498134613037
978.0650802536381 532.8059708232728 988.8216233114226 547.0214332575105 0.0894283875823021
406.25347257246096 541.8412507339548 428.79327102320775 568.610732933913 0.08933190256357193
731.7293356981814 471.61153571113397 738.0455444340317 479.8938076891249 0.08932077884674072
544.1068684619414 322.2067569857522 547.7444954345362 326.9867138459296 0.08930937200784683
534.437015029036 304.7566674038823 538.1772544267666 309.71284626176737 0.0892995148897171
583.9536363392382 421.5828972012851 615.1442735203872 463.4642119913733 0.08924204111099243
738.6309866590973 493.0808149092076 744.3053529530808 500.6046467706848 0.08921095728874207
545.1300496896947 466.7528079403418 553.3811995324694 477.9447937455295 0.08917081356048584
955.7732402268526 485.46784631127315 971.4976165146567 508.38979813831673 0.08915329724550247
837.500061270366 498.5998731039285 847.0430421237371 510.1588365006119 0.0891493633389473
769.1029361973727 458.16016289329787 774.5673732529938 465.98247567184086 0.0891406312584877
538.3047412605997 310.55725851147133 541.8046414463506 315.3221764938169 0.0891314446926117
730.9613383225974 479.32916117091827 738.1657357172876 489.44541772607727 0.08912981301546097
754.1999087207633 464.0263020047215 760.810738510405 472.94195469596553 0.08911778032779694
540.627444434939 326.8882712384676 543.6397870257333 330.7865481180637 0.08909526467323303
919.0245310044813 356.8344326964158 935.9583554350775 369.7362170153178 0.08902731537818909
540.5229732072711 305.34704872942757 543.919724330883 309.85423906349047 0.08900491148233414
781.7884223513408 474.163928324313 788.4611230787114 484.295203977274 0.08895442634820938
868.1825472108086 341.8450315591509 875.4667129007871 348.54295225111645 0.08893153071403503
268.6525255957818 284.72801241304614 305.77485169112015 339.329091846916 0.08892253041267395
752.8277473102021 492.2481726230581 760.1576043032603 502.68216613855213 0.08891741186380386
565.021211204828 473.067211862704 571.5587082682774 481.8265771559481 0.08886467665433884
245.66202170261906 347.716291805603 261.9239238136012 372.43896193072896 0.08882759511470795
515.2087325919157 494.09000349011086 525.3708964576351 507.6381819126138 0.08877773582935333
489.5935369683043 485.8437575805555 495.78560097098125 494.7374888238376 0.0887659341096878
780.9227645137012 500.24640972599497 791.843587086534 516.5635003538105 0.08870324492454529
471.5616364106239 500.47327599736826 483.39206672572675 515.2628781954194 0.08866950124502182
610.0810610569782 477.06196164746564 615.7377885613295 485.6660675978705 0.08865591883659363
544.6369151990706 327.3842328881507 548.1751873565613 331.93559311734924 0.08862628787755966
747.1356142191771 462.7930790913368 753.8653104716775 471.46961568837844 0.08858982473611832
411.52745142954444 191.1248855532074 454.6660856331441 247.98160440590738 0.0885690376162529
654.9684067235229 481.51629102107876 659.6372364189164 487.6375706073423 0.08856020122766495
540.0970523098049 308.87548390896495 543.9210187391461 314.1054866629761 0.08851255476474762
748.5272993521957 497.8425626833521 756.3884338765462 508.9896254064927 0.08849801123142242
593.0532592877091 373.87550717302173 636.8659849144079 431.3853570881393 0.08846477419137955
461.26682037364685 461.14841622434983 483.40912854329247 486.4457024412769 0.08842223137617111
329.5444113562205 224.36133878052212 353.4793835497125 255.0215481142155 0.08836725354194641
554.5209482866206 450.17584154888925 564.3519571013892 464.33587715563186 0.08833490312099457
574.7916947812922 464.55092829145025 581.4648534149914 474.35009641669603 0.0883190855383873
526.3011089853712 320.8725490943267 529.5445981798877 325.3215187337056 0.08830827474594116
806.910856563077 457.8304915502862 831.5733350918903 489.5685064223574 0.08828699588775635
614.3283124216205 436.8475739370387 620.6933368558073 445.20548977442667 0.08826246857643127
538.3785526908307 517.6706651708537 548.535628907535 530.412090617829 0.08825939893722534
487.2022196845148 501.6643885894747 495.87983390600175 513.8363965354823 0.0882582813501358
683.7836654417071 159.60301555998277 714.7903909898002 194.54528298743932 0.0882081389427185
832.6165785909016 501.04336218203116 854.4509920896655 530.7996716543937 0.0881725624203682
532.4129568363368 329.9237833759205 535.2087301069515 333.4854005981253 0.08814381062984467
538.8260670192018 336.23822136030515 541.578048062927 339.76372203114255 0.08805548399686813
447.62196632416897 481.6534108675336 457.0183904262707 491.9978658578357 0.08804203569889069
604.8347553537419 481.2317228767526 611.5005897315639 491.1262238440158 0.08803924173116684
530.6519171549555 314.90997340363646 533.1648359175366 318.23036637264016 0.08803828060626984
107.77770322257399 487.1899436320358 112.80050835609575 493.69712264122285 0.08798538148403168
566.1020304985153 489.62124321009287 580.0796704074883 508.7320409053013 0.08797982335090637
534.9136677626315 317.05916379794564 538.4726811259985 321.924838400672 0.08794485777616501
482.19681342159896 485.8986519292309 489.6422318286253 495.6955273996005 0.08794468641281128
169.37697989138408 478.24165314926483 185.95105393396807 498.5943027865196 0.08791803568601608
531.657647424525 303.64271956271347 535.4806049142973 308.70902327723155 0.08790098130702972
651.9214833768631 463.68900652311305 655.9108513263234 468.55574402297975 0.08789701759815216
536.4523107258868 258.57373528484914 594.774545722019 337.0639845913008 0.08783850073814392
160.54791456695204 493.62394718941465 174.03639961289204 510.6859342115801 0.08780354261398315
944.1908169436706 346.7506104160152 959.8106398405497 358.6168233653005 0.08768060803413391
456.8097828737703 419.44981013515223 498.036927869246 471.6829743345546 0.08763153105974197
281.39837885048706 246.6015821002477 319.63687546087976 299.76390067629893 0.08757096529006958
551.3369901658708 303.5756470097176 554.1655149209582 307.39568829317915 0.08756273984909058
800.2624261044401 445.40795440857096 818.6937209266889 471.9693880337125 0.0875554233789444
525.1529528867288 364.5439282085011 550.181330762566 399.6528622455798 0.08754083514213562
382.24810880794155 290.62268703849537 459.33134068982514 382.75688978028563 0.0875343531370163
125.28117457643393 495.2056473431737 130.4318571278486 502.04568698494836 0.08753424137830734
597.9124613573114 457.2402707826402 604.7307539512609 467.3111590503455 0.08745734393596649
625.677024653535 439.6436868989767 631.4361705574601 447.42848992029883 0.08737555146217346
149.412138735338 493.1182235128472 157.89155472812268 504.7017949509479 0.08736786991357803
997.6797197049381 502.98536265202574 1019.0310971109212 531.2622385187722 0.08735190331935883
550.8817259074918 387.2540646191179 580.8518739890313 428.7936971191299 0.08733196556568146
559.9999185920453 432.9828736804068 588.9353722553931 473.83094356007666 0.08733084797859192
442.11995098155984 472.71090602413875 473.7578927431995 502.69731986613704 0.08732406049966812
545.365828172432 338.3709863861551 583.4978187806674 389.8390532830422 0.08731889724731445
459.4503395433625 463.67184994363106 471.8665426734363 476.9758747909601 0.08728009462356567
498.3646405579069 469.72962695701705 574.7055466924031 562.3121898284351 0.08722372353076935
934.8903122303559 384.17506608092083 946.9855757313985 395.5616015326111 0.08721911907196045
753.1860051204326 497.2803125719915 757.8131139367334 504.1127501236765 0.08712328970432281
531.6374872396696 334.06575206423446 534.5834385148222 337.7748175979692 0.08710432797670364
470.1754646353481 483.34980341881646 477.0612021576454 492.49368211525143 0.08706454932689667
222.4958953072233 179.4089345836105 255.14243931170878 224.89479136138746 0.08706377446651459
664.5794752572463 489.42874011678776 672.859868952877 501.4551982834509 0.08703615516424179
770.3279418658211 473.71312366063495 775.0601506348099 480.8412424856017 0.08699386566877365
779.5923353438595 464.03511501349936 787.6782778053629 476.3517719033976 0.08695857971906662
547.4181022350582 331.3199706212139 551.9076716800691 337.24097435036884 0.0869332104921341
574.2117181496069 290.4242059937538 577.420301876413 294.7051647470623 0.0869215652346611
747.163087852815 491.38815343199656 753.4351170670087 500.4352755993079 0.08691766858100891
525.481854023561 502.04323825193256 535.7060703152865 515.7678957894916 0.08674115687608719
761.6799661795559 468.2794960162998 767.4869053148922 476.32600255439024 0.08670473098754883
617.8453329523504 443.1613074182775 623.5670072514678 451.16720368555195 0.0865594670176506
530.6260986174659 460.34081723375056 539.841569603048 473.42665792256514 0.08655354380607605
577.2098477553385 572.1073456114303 585.6076041994153 582.2628898338577 0.0865173414349556
619.5480835139493 461.01090669818535 625.274867538356 468.7723346233127 0.08650436997413635
524.0609038198206 465.05070869459064 531.8294188787482 475.77469413113084 0.086424320936203
602.9376651679995 455.31299471679364 609.3092225211029 464.28190505168567 0.08628380298614502
622.1470954909153 487.69595632447783 631.4725363415135 500.90206725766745 0.0862678661942482
725.7559262410444 474.93059226139974 730.8440974353932 481.4502492906494 0.08625122904777527
519.9080018699868 483.27977273845784 527.427810178641 493.0786381087874 0.0862293466925621
530.7710133254382 309.87044411194927 534.1558645987511 314.47841851811677 0.08619459718465805
282.6584503784291 329.59407148141764 319.4584399529687 381.53379957035264 0.08610765635967255
616.995466382309 491.53674508473614 627.4022084266578 505.6147448942843 0.0860990583896637
888.2481544708933 364.467868539378 913.5016259068539 387.96641679912887 0.08605513721704483
928.8766729281997 339.8887730349058 938.0862244768742 347.118941164711 0.08599375188350677
598.1924654230776 476.9310900989481 604.4120438309099 486.25607494216973 0.08592786639928818
640.8293580534516 489.81580913232244 648.849225890434 500.6305586326391 0.08591175824403763
593.2891489555119 492.628132780616 601.4834613241285 504.67274746578096 0.08571918308734894
540.3539969910194 505.65544617335013 550.3928714269618 519.3866573400707 0.08568114787340164
983.8051555923449 361.2733660341234 1010.1858234712776 391.45632587312485 0.08564627915620804
654.0434026291458 500.16642503828535 660.8106387473077 509.0939976738112 0.08560876548290253
697.8200896624011 481.7507830678203 708.6860178239132 496.47327672397324 0.0854853093624115
-1.0397125065507216 504.9981707087975 13.919289641099693 527.5639960627011 0.08546719700098038
538.2637110238613 305.9750868271831 541.5394783966744 310.39389265793113 0.08546465635299683
999.3507221553507 468.9647764801781 1032.506001241683 508.71849960846794 0.08543701469898224
152.17598942882267 494.8510031890953 161.13896488731083 506.77145979865185 0.08528561145067215
538.0034795613452 315.3785890144188 542.1670149534021 321.20683037067784 0.08523818105459213
519.6429205687936 43.128742427624736 709.6222176991765 274.9879289844113 0.08518833667039871
291.64334328750436 240.62158369479994 341.9275872013801 311.3568176308803 0.08517436683177948
760.6226301990422 509.7624916313418 781.7274169268328 542.2083594340637 0.08512409776449203
481.90243290755586 497.01102693009267 490.32594685241685 508.4068914100905 0.08508431911468506
457.637220184579 504.6203037732714 472.1218255327373 521.3978518032543 0.08501376211643219
685.5711378186616 -2.0350458312498185 697.1119417964932 9.665330493076423 0.0849473848938942
546.7300440602395 318.93826734913733 551.097569365567 324.96947398327904 0.08482775837182999
327.1186127437077 254.8898633744137 377.626759617185 325.0190278141193 0.08480499684810638
522.3752179271329 308.174752983298 525.8928076480526 312.74351824001263 0.0847838744521141
644.7713832706611 498.8030278530476 652.8994466218699 509.6313686205955 0.08469518274068832
545.1692083697956 335.82096317156834 549.756449962321 341.87927319666807 0.08460895717144012
595.6316209930707 483.32541024619167 601.6219401776592 493.6361224807891 0.08453263342380524
420.1575520068589 468.57503863365093 427.42407454947687 477.9574220041119 0.08443468064069748
517.9580970404646 308.23481411425263 521.5519328487132 312.8608111719863 0.08437745273113251
548.5528226393865 327.8786024298822 552.3907611145318 332.9468585255352 0.08429286628961563
545.2364408912375 491.14354154770444 554.1229259636668 503.351564799866 0.08428303897380829
619.2609502296491 330.16609455601747 666.6148813888875 395.4258034204412 0.0842648446559906
175.96896326392758 491.83513856143554 230.07810585091565 550.8797927361494 0.08420626819133759
480.4401530633119 475.94404020903306 487.7084085627632 485.210335550136 0.08418657630681992
663.1889857754464 466.92161600088446 671.5636431431604 477.7767744819968 0.08418551087379456
589.2769920403305 480.9790393190277 598.3462034110271 494.34393522357175 0.08417659997940063
490.639894806607 476.28139858999765 498.07694032282666 485.98299185741325 0.08416774123907089
633.6687651001758 488.3425134655676 640.1414756562867 497.75821761439005 0.08410468697547913
633.5446711553963 453.54512508241913 641.564084085488 465.03194615522193 0.08403532952070236
532.1082926808473 513.73040557072 539.4172759854096 523.4625649368955 0.08389357477426529
534.0615240478711 335.0393919135687 539.4108442393439 342.301071047035 0.08389288187026978
587.6738114988381 498.9585806899099 635.5224834730889 559.3531664595281 0.08378750085830688
522.272389749794 406.9311492861481 558.7575309272524 457.92142710349634 0.08377425372600555
475.32220719030545 483.30257615314775 481.64446875606865 491.87156995944184 0.08376836031675339
136.31743846434784 452.49470361072116 148.80510860698243 469.1796624495092 0.0837663784623146
477.595455280536 491.0890794328799 485.13540013739606 501.5922797677396 0.08375230431556702
669.9157253500013 465.5341900998792 675.9294515420744 473.7775284371506 0.08365896344184875
557.735019457583 369.60985701077493 563.4265811375401 377.8159211731539 0.08362435549497604
718.130262311513 483.0087795611568 723.5042471039804 489.9518204258307 0.08361079543828964
538.0724337300489 310.1217425635852 543.5620991192067 317.65105855850584 0.0835287794470787
363.39116922998846 265.6229052559114 405.2821229100536 320.201770443422 0.08352148532867432
777.571745046608 521.2508826148414 799.0146867674696 551.5937623489717 0.08349476009607315
524.3119108444711 304.2011066035331 528.2453635506918 309.4250534646312 0.08346172422170639
446.25671137612636 247.76899337182363 504.9851833285616 325.34401311675134 0.08343712240457535
766.4673937671273 396.5907624547382 833.8052152393494 481.6668085454605 0.08343619853258133
291.88360635632915 203.4634536954672 325.2696950296855 251.52325881724494 0.083397276699543
530.6196734090906 331.93052569707277 534.7257525675233 337.2308470668374 0.08333534002304077
250.06752852774008 190.5336582128013 272.22187843016684 226.84917283631873 0.08330456167459488
645.9688672274192 447.7342435611025 654.1641207569464 459.3442767825407 0.08329351246356964
785.8619870935399 346.0010999495785 790.6137274394274 353.04337890778976 0.08325067162513733
319.866842276381 345.77945120807095 347.9176716216603 384.06812331544086 0.08320335298776627
723.2378371603215 479.6985330446408 731.1033184432985 489.5614330161613 0.08316352963447571
525.5610277915831 312.24431540293756 530.6623615348814 319.15470821351886 0.08315181732177734
673.0722659368638 470.8827927866363 679.1455936028065 478.9994795017417 0.08312032371759415
662.5912461325719 460.6196977656059 668.7591541224951 468.20068284794183 0.08311869204044342
556.3029514602263 339.08082018755465 560.1275216694303 343.8752504060652 0.08311649411916733
581.0645747265253 447.9073663778326 590.3098074996112 461.60103807193883 0.08311603963375092
710.6198574107551 410.90011856756854 759.3035164754823 473.6711239018695 0.08307676017284393
618.4556752471882 340.14558713001105 676.5084702600707 415.0765695740493 0.08304407447576523
650.2556722251693 459.7741194513795 656.4160713826277 468.40405098704855 0.0830027312040329
858.1535920235302 495.64258850252554 878.805632452567 521.1378808567304 0.08298180252313614
737.7034850024228 464.71874722239136 743.12969677458 471.6676360149945 0.08297426253557205
824.0673634681622 441.9228443267602 848.8675456263404 474.5546109284505 0.08294358104467392
952.5715316456867 454.0621358397115 975.2102257737449 483.08667755973613 0.08289719372987747
549.1294077006274 322.5315135900696 553.0453766859293 327.9422013071085 0.08284083753824234
795.6757095464635 346.90703105914383 800.9415251924652 353.95234356045034 0.08280208706855774
530.1873817595454 306.41132905877333 533.5589580184088 310.84438165988286 0.08279276639223099
655.3684858979708 490.0114299865267 662.0735543539306 499.70926297016945 0.08275599777698517
550.2320250209378 310.2248808931978 555.535353270914 317.7958880905578 0.0827471986413002
560.159386423461 485.76273236552294 568.7605304133325 497.54591872858407 0.08271841704845428
967.9279661774004 324.0315280689601 996.5605480644601 347.4705363186592 0.08268271386623383
788.1414641521211 461.3935018196286 799.8276097651495 477.33021254800934 0.08265206217765808
602.5681703081121 443.2292571713142 608.9462107298433 452.09783505716456 0.08257859200239182
456.4858429226143 489.9757306856805 463.9099724905774 499.03447138004805 0.08256687223911285
602.6901629462435 451.5243182004491 608.624425292958 459.8630496649051 0.08255010098218918
553.7060916408934 332.1922273893686 559.226952725466 339.7290937231955 0.08250818401575089
774.6937383315984 463.49348210828174 780.8015832777811 472.0063553968485 0.08246864378452301
787.2747299743712 398.9849267660197 794.8061201786134 407.78556977835035 0.08246563374996185
574.6370851561136 452.10532984956205 581.9917171995445 463.38844988172616 0.0824049711227417
541.7243966499606 300.0589796110673 546.3689378263883 306.15593283507206 0.08240305632352829
616.3304438072677 472.8445278704248 623.2606883956283 482.25503451404535 0.0823960229754448
504.31157339872 286.38655622281254 555.8046386921653 355.3332162567292 0.0823710486292839
748.4697326112669 499.43786604439043 753.3982308451718 506.6932722156143 0.08236492425203323
608.552625262037 452.24369385568184 614.4802303834573 460.45751210404234 0.0823499858379364
848.1233626843981 503.1323747015039 872.9602892935313 536.295297578877 0.082334004342556
734.1456188243236 488.59534610875585 740.6392392924679 497.5538454639867 0.08228965848684311
572.9037807430348 294.34419357597864 578.460364880615 301.66197578392354 0.08226021379232407
649.2840309940075 176.57351437624428 675.0267223256395 209.25575839807024 0.08224941045045853
539.2965815065427 317.6749579730427 543.6344644110205 323.9818085558696 0.08213700354099274
562.1542227952013 298.0175449398275 567.2469376087784 305.1475403623861 0.08206351101398468
877.3051027341622 350.23170156006523 883.8139287779255 357.7493856194599 0.08201498538255692
629.3780294447818 488.46110631196075 635.0659027627664 496.4858859088112 0.08199518173933029
726.8570883794065 503.5050082651943 739.1303837927671 519.6256467321257 0.08196526020765305
770.0090068342008 504.42621227730643 775.590982655659 512.0600971968096 0.08195284754037857
343.9999411529187 323.5887588579524 391.3487127769611 381.07740847857553 0.08188920468091965
516.6077052757646 466.0990321964591 524.2350925065223 475.91241138268447 0.08188273012638092
464.85408335648145 484.61826447869777 472.6349951939892 494.37506856570917 0.08181946724653244
726.5972071755184 467.49839816227615 763.2107782180202 519.8888084245542 0.08177714794874191
944.4133607198514 309.28456746980083 973.3516708288618 330.230990899016 0.08175070583820343
554.2246571386822 317.3590697988019 558.826114662477 323.6408044560197 0.08174970000982285
671.5297562587511 475.79466116682386 677.7978828694071 484.33027354964156 0.08174619823694229
640.5106945988247 415.67495596584996 667.215072221936 453.50046305969585 0.08163654059171677
850.3625671873206 477.98324418027465 860.4341370163786 491.4508073650637 0.08149551600217819
470.3707320169827 383.2595726279021 503.9996576846636 428.71082831956613 0.08147818595170975
776.4684895209401 457.03784488614343 783.6771063852838 467.0933462783591 0.081338070333004
876.3651408668652 490.5889097547466 898.8606901150522 519.2565141450937 0.08127620071172714
489.8581838907169 493.7546944828834 497.69260810552043 504.8193121190324 0.08116243779659271
760.536382638371 449.46596204894564 768.5549985334808 460.43343774689345 0.08112657070159912
81.10995188775094 466.3256197031158 95.02391301422682 484.61841076333883 0.08107440918684006
897.6691612237524 442.39261986130543 918.9646023479366 469.4511250342462 0.08106399327516556
548.563686783177 300.26413316513936 551.8625755829258 304.6645433574699 0.0810241848230362
423.4576516434713 491.73418141579504 440.52504090432126 510.1380134952198 0.08093904703855515
756.4461059249766 460.47601921668934 761.8301223528531 467.6472483397188 0.08081605285406113
582.5846439276639 483.28279675365195 591.5258214922434 497.97526231403106 0.08080808073282242
539.9698352570636 376.42965919748127 546.1432009883864 385.03375375845667 0.08075793087482452
669.2254485180737 440.04592652457046 709.0868638151915 489.02616883304523 0.08074595034122467
492.18179982145773 329.6234213514129 518.7981545016181 366.38729611782026 0.08073218911886215
151.76539349611517 406.05702471786884 177.61837637936762 444.2648773086122 0.08061101287603378
397.5530879054841 339.6671172969044 464.9274841668843 422.5423865775229 0.08054126799106598
562.0906854799667 321.8860728248951 569.8508024455 332.48311696715297 0.08050119876861572
193.2420677538171 246.23212619085834 223.52058883819927 290.5921771858419 0.080477274954319
530.487829043184 372.10679666235717 539.188418117142 384.90519052078383 0.08047397434711456
445.77007504023834 479.2056286316774 500.87212453864004 538.2629690845278 0.08044331520795822
1012.0428784328309 506.7569365846815 1035.1621466645854 537.4804991401943 0.08042628318071365
529.4575445018362 301.0062873016085 533.9759025598222 306.9259397465296 0.08039459586143494
532.2965537879912 310.6337253952841 539.8041022097748 321.16712668377136 0.08019541949033737
443.1243567645322 498.97974588669973 458.9387483955687 516.1414496761888 0.0801871195435524
549.3145993933701 298.2534370374325 553.2987849276856 303.6070919104103 0.08015336096286774
430.0698743616966 421.9280837606664 464.7419370361082 465.666395103066 0.08012144267559052
560.4637119443865 366.29446981856574 568.575538505327 377.23865777956865 0.08008094877004623
899.3320351461555 424.1049224711849 949.6798131778788 489.058858775261 0.08003685623407364
502.63871102225676 466.64556396420016 509.84824581202406 476.04963496330623 0.08001355081796646
575.551913092627 294.5880383513654 583.9693207275114 305.5533463677232 0.08001171797513962
549.3148097578188 306.5407943542283 553.5707136502389 312.5295121765024 0.08000603318214417
560.2567021968646 296.2555237720969 574.0902001588009 316.05271371528045 0.08000466227531433
591.0665759472893 450.37495518261255 598.7335236245028 461.3493629618448 0.07996400445699692
490.59555394710253 512.6243048812278 496.6183573424353 521.0415938453812 0.07992821931838989
210.9943951458621 168.4506182876043 229.47226545403853 193.83692273188242 0.07992104440927505
488.45015603488525 416.6731533226738 520.1651381195729 458.68523192668096 0.07990159094333649
522.3490978650507 312.86964625919893 525.9803867400075 317.54910150713124 0.07988841831684113
547.5188394061486 347.2146510052009 552.2654057887887 353.442958372022 0.07978828251361847
632.1855539004629 498.74556468922407 640.4030563649959 511.18562191663517 0.07975691556930542
869.8241280737022 514.2609925452409 893.246837183194 545.5486992383009 0.07957050949335098
836.0786769398396 442.81935467573214 870.6941305340981 486.4939476232811 0.07950089871883392
230.19205820899117 130.86381132959693 250.12137843921087 158.21722823481187 0.0794367864727974
492.43169921239996 514.8693633270876 505.01739606965475 529.7412527399271 0.07943259924650192
537.8911768133914 300.93168489625435 542.3026951826938 306.69846052920394 0.07941190898418427
308.6067102677784 152.5779213079738 334.2007071395312 188.1735566906972 0.07940317690372467
86.38013692239586 485.12430732877885 99.96546647320166 502.6139611328494 0.07940205931663513
754.3936203489046 503.84964272754206 761.6254456374792 513.8068468957699 0.079401396214962
417.86919239286544 382.0221321621607 454.60392837324775 432.044439958041 0.07938533276319504
371.4768619362093 232.3771454366709 430.12859291313407 314.7159728081854 0.07937788218259811
550.4215765497466 324.76458532919645 555.6747106746202 331.80748408370914 0.07937783747911453
526.1884385256097 307.67119390245654 531.4787641823834 314.4880104478671 0.0793667882680893
526.338468771442 335.8858273476961 550.8983685876036 374.0666646413755 0.0792924091219902
599.5288324548266 396.047246664459 636.7830472059542 450.0619429680762 0.07925748080015182
773.4127371230012 424.0418620470753 798.831524692349 456.86717876755085 0.0792260617017746
852.4417607630793 407.8498159209693 906.3307427764834 476.5271010305061 0.07922068983316422
738.2614920673625 509.1365209112179 746.9756436768728 521.1321214974537 0.07902629673480988
202.98943313878735 182.97085647643397 250.5445421355972 258.3687552602462 0.07894372940063477
478.8782877590452 465.7212458488717 486.13469989139827 474.6733182179159 0.07893680036067963
252.21005757824614 60.230167955694554 287.2385547673925 108.75877206105962 0.0789361447095871
523.963653144709 319.93407308444677 527.3587341790279 324.50327831103067 0.07890351116657257
545.7102174267284 297.18842118769305 550.7596183662042 303.88921560589256 0.07887996733188629
553.3003296317099 307.1519133919956 557.2096626753283 312.52629042496073 0.0788624957203865
276.3837711041248 178.86703880527037 302.8529354099025 216.83596951950196 0.07881582528352737
704.1413795839901 476.8085623049049 712.528875025729 488.08156719210854 0.07875210046768188
519.7254156061388 309.3716370970984 524.0261857498471 314.96083417013705 0.07874405384063721
730.9055414030025 463.6906226117709 739.1179772245458 474.3231148936518 0.07864144444465637
858.015115247455 480.21553504559085 870.9300377072018 496.13337383372976 0.078617624938488
727.0469114904964 494.1678770395707 736.549351053795 506.7225307430787 0.07856474071741104
412.5222742900018 466.53527637372287 420.94128302919506 478.2775688416744 0.07853095978498459
568.5687454826895 337.6209165365254 575.5380371360455 346.8841200069724 0.07846670597791672
420.35066905341813 488.3985685654158 449.3892779756644 519.4178323651278 0.0784398764371872
97.43962511225357 481.512382921371 111.30383812247278 499.57732559382276 0.07841406762599945
198.848855895212 373.86223989908945 228.87696823518522 418.3098482755217 0.07835464179515839
171.65676576789198 455.45120324677697 190.60570316560904 480.9060416296706 0.07831715792417526
549.2809374670402 452.2512672240971 559.3029589382868 466.2305583281616 0.07831016182899475
773.5913264900568 446.29799760179515 781.1150216339602 456.33285376770203 0.07822869718074799
539.4946970593029 421.0237210106922 564.2150988212218 456.77422506954326 0.07819505035877228
291.83522056653254 142.73311907115223 322.1702301910546 184.8763939857894 0.07816112786531448
496.5009359026675 525.4212740764143 540.8140079399963 578.5130087574538 0.07812939584255219
364.22569502012686 163.20068266296175 417.229963641677 237.22213333789605 0.07807579636573792
462.57911521954384 491.71269328496885 471.3564722193925 501.91374978980576 0.07803881913423538
479.78092379585013 523.5266505375108 488.76682525747697 534.5016484860835 0.07799599319696426
671.5522179807215 483.70542760519766 681.0365663883837 497.35734211910614 0.07786861062049866
461.556313316055 472.9531560152488 470.80030934551013 483.3939082621183 0.07785496115684509
746.6000338941318 509.9660127833147 755.137637449707 521.4283902426544 0.07767609506845474
473.8981319843804 498.19781991061046 480.7666969233387 507.9168710662596 0.07763619720935822
258.859255378939 134.80406068610446 288.0430888097058 178.9438707990841 0.0776190310716629
948.4099234475395 496.7560113881765 964.3523872427811 519.077119786507 0.07757822424173355
625.102517813698 448.383159126083 631.7578777224198 457.9745425676706 0.07743095606565475
551.7844956855305 339.08365166327 557.3992012909123 346.51087702219195 0.07736809551715851
328.2067334223526 195.18176265753718 356.8995810889831 235.56539290930306 0.07736306637525558
497.563987102292 218.26177659309866 544.7637074261739 277.87709113742096 0.07735707610845566
892.4907965652603 490.6575673591888 1204.2370042906023 848.803541358964 0.07734053581953049
457.8626468771388 481.9383676328458 466.24543570716065 490.83138986088653 0.07733110338449478
657.4109084069299 392.7221805301603 691.011182500102 439.3737511167188 0.07730423659086227
733.7714196460676 451.6956940358979 759.9961689000821 483.8109287241606 0.07728492468595505
557.4189420303375 304.64572819112544 562.0030370925957 311.03600144069065 0.07716438919305801
110.38933806447497 24.998925070075515 200.1748532539336 142.0631576960846 0.07712364941835403
732.4004997071468 460.10666044822824 739.1749804710771 468.71851321236176 0.0768965408205986
507.51551234620285 459.8478893696779 515.7626654154873 471.2822293842152 0.07685542851686478
448.5177156391432 525.9214231667287 485.43089486015907 574.1683724709343 0.07662530988454819
516.9437482245864 301.7012109179698 522.0333080990733 308.30961383750633 0.07660910487174988
225.85973245733373 155.11601409973255 238.35906558623165 172.96592016156913 0.07657758891582489
469.217852234759 474.87042892525324 477.31930464689117 485.2857485301403 0.07657741755247116
388.2664238103994 479.8555954593652 394.6091125242283 488.1319701098716 0.0764896348118782
424.0038494082322 482.0529336620653 435.0161715779064 494.74857899838304 0.07643784582614899
753.3877240589806 506.88281780449313 764.5719416598993 523.0460419530939 0.07641490548849106
647.6185607878843 401.44034197867256 724.1695683500352 493.70859392007844 0.07634212076663971
604.7234851818852 488.421151318562 613.237594233044 501.0872664543985 0.07624725997447968
353.73084869949963 224.1984817125507 391.31260609681885 273.69239857872384 0.07624577730894089
532.7384088810804 446.77687069840056 541.8648368606874 460.8742707682297 0.07622912526130676
573.4922525313198 504.6798248382014 599.6366977616365 538.4172566551429 0.07615780085325241
-71.4491813280452 521.9307934605406 165.9198319266612 799.5431508688278 0.07605527341365814
551.2070733974095 364.62522134623987 558.172458173655 374.76672314873235 0.07599183171987534
959.6095851074085 505.95649151626634 971.729288557897 524.3314082902076 0.0758863165974617
434.08617137729294 481.3195580731074 444.02461609419095 492.81064556537876 0.07588126510381699
758.0139099728656 428.57104057692027 786.3908014362224 464.3967785137948 0.07580366730690002
239.1397560752527 386.29678336860604 248.60799312675155 399.3519233434768 0.0757899284362793
937.3482224153013 523.810806233009 960.8305543610053 555.3560183407837 0.07571759819984436
118.25735786729486 500.9246462562288 131.15041621841792 519.3463241979695 0.07570449262857437
646.7121014453694 260.47685271747497 717.0576511609844 348.8119938053696 0.07569616287946701
633.4662634465255 438.49074587938134 640.5864434298787 448.4934968739745 0.07567586749792099
558.1953452458364 343.84246515888844 563.1386797845618 350.4006018458375 0.07564245909452438
556.8467214371184 329.7785822884523 562.8727928023981 337.65773260936027 0.07563894987106323
626.5531254617545 509.60502163871104 635.0600119438452 522.0140849006382 0.07558348029851913
335.5179701589837 207.4798084740853 381.1430910544136 275.642451693814 0.07556656748056412
661.2884390434652 500.0309375409075 670.758572272654 513.3877466154219 0.07548698037862778
899.0061961527178 489.7876523881574 916.4550218489294 512.731062271702 0.07545914500951767
567.9679100026589 347.950555790321 575.3253630211299 357.6149437431409 0.07539064437150955
920.2552828478105 471.7575483702895 934.7839385305499 488.3268495529887 0.07534259557723999
553.1672219943524 347.6377305098807 561.6167876124897 359.1569448691767 0.07532180100679398
576.9970856755708 494.90307973490366 586.6434272471292 509.8133029642006 0.07530110329389572
557.1584276393949 311.29306882329035 562.6687124055009 319.0974190078098 0.07529868930578232
590.6247947477026 360.8744107176852 597.6463211878262 370.3476980463314 0.07528449594974518
693.6213898733199 470.3427637289128 706.1968187869059 485.65459991127506 0.07523097842931747
198.0905307375996 134.08784572409803 220.0720286153243 165.8705063116095 0.07519566267728806
571.0455469762454 328.98958004513923 579.2087622149786 339.80149249385425 0.07516415417194366
562.1950594786773 389.13317021616564 609.6920554198247 458.14263665990444 0.0750935971736908
561.286444438801 342.2000132414173 568.9356970479292 352.41970469288094 0.07498225569725037
490.1015361970063 466.6090463854457 498.0581878041155 476.4255525145581 0.0749274268746376
232.2783008851156 398.6150794153716 242.84830814858762 412.9172252663475 0.07486598938703537
995.4441670088496 446.3297683397245 1018.6317932623103 476.52188224740325 0.07486045360565186
672.4244770078858 497.0701894561646 681.8041917681577 509.6962642621936 0.07479751110076904
532.6317432035979 341.3047689468219 539.4673942457633 350.65042888321364 0.07474558800458908
561.5507923989893 311.7520920535937 566.7246216777705 319.0954670563075 0.07462310791015625
587.2890971827032 489.67899414401415 597.6858181752498 504.34857121199053 0.07461165636777878
213.99234457313722 308.77259577650585 276.1866450244653 393.39386149321916 0.07458049058914185
698.2759237743937 487.66346083753973 734.7718172766481 537.1654698170353 0.07454031705856323
553.0038940547053 344.69237049227087 558.6436069326786 352.1526835360684 0.0745069682598114
400.32199054916225 407.53584212463767 435.47728015265534 450.69942346650953 0.07448966801166534
1011.6308007511253 440.0928038505737 1054.9988815397617 490.3381953414939 0.07433208078145981
538.0830930705042 334.2965736816131 544.6598949710877 343.2587877248591 0.07431969046592712
207.68508121445774 130.6484702623982 215.78454240036768 142.88802250398342 0.0742730051279068
555.4827578049035 322.06108609635754 560.5929281275702 328.57739842102797 0.07425279915332794
583.9447034721221 502.37062025357983 593.2611087604447 515.6521097035529 0.07417307049036026
489.005839601741 477.1354657986679 525.6937337187666 525.7788215255474 0.07416661828756332
419.4497495065635 491.23939716790653 428.46573508516434 502.3632278121841 0.07400260865688324
539.5487395597379 323.6829316196553 547.6680648762252 335.14209666104216 0.07397501915693283
692.1438786410611 493.176679063345 703.8207224330309 507.4384390092046 0.07395482063293457
845.314645339566 427.72568268163934 865.8598453418972 456.90210151747084 0.07393728941679001
203.33741175489456 398.45648663770294 223.10599645431282 426.60364979632755 0.07391509413719177
671.5582430386964 409.4682049428011 701.8368405105495 450.46441173760235 0.07390356063842773
169.09207738346515 331.1847360084651 224.26893363456205 413.92739574998996 0.07389313727617264
360.2325373505639 58.40277412803519 452.32834184224464 177.093722709575 0.07388483732938766
561.3829689112458 304.54353829683794 566.6192592640506 311.65732597856555 0.07357393205165863
387.39703915982267 470.55920346816055 394.49820109444806 479.6265395799921 0.07347811758518219
