703.4368929615921 499.9804334876351 716.3071118192955 515.8859882035812 0.9982806444168091
519.8742076501868 486.4008237826819 528.0946213244487 496.1862665273479 0.9807022213935852
735.5806557210145 485.3548093646202 743.4516910901933 495.3819920221579 0.9616926312446594
870.3902275996505 348.8485760654889 878.3733646764459 357.59519855274885 0.9453203082084656
722.492691811998 479.7357773330624 732.2763826188337 490.00001710239076 0.9355810880661011
817.3073538539729 485.83738097928165 826.4897203484867 496.80185046121176 0.8764914870262146
462.75714054245555 334.23236955088964 489.98172619447985 375.3897944216738 0.7785342335700989
321.8742114758902 501.914280953602 339.84770786442607 525.1935962437419 0.6829299926757812
790.2240484656204 347.0323711661019 795.3996222426254 354.3831362749465 0.500547468662262
0.7329513311854333 501.5406376957769 8.511141523945488 513.0951401176459 0.4900270402431488
497.7188496293738 471.37503950369114 507.6020680131973 484.2687640238186 0.4491616189479828
85.33682503381111 465.17223351081867 92.46884539912803 472.9231209016374 0.41829463839530945
545.0928361176803 482.87295034530393 551.7029171813284 491.65391682497597 0.3529585897922516
594.7709209714287 470.6136377821713 599.5294641586955 476.8916650761204 0.3234144449234009
608.967821678753 463.1472356970004 617.7192100426496 475.5400244050504 0.3113974630832672
924.1809936587275 484.7184891601359 930.7891104463545 494.0947131665165 0.2894648015499115
178.60648292907374 406.00008633335244 205.22500057205391 448.09310491906325 0.257822722196579
763.285197200478 482.57051352220435 768.5519320116645 489.54728529618416 0.22631242871284485
738.9190465297985 473.5279479072556 745.0538735688774 481.17163413753747 0.2242032289505005
381.84533799475656 570.4702738232467 414.5864921568809 623.4845199997206 0.20683331787586212
841.8156611466067 491.0105228196418 849.6082723148669 500.19416333499504 0.19505618512630463
231.35636639819424 391.2590814517352 239.66345559228805 401.33270290459893 0.183759406208992
781.055030234051 379.0295306977495 786.3133980593931 385.8488491835795 0.16495153307914734
913.1828723388827 487.70734925909414 916.7606837513247 492.9371951498716 0.16071230173110962
907.7199672491051 491.668463241122 911.5194998420103 496.5319746964251 0.15822239220142365
6.214859330346574 449.788271629047 12.06877865697974 457.05266064784325 0.15431447327136993
115.79546238891581 470.8260728597282 121.052591106429 477.3030467554157 0.15210460126399994
554.1069830902519 475.556729400889 559.3152597394375 483.472660087688 0.14988355338573456
602.5342615867426 479.8814755593116 607.783961999829 487.1984413433114 0.14778633415699005
834.4578400170856 487.0068367225505 839.9270550263083 494.2152225073478 0.14159327745437622
923.3374355344018 479.8743935061215 933.5429003910567 494.2242006303004 0.14004603028297424
655.6425003408888 468.5053806001465 661.6156217313002 476.34406656214577 0.13872754573822021
103.50816715815107 464.0219773447029 110.56137381155692 472.61821858817024 0.13718685507774353
27.555521502734756 482.90775959771014 33.89445144178139 491.7087651499467 0.13507480919361115
566.5257272796619 486.73406507098036 571.6868215954596 494.28445002660624 0.13367554545402527
652.0796380618882 484.3454800923401 659.6778675711304 495.438253782644 0.1319468766450882
488.0497083655101 473.7270732722269 498.8436012654042 488.0413243588543 0.13180071115493774
328.17069278881206 510.88850256338327 364.32413437719947 552.5121786189702 0.13113926351070404
541.7465478127025 337.1164958196573 544.700167458236 340.8851627431646 0.1302233636379242
580.2361747168324 462.4558317202664 588.5595085684369 474.1515084770959 0.13021887838840485
161.05088520631696 446.97772304675783 165.88760319110364 452.45071937660276 0.13011977076530457
732.209852448106 502.2236143349891 740.6690551554319 512.628191633025 0.12848462164402008
572.8461524616861 257.1736953860998 623.5799716926156 326.6043728427334 0.12567859888076782
637.2676740559353 485.87953530017705 643.8665580374603 494.24310791269414 0.12187806516885757
568.0289946728155 470.4499109141421 573.4649209665123 477.803702451716 0.12057340890169144
98.18294759897434 474.1425302514237 107.88260596737935 485.1122859901083 0.1205393522977829
540.1540029439066 480.9133996811203 545.8468914978654 489.2309605601764 0.12013281136751175
821.9736918221254 494.19126926829233 831.9093741023805 506.2251176082357 0.11924631148576736
651.8737112418434 467.16668744887835 656.8045502400944 473.98980602368266 0.11813991516828537
148.7206132086117 481.7280670856639 156.14951227170363 491.25068337767954 0.11800660938024521
244.85761400510953 101.57461580792278 355.4186436282875 279.3548235498934 0.11756584793329239
803.0664978285894 482.6788788359114 810.3844915845417 492.5299050128108 0.11648841947317123
35.06832649311736 460.9159458260399 41.86045049414158 469.2676383904791 0.11643819510936737
110.36988150248116 476.88079703491604 117.74842515268257 485.9124653419725 0.11553885042667389
564.5669984523108 498.2159537291987 571.3353740029469 508.456805770621 0.11537427455186844
651.8918850258195 476.6186351695115 658.8411028408865 485.61786633094107 0.11521250754594803
93.22029684423731 465.42844250226347 100.80318577404343 474.12494538160183 0.1150088980793953
609.8643390675766 491.1605084900065 614.3651850765685 497.703380501042 0.11496960371732712
104.8999940798112 492.59420952500676 117.78774700684858 507.4464466842244 0.11495178192853928
906.7390753207804 349.44972637432585 917.7851489074744 358.64229755676945 0.11487764865159988
535.4587332982527 320.6746090315836 539.0390539061275 325.58013025790893 0.1147804781794548
555.9713854239823 475.6154041129898 565.1200399831849 487.51793124254476 0.11461557447910309
2.564073236973055 456.6097293000932 14.834222741810727 473.97446071611387 0.1143166646361351
126.66668673754158 473.77572774249234 132.80961773251144 482.05458331933414 0.11370249092578888
85.87118922823107 473.19422873059136 94.5601621705357 483.0105514647278 0.11369798332452774
76.55153447570258 471.18341927792363 81.54178713989877 476.6095424904629 0.11339302361011505
540.586169696216 457.67491074286477 556.6018043743712 480.50097317567923 0.11318234354257584
566.4798944119735 474.86066338173214 572.4797739538678 483.4515118909274 0.11283604055643082
31.56478716166521 478.95177154436203 37.02624178034794 486.24992010052205 0.1127404198050499
103.98417813549068 479.81321657249026 111.53872757109283 488.9229680600825 0.11270219832658768
742.5294051419537 480.86641581139156 749.7286101111631 490.1655462325219 0.11263788491487503
680.7872679122713 479.01913949677737 687.6827852919654 487.6749887728868 0.11260171979665756
32.09084391945072 486.02812209311895 41.94872256686408 498.7987039585328 0.11251973360776901
628.1872726200594 467.3798689836932 634.9260160306893 477.06144286954884 0.1124366894364357
32.88010042833582 437.02839271012704 43.77441493666317 450.968487739512 0.11237657815217972
144.56928537893882 475.67817331261114 149.26037790610886 482.0813694500231 0.11212530732154846
160.65803581039194 422.2548899476793 170.09722956495224 432.2952107924427 0.11188908666372299
571.7511015002698 481.08991087839325 578.1921331653041 490.507039048725 0.11181837320327759
112.46148061157555 482.4659230742738 121.56115455937261 494.08221700172174 0.11166013032197952
754.1089011018108 487.1490501201798 760.6278688775699 495.77648222032803 0.11159230023622513
937.8709881737207 340.0819149819221 946.4792844979622 347.98708897486443 0.11130403727293015
120.48076664710808 471.17210000718495 125.57701784665448 478.1073814833094 0.11115287244319916
133.56223346371019 474.4582138594662 138.10015684244323 481.16559395954016 0.11112954467535019
-2.280095560359894 512.8598194482358 13.428621416707577 535.881032962912 0.11098717153072357
540.2554478860105 490.32264257818593 548.928084534084 502.38966569431574 0.11064118891954422
33.91931309546619 469.07672350135 44.498178914176385 481.82459863803365 0.11053350567817688
596.6748377958259 487.2867680569964 602.6091111489196 496.20091091306915 0.11051124334335327
617.6565704599963 483.5057375714309 623.00070511799 490.90388864021014 0.11039568483829498
677.6563714554472 484.07655330979065 686.2075839413759 495.34749806222175 0.11032269895076752
122.15863754683457 462.788169328586 129.82579019046835 472.1828406492702 0.11024056375026703
561.1941911694481 473.0194480117263 567.4992162764586 481.7499394810706 0.11023537069559097
664.300113083204 468.0908200765061 669.9261937319163 475.28085041217423 0.11017323285341263
67.65999381232601 476.6568195068227 73.37143117214997 484.0131285958921 0.11016900837421417
19.890511800584285 486.79532368241036 30.56171000801415 501.4491278674426 0.10993868857622147
654.1796523950866 166.94470925797438 696.7132029520205 218.52405717120666 0.10987714678049088
566.4782095038183 461.0498556354496 574.611892265482 472.85024568977303 0.10984083265066147
21.867466910360996 465.7605959614829 29.185816181768345 476.1155453179854 0.10979265719652176
119.85388320445307 479.2181568682922 130.39442595267815 493.106233151373 0.10977088660001755
629.8112764306053 476.18455699359083 636.4002071679058 485.5295457373107 0.10878695547580719
-4.343608004165815 477.2186123088626 13.030177665419544 502.9072709641487 0.10869664698839188
750.3078564578468 471.5294902896093 757.1446001904603 480.27034986061324 0.10859887301921844
111.95380064617382 462.3967758569991 119.24689108699319 471.7032763807389 0.10840784013271332
136.53099799471477 413.76642051445793 178.78438866132868 472.8624006426236 0.10813016444444656
38.491103240429204 482.0728333572193 48.34051562349943 494.88886000882576 0.10811176151037216
509.65796280968596 507.86072036118145 520.5107533163333 522.6722189651127 0.1078929677605629
876.4658889734527 343.40004099884794 882.565183070729 349.5343283454748 0.10785156488418579
848.9002132517289 491.1380924747561 856.9268472549263 501.41207636029753 0.10743866115808487
567.307467454857 458.9146156295977 570.7410869750762 463.6350708559206 0.1073751449584961
767.7228139413346 472.07199922568924 774.5717644116409 481.60731890917384 0.10724250972270966
596.2640071747171 461.7975589699233 602.0886301740394 469.81306100993555 0.10723792016506195
940.926600801631 352.0255053661313 992.3197508268611 389.01376981935255 0.10719412565231323
108.13306134285564 470.8415256271796 114.0229106969025 478.0797085836397 0.10706721991300583
549.1161510515221 436.6459190108125 580.4868102663075 480.292769430657 0.10694152861833572
24.91500371875628 433.22122227024397 31.976215517521233 442.30093192188843 0.10674041509628296
124.90434306846872 500.2021819243605 152.30762995559598 535.5067984683789 0.10672809183597565
909.1892273421588 380.00957912442914 934.9820390377047 403.0095371934955 0.10667814314365387
22.85092638857175 463.42480946169036 34.8424386152233 479.2743873037074 0.10647493600845337
88.7873524182263 478.06302822559695 98.11625942016943 488.6786176498214 0.10636460781097412
39.6796353894514 492.8657151877846 50.410641018462215 506.0041822842398 0.10634233802556992
938.5264000721678 356.34071098343856 956.1470980498137 368.48633687853237 0.10631442815065384
140.39930062988276 474.1595405438028 145.42274617365746 481.2204787556279 0.10629789531230927
513.9190527151707 473.92614197947967 521.3208578077699 483.9859377790947 0.10627830028533936
760.7335648646421 473.11030490978675 768.2697875138573 482.80588434762 0.10624083131551743
404.1435019556529 539.8107042898354 426.1902692826046 566.8311435203395 0.10621778666973114
15.7227945838414 518.0463225952577 26.211050468701767 535.1917483738382 0.10596025735139847
671.672321632049 465.5780332030958 678.3886555318221 474.4639363609221 0.10581385344266891
924.5745314512117 476.4169693547476 930.8089489015233 484.2419460766709 0.10576483607292175
530.0308838516482 481.42385837180365 540.5010293743148 495.3678407069146 0.10566934198141098
8.299301481320024 477.8951003394882 22.420152243076405 496.8459765543839 0.10562876611948013
504.6987522266494 479.8935071789572 513.770333561519 492.7913115211132 0.10543812066316605
16.86550943036553 499.97086453636354 28.637721410158353 514.855872781383 0.10537184774875641
600.5160936797586 465.0125290269814 605.248839171364 471.3458708647335 0.10534364730119705
575.4966328868693 475.0763885161773 581.3498485709894 483.34412326281625 0.10523480176925659
619.3346140516893 472.6737462967729 625.2449780824014 480.7661608524946 0.10497633367776871
751.0294230022054 501.3136710600916 759.431216718044 512.3026705989473 0.10496367514133453
745.0832167477071 472.60889795109097 750.7253264630169 480.0352155337528 0.10491884499788284
706.2697860704487 481.1583757990929 711.5049913619281 488.05716198324757 0.10475882887840271
49.61603440708325 518.658189918033 67.0758881927532 540.8931526252254 0.10457289963960648
-2.539769443017898 529.01304546027 18.7186185471282 557.9319899851236 0.10454140603542328
909.1051654329149 384.23741841207635 916.7402743691299 391.6473056905052 0.10452073812484741
18.34258918755385 453.9378788790187 25.14593061505096 462.8133953263187 0.10451570898294449
78.11289939130816 478.9372729503431 82.8597859058137 484.6618430956019 0.10438019782304764
772.233960551101 474.3367217329115 779.2321232982786 483.8716960044465 0.10433376580476761
701.3435617108856 488.5081968446456 710.0261814707156 499.7741080630409 0.10427656024694443
510.8619063682762 519.3754644762005 517.8006786584081 528.3850542750697 0.10424196720123291
133.15968769628546 464.9278307664128 139.57872049023752 472.77460353142044 0.10423129051923752
564.7618248109014 468.91843376724876 569.3142264870824 475.45288003371724 0.10420434176921844
533.3779496837857 309.73220110219705 536.3552791821528 313.5601033305531 0.10411954671144485
669.1671023690317 489.45425774129933 677.2276775338594 501.03929888924733 0.10384932160377502
528.6144542895167 515.2407848182124 538.8195520103343 528.7189575473335 0.10384887456893921
783.6121923138007 392.63374778258594 788.9073596438612 399.31551730022204 0.10383309423923492
750.0110237864673 478.2286951242757 756.9365191913055 487.1045469307506 0.10378596186637878
26.104997753807584 445.3209163576474 33.81412106041444 455.3880606007516 0.10369285196065903
835.6600412831888 494.8392406287677 842.8895022050414 503.43743761391045 0.10364097356796265
829.5943712344892 489.0363350935202 836.7996239874517 498.4125488441304 0.10363626480102539
46.06213862513182 490.9196789005039 59.8238388295718 506.86250200090603 0.10363072156906128
757.3861879725014 483.2872599172216 763.337238765262 491.09965717530736 0.10356795787811279
572.652710548552 485.4852436231464 581.8866721365996 497.9323934275226 0.1035466119647026
3.7548309869442678 431.8188145666865 14.801593307531578 445.2708831073631 0.10344863682985306
760.4676974181274 487.7404818790227 766.5497331756026 496.0470940727183 0.10337471216917038
754.9657010256235 478.7743810776136 760.2403066628226 485.7473476068246 0.10332038998603821
695.098369101858 531.4029347457794 704.4095376194529 543.2373567726854 0.10323219746351242
50.27005582479523 482.6351341537389 61.67286384419371 496.19354312222185 0.10301081091165543
13.764955262659294 462.04376752932234 24.159817294176953 475.8018905227125 0.10290778428316116
598.2568036812581 470.1560521103047 603.9191120806162 478.10876396232084 0.1028442531824112
532.0032957648034 494.1554330056402 541.9181490254103 508.0430201640989 0.10281546413898468
508.05846959474985 456.41158253534314 535.0764686837967 493.27799179661065 0.10278818756341934
535.6848623318548 332.50195187761767 538.4077784901884 335.92696361150826 0.1027386486530304
611.8226629828969 481.0155911640353 617.6390026192065 489.56285538759545 0.10273164510726929
52.70506507387252 469.44070677746885 70.3129320579726 488.6885171790549 0.1026400774717331
603.6207949762862 471.4827196825371 609.22816546073 478.76592120284226 0.10263098031282425
95.99603072442443 455.5413963080349 105.48156154537124 466.49046187472214 0.10262689739465714
91.84826987766293 492.95041257787625 101.39903164178116 505.30259041730267 0.10259998589754105
40.049548591145076 448.09940443112805 61.719070293859225 472.62507604212783 0.10240212082862854
100.21414332254848 468.04000637161334 105.95565454920064 474.31740655104966 0.10234951227903366
7.559188753538113 502.9052352716713 21.496835755840983 520.8316256070093 0.10230519622564316
28.766980736754636 501.9129252556313 39.53788631335198 515.4087613315796 0.10217869281768799
127.88137762247594 455.09850685348954 137.10801031730642 467.21509474615516 0.1020239070057869
487.20741758126303 441.2530630902934 512.1905309926028 474.6552467549343 0.10195228457450867
835.8516324327239 488.64269403146267 842.8955655833447 497.3755752956068 0.10181144624948502
803.4159642640851 471.64032101437994 810.8053563815062 481.3593928017272 0.10178506374359131
843.6535537188977 500.92047189637105 851.5041015150312 510.43071472674313 0.10177001357078552
549.3197792441224 479.2228586244994 555.6091561648606 488.23766912680406 0.10176622867584229
577.9930460306878 464.03100642088174 584.1310880331276 472.7567068597767 0.10170548409223557
40.152783805950634 447.99065075556007 47.24973954317722 457.0736039530964 0.10168655216693878
699.1045451590757 484.77005863678716 706.3639040458056 494.0434753288354 0.10165584832429886
12.058584844402665 481.3342093633697 25.372476768633124 499.40963950098535 0.1016545221209526
515.8104117315588 494.8891591726575 526.9434522672965 510.6521635297215 0.10159049183130264
28.830207988675465 452.1916073871214 38.751576443660255 463.7796738704511 0.1014673262834549
683.9677002203186 487.1283634383763 692.1738916149436 498.53159162895105 0.10140947997570038
72.99163573287063 473.5490651029281 78.48861482169242 480.5231097951525 0.10139386355876923
745.11636915862 483.8936073763747 753.6295530086364 495.4444397275586 0.1013844683766365
38.06660059211368 507.17746043830454 49.64238369066991 522.4915742516005 0.10129115730524063
551.1379169314976 490.72138624864186 560.0878901079901 502.97447986598223 0.10122540593147278
10.602873621774838 438.1694873019003 20.598394058502368 450.88038941201035 0.10121526569128036
636.6614311616762 475.3650289848099 643.5205203250057 484.80447108282 0.10120471566915512
556.3022763029677 464.12038358114944 562.7068033564501 472.5869788342941 0.10119228810071945
834.9628126300577 502.2211525451413 843.6457911686531 512.821343542798 0.10112569481134415
660.6773148778391 468.97058255843285 666.4589568845133 476.6169422768358 0.10111237317323685
126.55622650727143 480.5597234341817 135.84420131425765 492.33086492093923 0.10101672261953354
30.019413556745775 462.9571019557539 39.098888644925836 474.9382840770119 0.10089947283267975
41.488025468341675 472.3531276670278 51.49610767502717 484.969353379809 0.10089787095785141
551.0785334908566 482.88743423778385 558.9677432721738 494.01476314971217 0.1008589044213295
662.5856796085901 471.9113306301592 678.5784058492776 492.6342660674497 0.10084008425474167
585.8510604680736 482.83880283878847 591.7067768095659 491.11872365531536 0.10083026438951492
760.6297043343179 503.81143839850813 772.506644236618 518.6224137221277 0.10078214854001999
-1.9032786177176013 437.85080971307787 8.01418995305938 451.70598755325915 0.10077691078186035
542.996486378762 324.0832428310918 546.1636768447282 328.1273246483076 0.10075118392705917
112.82230341826119 443.5731469169839 157.02646077857352 500.7736786093072 0.10075099766254425
526.0261144002058 310.0296070196505 529.1444780953095 313.96004389997813 0.10066596418619156
613.2584079566768 491.1990523010663 619.757385627551 500.621064990167 0.10064917802810669
533.8504002691411 470.4706190309684 541.5210501949551 481.40177088152785 0.10062626004219055
714.7317506492361 486.8088682385124 724.221268636947 498.565628364362 0.10052754729986191
550.5263800972787 466.8071886699739 557.2824831821508 476.6612224184526 0.10049814730882645
777.9217028867379 488.02706856516556 784.2830103558953 497.01148976415953 0.10048991441726685
45.39189921438033 466.1848258103346 54.01817197133024 476.7829699089035 0.10044993460178375
17.797679777678226 439.81477660906745 28.838440098289407 453.5791885537766 0.1004168689250946
740.7892934575909 501.90433937181524 750.2575421512586 514.1861755276623 0.10036583989858627
643.3147479380677 480.21365849789265 651.0176482891089 489.4147575454201 0.10034354031085968
622.9659405500973 485.13018194065137 628.4520762372775 492.6100091772603 0.10032031685113907
589.8295596178768 462.5204021817228 597.7431480186116 474.064763996518 0.10022027045488358
674.6619505936355 472.354175065376 681.0986632733678 480.7566605193244 0.10016351193189621
559.6445696518541 488.0789449416948 567.6306860680202 498.38044948468814 0.10014539957046509
731.0029060393601 470.61941794852083 739.2364613478646 480.82426711324126 0.10000685602426529
567.7458978048516 344.91411126705754 607.944699647575 396.5236646605241 0.09986969828605652
776.2726988396478 471.9016817410522 783.3998256437162 481.8994822655627 0.09985816478729248
74.71945416720656 484.1397611606574 82.64688204009622 494.5846643661754 0.09979762136936188
769.8326983421399 503.9623126205306 775.9860531299671 512.5444738301713 0.09973590821027756
12.356292872101106 450.0422766259998 18.846403356272027 458.00582404508907 0.09969151020050049
630.7103606306353 485.9501174173944 637.5545703159968 494.94361425208643 0.09947232902050018
79.51624003892735 444.645151651226 96.85356104033451 466.47385929605116 0.09943446516990662
572.0824883169472 468.4776157768814 579.8416167686129 479.4561849865534 0.09942532330751419
671.0013850942652 496.24313368939517 682.0173806493477 511.11890694732773 0.099326953291893
622.8945636212426 499.8597839107031 628.7298403186433 508.8566384251623 0.09920480102300644
765.6617289160233 486.147234729258 771.1234146975075 493.5709249583158 0.09903368353843689
577.8905499940915 480.86113026308465 585.5862704403385 491.21537991862147 0.0989762619137764
585.421029151709 462.74962966158154 609.2784794023785 495.9838393835349 0.09888584911823273
726.603226648332 492.8276314305425 736.2682071300513 504.51570570770235 0.09885066747665405
113.34988656177136 447.222899541382 124.71582902560995 462.13717256400196 0.09863314777612686
404.2253948413973 455.31490558320706 431.8510340046368 486.4631326386546 0.09863203018903732
619.2440725715479 478.2901831042812 623.5703283158763 483.99936013470705 0.09842939674854279
474.94257213813125 472.1925689498306 487.1407767261015 487.0453766603989 0.09841886162757874
602.3859152677124 484.9519232558307 610.2818467471221 495.8884534395893 0.09837465733289719
0.13994120222789921 432.80768361027157 5.261358903893513 440.7939475387621 0.09834767132997513
940.7222252416024 390.9499995026862 953.437932391127 404.99198658033373 0.09834485501050949
526.1789127070106 321.65847622973456 529.144552260316 325.37309562670873 0.09830324351787567
811.5433327906707 478.24654795952944 819.766244245543 488.86179032003986 0.09827107191085815
633.8640833098985 472.2935768028462 661.3921781265858 508.21445699179105 0.09819253534078598
840.3931506726175 482.03726308932016 848.6899718510393 492.3385887335864 0.09816663712263107
508.0382051160899 520.467738083101 529.3723956077387 550.9512604444994 0.09816499054431915
651.0693781480824 500.0778653184691 657.5486163576328 510.23592904719374 0.09811393171548843
720.8281661064613 491.11059403381046 731.1722988259914 503.61586806219714 0.09804259240627289
568.3854903158029 479.1670219724645 574.3581117822357 488.0791220231214 0.09804254025220871
953.613300410662 497.14328435128664 960.6309129993471 506.32076308201727 0.0980025976896286
758.9861558825432 471.88926729248834 764.9298519334883 479.94086734130286 0.09796924889087677
686.1129067173772 492.6278435120935 696.7179930357446 506.7076100011706 0.09793288260698318
634.0262117104346 494.51327468331357 646.9625373493175 511.86102983391856 0.09780730307102203
658.5163228983304 483.44606356878614 665.8778692761589 493.92569262057185 0.09764537960290909
626.8531336514608 502.5152769680278 637.7330633742571 518.5246916046121 0.09763795137405396
749.9311852126567 460.2745947346728 757.5635724254288 469.8668362421635 0.09762830287218094
644.3272223110966 469.3824020070921 651.5598818548901 479.5281788744698 0.09758032113313675
689.1110787314964 456.92937452925815 724.51814770818 502.8228552746351 0.09755173325538635
511.2918121979766 497.43788613215247 520.5094828217356 510.67251125264306 0.09754656255245209
713.2773399218524 478.45551027885125 721.3749638111757 488.46295296544827 0.09751361608505249
426.97649281542283 509.4747342310915 472.01209695015933 561.268225074874 0.09746671468019485
793.9266092494928 489.73891683565085 798.2940859110175 495.1827673814063 0.09743203222751617
738.301054898476 461.7070748530894 746.6993750550372 472.51710277904425 0.09742921590805054
948.8783099659084 378.2076908402454 966.7026472678662 392.1771098354532 0.09735779464244843
101.38383955716263 446.94040065139535 115.07103597703451 464.31831478753367 0.09734991192817688
615.4364435458315 456.42385235343517 636.603191875225 485.31467358469956 0.0973370149731636
33.22706298391983 456.7166359778766 38.21239059305749 463.06240634350394 0.09731998294591904
481.42233636205185 359.5120844172444 531.6897681909116 431.5894300258448 0.09727535396814346
796.8736951464878 485.6654922993485 803.4289062847166 494.47424199174327 0.09727173298597336
491.63227025067795 484.9241590650349 503.5447094557061 500.51462256495205 0.09710924327373505
255.548893568477 315.42359661953765 283.636949499274 362.13992893502376 0.0970720425248146
542.6820319792673 316.88417197125455 547.7440827908129 324.0233649980526 0.09705135971307755
67.26260080730938 455.26912783036414 87.95030111965278 477.09816917257496 0.09690416604280472
540.75923589419 471.1119891497244 547.4207695579908 480.7325886730093 0.09685596078634262
898.1976658104202 493.56716075790735 905.3762920456621 502.4065066751972 0.09680914133787155
550.5806378384399 494.5996431902195 561.2558009793763 508.7929611122122 0.09679955989122391
757.4363516304882 460.8986507572963 767.6309371221208 473.694114418881 0.0967465415596962
571.3859566964787 450.08891845146377 579.3761292941662 462.44137407542985 0.09668602794408798
494.1279177347317 483.01955990816543 515.5176856006648 513.8308085936592 0.0965510681271553
785.8857519626804 489.30778853413295 791.4346882425527 497.18289857875914 0.09647020697593689
686.5570645334867 480.9073047515995 693.3932495812895 490.4117445194329 0.09635349363088608
821.3768123458683 476.92660039235875 829.3687239722749 486.474058073639 0.09630909562110901
589.7320489591361 478.22956491725085 596.4642205944226 487.99164499517497 0.09624011069536209
943.7826740920542 369.450762113088 957.9908947092351 380.0993588408426 0.09622152894735336
658.6771592663716 475.78246255001125 666.7421893826543 486.4880869874672 0.09617559611797333
610.7020606574737 472.24625726913524 615.9519470611028 478.76747291129703 0.09612926840782166
769.1985418785978 489.2317341539545 776.10979632129 498.79972197293273 0.09611278027296066
467.70620895173107 474.3326615827573 486.93280399072876 496.34960106500654 0.0960768312215805
458.58628995474675 470.92976043497913 471.6559033383188 486.2958104352834 0.09602044522762299
540.4883788965464 322.991696001745 543.2440581526652 326.69185547767205 0.09602039307355881
810.9827342648354 491.2685071551101 818.9989801528621 501.4642877677684 0.0960167720913887
93.06740308020616 495.6601528383019 117.87883452469892 528.6612345971434 0.09599336981773376
615.6776098470757 500.83718767855714 623.327618920857 511.4257562089308 0.09595076739788055
768.7054714971846 480.57576143365736 774.8594543442617 488.5756679715555 0.0959239974617958
694.4984317485358 481.75879350681686 701.3126281757844 490.51185647162436 0.09584180265665054
622.5442601210184 465.0321041119394 629.6034839108473 475.4930890965973 0.09569313377141953
215.90973374644034 399.9475481548078 247.25273204234495 450.8245241883554 0.09560400247573853
825.84080857223 483.80436888275693 833.5000664495702 493.4594909667001 0.09552627056837082
668.635449771978 474.3469373435292 672.7356172177738 479.91181616268966 0.09544949978590012
621.8770164158577 490.68841550134033 627.6272402623872 498.870490392538 0.09522330015897751
-1.9455393762701838 450.878330068869 5.541020624740042 461.0596911387918 0.09518293291330338
128.8342302199731 439.9198295126527 141.3219664388872 457.0487775414129 0.09517521411180496
915.8268479732793 494.15642929460836 923.4029345334407 503.79874547863744 0.09515877068042755
113.23927998663004 467.0888086974087 117.82136039114623 473.04505567431926 0.09511800855398178
671.3117853073875 477.83898787129766 677.4032190042293 486.34336327431384 0.09506486356258392
550.3681615718712 318.73235998198686 554.4528320221131 324.48777161818896 0.09506061673164368
666.6857283045824 464.82155826962224 672.1746781889098 472.31279758195313 0.09499262273311615
746.2703878161166 448.283772369958 756.3452350813567 459.8709648687136 0.09496019780635834
657.0717017720478 473.95874041380563 661.6720317648907 480.19285208956074 0.09488482773303986
556.7565691290831 472.1755745002103 561.3959090653669 478.7014927611771 0.09487553685903549
153.5385651058631 467.32603409865885 172.80468229191476 487.88019954499936 0.09486161917448044
63.920250047832184 481.9216764640766 97.02752661765163 522.0625985453754 0.09481114894151688
717.7424343746995 64.2840188081761 842.182151279234 194.48600890163686 0.09479615092277527
613.4476082351763 476.7870505112293 617.9776016428667 482.7058518827934 0.09478962421417236
562.9584610423939 464.91685947805377 567.5627649426654 471.36961535882836 0.09472618997097015
735.2464930601598 494.05237719743087 743.8754877573077 504.69184815303464 0.09471563994884491
940.6111665653985 484.116762993875 945.1558519136345 491.99582426535625 0.09471186250448227
142.15158847462794 469.2071765376144 148.2790356720831 477.0038418501661 0.09470034390687943
627.3403711364879 493.74441203391103 635.2453223319443 505.3165904113091 0.0946747213602066
636.4882455136764 465.8815299528175 644.3106250402956 476.7390412740536 0.09464790672063828
541.0654593147968 331.719513098625 543.8621502082954 335.337298945951 0.09463641047477722
923.5898870277408 369.26407850333317 937.3199615354764 381.5551087367971 0.09454064071178436
708.8113443810713 483.9032204780579 715.7679158269418 492.70521053342145 0.0945308655500412
749.8025766014101 490.3254781626043 757.086229687574 500.29009760820196 0.0944189503788948
757.3455839476868 494.28590956189595 764.8778666360957 504.1619756634687 0.0944112241268158
783.8384075617603 484.1212595716237 789.1596690562802 491.87739089687784 0.09428830444812775
908.1134196666216 496.9739170171187 913.9884176407488 504.2417238381792 0.09427722543478012
661.1728251761205 464.9642539097848 666.7995093793862 472.1180610285027 0.09424921125173569
848.5175215627503 483.46324566607905 856.0744249626371 493.47295004196883 0.0941929742693901
927.5500431882465 476.2414433272499 933.6265031126989 484.35096541106276 0.09418775141239166
612.0690519786363 502.53700743714063 616.8800296999316 509.6255977519576 0.09416081756353378
252.04279730718957 242.74089228396545 276.24006359764707 276.05636762838765 0.09413503855466843
813.1991132692118 493.72219356412916 824.6265277171507 507.3827516694594 0.0940055102109909
660.3619582141838 488.83306945943224 669.2500877411754 501.49025076807226 0.09400179237127304
116.70761344594796 490.9626257043385 124.84000685152047 501.9660634279422 0.09399014711380005
645.7254942475387 490.346168801389 654.6121980744534 502.9077341618545 0.0938795879483223
621.6768730093585 474.63052689318664 625.7957283371925 479.89116095641174 0.09372861683368683
546.4063833944729 504.00569065319803 557.5971329406397 519.4727816986372 0.09369619935750961
532.3546629586864 327.6677591772657 535.3839011844793 331.50870230991285 0.09360195696353912
597.4161880582622 477.3707838429814 603.6253218493126 486.2661864157092 0.09358814358711243
740.209923924012 491.6449484914967 749.1517987153118 503.57639761181656 0.09355819970369339
161.07771621775726 490.6057961662681 205.38873349674583 535.9080666288647 0.09351364523172379
612.5483776473892 465.61498421398954 641.1605559517059 503.7152119193442 0.09345383197069168
912.1847961746648 479.4468087053075 916.4826436335123 485.7412358274902 0.09344836324453354
534.6017644762876 485.4674683996905 540.6314932408222 494.5711879272597 0.0934433713555336
534.6911306670437 507.772405783639 543.8774099053876 520.3604952658901 0.09339404106140137
522.3928784290506 509.62119912941364 531.5539091182354 522.1284751760669 0.09328611940145493
521.1861630512977 474.5905330628679 528.7175437368654 484.724379900304 0.09327132254838943
532.6968331436187 318.3349110481701 536.1863343900508 323.0961254916989 0.09318683296442032
671.3673215833885 506.47798359964906 679.2569134039733 517.7825190187825 0.09318508207798004
641.8884134358456 488.1355017482533 649.3352668951103 497.85295731768366 0.09314821660518646
935.015047329246 347.48912830231006 949.4120197064983 359.6156745334836 0.09313848614692688
545.8374274064788 474.31430253836544 553.2653945152475 484.670740136323 0.09310091286897659
529.7949330984186 478.5019152751274 537.2070027995866 488.871150180384 0.09309446066617966
809.3750270025638 485.19317413519514 816.1385999445591 494.300880345032 0.09307635575532913
301.9441740591324 286.6315084089801 328.5264553499525 322.1208236270886 0.09304725378751755
536.3424607246101 336.22285225637756 539.9180738140315 340.78181149361376 0.09299449622631073
52.44866423542228 503.8647659379413 64.23632126676858 516.8040355644573 0.09299317747354507
607.1254490027283 479.5140253709826 613.1748857520042 487.67319646851604 0.09296160936355591
544.0505406220952 307.9493168766851 548.2622133560394 313.51709124810276 0.09292508661746979
500.2851119470424 397.02432569580895 542.142955050519 455.6053222941243 0.09290792793035507
561.2017574923859 464.43776481381167 568.3094392701125 474.9580976496053 0.0928821787238121
70.55354087656214 504.6059768283206 92.62215197280987 534.8097197597086 0.09283144026994705
568.1082561199166 472.76144343218675 604.5217109452257 522.7759378741699 0.09281834214925766
540.6549854452727 498.3027388730776 552.7680871800408 514.5137284146865 0.09272195398807526
786.8531202937806 399.0840938744669 794.4053412992754 407.4900128562523 0.09269856661558151
826.823169140895 473.2851964534344 834.6267816657016 483.6064570825543 0.09250643849372864
755.3277601340754 468.2729892860252 761.4053355278573 476.5941891549271 0.09246700257062912
512.8491995870999 481.92505534949834 520.6976915022475 492.987815533717 0.0923900157213211
679.4772294297003 517.2199919673697 686.0876868891766 526.3860463824645 0.09231191873550415
523.2439102017227 493.3643828448174 533.4184872094481 507.50073164341757 0.09224677830934525
525.3962213359811 469.8857142892235 532.3721111829437 479.2416292665826 0.09218233078718185
532.2917918431687 322.8329816286613 535.6590967773867 327.30114521161505 0.09215951710939407
539.5262420474714 317.3841575996482 543.8277200528127 323.4810726938932 0.0921565592288971
939.4773967593098 329.5360987817054 971.6077256694325 350.7909766515595 0.09214797616004944
666.0162234044915 496.4891999849936 672.6798001988943 506.2540655908774 0.09211520105600357
571.6740020588915 495.43200638846224 582.3970996786908 510.1272086741533 0.09207318723201752
65.69857289430252 482.44614351460467 76.48506366811439 496.26070447500416 0.09187109768390656
734.7330387714502 477.06956825306935 741.3835197799294 485.3040271887002 0.09176810830831528
680.9529180847386 472.5066307398412 687.3628249745852 481.09846796572884 0.09176743775606155
535.2311931980021 313.0946920257005 539.1471263544388 318.2068341518743 0.09175249189138412
213.88357830916155 241.76370573404637 248.27184719271312 294.51393246400954 0.09175078570842743
526.9934628031311 486.2727005623012 534.6170394793313 496.98828970895323 0.0917443037033081
118.9174875429142 465.9926439157171 123.45144319861566 471.7108859444317 0.0916975662112236
539.9951516046457 452.0268955790064 548.8108926090847 465.4432620212987 0.09166189283132553
28.022991026334928 472.6544338258333 34.36448108982706 481.04908374371684 0.09161842614412308
714.7468960374547 499.8045488329585 724.8372628381941 512.6928199429873 0.09159483760595322
790.8928529033664 481.716988797678 797.4511575014415 490.479454753863 0.09144386649131775
462.5124086915454 482.72836330657816 509.10933647386446 540.7003250176699 0.09143394976854324
727.2764095042127 474.333018615512 734.6102320078413 483.3161274990496 0.09130959212779999
25.877381030883303 456.1927222191986 31.49751082544422 464.03527256712596 0.0912286788225174
909.3936177869424 401.31786810622543 938.5297627362112 431.6092290401509 0.09103914350271225
617.6228793959827 494.23807286739583 624.5182298215542 503.99450301296616 0.09102507680654526
581.9233752051709 489.79660228957795 590.909998393047 502.3278533424637 0.0909920334815979
922.0149384817284 340.110679934525 933.7751043226398 348.70267108658913 0.09094903618097305
715.024877092449 453.0524169968504 740.1351252730914 484.2247454834447 0.0908225029706955
540.9202986772883 327.4103460191921 544.5088542846241 332.1594631642684 0.09079795330762863
713.5756009080962 513.0680642822531 724.4023616494661 527.1390617999971 0.09069860726594925
866.3996654373752 350.7121596366154 895.1303923828534 376.7328246347839 0.09052399545907974
537.9553425507744 323.90075514631604 541.8234041290401 329.03010280336207 0.0904911458492279
350.60803901017516 306.30356556606665 412.87722827804487 384.97657864192036 0.09041120111942291
788.6083285985571 488.94337127620025 794.739143035662 497.12957639507033 0.0903932973742485
775.8088638328443 496.82967447524203 783.8505065429352 508.1453967494334 0.09037093073129654
441.34604660844434 378.572971687464 481.0477745973063 434.49531851738317 0.09032692015171051
280.371219814853 246.54209274232883 333.86119753148785 323.6396140977476 0.09022410213947296
627.7145418914914 488.4165648340967 633.001417779161 495.94388982445247 0.09014054387807846
746.6019964582781 464.9387574129083 753.2114806577736 473.3845898364458 0.0901111364364624
936.4941738922072 403.57199552263927 963.6883215905112 431.2711064278571 0.09010542184114456
540.6047493576248 314.68627363897116 543.8186116298192 319.135110879586 0.09008844196796417
637.3503066352264 480.4169594158286 642.7654000317677 487.12812636437246 0.09002672135829926
700.4805726285305 477.2084603206059 705.6305001694664 483.60605525692813 0.08998255431652069
627.2196745702936 457.31772062953746 633.8780126445168 467.51551418736136 0.08994162082672119
542.6749459915451 305.657694158543 545.9174015586707 309.9191419503722 0.08990845084190369
691.7189898400518 472.6648173986798 699.937086905442 483.1875884480253 0.08990659564733505
671.4861206688304 516.8484075098386 678.0394210891485 526.4629300621413 0.08989906311035156
773.5107192194135 481.5635347274141 779.775364729326 490.3085983730827 0.08985050767660141
529.427620195548 320.4858977797115 533.0541573450153 325.3734995803354 0.08981186896562576
602.5461702097225 457.54182883552534 608.4265884453474 466.01020115225106 0.08977998793125153
648.2999007106298 460.31618017955776 655.433164512693 470.72690949235056 0.08971532434225082
148.28146596739992 494.1152510810142 171.33300378286424 522.2417265539166 0.08965938538312912
492.8460058991092 498.92188187244466 503.27820223019376 513.6600232890481 0.0896301418542862
530.1947534024637 500.67483038526683 541.0343875374044 515.9009113255829 0.08960624039173126
731.4541212825823 510.8419370572458 741.3077930787648 523.1951561428623 0.08960479497909546
228.28163342034648 257.2682845819077 260.76251981661323 302.3094967786818 0.08956683427095413
581.3931031725413 421.1791660056245 608.6480256623271 459.8429409945761 0.08955544978380203
595.2286671406468 496.14455572914784 603.9931529580733 508.54793550069826 0.08953118324279785
172.65980277536633 244.93280193381293 438.6744071296604 556.0547410864923 0.08948743343353271
661.48475966192 502.8987005125134 669.9069320800446 513.6626761353377 0.0894402265548706
687.0579408162945 502.6114723958696 695.2664533023764 513.830997919818 0.0893825963139534
781.2685983018494 476.43937090344656 787.9520027565635 486.45896028919196 0.08937457203865051
433.7981568563593 460.18981574188683 467.63559301932196 495.8457547095243 0.08933167159557343
618.2057799887523 454.1758082751369 625.0494303870103 463.62741445109725 0.08932945877313614
744.6094773130595 459.27733739300464 750.4447392522593 466.839421741055 0.08922948688268661
573.6281985774986 460.5041270630914 579.8909401627005 469.6035120635306 0.08920621871948242
729.4776706958734 485.06817912446854 736.978916313916 494.625449469066 0.08920430392026901
664.4889083868101 476.3548689961753 670.7133477746502 485.12294534784456 0.08917663246393204
582.8961822155868 474.76343519308875 589.2238478556494 483.81543594771244 0.08900221437215805
559.1975367607987 504.9591865526063 571.4187840458732 522.2141080667764 0.08898161351680756
765.9745153121507 497.4629411751171 772.4211245208709 506.3272040734979 0.08897481858730316
695.7901148044085 493.68881700792883 704.3400532006654 505.0070853730017 0.08897282928228378
361.66905859383144 511.2577206952008 393.04131218783874 549.8824665117642 0.08891225606203079
656.4087524397579 461.8424637326902 662.0826866464827 468.9160298582549 0.08890097588300705
785.0714154037862 494.9906956244234 794.4266698918746 507.2928964899942 0.08888097107410431
537.322218615612 264.1151332713411 592.6344382659632 338.8178078306034 0.08877885341644287
692.7532587235672 505.8569078080714 701.2522100283057 517.4797503631064 0.08875706791877747
508.0251273597732 491.4668716052935 518.1468617830509 505.52923206425396 0.08872465789318085
388.8218364514618 513.2712924082726 411.7555408837739 541.9119508748498 0.08869010955095291
533.9572454737636 304.7904558780673 537.3686873781069 309.23266567315056 0.0886223316192627
680.1209941093464 470.5734668312207 685.4851697485758 478.0077769421667 0.08859074860811234
611.7376253029041 451.7101916137829 618.3303641838704 460.92770823592235 0.08858327567577362
505.6245379321298 419.4163157462931 546.4100010418406 476.5513387389941 0.08858174830675125
759.9146964545755 501.40927968306147 766.1405212954301 510.05227700421193 0.08857990801334381
709.9842292896419 473.75596616034505 717.3987618688064 483.43642075017624 0.0885239914059639
540.6061460387274 306.2942418691791 543.87535653619 310.69629148729257 0.0885009765625
532.8902348850016 312.14106961724895 537.0864696233771 317.80748845379424 0.08849318325519562
698.4151338258764 514.6417470751126 708.5841740566983 528.6012626737465 0.08849166333675385
827.8284735065502 501.6720393864461 836.2270929694082 512.3342718100679 0.08840744942426682
785.9933022942756 474.22088470862667 792.7436348168733 484.03638866258706 0.08836051821708679
620.7287913523573 462.3110203190059 626.9296820333269 471.1040103691655 0.08834833651781082
681.5895756733541 495.41284706247893 688.0713267916723 504.58486125250374 0.08834254741668701
561.2924559550065 377.4078417664167 596.0092796231628 426.8692431238864 0.08833049237728119
497.77927635227917 506.498303146053 510.1040168363171 523.8359292225618 0.08829597383737564
821.3509545160323 509.51815479375455 831.5944859736148 521.1703660221 0.0882435292005539
227.6636308115999 183.70364165193342 256.0717226600553 222.3605484844377 0.08823893964290619
577.9618024819863 452.3390960071615 586.2580219339474 464.7690893295794 0.08821479231119156
808.3448594937032 460.64433810765837 837.058916649418 495.6496695700044 0.08817362040281296
656.4152995335004 499.1775319089747 664.4732203821158 509.99984272601415 0.08812691271305084
221.18041186387194 356.6798121955422 237.00939509013776 380.65673679556664 0.08809659630060196
764.8251718030592 492.5446772288687 771.158387244118 501.4147321330561 0.08801194280385971
124.78236249099419 468.3293162816649 129.52203782388384 474.6419326792991 0.0880112573504448
664.9131134156296 484.25810819259794 671.7146458151655 493.7950489315301 0.08797896653413773
588.1340035961638 471.8770871849582 594.4329087496947 480.7850743490706 0.08788751810789108
451.27307751770354 419.0995135169258 486.58631884451773 466.0817965878874 0.08782050013542175
746.5024603879995 515.2696238799116 757.5148491253366 528.7792619005552 0.08775060623884201
798.1295539093823 476.7102338065227 805.1811829848126 486.2385647259667 0.08771657943725586
293.27612291050787 315.20206228409023 338.03789543643404 377.10255898040265 0.08768803626298904
596.1906570779802 411.27754997289964 631.2334841732427 461.04879886138445 0.0876789465546608
888.4725038789284 359.28703595072335 919.2061662272096 386.50269967159136 0.08758235722780228
413.67558256043986 196.6972626294457 453.58036995290576 249.82572265144654 0.08755511790513992
770.510531990321 461.6418433202833 783.5261198852277 478.13426855833876 0.08741854131221771
680.6148881662765 504.8640664698729 687.9120268991619 514.8884701206767 0.08735788613557816
769.4663005907229 485.278658186709 775.1262317236334 493.0070053007356 0.08733264356851578
331.38963863639583 242.61688652687815 380.5845089389557 312.6602433594046 0.08704937249422073
782.0395862974767 465.09350941610404 809.3468123859607 497.6239291291227 0.08702833950519562
557.2965982014363 368.6590210875496 563.6065277117495 377.7365389040351 0.08701064437627792
834.4446151521676 478.6826205276267 842.2437682125316 488.130809168238 0.08689405769109726
803.0457995995013 491.1966741683393 811.4171366835286 502.40741300708794 0.08680729568004608
761.615985093128 464.3452602987631 767.6185965841182 472.5224113648524 0.08647625148296356
768.8683260034154 464.9126799137228 774.3201972695972 472.8994158364354 0.08643567562103271
243.77079455487072 347.10992803483435 260.63167668130535 373.6171018203592 0.08641751110553741
550.9123178400603 333.08989113439605 554.997805491673 338.4498039109854 0.08632899820804596
601.2599260089374 451.12433686914966 607.3874649075138 459.74233619115427 0.08631893992424011
501.5287486112449 554.1096574853408 550.4907390701526 610.4203058600071 0.08617469668388367
591.2644330574967 488.4422526840118 597.5061018584621 497.40937477413655 0.08598046004772186
563.9046169196454 451.1558158074681 572.4187903897946 464.18231391469635 0.08596356958150864
552.3220763267462 452.25538851257653 561.2982170034154 465.60007123245236 0.08575370907783508
202.04833679965876 278.2252806092432 231.24452757280483 318.8213964639595 0.08575054258108139
889.3256510656619 448.621213114295 922.2055255280818 487.41299947444423 0.08572003990411758
474.8347697762244 460.54863135685986 488.7745274749107 477.4746003176913 0.08570408076047897
764.1772573534544 365.9928607158332 796.455595025434 411.1634189302182 0.08570130169391632
804.6018379302344 498.3645298467947 814.734660972158 511.5909000926726 0.0854472741484642
399.52246388851745 331.0633391646857 459.9123869631435 407.6819844448305 0.08535805344581604
447.5580370599236 491.35025241171803 468.0948084771238 514.8232042030043 0.0852832943201065
534.4897602800015 416.16992362462065 558.0839408954657 450.741042511157 0.0852651596069336
643.0295781279757 506.4827977290773 655.0144732514323 524.0717512003883 0.08512849360704422
21.376318951123004 477.6919110374692 28.56744185267106 488.15655613109885 0.08491482585668564
595.877357358083 380.1766436650376 645.6897598575084 444.6106094081479 0.0848994106054306
799.6753235482859 492.5940134412843 806.4384851490603 501.89098791814473 0.08489334583282471
616.903504552873 509.69802828305745 624.5954756774769 520.8764627110982 0.08474403619766235
141.8450932157898 473.95702661169065 151.99834500443794 487.1776675216542 0.08474341779947281
655.3581233293867 503.90122049048887 663.5613117102706 514.9518271086488 0.08465725183486938
481.84681559895375 290.6503286803589 551.592964386211 379.64087075862597 0.08464773744344711
547.8526896482931 330.70954951793226 552.7285253069941 337.2831577905244 0.08464089781045914
698.761501730501 469.1710203810842 708.2815095955732 481.2043858343738 0.08458292484283447
227.54917806195797 154.66581118708874 239.17869726247667 171.28891937732925 0.08456438034772873
447.7088399130589 259.77582805286903 504.27550083352435 336.5077486542738 0.08453905582427979
512.2458852580011 64.06945950830026 684.5546355357907 277.26075186672716 0.0843992754817009
814.0270062533222 472.12884921255994 821.4952305930677 481.1935021689607 0.0843631848692894
630.1111719809389 436.15513607419183 656.9750253898634 471.70383013902017 0.08402795344591141
530.6402976378816 331.4372558094209 534.6725460539316 336.6116995187162 0.0840194895863533
768.0194271341212 458.4474209851075 773.8044877822449 466.32959628300637 0.08400967717170715
489.9193229176242 269.03118629833244 547.0588193400205 346.07997743337603 0.08387745171785355
529.5386766436005 373.1553852832753 538.1188274590935 385.844893651606 0.0838426947593689
405.5034470972496 494.01071253681715 436.6784563129657 525.2758099557121 0.08382450044155121
726.740445410319 509.92735151236997 738.543628309913 524.4946499990004 0.08364780992269516
540.254105684346 376.3495556825363 546.3452888373499 384.98259388909537 0.08364422619342804
617.9036965551843 442.6084436078151 623.6294598080544 450.7402081558236 0.0835949182510376
211.02431035329556 165.0003435199981 231.83326711371578 193.4308944246912 0.08356843143701553
937.7793888671555 479.77383251116737 945.7048875799983 490.4075453967145 0.08344074338674545
575.1964061468734 433.4818707067039 606.7237211352514 475.6643943769383 0.08330000936985016
653.1798678625444 458.9249390317619 658.3468184357052 465.57760508207764 0.08323907107114792
727.4375983109475 462.9793616788479 766.9221461319795 510.4185229193556 0.08319506049156189
921.6188859397092 533.1086432778384 1163.1138593823796 804.5091754077987 0.0831771194934845
914.786245864968 481.8249750991452 923.7018820967058 493.8085204182661 0.0831025093793869
228.42984097681747 126.99431311386802 251.11429421572262 159.45047775544037 0.08291690796613693
747.5945799543746 507.99026077366904 754.7008036315751 517.4968048614047 0.08275160193443298
251.76919939549984 170.21061121053935 280.9416653962989 217.17688408969224 0.08263552933931351
329.29363946948024 195.11726617942944 357.33319403953885 234.58053646088953 0.08259285241365433
756.3184345239204 460.7346838911704 761.9411022789058 468.04079896372855 0.08254531025886536
389.30138452798616 282.63410414429967 419.2422795569406 321.22045395916047 0.0825420469045639
416.45675651741766 548.7579230676977 457.2168256549028 602.8762599132567 0.08253883570432663
643.7843200025133 454.2178436383225 651.101810437368 464.9047044362347 0.08248654752969742
531.4299175464876 457.5421412640843 540.1375066317098 470.70592315129215 0.08248642832040787
421.15660747425363 493.1102145282077 432.25295372436113 506.4980954038165 0.08243153989315033
902.1438724793388 467.4467948673065 910.3552249519956 475.99149873697945 0.08235777914524078
546.6557625722336 345.07185054465054 552.5332169193248 353.2460322446659 0.08227510750293732
270.58016694062223 196.92739242379736 298.594264992279 241.15065850415107 0.08209327608346939
584.9065719193013 449.8590392590468 592.5609397684782 460.83200503665745 0.0820886418223381
253.19340209471292 373.927160900856 269.96249562350977 399.4639314277093 0.0820540338754654
494.8838300110927 339.25563565507275 514.7263891000218 367.30225806355446 0.08204986155033112
645.3531167991812 407.4346311959436 682.3643482088015 456.67689228695986 0.081907719373703
605.0872839786235 474.3885992047677 612.0962030928637 483.8291321832829 0.08177178353071213
276.9226006461839 151.32329060282828 305.1361574340514 191.12370444361216 0.08173113316297531
407.59651851889146 395.5536161453549 447.7529328596892 447.5503918538209 0.08171602338552475
732.2211233212115 461.465724777706 739.2481876734928 470.3902714579346 0.08156291395425797
253.7234720381197 130.19581027485643 283.6873432449183 174.35501774255155 0.08153678476810455
680.402966539336 464.53078327139013 687.8875353182982 475.0932311299081 0.0813046544790268
931.1405604997128 472.62898335030457 939.4682172048057 483.3561987673188 0.08114331215620041
552.129333651604 358.4154693038163 579.9150019835452 397.61688731966825 0.081062912940979
654.3361038018201 452.457577905929 663.1651993502187 464.0157311142492 0.0809907466173172
676.0489569726105 440.10966742886734 705.7972656200163 477.6724304200757 0.0809781476855278
198.67261039425568 176.84983808411616 246.98311002558523 256.60685915816686 0.08096413314342499
710.6910959358344 427.12924241507284 748.8713034595329 473.54870922828616 0.08095624297857285
683.077343650903 518.2586628536498 694.5148583836404 533.3980219730598 0.08086714893579483
919.0205474382645 472.2700406320922 926.8023698491112 482.5228823613321 0.08084937185049057
629.076165207763 342.65626727652653 673.4076411748239 403.3671920583015 0.0806766152381897
795.7313019367546 470.81698004001083 802.7912779026353 480.43820652006235 0.08060048520565033
827.3819399634638 422.2177779954804 855.5378130379752 458.565942718125 0.08055706322193146
508.10471337081174 464.40161344787856 515.7509041066132 474.89044852814095 0.08054394274950027
233.18852311732456 313.0532408432578 260.9365075700335 356.5961598435676 0.08052221685647964
379.2806274358002 240.13520252701403 419.86811241136024 294.0010930761451 0.08049911260604858
775.9575516409712 462.94011737696763 783.0989750510607 472.52969796428005 0.08049406856298447
591.5071032459233 454.1123622888337 598.5539764259424 464.0769484675581 0.0804685428738594
531.4178792019749 335.47063599088835 536.7444141596416 342.51304911961046 0.08043219894170761
946.9077451714711 477.0364930663642 953.8645557910685 486.4819472092114 0.08038251847028732
843.7077904175329 405.8852026509264 878.5983638602127 447.7304916245391 0.08017473667860031
685.9701471730344 472.9049572787304 692.2385821436111 481.6572878289188 0.0801679790019989
350.2243391462973 481.80171997645215 391.97823388343033 531.2188260142074 0.08015928417444229
612.5540221252691 430.2696563724714 618.531529374795 438.5821327999822 0.08008159697055817
540.4198790720679 383.2218854065852 566.9891778459215 422.64768852827723 0.08001053333282471
372.6117672113167 463.80194027524294 414.41315894861134 507.64656438193316 0.07996313273906708
522.606556272757 322.9513518017118 555.6070260682349 373.9357252645788 0.07995960861444473
305.8008169875402 117.67794393613647 339.17149946572533 160.6855360754897 0.0799439325928688
721.0029817186315 468.6912121509673 729.9617799669194 479.33766828297536 0.07989827543497086
948.0206445750997 491.10199665450494 955.2299115339766 501.67696984939136 0.07987774908542633
483.5306906588938 487.87277624923024 495.5060616307931 503.48357788686036 0.079813152551651
517.2809885276396 362.6914030537045 546.8656951872771 406.02813446405764 0.07979989051818848
263.2746617503755 282.42235114342304 303.0779678205012 341.78067945478557 0.07970138639211655
760.3632903347677 435.9572089253242 788.559722596165 470.42915018146954 0.07967469096183777
758.702383770211 448.31880629760184 768.6867686054092 461.420561938333 0.0795716643333435
326.6575695503338 340.94791074845574 357.0508947349553 381.11264493869527 0.07951726764440536
562.321991674399 298.1923165547221 567.9182830485572 305.8904199885812 0.07938716560602188
687.2278609952963 492.0184276169189 738.5956492404384 554.0324988193338 0.07938554137945175
188.08739305798247 253.06611429096498 218.4102903162589 293.60774864747685 0.07932792603969574
137.90425365157898 472.68696769346104 143.47939666631362 480.0172317625198 0.0792919173836708
855.4326484635181 478.7576236149904 865.6891800221455 492.2509477740615 0.0792715921998024
426.9845840782793 241.48875883812937 465.2813110102447 291.90685273638644 0.07915689796209335
199.0479046991204 294.4729663165391 270.4361642206692 396.2971090983785 0.07910334318876266
542.5283612817861 311.9276550189086 547.6881725190874 319.01024628398176 0.07908356189727783
861.3185814876811 422.9664488586124 890.2755517145134 457.21338101395145 0.07903625071048737
460.3618392319175 457.83205285626076 476.0358255075472 475.6888041921794 0.07894308120012283
565.1818776111721 327.37276778562654 573.5170007809114 338.72325923629757 0.07886005192995071
502.73167354135563 217.87275764018963 552.6838674471447 282.2247996581718 0.07884577661752701
836.3627531220121 445.3240418834932 866.4740274563729 483.67377163222204 0.07880757004022598
843.9242580427789 508.00609133719996 852.8529216689262 518.9032728232145 0.07861128449440002
789.6205931529471 472.27170546951766 796.3163940909487 481.2757370607545 0.0785437673330307
630.8223323580544 452.9756377755959 638.8751758596393 464.2784282001501 0.07852978259325027
776.5099980568574 456.99623512316896 783.3718012862766 466.28958857763155 0.07852133363485336
205.4223196126432 128.8805648050417 228.6353358331199 162.15527958265426 0.07847379893064499
897.0616619266461 477.16007741804054 904.6298173057688 486.8479201609235 0.07835116237401962
429.2492033024206 478.3479807839742 441.96014832927625 492.31507791559375 0.07829006016254425
828.737805037772 511.3686313422964 835.6068616767689 520.0243042992327 0.07818679511547089
797.6899791362616 395.4552592500102 834.8513472737183 441.37558921298853 0.0781366303563118
225.4673028130299 220.92282721293506 258.7647215832337 266.61542803504005 0.07808249443769455
538.2311530884575 309.3302489509779 543.513626957935 316.4120210546641 0.07801879942417145
848.7142881936601 497.76268192214246 856.3176017109238 507.4032364750739 0.07798739522695541
463.6130311974847 532.8900063262948 497.2094711768641 580.2193608270009 0.0779728889465332
839.4303777534475 472.56219204039917 848.8598499050312 484.7655807144488 0.07789815962314606
778.90934157191 473.7447178314734 812.3327322672728 511.21602176750116 0.0778803676366806
602.0398104237751 491.17151356787286 614.32079262671 507.8369750186642 0.07787740230560303
250.3127554579523 53.05208663783174 288.01917546482775 103.97107999724203 0.07783110439777374
544.0667121593543 354.11403067713127 553.326494185896 367.31954671946204 0.07773697376251221
834.6036378848987 511.92717404919915 842.8111702519327 522.3755528074901 0.07767461985349655
369.53493740161764 168.69302943477066 424.7700646644716 244.20447604656897 0.077654629945755
515.3923494112103 477.0855826641884 573.9063979009401 558.2444164981852 0.07760219275951385
553.4483156628419 343.9898066569003 560.0663037313997 352.9422202797439 0.07760072499513626
317.26968068288096 457.04306451775716 354.554100384718 502.5666863839825 0.07757019996643066
368.0962034145168 413.06928435226314 404.838427621655 459.89697049695354 0.07756827771663666
235.2384792081901 156.41066642014536 248.93820539844876 173.92669970391378 0.07756612449884415
706.8012960327975 460.98803971565 716.163863916325 474.55988520865304 0.07755404710769653
551.6070227272583 314.37616142989674 558.9175355298394 324.7511128602135 0.07747432589530945
545.557294905172 303.85806468027897 550.9388096891095 310.96401020846 0.07745914906263351
529.6253791996164 307.4389840908815 534.5965262720836 313.8878910023374 0.07744713872671127
857.0611938233753 491.33013735176866 866.6706701417188 503.7630238086427 0.07736942172050476
296.52802655244557 184.68020884869586 327.5066258082723 228.5737610925751 0.07735870778560638
444.91557211302535 327.288359297888 469.3722261331276 360.98942559737594 0.07732582092285156
547.7268531557849 310.7651993086341 553.5068347665647 319.0298196874528 0.07727203518152237
346.4553063802778 436.093401084099 383.01771224678606 480.1852502521342 0.07721184939146042
239.1981992749068 386.283022304187 248.60858608623187 399.3981627869485 0.07715918868780136
787.0491654362328 460.1859483224562 797.4497980635001 473.87150970924 0.07713298499584198
540.0272484693988 300.4589016974988 545.0881977326287 307.03100502669383 0.07712982594966888
636.1567202252398 448.2136609560054 643.9554610803211 459.8326526612817 0.07710897922515869
199.99765513739075 141.8251340171232 213.73471766176968 162.79141953234128 0.07709641754627228
299.78982725852444 148.93426653860496 330.43507323975064 193.6048791125179 0.07704203575849533
484.2308980541536 500.7302074408593 495.0029037255022 516.0221807849526 0.0770338624715805
65.143200888859 33.91468553061504 164.02715821085903 164.60695669040584 0.07702707499265671
568.7605460354235 337.3933360601262 575.8117405375592 346.8250340537867 0.0769374743103981
529.9471936409678 310.54666995797515 537.3808918665572 320.57606336871123 0.07685602456331253
670.756868906539 395.00223981492786 732.8343749402817 469.6653609526576 0.0768362358212471
541.4220995361256 334.50035390626147 546.0684593424038 340.4567138502965 0.07680649310350418
360.45787784469826 231.3875726965623 421.33050753436817 319.67379273449865 0.0767783373594284
563.7444297016988 367.59014190897886 572.3580055680336 378.70178608058075 0.07666172832250595
679.45507594375 524.8547001748576 695.2660113117597 545.8605765193382 0.07665640860795975
442.61296542730906 468.975980726878 455.72254785137915 483.14263840505953 0.07662582397460938
443.47134162710955 492.5723356125774 455.59867569027057 506.7542624269215 0.07655727118253708
626.1264146734851 447.35025450894585 632.8193495892745 456.9185309894972 0.07654748857021332
330.87169692087133 208.9633176943316 367.5581804464639 265.0627746046718 0.07649388909339905
614.4504230598977 507.4529564608959 640.0233234751942 542.4489757107584 0.07634780555963516
659.0700412308497 511.5978719528369 672.0016307417327 528.8063847298922 0.07633577287197113
450.6379246621042 481.5982365323833 464.50977025838506 496.11001666221813 0.07633130252361298
548.675330890299 304.4540973636297 554.3926658937289 312.30443729468493 0.07632351666688919
40.740120205715684 287.14390402841656 197.74247078004038 468.0941434708445 0.07629784196615219
722.7594999680168 459.17757539714677 733.3253427960199 471.7353395105675 0.07628249377012253
525.1223294018806 330.79796898369676 531.4134016778914 339.44405782706355 0.0760803148150444
735.9264155311689 514.4476281767796 751.2546712910797 533.4634746632955 0.0760381892323494
303.61469113321783 378.1341172083726 355.4662735888743 447.271193088002 0.0759982168674469
590.5347451226692 360.9078534856155 597.785673309967 370.8196943741122 0.07597067952156067
549.8134744957805 324.5496204016369 555.7707010047726 332.67227743256893 0.07594705373048782
541.4658706403128 318.8001978828946 586.1191397565767 379.9244563449038 0.07593174278736115
208.5891456235571 129.92613102137614 218.15061412398973 143.85387221375487 0.07588217407464981
574.7235995074153 360.0613703262012 581.156960325791 368.6240527646426 0.07584108412265778
487.1957276953163 463.5197839456865 496.9962367088503 475.6526563994079 0.07568106055259705
232.65329890640163 398.9674852608709 242.94425948792423 412.9695612722207 0.07567986845970154
226.36051056215172 380.63691007273013 236.36017213217866 393.65891910751503 0.07558435201644897
191.71287132595677 360.69640867877297 236.2423617300558 435.82802542140683 0.0755830928683281
524.5090387019932 311.8356484149093 529.6229370548543 318.6160407772401 0.07540693134069443
560.8922770911831 338.01927378858073 568.410775825276 348.28946018016785 0.07534336298704147
588.0296903164385 497.7679863728169 595.8659191182513 508.2896760764785 0.0753038078546524
371.48912943147843 372.013955128478 406.61936565226614 416.98767280787825 0.0751756876707077
242.80220441190482 159.6797149635781 258.3611627985429 181.69115684492934 0.07515061646699905
628.8460590777103 438.36842731878 635.0008851457949 447.1569167904 0.07513828575611115
795.7290329515466 440.57673452849383 820.2663006332605 471.6232256135119 0.07513617724180222
928.9684515596286 488.11294989118545 937.3356254627041 499.5172712660536 0.07506561279296875
293.4005436960389 197.0192933985311 331.6764307663473 253.62367255591087 0.07494951784610748
605.9826080065537 436.8522107041397 612.4210446588397 445.9332225341877 0.07491260766983032
179.85064273432846 142.4555389199059 205.72662447170123 181.02859817962067 0.0748097226023674
560.8516511468175 318.1302313370226 568.0518788421957 328.54548697250755 0.07469785958528519
429.7598058428506 492.8329464109371 441.7092573523415 506.93932870029295 0.07466231286525726
197.47039526513382 223.92195460993315 226.25674000862642 269.6890285777886 0.07462115585803986
290.2330888032978 110.13439097401559 316.6189318330578 146.46921781761688 0.0746203064918518
568.6394627413991 352.77437832511725 575.763644448915 361.99478912337605 0.07459161430597305
504.53982738454505 511.3430518625028 512.7726415221736 523.0977722721451 0.07458971440792084
357.9237834818612 153.0745663658347 381.1423295606518 187.70159401793845 0.07458366453647614
265.4022003884195 248.13247664562115 286.17129082817024 282.5373103809489 0.0744667649269104
676.9898259482297 454.4270692000559 686.4171369016781 468.61464633702957 0.07445253431797028
-75.39983712295273 522.536848540894 168.48921362760976 811.940181274416 0.07441136240959167
351.2492024935499 65.90335836786709 440.131402664709 183.50413111996394 0.07439032196998596
539.8839391773308 335.87889891467984 547.6549857630737 346.38110432436457 0.07436662167310715
650.611829069644 272.9184270525425 726.8464509548587 364.9186165581256 0.0743386447429657
550.2137605880065 363.5345004474799 556.7262746759461 372.9296184982451 0.0742231011390686
537.5670123734783 394.5547021697923 544.527675061657 404.53620270554524 0.07421763241291046
899.5545218880949 409.8186252300455 938.2776757492526 451.64121923999585 0.07419615983963013
521.596809018506 457.25580507185987 529.7190516474418 469.20388830444114 0.07415911555290222
937.219316698102 497.4853922430932 944.4167775344238 507.61782133848294 0.07403000444173813
667.951569899489 452.9565092275249 676.5041490086701 464.35716120938827 0.07386999577283859
852.8795779389011 503.18207752824924 864.0374556808941 517.2503788792312 0.07382645457983017
595.961954680407 438.39776559609896 603.3173199914384 448.6968007206794 0.07375073432922363
531.3357362511983 341.5001548168305 538.1699276476281 350.9054523773835 0.07371366769075394
945.6108752743003 484.29236726360654 952.3125555048531 494.61469508281226 0.07366727292537689
366.9303138386607 146.00380237695424 375.42440015405896 157.28160275634156 0.07355260103940964
145.65862987531455 443.26453719928963 166.84839857811636 474.90256885134096 0.07350331544876099
540.1015566024984 325.18960248609136 547.4367687743211 335.50012473434873 0.07347441464662552
789.5440387325701 362.0257611399613 1223.998704292772 867.7974618945602 0.07344464957714081
638.8014941994334 163.16157594722947 948.7595912843519 493.768071974179 0.07344429939985275
575.7456905667232 399.12373683369054 582.2698993685217 407.8926137727381 0.07329151034355164
610.0332653014731 511.5614968385659 618.2637092262783 523.8216247204748 0.07328934967517853
301.3620575159676 437.6839997644272 334.77873296074887 483.2560274063851 0.07327893376350403
677.7267888616723 409.30361229517587 926.8553794406903 671.0298036515538 0.07296927273273468
795.254776726735 462.88406312082526 803.8556668929442 474.67823189394664 0.07295264303684235
415.9957289733449 392.5497664806754 667.4190161807628 664.7508183943721 0.07295059412717819
599.8443898472533 356.48592066460117 608.6387641807232 368.9082746058288 0.07273305952548981
463.9882553121748 448.2578863154469 474.520671892097 460.37558479286633 0.07260803133249283
591.8076398102949 281.24276578349594 640.8432747738586 353.5971269281887 0.07247357070446014
220.5749532492178 388.0511936672983 230.1712846420726 401.1955862730985 0.07233977317810059
529.7962655494346 500.7291123111799 557.7192771791179 538.940275014223 0.07225891202688217
699.9636690173467 536.3174194164949 713.6732910774444 554.028486934067 0.07224316149950027
502.1769000039965 463.0088888864117 510.1495284160724 474.03889454241835 0.07209461182355881
643.3226814860553 439.8602454187025 651.7469029554389 452.478997333333 0.0720362737774849
617.169841433679 269.3572302697083 674.7593845124082 343.2077873336895 0.07190929353237152
631.1924453989152 443.8074473906062 675.1197788141803 508.254089150224 0.07180838286876678
357.9269704994026 202.87195368713296 381.73777307480105 238.4227795750262 0.07156278192996979
195.90305897224454 188.67932408971774 216.61054843700347 220.81644902768514 0.07152445614337921
166.65053505992145 116.34166503152001 190.86103833626018 147.951805486591 0.07150541990995407
157.74709636410017 233.61278522148115 212.98592074622383 319.0741064015514 0.0714743584394455
449.60789946966435 172.69060375666865 503.9224123274706 245.87564630793582 0.07128462195396423
620.3155121613495 429.8477356799304 626.9756933864905 439.09118676240377 0.07126345485448837
663.8876341041118 481.80272189092955 708.0739788725053 542.3159951231806 0.07119335979223251
562.5008598849988 425.5943133685539 574.6313290727085 443.86753014162997 0.07093427330255508
215.11536623716077 118.99164315726841 225.74309323948358 133.16222258260638 0.07093022763729095
572.8692401201164 509.1057107492207 582.572847714553 522.4204804431355 0.07085022330284119
166.08916877095882 130.3383894102009 209.1056259992568 191.0767818108359 0.07075802981853485
717.1698110721824 523.9824682348847 738.0581763429653 549.7233449033719 0.07074474543333054
669.1042353316855 524.3176155403502 679.2631649663551 537.8202039472037 0.07072831690311432
572.7040905931185 294.2952550257604 579.7247151542267 303.4238709130977 0.07055749744176865
552.762244750149 337.6671447550065 559.3622510598439 346.4698087244669 0.07040007412433624
293.0298344769482 234.8271761842681 301.11712528621825 245.83564292742471 0.07029721885919571
