252.14920764614843 373.4298009821659 267.6754665100189 397.4412151540044 0.859457790851593
459.3459694265427 387.2723969079106 465.133553293697 394.7293908403838 0.7023830413818359
621.0028921109798 405.04693296818556 625.8273069615267 411.19689635158153 0.5320913791656494
660.1671833216351 407.17973616614654 667.2022367148775 415.2072064482075 0.4473841190338135
592.0544948671268 400.63589416161557 598.0701462389231 407.964218116074 0.4361276924610138
193.93011258000695 378.9508053893622 203.00911288811574 392.2833897588794 0.30032816529273987
23.583451480558633 391.32100030512765 29.961246853088053 399.237844466411 0.28542837500572205
771.0010537861009 418.4504138805709 774.5389307833319 423.18021199261347 0.2602376341819763
628.8991144945473 401.32379777312923 634.4521199187376 408.07236143034476 0.24499022960662842
648.681700664985 404.9273792118317 655.0172512840174 413.13928120122773 0.2336866706609726
594.4803953978709 195.9903306554801 600.6125024084831 204.39586670996312 0.22940018773078918
628.3614580698611 193.40980037413078 633.1510878420095 200.06974692002015 0.22420243918895721
1028.6956815807062 395.4470453535211 1056.1741222516098 454.6526358342059 0.21671892702579498
584.704188848105 387.53414519871126 591.7776875358973 396.3371177993541 0.21416983008384705
461.71760665844437 375.7936845017886 468.49995741721426 385.0148893403727 0.1947488933801651
613.5180668526456 402.96586392708394 618.3422326139133 409.600182296552 0.1919698864221573
700.5035599441808 403.3391453072103 704.327536556387 408.2565300136439 0.18978439271450043
712.3101837034533 405.73496906964334 718.2852111527926 412.692237470579 0.17669320106506348
611.7928326162977 202.79202529363764 616.9514138780036 209.76254871818816 0.16829171776771545
268.50872945048707 379.5405321749536 281.49266478972675 396.5833271617932 0.16805025935173035
668.9392098694907 406.6140239315533 675.2980462910897 414.3099262233241 0.16211846470832825
718.0509599216983 409.62695003803384 724.398659520467 417.00647144909925 0.16148023307323456
638.6090320599732 402.59375280508374 643.3752044890331 408.9792326522758 0.15292397141456604
638.5005434560105 415.56969374904503 647.2869706392643 426.11693734194773 0.14898782968521118
587.9109249810285 398.4300127197153 592.9894420291869 404.94805449993527 0.14379280805587769
705.4370434732176 476.93830176323644 748.242183897227 521.3397244115516 0.14346349239349365
556.7444474545958 404.6827555021989 565.2540800941584 415.9792555301916 0.14091481268405914
604.4745232047266 486.9566805913278 658.3452629471819 548.8228676531766 0.13994993269443512
752.0908166733976 405.21613749728647 757.1485196434427 411.2445752105296 0.1398955136537552
603.124187901493 428.28362290422814 611.2733248279961 438.9487003011888 0.13974285125732422
627.6975331623366 408.8012969087346 636.3158031493551 420.02489948745654 0.13945813477039337
1059.4026299777622 306.4258443427375 1064.9379030399957 317.198935350289 0.13892075419425964
741.2419046090114 402.01865270783213 745.9275202925159 408.1734701755865 0.13705018162727356
657.4143483638462 448.3170494538897 669.6239828131106 462.19392495942174 0.13689067959785461
618.1532545560668 452.28903291932835 641.8678204156218 478.2185548737605 0.13673648238182068
611.2103620955602 175.63468436592447 616.1926659662432 182.79986814190065 0.1346149891614914
704.1642431164115 412.14618099260804 709.2805674527987 418.40552627354447 0.13295748829841614
762.3524161217446 417.95775756078035 766.3061992158011 423.1740879801732 0.13193027675151825
605.3171899607308 406.71949273567856 611.7617790127144 415.3231951725749 0.13179799914360046
655.9414818571257 386.503107021678 676.8187676372904 411.4197617287547 0.13151757419109344
564.0189504687768 394.3301094896724 570.408389035141 402.85754641369016 0.13096264004707336
589.5309072980162 442.85321817083667 624.5667014628447 479.372176529028 0.1308640092611313
542.9330781696551 400.3399036313524 549.5447784197348 409.5659310364085 0.1302909106016159
576.1922236328729 404.16081906324007 586.8605735702117 417.97376655535743 0.12888598442077637
638.2965178788382 436.0026066065335 648.9166049083539 448.81750844454166 0.12863978743553162
715.7637273311575 404.8826188865351 746.7810178132739 435.4073739849789 0.12791280448436737
656.2622340071929 464.6663747261586 670.7226100854333 480.51038989318926 0.12668921053409576
809.5437142767074 433.7078284003586 844.6866668590911 466.18896703562916 0.1265924870967865
632.153387481963 409.42463372516625 639.0064462814414 418.1346644423458 0.12610304355621338
722.2690243467252 412.5998725375785 731.6116843865069 422.4166087561415 0.1259523183107376
586.943001515652 358.3711864818643 630.0272710317009 412.932030303527 0.12594179809093475
709.720471288118 418.53713479546127 716.3918424185091 426.1049464460765 0.12579171359539032
756.860810684355 414.74178944509674 762.0849884747779 421.125865086717 0.12577636539936066
731.7977609730707 412.8577105582178 736.7337582642905 418.20426858078656 0.12574535608291626
661.8009757291941 416.8760779844304 673.2640897601099 429.9976458231241 0.1257394254207611
567.5131571869554 404.8088920534799 575.5489465024214 415.59887565175325 0.12568673491477966
612.51586971883 442.25407252228626 622.6929000621735 453.3734804714643 0.1256221979856491
699.7192171916079 426.48087522726394 709.5926291192908 439.034864513603 0.1254657506942749
496.9145532916254 398.2999844197158 509.3385880212071 414.3311065627941 0.12528882920742035
654.9523154690929 418.24295149927445 663.4956238301123 428.3072184346489 0.12515638768672943
687.8367121114719 424.6710517494579 698.0316836894053 437.6336067577739 0.12493354082107544
675.3902784846329 406.1315863669235 684.6407690041663 417.2408525173708 0.12475007027387619
635.0309561387807 427.75314229191633 644.2066264909618 438.57506139207084 0.12474697828292847
767.8988298087353 466.4938818358282 806.9545522572395 509.1990228213234 0.12457360327243805
776.1403019163511 403.473473807483 781.8674667835011 410.35484410727616 0.12438660115003586
621.2331029439218 439.30567442941583 634.8830659911889 453.27947766796086 0.12430059164762497
633.6869924523797 592.7640426555912 715.1843586802506 679.9134785194022 0.12343721836805344
613.6796871603807 419.26752294179124 622.912044270524 430.94183377581766 0.12335031479597092
634.2411445125491 394.1582891940439 649.0384400625676 412.5421676248277 0.12311535328626633
692.4043479157077 403.5949822082973 697.4443704505879 410.2008755481496 0.12248063832521439
606.611342314605 412.22689569644695 615.3633687545573 424.3256767798677 0.12237964570522308
734.6389090936243 406.6315789840321 740.726114737796 413.4871479720134 0.12175159156322479
730.1263586918415 417.69620505923564 739.1766195433792 427.27503614616364 0.12168694287538528
700.1716011742409 417.1236089488076 708.6294012482923 427.0736054020549 0.12167855352163315
650.5014240671815 433.48163464224785 677.8293817734414 465.44709522254624 0.12161233276128769
683.9052045410215 394.6912907609817 692.7003583147266 405.0430391549308 0.12158237397670746
719.7728675267882 429.11299623364505 727.8856001029214 438.1400642108985 0.12137486040592194
554.4797081216659 399.3390294405504 561.1011463261062 407.55457502444534 0.12136922031641006
652.9032696777936 429.56763611699694 661.9729477611475 439.25740092461314 0.12126987427473068
610.1655438183491 428.38936584487533 620.2828108217124 440.4437756776921 0.12120528519153595
1049.9473631050162 323.65097078465317 1057.6207483602195 340.1516334404204 0.12112265825271606
739.647992260165 411.91883615863463 747.189047667077 421.0241197873575 0.12098123878240585
629.697078709169 423.63150511300074 636.6228860836032 432.20326402277533 0.12082467973232269
565.7870329556439 489.1699727039135 600.4446703104395 529.1806006216832 0.1207757368683815
714.5141925466856 397.47408519389376 720.9131913235143 405.0521854826342 0.12063927203416824
752.6287720992186 414.53974123512364 758.3169936569774 421.15611775617845 0.12037455290555954
751.42628680746 410.98885942205777 756.8154237233391 417.1283990559504 0.1200118362903595
765.3273594537746 409.9337521035763 807.4443211721306 453.9266941711948 0.11977452784776688
645.7463952644845 481.72146511463643 662.5412070687325 503.71609016556295 0.11963792890310287
641.3205948446538 427.3775276783633 650.6279903691691 438.698990541722 0.11952008306980133
581.5153112994535 397.6261725862337 588.8208386494638 406.58336098588427 0.11930270493030548
617.9128651653374 409.40936976873803 628.3536929525517 422.60583074684774 0.11913265287876129
550.2245966427953 409.4582362157172 569.5471681732262 434.6201416239955 0.11891786009073257
718.2341986326866 438.96626450471115 737.4454489815979 457.35965548091707 0.11881516128778458
648.6904004806784 397.6223488578753 653.8436864785715 403.9655143449638 0.11839880794286728
647.3229697930324 411.7972698388247 654.4045565365795 420.76988751429275 0.1183863952755928
90.50918242094666 405.8424424905563 112.80897152091516 436.76556482980254 0.11825621128082275
645.5275841440622 418.22979242507296 658.6582380012832 433.47181995950496 0.11807465553283691
622.4900130752525 417.9547202385141 631.3630919479123 429.6316292903957 0.11780019849538803
740.6739856110996 418.3100837592735 746.326938518614 424.9148822612 0.11778374016284943
652.3626752002832 396.5671509337542 659.8414079969359 405.78896564057175 0.11776693165302277
633.9344884730352 447.0452145700795 689.8603745538178 516.7288627403036 0.11762908846139908
697.8023127672399 476.5521680158846 781.186594367504 554.7504401026542 0.11757062375545502
698.9631731133749 395.7020339785191 702.9422005585178 401.0236621150631 0.11755793541669846
635.3967215700699 406.0179647289946 639.7984452438956 412.0825065005384 0.11749766021966934
623.5435946485666 428.78250579706327 634.7453707657093 440.74690298561967 0.11728251725435257
676.2964226435773 427.7985743708409 684.8480382197341 438.5829990610844 0.1172136440873146
671.9367970817726 450.6039160301191 698.53533067586 482.6214922897544 0.11709103733301163
662.8230003096178 429.12632690700946 671.7427001944653 438.680122525938 0.11694340407848358
572.3822606106635 395.40342671910383 579.5964040891336 404.9848028940603 0.11691974103450775
704.6646308512135 397.0491937588606 709.6154600847372 403.4348020713166 0.11680935323238373
760.4299495256982 408.4147319386177 765.0067046284743 414.02675819544305 0.11676018685102463
547.0311110430242 404.54322044157465 558.8575235711323 419.89679148009503 0.11674045771360397
606.951731349138 418.0831623039251 616.3069955081193 430.10687168068546 0.11673647165298462
576.8457794894812 397.78749131300367 582.8690784895335 405.62736601299144 0.1167200580239296
1045.7028188431038 333.2818003272864 1051.420097813611 344.11635101716143 0.11666837334632874
675.9157651919331 395.3132838117686 685.0105335256779 406.09241262733315 0.11665216088294983
571.3514400490595 411.41712499817385 630.5434136554295 479.611913314807 0.11664091795682907
602.1380581299018 393.31196393894817 609.1365811505418 402.33655495517723 0.1166091039776802
478.2982384010721 376.6298902053236 484.7332353097909 386.7672967317225 0.11658232659101486
723.7130465138492 400.8738846588331 730.442408288604 408.3861184119899 0.11655309796333313
611.9383078711679 395.9785476560382 616.3730123764179 402.0351417455329 0.11642953753471375
667.5588171990448 398.3520746426576 709.1667216736176 446.6169566009598 0.11640796065330505
746.8873098122992 455.2800480129552 768.9691510651727 474.5378719441085 0.11634538322687149
521.6294911693178 405.2017951111592 539.1252436180278 425.9771971270577 0.11632329225540161
703.7712482600649 403.1541193091413 708.2877840684437 408.73433031645675 0.11626335233449936
1065.505655060942 315.74619553433405 1071.0263078096946 325.5362146630084 0.11622723191976547
677.3802152817252 412.7727798330037 687.8811387298117 425.53180585669554 0.11622069031000137
686.808957175532 407.3902638209312 695.6397022600655 418.5149044122212 0.11614479869604111
948.6571026402908 487.406029276711 1005.301171754212 533.654409104356 0.11590984463691711
770.4613517029479 410.69551179823407 774.0622937142327 415.5074137293284 0.11590680480003357
574.7872412729264 388.6419466835544 580.9501320281119 396.7805400665647 0.11585656553506851
780.5488391087927 415.88192444847834 784.211005638924 420.65887728373417 0.115753173828125
796.7393001012625 441.296158521676 821.8826313999183 467.7300628616345 0.11569609493017197
529.8309934180302 375.1313371231844 580.1386517770349 440.5640116110841 0.11556253582239151
488.20385594554307 354.2383921544507 525.4947731302159 401.45494479130224 0.11551682651042938
724.6010255582794 516.2107091999342 759.2461879229181 556.9634295571683 0.11546923220157623
633.6112690790893 449.490889726846 645.9773799460891 463.8953132003748 0.11545303463935852
778.1866687469342 408.6629087265481 783.2012976181438 414.7972726266687 0.11530981957912445
612.3105201243545 398.74531417909765 617.7342729353624 406.2776376606989 0.11521381884813309
-8.694886953974509 13.742278466171785 86.96533530916132 124.03770673196172 0.11520492285490036
730.831529601376 407.878505663395 736.0825746275898 413.69125580592606 0.11517312377691269
533.8391357825616 386.17072019731575 549.4053783393597 403.41752366549235 0.11511819064617157
713.947463278204 459.8524244830992 742.1478990701421 481.04052756127345 0.11510609835386276
714.8401032559003 415.8339124988288 722.3817734328729 424.36449924439654 0.11504615098237991
758.7931176932809 420.85423375231494 762.8622591045378 425.754795974628 0.11499927192926407
624.212630300871 403.2525408750761 630.1493473579127 411.13421458366076 0.11487675458192825
1057.0826661363524 325.9384580247073 1062.393033873075 337.25064280035446 0.1147780567407608
656.4596789306617 441.17602268417136 664.0130216292263 449.8817711545359 0.11471179127693176
602.9200974621336 401.8318654521545 608.1852272084012 409.1861864937494 0.11467964947223663
749.0719796871263 422.8754191969144 758.6615788743006 434.1547097854267 0.11457815021276474
739.5112379793155 407.1112585003546 745.397461270997 414.335659608748 0.1144992858171463
142.87850583418896 412.13200381730366 156.95749073619467 427.9238207596616 0.11449362337589264
842.2950523404068 447.955998134473 878.8650018783775 483.54136691052 0.11447156220674515
597.1960001824684 407.9409526037776 605.3103664111106 419.0952073564845 0.1141691580414772
1025.55383034979 312.80685828390443 1029.2939498559685 319.0306797136324 0.11394833028316498
716.8885582982381 405.430238303293 721.2979546071812 410.6992621903764 0.11386209726333618
668.3611797887273 398.57340335714696 675.2596810340609 405.856849544787 0.11385097354650497
668.0382042326963 481.00713769831816 706.8739583600506 524.1607850921722 0.11373186856508255
635.085214101244 400.1631900074008 639.774974862196 406.85530383790325 0.11353792250156403
751.0468376306077 442.69349452546703 761.4818015298112 453.98129041020036 0.11350956559181213
409.35036736460813 243.7932342124038 449.4197315142437 284.06148519375154 0.11346614360809326
536.4614354291159 406.567508538963 548.6379231336621 423.8882729349695 0.1133040189743042
1046.6803294341958 325.4500975730945 1051.9154211019031 336.0573491670984 0.11322125792503357
738.3250241624397 397.57824406758255 744.2870878747369 404.82694018978333 0.11319391429424286
1054.038594540328 334.5915379731843 1060.0619256151556 346.95324888871824 0.11304415762424469
753.7657513349337 496.50634569485493 794.7060461205591 548.6485901074234 0.1129688173532486
714.4497427970543 409.85813276634195 720.6769105631656 417.2499779245304 0.11295951902866364
605.3755414889264 438.4346680493035 617.6031444350574 451.461318062547 0.11294625699520111
640.3583633737766 235.16238936334224 645.644842956634 241.6667044863357 0.11275400221347809
582.6012484840418 226.7404219208904 594.2198200811462 240.02788884233257 0.11252107471227646
644.0240338354668 405.46532452733453 649.1626855615509 412.3465576596378 0.11241303384304047
631.6094366700231 226.25451878244988 636.3503017120132 232.40741936944738 0.1123674139380455
697.0814483737817 411.88322006905463 703.4215179105944 419.7133782973348 0.11234253644943237
599.9068609682489 414.59574824938034 609.8203869752624 428.3083448270074 0.11225727200508118
654.1219706090214 407.944795673535 661.1760696294194 416.70860256495666 0.11220661550760269
688.8189585480987 438.13976162500137 697.4671012037344 448.8064380771669 0.11218173056840897
652.1470030071023 449.12679778050494 659.6439814261104 458.63005724549447 0.11216803640127182
1051.2410185872936 314.014665372042 1057.2346590356997 324.80047585139005 0.11214292049407959
1038.327555469683 339.0136025986518 1046.427179323754 357.3505136147504 0.11214111000299454
868.1158329167117 463.65561975748227 887.2832514706295 481.47565978933835 0.11207427829504013
613.5457585855858 410.7462822900422 619.9128159936402 419.36809629246085 0.11201196908950806
669.1298156103832 416.1016301953894 677.7724398027499 426.15209348701865 0.11188263446092606
638.1597651748122 409.24599709175226 645.1891214496426 417.3901112189716 0.11180584132671356
720.6564962604032 405.7082068371173 725.6166201550752 411.34240820752086 0.11173807084560394
6.921981346523276 362.195951189458 20.634814851756172 377.55950480922826 0.11165571957826614
794.7349217425426 399.2730622510316 813.3690920113982 419.569645147023 0.11160124838352203
485.3458824098009 350.48961758851283 560.8455306808517 448.9591460991903 0.11142239719629288
645.8296555882724 437.1099198706958 657.8773642089279 450.85900431859415 0.11137670278549194
707.9560164305587 424.0318385728101 719.0357436480936 436.75706648686145 0.11136755347251892
616.3685555575497 431.99225940770344 625.1446448922197 442.6786001390061 0.11107588559389114
705.8444834991243 407.2558595098927 710.0960359955034 412.4755491920992 0.1110677421092987
686.5008456945992 413.7514899823531 699.4009918621152 428.96696393682845 0.11102280020713806
617.8836365821913 397.677129032339 622.8909061959282 404.1909581553579 0.11090617626905441
741.9976819080001 421.79725464356096 751.6356963894353 432.6635221951745 0.11077576875686646
1069.0869145321196 330.5971038855772 1074.800732084508 341.56915759430524 0.11072913557291031
713.6852609070093 420.40815108594296 724.6756619621336 432.168298839992 0.11062053591012955
552.9566458428926 427.88181930931137 574.5459916181918 457.5514953862786 0.11058792471885681
742.9383122970941 435.95995404442743 762.464169749163 456.5212901746234 0.1104402244091034
1064.1310252693577 327.6515266207079 1071.3357749077527 343.5473859880199 0.11039756238460541
556.9850680806071 447.53148727017526 665.3932387400465 559.373262550077 0.11035799235105515
1037.5894678619052 322.1668029356336 1045.4832681564444 338.29800807483207 0.1102372258901596
186.00251982632977 378.0374397860755 192.985319264471 388.2557453990755 0.1101471483707428
1062.0558797016786 357.0484283510892 1073.0730835216596 386.1110310103723 0.11013596504926682
566.4537249023865 386.9601775115499 597.3414889295077 427.1413442063374 0.11002093553543091
584.0207227648204 405.2016342447332 592.0693047453464 415.3976512118351 0.11001638323068619
494.9398952227713 442.3671506183664 541.9137540390667 494.83064625874124 0.10998143255710602
767.6926338365117 415.53924323678336 771.534923193046 420.3333614970453 0.10980486869812012
751.22115936615 419.6055942867871 755.9372242650772 424.785790463775 0.10961990058422089
611.1201466190415 186.645135776073 617.5865993381041 197.40473504037487 0.10960172861814499
524.952555124312 308.79145009452384 576.6402430367858 377.3887744906202 0.10952756553888321
659.9272484805067 400.1571510369009 665.5633904163743 406.27262194235715 0.10952180624008179
886.9125655200971 426.6968317607426 892.7700164725467 434.1219753937057 0.10949762165546417
755.0052070559506 410.83656067011253 759.9073657978228 416.9065158652954 0.10949064791202545
734.8785615898319 399.7437432003375 741.2481457714803 407.0572804038363 0.10947110503911972
708.591569263175 403.7654795296138 712.5761989926764 408.7799972993205 0.10939737409353256
608.61245521534 401.8540019307839 613.478233897225 408.23957033953474 0.10922490060329437
1041.9947759310357 309.97154452390475 1048.2111691341374 322.26524222197025 0.10920333117246628
665.8881672965058 444.35104987216346 670.5889265476986 450.3835507642153 0.10906629264354706
867.0428111763014 427.9291918429259 878.2381823360354 440.8625797110379 0.10891232639551163
637.7659302877595 395.5208616629994 642.7600922108664 402.10716161771313 0.10890600830316544
750.276331901601 397.67132906788396 757.1022665686845 405.9274329837268 0.10878262668848038
596.867373991928 434.4490877296133 608.006901876184 447.1279111779543 0.10877236723899841
811.7434818287388 381.0375926139523 844.9676340774498 420.3755594937631 0.10870390385389328
728.1022561065912 426.30823791917607 738.2147996725859 437.2289760917682 0.10867930948734283
564.0198026424599 419.0129372694677 573.532957381552 431.9683122483097 0.10861169546842575
1020.3556718771481 370.65985741025963 1038.0458453416995 417.7382461344553 0.10860966891050339
640.3609252193297 460.95648458724787 650.4187674426106 474.2527284275021 0.10838740319013596
638.9868572808793 226.24290914649498 643.0995092822362 231.90089050349016 0.108284592628479
670.640840560704 444.25095873455757 685.720065908242 463.4855947375018 0.1082836240530014
658.8473777573987 488.05869896809185 687.2310625232052 522.1529578317193 0.10819286108016968
549.5973805964612 399.43454231801115 555.2033751718448 406.32446983192574 0.10818184167146683
791.2097789992383 402.46107051001206 796.8474678565156 409.78292087327293 0.10817651450634003
590.8607008436934 388.45794454189075 598.6320252078492 397.97428222097415 0.10813341289758682
736.0943779240037 458.25360239150024 749.4923039283377 469.9833752634491 0.1080339178442955
873.5099194385207 448.60268377282955 882.6038053764015 459.14151469713215 0.1080326959490776
785.0831823733473 411.61953419794435 790.9779666627072 418.8799473451926 0.10793736577033997
693.662842683084 393.21397542445857 699.3402876831907 400.26358817185337 0.10792460292577744
534.7974444021672 436.3102013337277 598.7051041278432 505.37690242296054 0.10791179537773132
594.7977117501556 444.1642100797803 608.9196383319526 459.16850755821804 0.10784836858510971
509.40574519000927 410.87982655428135 528.7970116395486 436.8636076669422 0.10782548040151596
723.4478596895373 407.7614357935225 731.2298415532199 415.25314916213676 0.10781663656234741
484.10155463351316 517.3923502008704 564.5409769459532 592.0476456029401 0.10781264305114746
556.5956770566156 387.25308300158014 567.3982579174709 400.67665939071065 0.10780390352010727
644.1169140783317 450.3824374722178 655.497955563296 464.64709996523055 0.10779571533203125
568.8232550270606 411.5662606830783 577.7299167227832 424.45348222122453 0.10778667032718658
825.0862270703682 410.99540865121537 844.3420450908808 430.58466699565935 0.10767310112714767
670.4777295433811 420.688211687898 679.8908618330016 431.9132190207153 0.10764046758413315
727.3144584541388 398.5706342054969 733.4442037862927 405.75761744629773 0.10739724338054657
686.9066572450668 389.9397244421063 693.3939347948503 397.4964517682451 0.10729508101940155
630.1293364404568 388.0007830958809 634.811603316264 394.46002316222587 0.10721015930175781
612.3127466311903 232.10376796196337 618.515182238064 242.36504801618517 0.10713633894920349
942.9754698811149 468.0396836969197 974.215729056116 497.1373424172782 0.10693024098873138
615.7728997820868 406.2221346899938 621.1488160670643 413.5596619748419 0.10690771043300629
1051.0689448554533 331.0841644870631 1063.6582433369101 365.4739997332377 0.10687601566314697
709.4991418614115 411.4933093464684 714.683547642473 417.69973258180306 0.10684935003519058
921.5013988101048 455.25228919086976 950.1824960794961 481.2950865259821 0.1068219542503357
718.3500209540609 403.1890636983331 723.4497828162224 408.9012023413386 0.10681577771902084
1027.164394199143 325.3774509875451 1034.018996428825 341.45864597737165 0.1067240983247757
699.6256991578423 439.0914147222647 719.6673342086901 461.66640610872446 0.10662724822759628
605.3204291932807 211.92474915930975 614.806852502142 227.89025745478583 0.10659509897232056
521.9503760079621 413.1158514657375 557.1848908015936 454.89470984341233 0.10640434920787811
669.373463844628 433.8732617859237 679.6557676402252 445.94918986533236 0.10639093071222305
697.8384536832571 458.5198085442819 717.09622429732 479.1356235234388 0.10632829368114471
467.07632234326496 354.3151910070409 489.3303488157769 384.1726411129869 0.10631317645311356
50.87200699733173 341.4767817949814 87.34572823071157 397.5881574438507 0.10625014454126358
764.8793155429612 410.06645672807304 768.5947270711616 414.68435737054324 0.10624432563781738
873.559747970746 415.4603182750922 915.5298516149829 459.03991201230787 0.10602739453315735
839.054332658652 346.8212451125684 886.5889717860794 409.38347934078416 0.10601624101400375
560.6446250035174 370.19230212348606 579.2688899277779 395.4448834990136 0.1060108169913292
1075.90491232415 307.93983407556675 1081.025567495469 316.30641969567836 0.10592082887887955
680.9975876192292 429.84925684966333 692.1886265334342 443.7521820688067 0.10567618906497955
673.69572338863 390.72740516425426 681.1572378586842 399.5490800310043 0.10565658658742905
568.4995507054145 449.25667839702794 588.494176393136 473.635748500685 0.10555058717727661
755.7252385787724 423.6941342049265 765.9769688882136 435.64230175284706 0.10532829165458679
605.7648265532205 384.6704948609954 615.3365347875936 397.24467895484133 0.10526642203330994
644.582368057062 397.41496057073454 649.2783214890773 403.7380130755102 0.10517317801713943
762.1874774023937 431.0004576024933 771.7303049854478 441.9968390789181 0.10511697083711624
738.4026633228139 480.9060239622908 759.5917452902071 499.30417016067884 0.1050962582230568
17.735979976671103 371.81176428027516 33.45142943367062 390.5303927587816 0.10500479489564896
641.9060414838726 413.93778033345325 726.5275304139511 509.9075217206847 0.10491364449262619
1070.3976911193322 319.3853019526178 1077.0522661209484 332.68007076944195 0.10478787124156952
685.1094698814943 512.9718831651396 717.0981206096386 552.6387549076235 0.10477683693170547
589.886293486376 406.0729121846817 597.7748941066883 416.1814550096703 0.10473082214593887
739.9910724585101 425.8701113326266 750.776767360479 438.40645810406835 0.10469762980937958
808.648122665724 455.061439141463 857.5573691455699 500.50195393623 0.10459323227405548
623.4176947859961 391.0793992486099 630.3153235228068 399.95658989771607 0.10451742261648178
540.8509753442759 257.6066401919482 556.8368442555487 277.30567643367215 0.1044929176568985
178.08666857970812 379.2327954116971 185.27034665808293 390.0477314426988 0.10446332395076752
662.8285497791253 396.25897119294706 669.1268130036914 403.3409198204836 0.10434825718402863
845.2650786725061 438.78401892714544 857.5509648867268 451.1412068953728 0.10433021932840347
679.3355178481672 392.62161945384105 695.001484626147 409.94091216787984 0.10420684516429901
585.9508099500505 477.7359213145761 603.5572574200659 499.651236828521 0.1041228398680687
1074.1249000660516 344.9939539542323 1080.1386763941164 354.38088595053233 0.1040010079741478
615.1075148840705 202.15804487718975 624.9944159315477 218.78194302965633 0.10390255600214005
631.1921917913611 235.94464514197543 635.892940170997 241.9759031625371 0.10388363152742386
682.1500897695527 440.5001121871108 692.9242002390387 454.48189730763795 0.10371120274066925
594.011206671969 199.19344247499473 604.4979061652487 216.14452419803573 0.10367969423532486
504.3376005213506 472.5677637499011 563.8213790502916 533.3171623421114 0.10367371141910553
567.2385446367351 333.9688288094515 607.4674911189298 383.55595766165754 0.10358980298042297
689.9681058275767 385.01930854375564 703.4096803342027 400.8293427764945 0.10357915610074997
1033.0691291681921 342.50628898745924 1039.1772625533918 354.9581749902112 0.10348214209079742
606.8056444403364 396.18179128439976 612.5421682528158 403.812868198658 0.10291905701160431
765.3872752822587 425.41966897717845 776.2476909238874 438.5744469093458 0.10288874059915543
1075.6676615677482 328.57633011623017 1081.2333330837503 337.8543146644774 0.10250755399465561
734.3581506380375 440.306107047378 746.092093860209 453.5653369147923 0.102506622672081
699.6382375119383 400.86656610414155 713.0641085923569 415.7691007899191 0.10246314108371735
587.8988635444036 414.67826981900754 600.4591162775847 431.7959847173007 0.10245899856090546
780.4117409091059 478.4767913520982 790.5122309232925 492.0880924851288 0.1023687794804573
630.2447371123785 394.006042908933 634.8416790401459 400.3203633423435 0.10233135521411896
1053.736022405881 302.48819266848636 1060.3338968695466 314.98351715375526 0.10222683846950531
627.0756656067613 221.79913490786552 637.7193044776571 235.51749356008452 0.10190165787935257
488.0246232297473 138.67941774677038 500.8931650324288 165.16374962442606 0.10170901566743851
672.8682873618178 340.82124147664115 743.805218978997 417.5078115771284 0.1014985591173172
116.2625656226866 400.5899773313583 127.7544723652285 415.64607022142343 0.10144630819559097
573.1024345538331 416.3489199793502 585.0103495290736 433.258286811795 0.10137444734573364
1047.108082710701 312.4390912285199 1051.9083590276514 322.3415103807201 0.1012917011976242
622.5409773658652 199.82451297598794 633.7207599003249 217.36599080271395 0.10124307125806808
530.9664749463043 558.960072753154 613.4235313420461 650.1203486338921 0.10121607035398483
741.0526861605438 470.25910044057355 756.6079921783161 484.0337134979372 0.10111480206251144
705.2549394206309 483.11118095320654 719.7837756842041 502.95692547868686 0.1009843721985817
1020.8684767748749 336.31825224981515 1027.2906133017777 350.0297806603262 0.10097559541463852
1038.3808784458886 349.49541552442776 1055.0709700755112 400.0744777553776 0.1008988693356514
1029.159394983685 309.8815399678828 1037.2230522011532 325.6618492217162 0.10084301233291626
564.0681618870997 386.6973199049411 577.1305409291126 403.0634726304169 0.10081479698419571
1055.3564249665453 315.25975424889384 1060.9992745613997 325.9762168990595 0.10075118392705917
620.7762774408513 472.2559442784113 644.2001603314293 500.442770365492 0.10058656334877014
640.9188933620874 239.91860555054663 649.8348719821689 250.58569149018226 0.10052582621574402
687.8148428359273 458.0158446105503 702.8907700573793 477.1401360456689 0.10050828754901886
625.8291739018402 397.6234049933935 630.8114886508727 404.37093773465494 0.1003013476729393
595.3471220335704 463.2960101661835 611.561060608454 479.2597385844633 0.10029537975788116
858.9499874214732 496.76375730138443 930.3808139492959 552.6386586721829 0.10025795549154282
697.787186841645 471.22616680621206 714.2850296618269 489.0328219652964 0.10015804320573807
1045.9434933703321 294.0666158970342 1055.9149989197167 312.7250067867953 0.10005012899637222
618.2747946000677 218.8855580923092 628.385841775107 234.50598052522017 0.10002484172582626
1061.2135542271155 322.4291784018548 1066.3094614351835 332.4543040684117 0.0999181941151619
771.3558070920024 448.3381862590745 794.2055183549209 471.75322137578416 0.09964551031589508
563.181854502311 404.3506826510834 570.3229523502768 413.850236925242 0.09964007884263992
729.3230341787593 402.1706333075941 735.8601208431168 409.2757141929007 0.09958392381668091
578.4349286127823 426.3895765881078 600.2223699087407 452.7179682238127 0.09952359646558762
764.9878022265252 497.524346399857 789.6708538940568 527.8025378909276 0.09935835748910904
620.2010412072234 382.7031038102562 639.6012698281301 405.58786275988587 0.09919479489326477
650.0937047681525 509.31205196454454 693.9850817719188 563.3261576824249 0.09917152673006058
617.1838620054007 184.4888102575132 628.1267454085414 201.6616046092646 0.09915381669998169
601.2699181683093 181.5323634455246 612.8016652108466 199.8411012517694 0.0990712121129036
199.8665012735715 390.4142115563228 207.43702347656492 402.0707751740488 0.09904951602220535
746.8734264575904 399.6295367755567 751.5853876557054 405.69070550494473 0.09901167452335358
694.6270050634848 397.1939652521936 717.5369049887755 421.99572149318806 0.09897927194833755
792.1000385594613 462.8070490783811 823.5260346033905 496.5946613728863 0.09897485375404358
589.7433221546618 541.1808816798143 657.0745838112689 604.4737112915836 0.0988633781671524
605.0761562496226 450.8256905569526 620.6937694951155 467.09253636999006 0.09880396723747253
206.54209713739306 371.76565468028724 216.409497515621 385.3354539458814 0.09879330545663834
89.2550612958196 353.80767751967164 116.00299235189314 397.3584135008727 0.09869485348463058
741.0363706952237 529.1103999784204 826.285767529521 621.877575833204 0.09868539869785309
444.51620942060873 334.9532573828768 496.1831620874605 403.1668189386249 0.09867491573095322
1035.5722145476634 296.0075151966301 1045.1079239888147 314.446353751145 0.09862468391656876
695.9401624925771 388.9544725170576 707.8842488858777 402.7104625730103 0.09851963818073273
594.7547594763209 392.9573363417195 603.1433601879523 403.889037692446 0.09829837828874588
421.218741826519 474.37077816800735 486.48651443635544 540.531213964001 0.09818892180919647
454.81622360604763 405.50033523529993 499.8162021158007 464.8758921227168 0.0981590524315834
667.4729660525313 366.28832486935505 688.3450896186023 390.92357824730846 0.09806226193904877
930.6431342255966 421.75482328107654 997.0147196133521 486.92180128407614 0.09788986295461655
1013.7459575523877 320.70912763840914 1019.6579745140596 331.23421649140164 0.09782326221466064
37.91264748617579 396.6006287125312 58.79611212504143 423.6553900779388 0.09751030802726746
1025.2086296381697 318.46085815265116 1030.4688084614802 328.9767387247566 0.09747227281332016
1070.4476358935117 309.83880047408996 1076.0516779915613 320.0089610505597 0.09711502492427826
631.2785969255962 369.3029225344021 654.1951095249533 394.90416053120475 0.09706693887710571
670.4493619005168 468.20642950944887 684.68043570692 484.8459380135622 0.09704737365245819
783.3092811529935 406.3095613797214 788.6505582249315 412.5812587587698 0.09697411954402924
580.6354671530135 389.59245131179523 585.9099484311521 396.61085280214513 0.09684717655181885
65.70385945281976 406.29689301819565 89.43857594454252 435.66941719616904 0.0967201367020607
761.3468550267319 439.93490323421094 774.8876626475154 453.8083195731161 0.09650491923093796
193.63857281486315 372.7622669998761 201.8421827631684 383.3509971014198 0.0964517816901207
595.1487343392633 221.80467293939793 605.4467219743964 237.07993925805076 0.09642474353313446
675.3450891880253 540.1929408638505 738.8758020771384 607.1842472115237 0.09635422378778458
1075.9806238410615 315.71029700671744 1081.7297218827637 324.5439096845148 0.09591606259346008
790.8565057341082 407.8515957054452 819.4207657548238 438.457995103801 0.09555976837873459
597.9740612363894 398.8879804959163 604.2127087784246 406.83091293506584 0.0955173522233963
832.9559659387314 475.4990701863554 876.5758003725866 516.6398866475055 0.09536845982074738
583.5171490111105 531.4606763188186 628.7608245127132 577.8273580965276 0.09532767534255981
474.3759782500834 515.1743219971574 541.2369175922445 564.3840364167926 0.09429319947957993
745.9443471727113 553.0613866113358 865.1307493134974 683.6301744771611 0.09424872696399689
415.2519527667533 292.498170402563 483.27611131658335 378.27699441237115 0.09419325739145279
614.8440205459023 385.8001058037657 620.8909949274623 394.64111063893364 0.09408003836870193
636.1498538529335 385.92642787947835 645.3199854505037 394.90528139674626 0.09403765946626663
742.7439978810859 383.84750807495277 777.5339676700366 418.4712907146423 0.0937340036034584
745.2020019285981 408.4400999390647 754.8444495772119 419.78186612211505 0.0930226594209671
637.2837708298308 359.2148868747729 663.6237413345661 389.0804336046326 0.09299866110086441
568.3343430361571 434.95805950753214 579.9675747928866 450.8497686487609 0.09279004484415054
725.9643105322856 487.10658066378704 745.1459049328929 504.092753325452 0.09272939711809158
640.129263817152 534.9659582551578 681.9835134177866 575.0583303490454 0.09269736707210541
861.4103152259509 529.8776126146067 983.0908843638874 627.3089706044615 0.09244681149721146
882.4150630572892 468.0576701457669 931.1334080227359 509.84844810511 0.09232422709465027
687.7956566743343 439.33778935333345 701.7276834431942 456.7945464004557 0.09221575409173965
57.27076411560403 406.5735608172929 79.88270445581485 434.56056424007886 0.09145260602235794
761.2689450868543 465.2703644381162 783.9261293121298 487.330059294364 0.09142487496137619
-2.3710143367531082 387.91647057919783 32.09709370641845 439.5831493479116 0.09132875502109528
825.6610658482708 454.62233298265954 840.9911177136122 471.1352392019478 0.09112319350242615
639.6355232069304 392.62538468872134 675.2334830719948 431.5752709424782 0.091103196144104
719.007231211977 453.95162843460696 732.4858508410939 466.58732573848175 0.0909309983253479
606.8437215081123 200.65628006359125 612.6107766669032 209.43052287208144 0.09086611866950989
726.2431232786228 389.18114905090107 735.8885981069069 400.26282359353223 0.09086205065250397
562.5706283285803 468.4724319946312 588.876076360233 501.12966664940427 0.09082073718309402
838.8185013533373 433.9619732243704 907.7154067092545 494.2819377611016 0.09015282243490219
800.2593602646602 196.83556116232063 1049.110893320694 501.94355429303573 0.09004859626293182
673.6095921163865 400.354465677077 680.3944539559434 408.20017239066897 0.08993508666753769
449.2380358797179 425.2137943426446 529.7515176962113 512.5842319775169 0.08977936208248138
570.8131749069212 418.9181541231374 587.1779675209195 442.2590731012768 0.08935464173555374
580.0604734987631 606.5398684947804 639.7711818154233 678.2077520385368 0.0893431231379509
739.7651563901596 438.3750657889472 748.5259243291841 449.32581273622895 0.08927769213914871
653.6688408115674 344.44893199515957 684.4874976373368 378.5041774078642 0.08924665302038193
761.382532349013 453.7678180899441 772.3958427344255 462.4245884189416 0.08892747759819031
601.3839451315414 365.4752292855671 613.1519237165129 381.44533412374744 0.0888635665178299
771.7679282635744 407.04097006998626 778.6491326825983 415.66502952075217 0.08867396414279938
665.5008734830036 382.3185218029704 681.1659865823041 400.3060275763444 0.0885157436132431
1032.6263096440994 329.9125486856546 1038.4732435862204 340.4725946174244 0.08832242339849472
669.8078921113166 484.64620502072586 684.9355744342058 503.1616890083164 0.08791233599185944
771.6444931441944 436.47214483457213 790.1920155472023 455.19504256136497 0.08778908848762512
1037.095456290603 435.0482124230761 1095.4557215765776 519.0824030513152 0.08774182200431824
701.4139222759193 611.5231754768795 795.4926754177178 710.5875405883656 0.08773788064718246
702.1873170821334 407.8108730102705 764.6757467320613 468.8478571287233 0.08754540979862213
292.4921285452106 381.1137088262614 300.1696624897582 392.20296953738324 0.08749546855688095
582.1521123794394 458.20689326742263 598.6213035405234 477.39077107339523 0.08747762441635132
795.3264942250327 501.07506198076 867.8350452140913 572.476672496286 0.08742909878492355
819.1853240864253 403.826379394451 866.4747766994824 449.4970144366347 0.08722229301929474
77.73678099910809 109.4988624231183 122.85135436610024 159.41097729225245 0.08706492930650711
595.8793344996641 589.4637116266066 636.9889250896163 634.9015673752743 0.08698554337024689
179.31176922959963 403.5732822720967 187.70459997137692 414.9078959516468 0.08577203750610352
553.0478078993334 356.4374949912468 580.4509487260473 395.9001560610754 0.08571846783161163
905.5582952104736 519.910418252371 943.1486209454696 547.0663326736103 0.08560258150100708
278.48094640058497 398.8518810726622 293.33110096742934 417.27420833172454 0.08544933795928955
781.4342085503201 453.8254215622871 800.2681387352906 472.66202014872584 0.08521869033575058
695.3008722803837 495.7048784349006 716.6912501885364 522.8878677307578 0.08513112366199493
469.76058711840045 584.5849874514486 538.8197732986707 661.6532701332154 0.08507918566465378
795.027578321616 487.67695269287503 833.0368937911477 526.1362461595082 0.08497752249240875
134.53525893074655 402.3371954946716 146.13200041742098 416.66965400885994 0.0849241316318512
151.50579815398945 360.8317782699989 183.7608242318535 398.93295721035486 0.0843515619635582
598.5020040819533 386.5950566892767 604.0953448955308 394.8032296448466 0.08411351591348648
601.7787212162386 475.07991247276647 628.872078725597 503.82410463864784 0.08410769701004028
880.6365593839197 575.6099886145531 929.6251467700068 602.8360699547522 0.08399319648742676
689.5428800549722 481.863010551873 706.2778173154662 501.9299842998282 0.08398635685443878
897.8425237141123 487.7000611207437 917.8030450615561 505.105964401587 0.08369080722332001
890.0003295297552 429.3618364766201 900.1499031363418 440.74317044449947 0.08368711173534393
604.1942420932163 381.23560841631377 609.6508842185375 388.5646833353021 0.08367990702390671
398.67867976240956 318.1278923197309 511.37191334152703 455.8847820902672 0.08366415649652481
776.1987813233638 50.73829268424348 996.7756373022498 284.1197786815957 0.08345191180706024
279.9370948674486 382.20823529923786 289.88732460568525 395.17941598727066 0.0834239274263382
905.1415271732022 470.5718652536233 1028.640314634806 580.4587823787886 0.0833524689078331
128.10233410760407 375.0800478218603 153.93977168664495 407.0834664974729 0.08319490402936935
1058.5740603366246 343.73700287465834 1068.9524161601846 366.2255762686396 0.08299862593412399
867.8912151820074 453.28951356667164 876.7402655157952 463.3043466724359 0.0827004611492157
245.06498601938927 332.20196540904595 284.34640750242045 380.4830480009499 0.08261134475469589
904.3110936314573 455.74810338323476 917.3554653903732 467.73940800695163 0.08219681680202484
882.5836793788606 465.11472721268444 898.9609007219411 481.3541489159298 0.08200910687446594
17.069066008640252 392.23936298588734 29.240418664923926 408.7071943183704 0.08194509148597717
893.9938539372057 481.7861318755932 908.0453384159322 494.2767481520861 0.08181902021169662
142.14970653584763 375.1035300303013 172.84776072763947 412.1358643103151 0.0818067342042923
119.51972284593738 406.4124793596011 143.77650201101335 436.49654269267535 0.08178932219743729
696.3148358562424 421.1200375527817 715.4221635133148 443.9269788733918 0.0813300684094429
106.33479934255772 402.80882322820696 123.34725136055776 425.60058866645915 0.08110858500003815
757.7603069642423 389.081271663088 798.6969117282758 430.5786984218936 0.08110163360834122
117.38463806979098 431.10527524808685 127.92349869787974 445.75639983289483 0.0808100625872612
565.3484320761532 292.9878181212317 652.1759490140782 402.27057779210907 0.08075829595327377
363.1414654960263 429.5152463893984 475.3714939287368 552.2051677314162 0.08074130862951279
20.640077713547267 347.77166384224506 52.34068893375441 390.85469506483173 0.08074074238538742
910.3366712929896 473.4279880595399 973.0840920697706 518.1603891185448 0.08054224401712418
897.8982327257089 466.3317267877023 917.1410285706772 484.34995768936096 0.08035173267126083
698.4552397266559 370.0039730827426 718.3285668698659 393.2218642262315 0.07986687123775482
107.55091431376235 402.05753788516245 117.98531576703982 416.48019378240696 0.0798032358288765
43.35206360118739 432.3891494713078 86.0493778128965 485.1028204506046 0.07979270815849304
185.19009825394244 392.74374968941186 198.9646519224405 410.88319065791194 0.0797177329659462
487.96527291423365 576.9467608481414 527.4733897092989 616.3241710827677 0.07943696528673172
375.04004203575766 287.83962643164404 445.1521592896616 377.871700523339 0.07937955111265182
178.350966715311 389.17096982387903 187.4590304934676 402.65246498781806 0.07902723550796509
831.8455103474327 483.24422418689215 860.706735497906 506.8931853300059 0.0789543092250824
892.6394625692005 445.25204422812936 901.4062055480274 455.1328122675167 0.07884958386421204
979.1736313242518 391.2491500148394 1052.4022676501727 488.7309309202699 0.07871092110872269
875.1530840115856 451.1413745997396 894.3358818423601 470.17011382530995 0.07868720591068268
791.2587860925936 367.9407417272062 876.5604001049085 455.23081022115224 0.07860095053911209
151.69784931985913 402.5381241714932 164.24863810863528 419.0958629994057 0.0785570815205574
127.35478344425434 410.21023495531773 137.8573767249184 424.0005991524241 0.07785480469465256
877.9111786468198 427.2757261769699 886.3106870924788 437.9999571266778 0.07764246314764023
241.00405078913786 381.73818026982906 254.99657293566867 397.2171215768569 0.07762311398983002
233.02674949187826 367.01669983024715 251.56644514683637 388.9950006284059 0.07760878652334213
900.5810848685173 432.71953928476177 909.1322670484782 443.1039722629183 0.07758345454931259
111.21621343163312 369.96183705295596 134.46435869869876 399.5369581149201 0.07754749804735184
847.5361132788025 589.8757987566502 916.1069932485266 657.8029097157462 0.07735775411128998
855.9717444098252 428.54231895509065 866.8860398798035 441.68790470545395 0.07734832167625427
117.00403141935179 429.430759592984 169.8951877438154 494.24743147377865 0.07732070982456207
883.2121753748626 514.2614386468456 913.6898054741264 538.8498262931823 0.07714512944221497
799.9741162488361 429.6184891036025 809.6606261362824 439.9061636609919 0.07708270847797394
869.5772322950995 438.05172110577263 883.9710442648919 453.89002245306756 0.07699061185121536
19.60020778021294 417.2513875172514 52.281280348743216 463.7631217753642 0.07687889784574509
545.3746452736921 556.0378922437254 572.2073167597705 584.6377001545337 0.0768691897392273
883.4472473650144 436.70949527101857 892.2615647351968 446.98677578160044 0.07674723118543625
88.75936217226618 434.5365933378198 118.53526631422243 473.7614230275726 0.07661036401987076
143.25568763789985 332.70478710671966 182.25714823421444 380.63587231486633 0.07636083662509918
116.88211074382554 416.8539978368363 127.38562079037173 431.54291048215896 0.07631604373455048
149.43147925814912 431.6084165398741 161.40446097134304 449.26230148458393 0.07630722969770432
454.0267442289912 245.5219106415736 480.5117116058505 275.9652507494979 0.07606919854879379
387.44750444136287 359.1203030297738 431.5283143599987 417.4881923714266 0.07597793638706207
646.7416189496639 575.5837991834276 682.2829862327267 612.0030104225573 0.07588496059179306
767.5095713155869 521.9735084583073 796.5270666053262 557.5473183339573 0.07581236213445663
166.03936875159346 385.6803002463661 206.14442129858205 432.6029687044595 0.07571253180503845
170.48740357447787 331.61013688878523 211.57053553962555 377.8102524284317 0.07543114572763443
907.2992338963334 404.20131363752654 939.4665156805482 440.947875712562 0.0754176452755928
-22.706679959296427 -25.28631857102116 43.62817164250908 52.13319086940402 0.07529440522193909
-64.25322412314748 547.7524280579403 151.84895959992608 797.223949841114 0.07526879012584686
902.0990505383515 446.8662997514331 912.2281762543374 457.71347249704337 0.07525240629911423
392.0015162494072 235.84869174522674 420.32759627406597 267.72071513047064 0.07511405646800995
399.94436670043615 542.3102686475946 494.45894947163333 642.7978896247919 0.07505207508802414
857.1357171444018 481.6756029581196 878.6875213816903 500.916496349828 0.07464536279439926
622.111482197326 403.5725568932644 651.557515425889 437.0087983452338 0.07461462169885635
745.5003640076511 402.26097583403293 753.0086893217679 410.9712492380895 0.07455704361200333
790.1775429411049 608.8969435961304 889.2329878655919 724.9340884509546 0.07434507459402084
-6.644982541695937 299.89238662079254 43.51417098086084 368.7933844657567 0.07419507205486298
70.3449695613754 300.67867602420404 143.56672069692704 402.5926420119414 0.07403712719678879
805.8789437904138 548.2239128631182 850.3029792780948 592.457262356077 0.07387080788612366
553.0881288671062 509.20354439900336 584.6684645237725 541.6323335240718 0.07370611280202866
186.91900039907335 367.6096312770275 219.36928501169837 405.24096577562017 0.07351404428482056
619.4345690767979 552.8865244847121 647.4537177925546 579.7280145140456 0.07347923517227173
351.43665007054005 355.11640419416216 392.3291168965681 407.00058929173434 0.07326945662498474
884.2939912649986 443.0280704690346 894.0155405944951 453.66118040958764 0.07314008474349976
79.94634488063596 463.78222180643303 116.75432165766256 511.30745258261305 0.07310682535171509
420.1890117010507 73.1786110797552 486.0045289902756 162.30920550416107 0.07309697568416595
-13.320209850115528 336.8870449128271 34.83445550392632 407.5743244769902 0.0730663388967514
557.0572959623499 543.7617734002222 589.337019964379 575.7532925423925 0.07291410118341446
625.4547898451368 428.72434538764765 651.4772474323437 459.3571412005777 0.07273267209529877
-4.27162088908973 384.162847729608 7.4568239605783155 401.99448001550354 0.07271499186754227
891.729627056359 455.2671354634018 904.0777578808647 467.7302365404484 0.07253830879926682
856.5376976917297 452.9289247361974 868.3525733058498 465.4934071222741 0.07246094942092896
283.54523989806006 319.6427887843577 335.1759184437797 384.53218069570016 0.07234935462474823
210.01431736065047 430.60588997381143 304.27498368294005 545.556805513794 0.07220839709043503
145.64405254651922 383.6793119032507 157.37991648144944 399.0335178564549 0.07219728827476501
192.25197017437876 403.14097544835136 202.25747345249096 415.77790538646235 0.07193350791931152
22.58024333139577 386.10741043047796 33.476305371550026 401.2790298983113 0.07167572528123856
938.2545297948606 512.9276940944809 978.3894867831416 543.3679808360708 0.07144445180892944
134.1027802018819 401.75471206963437 177.01643603084747 454.28062667669565 0.07124707102775574
248.72891159547723 398.71901130516096 268.02002113352364 421.0180585922435 0.07118651270866394
86.74944270033086 417.05199950935025 282.27833507610876 636.5756211323577 0.07115581631660461
933.6347849394867 489.9274497268421 962.9887037086872 515.1082399501822 0.07103636860847473
908.1549762001412 430.7821494849156 917.7345875118086 442.6073379377163 0.07096723467111588
876.4425091830345 481.67819429213915 900.2513605083143 502.1100736035284 0.07089584320783615
536.8405171289963 124.99713177248908 901.3028519268628 529.8899138092179 0.07071112841367722
296.9374769568171 194.63761696963988 352.67970792611226 260.63137524702756 0.07068582624197006
202.58544883484046 322.52981448958894 251.14614073244314 376.22861438824714 0.07063762843608856
32.25149730783934 395.26153765395395 44.87667976491873 412.44012074423017 0.07063024491071701
767.2321338423388 354.054058445914 820.0821939876729 412.864828231189 0.07054778933525085
574.287810717603 569.3965537154918 603.2256336989293 603.9633741543613 0.07052416354417801
608.2292770820067 657.367200371744 652.9707467858215 714.6696523927175 0.0704374611377716
937.9821733135169 539.9480377000009 974.600028098348 565.7243865619649 0.07027779519557953
977.3466708302644 499.07418345647324 1007.7468550193018 525.821149817598 0.06997916847467422
190.61769821568362 300.64318110870937 273.1876704087345 400.7753515222934 0.06987674534320831
1001.2134822808634 424.1401602405217 1010.880651662641 436.01044263176993 0.06982828676700592
269.795375478346 399.59400049248495 280.38424337711456 412.4238499277023 0.06979294121265411
309.63851489004884 441.25290244483904 418.3078445015874 562.8177648831911 0.06968820095062256
25.569989416072247 469.22819623391257 69.00849596988631 530.4925114870961 0.06967819482088089
80.2269698984009 382.5616692448637 106.00408416804714 413.4373444436849 0.0696360319852829
886.1427961391094 471.2834077023054 1224.979118478456 868.9909424565006 0.06959814578294754
869.224296518811 563.6216642348447 904.1088933136377 589.4092707733568 0.06915370374917984
786.7813503860203 473.61299431839325 799.1112966976712 488.06694598372377 0.0688466802239418
266.29963715031795 455.31646775151296 398.02989499614534 598.1398637671839 0.06852154433727264
652.0325788456814 414.27862475467543 677.0693229625065 443.28818482915216 0.06850818544626236
10.364057797777068 91.40953014978842 246.01287423006357 395.41726311859554 0.06842108070850372
835.3927088255218 529.0270790231331 870.5904016923638 557.2181924394504 0.06839501112699509
376.79784155312717 396.287743560367 432.85382773754964 469.1410816658614 0.06827376782894135
217.3537907580702 390.3617150400301 228.1658101662639 404.91752467526624 0.06824173778295517
621.3592833009016 623.164597603867 647.5264579129475 656.0956798273618 0.06797923147678375
122.99754999998041 421.0117494939443 147.26484911424407 450.9547940381524 0.06795095652341843
861.1777088290918 439.88301586804255 871.2979523291801 452.0784921906002 0.06786338984966278
194.07250190896116 376.75078378374593 256.36576534658354 455.95320728192195 0.06778696179389954
892.9785438962546 543.1760427018173 932.0794759185469 572.1556037420312 0.0677640363574028
686.9106701402524 293.9132358616868 785.4168451694334 404.85633840256673 0.06775540858507156
604.6971820188498 652.4360484122083 693.553903781841 745.1663245471162 0.06761853396892548
479.8343185049869 276.2773412871759 517.3131960970992 331.01561509804964 0.06747176498174667
840.1226392219256 504.6599874373328 869.212182230853 531.7604761840437 0.06730134785175323
358.3302223664671 199.19270526334222 486.3545408117223 344.65134825025996 0.06719754636287689
673.6805662017166 368.20087465264726 680.3499634468708 376.2888313992302 0.06690549105405807
5.679667358329725 385.988125810459 21.166721554901223 404.7720696727872 0.06684857606887817
916.7857487509748 430.34021568631556 940.7019816750454 456.8876579251406 0.06682966649532318
287.27308880382446 236.86989433415806 378.6375610587173 362.948289209028 0.06654240936040878
933.168194611997 -79.60730134702203 1168.6704287056991 177.87138344827815 0.06652656197547913
214.40323750857686 375.82274357460784 224.99181271908586 390.25091339473903 0.06645406782627106
289.9766982839494 -38.190021351006145 404.94196214506053 84.26186794200434 0.06638386100530624
739.0188041066367 536.9644014213005 772.4996138228132 574.7976563174483 0.06598572432994843
-120.1242831857228 345.9732045536692 299.1330216540108 859.964062900506 0.06594343483448029
436.219523051572 261.2082599946919 476.1566624860978 312.18555448966765 0.06588903069496155
544.723799504314 621.608448470606 574.4677521023357 656.7747957025983 0.06562158465385437
95.55692675384624 287.4909773136693 125.54131429774718 330.9818727591138 0.06559378653764725
851.3048326698782 466.72665183193124 867.4821752851816 481.64402890776796 0.06524986028671265
256.02385092952244 397.50898035283035 310.34593017728514 461.92278996563044 0.06522363424301147
393.2620471338179 270.88106781975694 414.78145369117965 301.0171939802765 0.06507404893636703
307.0476541697025 352.8488043072122 384.9385267211053 455.30277131091134 0.06493858247995377
980.9242912358761 531.2703895910648 1072.2967242325913 620.1597792555251 0.06474889069795609
995.4003306820798 613.9294426860265 1116.3889613464298 762.259275642397 0.06465829908847809
961.9411685888209 358.70075683438534 1021.674441765254 438.9933866586769 0.0644863098859787
450.25010281979047 197.39904301369492 497.4017680191714 259.1488426422859 0.06443812698125839
867.7646216240838 417.1469387146951 875.7880795253476 427.73127116834297 0.06412838399410248
877.5212222408862 386.2377083794235 888.3092338071151 402.0380707210382 0.06362999230623245
46.8369869200736 299.95840959874005 54.57448870042601 308.99914386760656 0.06342967599630356
168.17113952757748 195.7177675606641 252.41961540701064 300.2871604713883 0.06339187175035477
970.472193881076 474.00069113193325 1001.2976366981177 500.3316620911369 0.06324506551027298
370.5393962322786 326.5505137521578 795.8850654129824 791.4365577576574 0.0631701648235321
131.28744096257307 284.7976988195488 193.26148814445358 366.00287409264973 0.06296391785144806
192.98414923352723 365.26159623559005 201.98905824624785 376.7429227712154 0.06274443119764328
182.66745330215366 363.4955734624749 191.27165221829455 374.6255924066477 0.06228388473391533
421.9708690930868 277.70861995910747 444.7866435199477 309.29460752627983 0.06217614933848381
975.0181081909791 265.52672463393094 984.7937281202583 279.42216523481943 0.06208645552396774
1073.3852337627388 326.62334612190847 1083.6579612940589 342.7342234214194 0.06195317581295967
324.5544875853752 312.36430126921266 373.3329346459294 378.4521737474573 0.061903808265924454
163.05991673531983 434.20480871096356 208.71236917574933 493.49874685954063 0.06182563304901123
488.31831716348194 618.0883512379139 496.66232623496484 629.18841180834 0.06178048998117447
90.81400741510342 232.19107066145924 147.32967454315468 313.31900846388044 0.06109248101711273
552.1453986461211 575.3202076177109 585.1530114178754 615.3423597403969 0.061001747846603394
375.7976789433099 600.6933127179183 503.8485419513528 731.9984482707627 0.06099431961774826
886.1514621555988 613.0780723291894 979.0751836996504 713.4194042447373 0.060861699283123016
239.22143576506144 164.47711195363658 315.2304364428522 253.97343728301814 0.06052986532449722
917.1368878638751 488.0000883067136 933.4151792452822 503.51695248089413 0.06037730723619461
533.3860253254203 213.87823516231086 577.4393665684078 271.6747850722758 0.0598791129887104
486.7893365246508 628.2177003051395 579.0134231496048 724.0391921701546 0.059757981449365616
523.3910728731618 258.831059783386 558.4239040145826 304.31459940182083 0.059563253074884415
425.38442359610013 373.5985476391664 470.1343073508651 436.72605026948935 0.05947045236825943
935.875684287256 258.98851791556996 1123.5167132382833 508.3602205517307 0.05907493084669113
510.41095849326257 188.38356825315242 598.1283572039864 289.08710441897665 0.058465376496315
57.888445783000215 166.93296461449984 137.91379363267558 259.44429717690485 0.058436714112758636
-28.67498423255723 208.2175905130956 58.54887483691924 327.3234050727851 0.05840586498379707
762.3910240040587 557.7264206870555 795.9767471338782 595.5525695261589 0.05790415406227112
164.36722244484278 254.4507516167499 216.64691441648205 323.50708997812717 0.05766122415661812
782.0738700562895 303.59754047891397 837.2148851148787 373.27358637611485 0.05752357468008995
610.4758214375212 381.84733750533417 638.1026941028738 416.0250060945038 0.05750065669417381
516.6199182915561 573.4109213759208 555.8517856219094 611.7837934401435 0.057454440742731094
150.2990003692227 98.77425479507286 248.82478057310826 214.23358650587025 0.05729971453547478
818.0071236326186 182.51579846511757 884.3637817673027 254.19506681041685 0.056885235011577606
229.85285633790573 196.11288659849842 267.1286391730975 248.16344953541955 0.056445904076099396
567.8572688928947 194.70117421793074 642.4896419814792 295.6114562403383 0.056415360420942307
616.9697616061461 244.92523221004575 702.2694193285635 343.77151793126876 0.055060893297195435
134.08896442440536 76.13339761105394 178.73734584035623 121.71406285053096 0.05479394644498825
485.19951441266227 386.45773670220973 530.9245655032161 443.8122852474981 0.05446401238441467
