945.6603617242024 464.58683296913733 957.425725299353 479.56281655742487 0.9273478984832764
512.3546853720128 558.1149131233261 567.5195372423561 611.1977770066204 0.5543829798698425
789.1969826250777 576.7275175542607 842.322604706088 629.525777081858 0.33795320987701416
254.25262978467026 405.87616356827846 264.7378474691025 420.93782791395665 0.28312596678733826
912.217932603687 476.8776110846155 931.5876356849958 496.2145869224442 0.255405455827713
162.0798845696281 450.5116243779601 188.65917419619925 474.1415509905842 0.17172065377235413
929.9477769425642 457.3205055464962 940.951268805682 471.65424438453215 0.16451160609722137
209.4431730330646 192.60388867931977 255.1222622929712 264.6507122124628 0.15104633569717407
303.1821254848645 336.11378293932427 327.56346431486054 361.5715761857989 0.14834055304527283
223.3950068253746 458.4868300428719 289.16580273886785 505.54642129483443 0.14575356245040894
460.351002426841 424.08461088355835 493.66384507742873 465.21179745464144 0.1414743959903717
776.5343290106907 466.63421099882123 834.5035222421791 513.6889362468005 0.13416633009910583
368.57400276498987 376.31412033370214 376.8957898209104 385.9139415563521 0.1323341280221939
961.6070668317071 468.426925646193 974.7518015388098 483.69663074668466 0.13198316097259521
397.7972553460019 368.5618732209249 402.9069036804771 374.7794415289662 0.13154911994934082
180.79138045287894 437.2817788668409 247.18313519114417 475.7370244325166 0.13046863675117493
374.288521622616 314.5161411559246 379.03356230240774 319.93053979991817 0.1294158697128296
391.1619714107414 353.52744314498966 395.79253361459564 359.09607925253295 0.12898202240467072
170.6893069293524 295.0198960367188 224.4535637109611 360.6090967902529 0.12865318357944489
195.07430696073538 345.4542274203222 218.6987147996516 374.9980676958503 0.12829600274562836
85.30328624300363 502.57824016688426 94.08536890642311 511.1461757808307 0.1275014579296112
89.68697359665468 482.4060946455702 161.68691512429197 524.4989792422906 0.12667910754680634
290.92161315172365 226.2725542345795 306.24681942990526 246.73285151435908 0.12654338777065277
892.8959612930382 466.4015998284425 906.7163071270512 482.557089262807 0.12636180222034454
229.63586317831556 471.13676729740143 248.64103917137564 484.7071931270974 0.12544743716716766
834.138430416064 551.2280222284045 885.664206460041 607.7282627032289 0.12510749697685242
-0.19899705790754382 296.41927560951603 9.967404308587058 310.4726063816289 0.12460671365261078
974.3146882204128 464.91509582020365 981.3954789161583 474.13281521732887 0.12447142601013184
380.7926058180332 320.6135675801999 385.23344160228544 326.09791960868245 0.12445880472660065
197.13907813048988 441.69182522722355 232.6315865777129 460.0896239644589 0.12400272488594055
376.9694675809453 392.4728750255338 394.0812465314116 414.6645753018403 0.12395039200782776
414.43057806120413 346.15215239388357 420.0861735582698 352.8872016905646 0.12393749505281448
64.95514088304667 497.7821704930022 87.52506149103644 515.6496705411313 0.12293031066656113
207.09202577650152 284.56316774663077 237.35639715555018 324.39239638593244 0.12237991392612457
295.0117918804685 278.3515309220494 303.41274219920905 289.1922929907718 0.1220548003911972
379.6838685509093 333.69824907261835 384.9373549491576 340.0405321435167 0.12183712422847748
90.70144197062314 568.7097147519255 178.19619433283404 652.0717021062544 0.1215604916214943
110.14895679469365 481.82471475090813 136.40143725560065 495.6087408319069 0.12137854099273682
295.1551915554881 319.11150601684125 310.39980094602305 338.0268647518087 0.12117993086576462
68.93674775719823 496.31983193437225 77.5860146082153 503.4442383564591 0.12055208534002304
368.97015405035285 362.5795042927976 376.63758693037954 372.6903213686615 0.12029771506786346
39.1313472053623 453.31480646333284 167.61863353270243 523.185164910068 0.12028547376394272
400.0725044120611 397.42680085785065 413.82927999415153 414.4998994953257 0.1200401708483696
134.6544757022363 337.78995774343144 154.92965750592464 362.73286288081425 0.11984655261039734
383.9221377802933 388.4755321487371 392.04591428512794 397.3230741752447 0.119448721408844
50.88457459037244 500.05348372452875 63.368346695630244 512.1593530041338 0.11944165825843811
268.2855059454907 151.31831717801015 288.7549851257699 180.84546930622292 0.11930283904075623
391.5273405647756 376.64658849258984 401.3983320310355 387.6639642745972 0.11903615295886993
230.06003599025334 314.8401959106176 263.96301476553884 357.012036877298 0.11880078911781311
45.32228954715592 163.21634085645726 105.25219420588749 221.02406277298826 0.11845533549785614
237.72638413224647 321.62990938751517 249.46750722899137 335.8320251716258 0.1183881163597107
387.3592160310647 364.9753957898297 396.7726526799021 376.41213761942726 0.11837158352136612
119.90985803132091 530.2943249869147 178.71177169751735 565.345606264891 0.11816728860139847
276.8717067506846 240.63881022153166 294.19186135357813 264.08753854378944 0.11786969006061554
419.41113216934724 369.5891952502449 426.06735970570384 377.53181972019166 0.11774297058582306
874.6139019321469 514.4334325410846 909.9440639504729 556.0190605089139 0.11771205812692642
196.5263057610506 497.01107725454057 202.08584896600485 503.05793302667075 0.11763196438550949
259.336607789476 356.34110487155215 267.85662273028385 366.6733849666484 0.11748625338077545
281.23056254967645 61.793647385232546 293.7039933568022 80.90733700049113 0.11744075268507004
206.66943335704514 501.81611977830215 244.09656382401428 531.4688051533104 0.11719896644353867
458.35315404637413 527.288323812726 526.0037104447465 592.6607451898614 0.1171434298157692
639.0845883166312 508.6662817689445 740.7918568287758 566.2012810216471 0.11707112193107605
306.8590440848928 333.8225901673053 314.32148992332355 342.44004819729037 0.11677802354097366
300.6813714169917 348.1129705004587 308.9510918722758 358.64076959457344 0.11656443774700165
202.24598998394347 41.55013910173598 288.9624016601284 142.225612418045 0.11634441465139389
426.4011434564751 397.2755295566365 442.7697991446252 419.37428425690797 0.1162939965724945
276.66579687639944 311.47980921322215 291.50283573249385 330.3354160748328 0.11622270941734314
236.43818762475382 348.57771762778356 250.07289574236944 365.0083636705707 0.11620251834392548
928.756846697811 536.5743677615795 954.4082519941809 564.6866064855341 0.11613152176141739
547.7110760303314 506.02087290958053 631.341958703384 561.0104558980937 0.11603269726037979
20.21703251815116 487.6859176122936 73.14769878848355 530.3164087480906 0.11591233313083649
167.45923480816984 345.0481564807051 189.17724636265686 370.6016476312316 0.11541999876499176
771.4881019651956 460.50187986785215 780.9487717576933 470.37878679577625 0.11524021625518799
865.9676595314663 465.29389476190715 880.9020272422072 481.8985948012665 0.11520130187273026
303.61903104976267 240.9348440048357 314.04476536127703 255.6066929848398 0.11516422033309937
263.5707202052476 484.99271081875133 273.70516540084014 494.71520091145914 0.11477300524711609
156.02853722123834 307.31167239045067 180.71291981377504 337.91039387713903 0.11472685635089874
255.8277827260921 173.72265233478026 296.79883698330866 241.28051631658735 0.11460118740797043
298.940835496678 268.25947511993985 345.9683543313524 328.1256709997032 0.11456070095300674
246.41134614640893 269.06236027816897 282.7740879761374 315.2898987984197 0.11435425281524658
908.9540355330489 459.0849379885952 922.6069914023717 476.0601325019181 0.11421627551317215
932.6619884947288 470.72123766621985 944.5482267392977 486.1504368167288 0.11410664021968842
736.846566666286 438.6980752177317 789.9835936387459 487.31226973353034 0.11400987952947617
878.962120211117 479.87450645265454 891.8755608282856 495.3495191279533 0.11387426406145096
134.98592851895853 516.0570189522232 155.42345707455317 530.9285155603311 0.1136508509516716
419.81818826186714 355.72784736295836 424.91387048330876 362.1235750794156 0.11358566582202911
343.4752444170084 341.64983608024664 352.53444889983837 352.9539225664332 0.11325633525848389
170.4397150255234 565.9227457029992 275.6634483349489 669.1604896122739 0.11313826590776443
85.73043864916148 486.39605311406336 106.41951785380623 500.573455660663 0.11291439831256866
245.02929138564775 219.06321131507798 261.70312069424784 243.23377211529765 0.11290694773197174
329.1944856584829 340.5961143673556 345.39738974309455 360.4765537352611 0.11288467794656754
289.4665159817295 259.30335055709384 305.4546820939376 280.50152557721464 0.11275164037942886
41.40386514331139 493.38902386529116 56.649854838806 503.9564464355281 0.1125771775841713
117.25532636353346 347.04659796021065 136.45340407818924 369.2590647887711 0.11254509538412094
394.6980371044171 345.39469526517 429.9986307254362 384.4772427473115 0.11246784776449203
845.9867757403915 554.3222294275164 875.0887201552079 590.870481541691 0.11234010756015778
90.06656450888016 502.39643116683936 108.91499141999945 518.9457557886844 0.11221100389957428
976.3531368921952 473.8421893537223 986.4736018377203 486.4917022192393 0.11216577887535095
810.6895219966373 450.26863552700036 822.1923191188272 463.09888704536996 0.11210150271654129
14.211622584792224 351.1133508546752 21.42821512085569 358.29549163001656 0.11159534752368927
239.19014921545013 336.3828183192877 247.5331469265452 346.4893415234219 0.11146616190671921
56.93161623378944 457.59525280522683 121.93163640356151 486.66931037776754 0.11140409111976624
995.3806884793488 460.2342742083532 1004.7377913632606 472.49682748020734 0.11130193620920181
901.7345364447073 458.4875566083161 912.3010493623096 471.1119653466132 0.11126348376274109
405.17875940859307 380.33314663183893 410.77425528525436 386.7918843844224 0.11112583428621292
977.3519914838267 437.16225138918657 986.7385944670721 448.47845868039127 0.11105978488922119
272.08034116894646 228.9320404909064 281.58148915237 242.35248168531405 0.11087637394666672
91.99990355907339 516.0537626610903 118.23567341592205 537.8804653843455 0.11067056655883789
352.9789124948214 438.7672167166062 367.929029492785 453.39438838172754 0.11048909276723862
296.9781726359806 432.76003223685416 331.5408346684329 465.62243702114387 0.11038467288017273
280.35312970418335 333.7164931236575 291.6409076842834 348.8178193654058 0.11034918576478958
129.96201241520623 415.90908315946456 182.87782590143203 451.5871939108079 0.11031585931777954
251.17729197481302 307.7135169423161 287.6415082354786 353.0273991706481 0.11030198633670807
754.1392414140003 435.04701912518954 764.0694303249138 447.3801398425211 0.11018449068069458
377.2892950839471 357.74615200088203 386.81813022567167 369.4427715450301 0.11015871912240982
276.12715589149803 375.2225821174924 321.63985143388777 425.1336334267628 0.11010026186704636
959.5605036896841 449.8285176863253 966.5791829784405 458.63887544391906 0.1099737361073494
263.868810686435 357.13877170017076 280.7617670320634 375.95971120038274 0.10994095355272293
736.4405974005645 493.32093865218906 785.5176223311881 535.2971105609212 0.10993088036775589
291.37762459156534 210.26229094851448 305.23202180488994 227.98957577056922 0.10974747687578201
251.6848662488628 466.12476669168825 262.99832332367026 474.75182881344784 0.10972671210765839
202.72890780934276 366.58794004217464 245.52564152198528 413.07680800372225 0.10967490077018738
277.1717866654574 96.92129303979016 299.25945491049504 130.83835290654682 0.10966437309980392
141.6800194519 516.3045273468583 148.57002644766808 523.7630389716148 0.10960682481527328
2.2628657214995918 348.30408584048087 11.441302889557237 359.06455461464947 0.10955233126878738
30.035235400937275 354.02468171151526 39.091106809472386 363.972733096818 0.10954517871141434
335.2020739406503 358.4481636635246 348.2745123900823 375.22506250851933 0.10943078249692917
117.69800426589349 513.0623505214929 124.57417731571788 519.3176017988012 0.10934644192457199
250.77735850660645 334.8302233820348 269.2394073048723 358.0640118826903 0.10928573459386826
408.341162624373 357.3473485382655 415.4938060593165 365.61436254545606 0.10927534103393555
378.57332243424815 377.68757330342197 389.66853578222685 390.1777449959835 0.10922379791736603
956.1209753930339 435.33426132094866 982.0766628993033 468.45763962692104 0.10919241607189178
336.88928259127454 441.46284961375835 386.8063882085609 488.00402474225575 0.10902594029903412
842.617339313995 493.8187984690516 878.928538178781 535.8530653156593 0.10886561870574951
180.82341984396137 474.8749052113096 221.7700014671257 507.8727434093338 0.10870924592018127
392.0174021748415 359.0557663012713 400.854578384339 369.60572419961494 0.1087002381682396
138.0891344664572 481.2874963703456 152.30080178990718 492.65062787765544 0.10853386670351028
29.50820283177261 489.90622578943254 44.93689490809781 499.1825712835969 0.10840214788913727
811.3284487812924 489.78533201733103 825.9656813357057 504.6937135990749 0.10832317918539047
149.64490231510732 347.79107181228744 171.9604052532889 372.15403429022183 0.1083102822303772
268.55513062738066 35.55037468745913 324.97606819574645 117.63341142713796 0.10829474031925201
322.40939368070195 332.6794831378137 331.898103257501 343.9990109331154 0.1082007959485054
902.238530245841 442.4547870993564 933.7031861515151 478.5585226099057 0.1079990491271019
346.919235102286 358.5135658779717 362.9701474836199 378.38807453398823 0.10788761079311371
267.60693647642574 194.52263484996072 284.86357219470415 222.20896772535647 0.10777279734611511
390.79993393576825 397.3774911601467 399.28672066244974 407.6654965904912 0.10771463811397552
984.1180806015624 459.4149700109614 993.4699214480007 470.81398290480985 0.10762576013803482
155.12216586043044 367.5647829942017 202.87118445612995 419.5042945727458 0.10761583596467972
996.9999177559334 448.3670397356806 1004.5243026486432 458.5584116493914 0.10751324892044067
419.42455273817046 399.2572574196883 426.1386346231419 407.5890475617918 0.10731101781129837
430.6227946716593 368.6747392589122 437.3563069799753 376.5881683112945 0.10723523795604706
311.650463332888 357.69507514337323 334.8544037521905 384.9536811386629 0.10706616938114166
223.58199377482234 318.9323610118764 236.03474316444255 336.2735746695822 0.10698167234659195
788.2495038368662 489.8801732648644 807.3307122537956 506.10687480930335 0.10673395544290543
212.51924584046705 349.81994897771267 229.98659796024768 371.5873892433266 0.10654626786708832
875.2251475683319 419.3847467410522 882.7163527846654 428.7691575774708 0.10648834705352783
140.32841404369495 463.7613920224833 180.57883336662115 490.66388506413455 0.10643292963504791
67.99982333791992 535.5329893087489 88.7513934789977 558.573563710131 0.10637646913528442
306.8486464510187 217.91148634910283 329.5994554795719 250.05866876504825 0.10622000694274902
887.5130396924484 525.0728630341184 899.1791980721837 539.1864424342566 0.10606098175048828
688.5928371901517 465.15632197513287 755.7540899614403 519.1639903744449 0.10577431321144104
925.0696526711115 424.07317960312014 951.0056214367195 457.2342632925337 0.10570847988128662
201.02090222680513 191.108997140848 220.84391335248273 221.15832189756804 0.10534042865037918
890.1139610677818 450.31079886802473 904.6958359374202 467.97600418498104 0.105338454246521
967.6454920552741 491.382164648595 979.5292878158834 506.2551289174745 0.10529985278844833
427.6603571614388 363.1072067020951 433.06402347795546 369.38772831189385 0.10527725517749786
410.9746390003905 404.2725955632795 423.2698980929619 420.23963582694296 0.10518427938222885
872.2912543416364 567.1482921315522 905.4329333972851 606.5179690726363 0.10517632216215134
353.1751029363981 419.0301222631749 401.9836300665489 468.17325237468714 0.10514236241579056
434.7559607857538 389.8212965154259 443.2448640313178 401.18854390962366 0.10506148636341095
274.31024819084246 123.21526714249893 288.85116042945236 142.33163302443117 0.10500068217515945
415.2943293259981 380.5057831266335 422.54236892678716 389.288559439315 0.10497534275054932
318.0832220068698 320.94432520216634 327.3361904456073 332.2656352977587 0.10494358092546463
58.246272731069084 514.1605746014696 82.7178717276409 537.9094806575182 0.10492727905511856
832.9336823337383 448.1598715037574 867.0002042691989 480.7501499831304 0.10491960495710373
139.59652249071473 420.74846996084517 176.1062794305594 443.052292629448 0.10480798780918121
-0.3910329387964997 326.2614490380893 41.77230049518082 378.1233919860613 0.1047876626253128
191.8908929009949 318.02270644707244 258.5407485086497 393.49199383147567 0.10452856868505478
389.6250348946954 427.7513039693393 408.5573391443981 448.97589199076754 0.1044476106762886
287.1371688784361 349.58034329232373 298.1811473448112 362.7673410985983 0.10443776100873947
376.2477323402896 364.1149237421711 385.61275774243217 375.69267358609926 0.10441123694181442
984.0543096941022 446.2777659910632 994.019728152402 458.9991317565115 0.10440587252378464
881.5872460090228 545.1681093748796 931.7803484297691 602.3908530670913 0.10436753183603287
747.0758817453338 602.2864793665863 800.6410178059433 646.5310996620987 0.10434070229530334
292.95484528226893 364.5188705591394 305.76091285990566 380.6319524272216 0.10433074086904526
1013.8838389367199 443.1935249869349 1023.556985638495 454.63052902693283 0.10428603738546371
908.2378122862413 507.6377488243061 933.0427248791983 537.1317188370211 0.10419531911611557
403.9461481834791 358.6691739183925 414.7090159040241 371.6598564422107 0.10402604937553406
299.1579614287284 451.15119389282165 313.2171247059356 466.24234320508873 0.10398790240287781
363.29197318657833 409.37865506750416 378.0928409876545 429.68478183488116 0.1039765328168869
408.36521267015644 370.3724118138045 415.27986043246113 378.1798855155474 0.10384126752614975
344.2972825908226 378.69719997405514 361.78269621239684 401.33870352441755 0.10381242632865906
330.0590520304139 334.44755990324217 339.0687638745304 345.5222645218713 0.10380259156227112
772.8178665995907 452.33532939045165 780.5584824256982 460.6113247176639 0.103782057762146
53.62256199232219 493.3165905845022 67.42359715104612 503.9549565860964 0.10374166816473007
600.8966552487077 347.83466523695245 606.6961021739787 355.64081643603987 0.10366461426019669
361.6180788244041 474.180386166199 410.8623767039447 515.6569232523591 0.10360933840274811
399.5724914804731 373.4671458568512 407.9056378167469 383.365366912411 0.10353241860866547
924.2506686249479 498.177144588817 945.2547202851497 523.5082253158806 0.10352376103401184
786.6608060446085 452.9812589764542 790.9030936664212 457.91791458418817 0.10345688462257385
191.745809915974 312.3158622379932 207.39901623409733 334.35328968221023 0.10344932228326797
256.4769119703797 486.27303334562845 263.95918894969174 492.8710314846859 0.10332882404327393
104.80713181017485 289.37575811062 174.20181704808783 354.33053787598806 0.1033032238483429
247.87180734141668 243.28761186567286 299.9565502174521 311.6045642325138 0.10329564660787582
912.12845236125 444.56419602736594 921.932807665794 457.59365208752325 0.10321782529354095
335.7519345151215 315.47111411699353 355.4074217167148 339.1674310440405 0.10317783057689667
584.2460091663755 355.2803867989938 591.6820695483415 363.25403079556287 0.10316217690706253
225.69060445705998 252.1397075129915 253.45679917233576 289.0916010119693 0.10312390327453613
970.236177178422 457.95168613272017 978.764762213532 468.28121229087276 0.1030815914273262
623.9132450473995 555.0589478770967 692.6828833246641 591.7495639639276 0.10306550562381744
111.49207952554147 303.48499231788975 134.95280361045343 328.6020443568832 0.10294364392757416
409.8826308697956 381.8369885888628 416.0022520370587 388.79147287916453 0.10293543338775635
105.55687364607454 505.17522868889426 116.9248543018489 515.9811060719893 0.10292501002550125
419.4384240625334 363.69961939366743 426.3203516707345 371.43582381151856 0.1029195785522461
101.34149727352214 342.52632430144513 117.13784350229206 360.9429382195744 0.10282392054796219
306.6533936754197 317.5575007277551 317.43724537674973 330.1434419741497 0.10281352698802948
430.12307689861404 372.697117264506 437.1203527047256 381.2046525145272 0.10279878973960876
320.68646082331287 495.60819334334855 377.54760421287284 535.2683026665901 0.10279785096645355
93.90150954987202 326.4595849903772 190.84701067531688 407.0183549998117 0.10272254049777985
961.308616666932 454.7774975478219 975.9712465075881 472.49320417706565 0.10261847078800201
795.3883633200354 533.2527495512386 844.5698653183164 579.0176618891 0.10255919396877289
228.94047345442667 507.1301246233822 237.32422582562444 515.9687251633583 0.10251742601394653
319.5865804047935 432.65330980545997 342.553973988408 453.0252919742238 0.10225974768400192
196.02144597346063 135.42868175438662 239.06298714909215 197.3636037206955 0.10212385654449463
186.7136518351113 172.34675687783601 275.2691448014143 297.3583391340907 0.1021079495549202
618.0276717966481 588.9610204262265 668.1174291494553 609.8404251410662 0.10210728645324707
939.8341683583241 450.82833994795794 952.2684068347575 466.6572172055829 0.10194797813892365
984.0840757789332 473.55925673329506 999.495820354975 491.78352162563937 0.10190457105636597
830.0668765303792 603.8470071884765 892.8955932091809 664.5256313084898 0.10182694345712662
150.70143525137388 513.7202813819974 211.31141693586906 550.4551590638615 0.1017971783876419
685.5605768485809 439.9447290497189 732.6628507501993 486.81207182035644 0.10175032168626785
88.90086972312731 369.90293865671316 134.4228001357839 411.5917137426606 0.10171271860599518
719.3442175024743 504.7761769038923 791.6017681592747 560.5658395511658 0.10168908536434174
141.3154015461773 482.0810000415745 148.69447201843047 488.504113984957 0.10160397738218307
45.692073458418356 351.4597931683332 52.922827595559504 359.43150929673476 0.10149991512298584
354.4718869388885 351.06196569291365 363.18306893656774 361.8056235155074 0.10149256139993668
247.35283113492335 145.90964870599512 272.6264548514613 179.76171300061205 0.10147590935230255
6.721967202566069 338.6777975908894 19.673690929980836 352.3708565613807 0.10144474357366562
948.3969288674431 439.8636426566276 958.9364350573351 454.1958675366805 0.1014087051153183
131.18620667864093 532.2639778753761 149.41128405975218 544.4988534464914 0.1013043075799942
329.18796597542274 366.2462778785135 352.55035231477746 394.32808142268607 0.10126601159572601
167.5405082560481 428.96924748030307 192.37894897884075 443.61691225784745 0.10122862458229065
1006.8979148128918 446.8881275466835 1015.8326366629552 459.3831710114292 0.10122719407081604
261.3391845583031 231.29577330064023 272.2407823817984 247.8135572732496 0.10122663527727127
425.31276792852145 360.1806735191535 440.37403783206145 377.1129925030803 0.10122651606798172
323.1137273780487 323.0083199640005 363.3270223950549 369.70967318013373 0.10119141638278961
897.5944588958844 477.125189767832 914.3341371539167 496.5547321407753 0.10118013620376587
915.463722279784 461.9589343893231 924.0854028711478 471.65625190156396 0.10094597935676575
777.105043222167 633.5095883261673 841.3951070108537 690.2023173880079 0.10070963203907013
241.0538659408047 436.86178038145897 276.2739079747159 463.3703338736256 0.10065530985593796
176.6465792789951 414.27591680081537 223.65860251715262 444.6525624191347 0.10051228106021881
1.054912984487183 529.5846975561597 34.158516025624515 576.7912502799061 0.10044056922197342
948.2111698993658 476.90477552254885 961.6679861833413 492.4990275707828 0.10011320561170578
907.8840267270394 497.0869775223047 923.710183329668 515.4023225564823 0.10004673153162003
829.0078837763568 477.6144623979275 846.1092360560269 495.23311386920017 0.09976891428232193
430.266202720033 407.30333463526273 463.72508709784114 446.7250007795978 0.09973938018083572
874.6285512015762 451.53412070054725 891.5422470943031 471.95220289151973 0.09973474591970444
395.30594808320654 416.3398919662857 423.93106791875823 447.18464690771646 0.0996474027633667
969.7478014426283 449.23280169082983 977.3423489370516 459.1668084635031 0.09906969219446182
419.17976494180175 365.7203214762236 431.84247629196767 381.0413804987743 0.0990678146481514
114.92535446812897 455.4293534356746 162.36775212415765 481.4782912098744 0.09889651089906693
250.29663403258792 448.6152413457847 289.11714340438806 476.0020565852246 0.09883975982666016
917.6200440775913 452.345967789539 928.7602148935752 466.8580074315184 0.09871508181095123
234.3543989149206 466.48882770931874 247.39039854610638 474.81524267074207 0.09867078810930252
270.3957186136529 365.90307218409623 351.3339622447778 435.4218540450244 0.0985945388674736
556.5302737967792 584.2479842331454 659.4969004468162 644.1398784682177 0.09857539087533951
734.8869996426231 534.0337808267302 800.7890121502347 587.3900579358196 0.09836716204881668
276.38558106381595 360.4675198338665 285.21246989587684 371.02353615484634 0.09834428131580353
34.34371680307608 417.97655228218343 101.94085616820335 460.92959131521934 0.09830107539892197
995.9651587969549 437.9705161493033 1003.4100715937359 447.3992111356467 0.09822169691324234
966.7402027606536 481.47628546424596 977.3314666481588 494.43346173802354 0.0980231910943985
263.65173114972134 417.7887820084351 291.56933963897967 443.94860930379735 0.09798339754343033
852.5630299249697 529.3910496010487 878.0418747469715 559.137720770133 0.09787890315055847
1013.2891763643228 490.8585403263643 1025.6097374661363 508.1083828869272 0.09782912582159042
161.0697386725403 480.8021983510168 191.89361656777524 507.9898385922221 0.097728431224823
405.56159789778854 436.5189280280995 468.1106768009536 498.7659306072961 0.09754782915115356
898.3111810557767 430.4640951816176 922.6274792718244 459.6473490412525 0.09726627171039581
701.4124232366642 624.326017823383 793.1491078380855 689.333589156896 0.09725052118301392
825.3267116617023 466.26715978410414 833.474234886893 476.4441871297041 0.09699054807424545
1011.643586654138 474.10262227611497 1022.2149456834663 488.32063790600637 0.09687446057796478
1004.4843795372233 474.5499785838597 1014.4106255923269 487.9068315067207 0.09681802242994308
378.1756832405013 403.61024860478204 385.9923351354156 414.487611337485 0.09677552431821823
221.1926638806072 415.6939086400216 255.93845414765113 442.9652025066563 0.09653982520103455
814.863381050515 509.7295057974309 835.8413449212967 531.8827751269852 0.09619636088609695
504.97197028990223 471.84734354508964 571.863973186426 529.8117246363578 0.0960211455821991
995.5001557210169 471.7192676131897 1007.1454715372663 486.89766674167305 0.09594562649726868
471.6130588509644 408.9698536660606 497.28840085047773 438.8534840016937 0.09590956568717957
954.3975544127644 458.0985751227629 963.6304077997535 469.82855387061363 0.09587136656045914
91.76238940115692 516.6762581415697 101.1140404300571 525.6041963364779 0.09571202844381332
297.47769507403825 170.0019410023119 315.77550978657433 197.61102919341974 0.095688097178936
900.5900427898763 440.02960982063456 907.8381234713331 449.3442357088592 0.09567312151193619
221.10962379682442 322.0633853058059 306.7817046047511 402.34080253649745 0.09567262977361679
1000.8636457352678 491.6863170782869 1012.1619990457699 508.362680011392 0.09544672071933746
980.6430166992408 466.28004857134266 989.2327051996248 477.296374874361 0.095362089574337
227.22998874582643 491.6652643848605 242.7994536578464 505.2157552011369 0.09523826837539673
617.3037017711545 604.7582982450705 713.883872251087 649.8495376591006 0.09519582986831665
379.27055507755955 337.96218087791556 403.29773073984626 366.02819735606624 0.09519254416227341
879.4509596381117 515.6853899087853 890.6622353500527 529.3550583022101 0.09489364176988602
903.1481219937641 562.7330254609509 960.523553203288 619.6311246755492 0.09488297253847122
72.46954016860276 417.18295028162936 112.89380652229949 439.4522898571158 0.09475472569465637
413.47539036467185 412.96587817996806 436.96853952271437 440.41272459691487 0.09465189278125763
909.6116243265574 537.5715780125438 932.3337415009038 565.2524404678956 0.0944414809346199
246.8406148126254 487.9206265584267 262.67188646763196 499.95056394309023 0.09429964423179626
445.0948049268658 369.9904757457274 452.35277007394717 379.321688818206 0.09418963640928268
985.7866656794887 488.5404661923778 998.5248491285292 503.92015475528797 0.09416987001895905
251.8522695599446 373.1101742902285 277.7800085834455 403.02454185545207 0.0941598042845726
931.3147148086127 483.52567113881327 953.156768230261 508.61117919342956 0.09411684423685074
396.4309976109293 384.634667366596 410.4674245265031 400.71621747712203 0.09401188045740128
277.2710324456562 461.8194929782304 289.09566196916484 475.0490363483767 0.09366047382354736
985.0524287819087 434.14615055883985 994.8082638643566 445.79178232715753 0.09364695101976395
64.53806948805926 441.4363192980654 115.34821456914966 469.69414976432677 0.09331201016902924
241.31843911575552 480.94535200785094 256.0575639050156 492.6964328439647 0.09318292140960693
884.02035322129 490.5598872445688 907.2611347503616 517.5899066670539 0.09312920272350311
249.88507673140253 114.49824599505692 270.59607226729884 142.27281820188318 0.09312262386083603
975.0487993259351 448.8594933574636 984.2843908012815 461.40235215528264 0.0930967628955841
439.59753489720043 376.1790898133164 463.47987891606004 408.52093170153177 0.09307321906089783
886.7645877418968 443.57745967089056 900.6466281320362 460.1180936374329 0.09300216287374496
140.2077396109193 107.85920659355948 190.8458092199038 167.0382557185377 0.0929708182811737
878.2580823030681 485.03797383236906 894.1439350930792 505.1857468624366 0.09283364564180374
960.7975823980457 482.7610270942165 985.018209178039 513.6555165571136 0.09282870590686798
317.89360560234525 445.939657200618 347.5853012154767 473.7677729571595 0.09281806647777557
435.81656795504534 405.54368832959534 444.4207647992225 417.76561625047935 0.09274160861968994
936.9043235210702 449.6324227874941 998.3460067255891 526.2863299503097 0.09269315004348755
961.3965412237565 479.8457315957323 970.8364290333403 490.9210251934158 0.09259963780641556
292.0967871476617 239.68175848482832 320.48958644538254 278.8162446587648 0.09248894453048706
248.4647746585742 354.52043331528574 259.7824662973865 368.7618938571602 0.09246589243412018
465.5708320642084 510.8757170619472 527.7783645242378 568.6697105648185 0.09243544936180115
106.86883250460124 365.32158790552364 116.47989923645717 375.4378365589834 0.09227261692285538
248.28667792127052 490.46441584195725 293.32569398312916 535.9433039081642 0.0922456905245781
332.8369655613283 468.1515896515467 367.36573274170644 497.279806241433 0.09209641814231873
124.33782445497579 502.5133558653485 142.79026931992854 515.6249210274741 0.09204642474651337
210.64841528561348 466.7793876660765 232.2278984641361 480.6375995515214 0.09202417731285095
175.74303340651267 303.8661456363537 182.07435552337503 312.34335765240957 0.09186381101608276
229.39461435451983 404.9458864878088 248.05031248233726 426.9603510514695 0.09185387939214706
237.96777875154189 395.5712752098861 257.4742836632724 418.6439528636463 0.09179551154375076
948.1615450318304 428.1037681112225 957.138011201399 439.4256693572862 0.09154269844293594
189.27064220009626 457.98002504925597 210.1639461297984 473.702201481938 0.09148406237363815
145.8532966585477 231.14816790300466 213.34319385499072 308.96833220761783 0.0913652703166008
221.64974051626407 445.6395658990351 239.85243029961737 459.1121131342069 0.09128004312515259
274.265968375946 476.15585575480634 287.659019679693 490.0533501702192 0.09120627492666245
863.2416421723639 481.11693518110235 884.4274243714182 506.06311142733705 0.09120415151119232
402.3353270872537 367.4963243890184 409.1953597715073 375.43842169479166 0.09114518016576767
425.0812472931855 380.89152991925147 435.71618498159347 393.7921230236604 0.09111864119768143
292.82348091881465 462.97556924858895 319.2482024263544 488.29428428594895 0.09105992317199707
915.13488909272 468.87093422007746 925.0065124373431 478.95335748997354 0.09099800884723663
98.40695666925508 502.0978693000167 115.3220484477423 516.2733092988702 0.09093398600816727
99.73660445184409 528.8254431498644 114.74420034730302 542.5771806469884 0.09087485074996948
899.058411520217 528.9624423897806 910.7568235204626 543.9477287594189 0.09084377437829971
250.47739287171734 432.4156178281913 262.75963291113476 443.3100092281959 0.09069176763296127
237.65372486593884 496.41279716000787 249.6109874737233 508.07516658997275 0.09066135436296463
254.60539733069422 181.10643239911954 268.6380048035263 203.4405666273701 0.09055517613887787
186.3771317167872 304.04776091767775 194.3545044056586 316.00626889207285 0.0903419479727745
61.146676490658656 512.1365335905665 108.47813538708897 548.1025886366858 0.09032464027404785
3.0491603880636644 395.75424067815123 337.63543988789 747.6570657228639 0.09019521623849869
979.0016685501205 497.71106928959375 993.9846221116316 515.4448901386952 0.08989104628562927
356.25037492494005 393.1021537652634 387.58297478356155 426.03732514363674 0.08985401690006256
120.45176596343983 509.7602888329636 156.74684831230454 533.7691056678277 0.08985082060098648
257.80097154814297 471.86449937251234 270.96703707774867 482.7227688186821 0.08969761431217194
391.07891029185424 386.4292293940636 402.55359654565774 400.21213659374024 0.08961457759141922
926.9900870619803 469.24073619511927 937.0391123418701 482.19423539864994 0.08960174024105072
465.5532799372726 367.3967921912104 495.300843203292 402.0454975476326 0.08954767882823944
251.00294195480097 91.20388693928231 274.9349214575424 125.28929294977395 0.08948070555925369
259.71575978520275 456.54831438849294 275.37063209299316 469.0640649721774 0.08936934918165207
849.9862325693401 433.65514724833366 882.9963391732932 467.9298880434243 0.08932814002037048
880.1323025421359 467.91860456861986 893.8251544468201 484.644468503282 0.08924881368875504
727.0621919583515 588.3507437290194 796.3069858161529 637.9144122999919 0.08924292027950287
847.102622369664 472.64860749301045 868.5909148180301 494.506904496264 0.08923694491386414
964.6052093741885 441.4063453641545 973.2693060128917 452.7737043841744 0.08922678977251053
870.7200950388277 560.7555368128598 881.8607893942067 576.3157835671975 0.08916953206062317
674.649730594931 567.8090413146355 758.6212924086572 615.7198662268931 0.08896538615226746
880.6053915491016 429.89687780225745 888.951544887734 440.50609269299565 0.08884506672620773
139.68002072072338 493.294675871538 171.01191529108192 515.4219219089485 0.08883988857269287
136.6071304789081 166.464719556364 196.25827584334417 234.58529281716423 0.08843237161636353
947.9328987508784 453.01926024098236 957.4585541057985 465.5833296104634 0.08830767869949341
181.63699872465315 437.05723433512566 206.12527060146968 450.6919167092765 0.08828471601009369
875.479234203793 596.0330541196804 916.7901684273 635.5530859925137 0.08827119320631027
1011.0941080109186 458.298639140242 1021.6736791878611 472.33680762702886 0.08817888051271439
948.0552840326201 488.0352982592738 966.1931054693167 510.89635705900383 0.08817152678966522
281.9087133684851 475.3992970575835 320.86657672822577 510.0853028665862 0.0881161093711853
985.7474053715566 419.1973218542224 1012.7034896374687 455.3650941000792 0.08797628432512283
227.8435637379886 452.3205277303002 249.70755813998863 467.1362714839079 0.08795342594385147
948.496246646064 474.60172672005154 966.6924691011438 497.85446303098604 0.0879330188035965
246.23739873472465 460.0877361235037 258.2389378730186 468.42135852396365 0.08785723149776459
843.8057693730791 457.56049500390253 851.8847559514385 466.02336835706785 0.08763640373945236
788.1879005853187 479.9286558056089 830.018708638505 525.8170044773561 0.0875464528799057
827.5903285326426 496.166556745952 846.0166198868701 518.2303407019185 0.08738734573125839
86.97367872367039 514.3317728929825 134.57701404603029 548.2099828444559 0.08695816248655319
676.3948210808616 435.93845635433263 761.7511180451536 506.69953685676603 0.08681076020002365
203.66426966897723 536.2779070638398 264.7862042331401 581.5022642524615 0.08670604974031448
970.0021217454398 524.7350430788083 997.481233089629 559.1109860482125 0.0866139605641365
278.33762789978573 455.8798198757231 287.34237672441225 464.8106553928457 0.08660052716732025
393.56265519240134 482.54462852272786 458.393393890039 545.2648134331662 0.08656302839517593
974.3040917475505 507.85086273207475 999.6350482788164 540.3893479029421 0.0864921510219574
-15.558094196023244 149.18579610528795 228.96532119911265 453.3337974541728 0.08647806197404861
863.4152524128432 545.7117596950454 874.942723114673 559.1176920471464 0.08640576899051666
907.9233827865938 615.7762166125256 991.8320720114152 689.0756961292094 0.08617942780256271
840.5093657945575 479.01580691341246 853.1424327812488 493.4048073922331 0.08584568649530411
875.47304049963 443.85664465965243 885.9015636006046 457.8916526311657 0.08581654727458954
961.2613664706805 427.9475155226722 1004.0074468160743 482.5293386977394 0.08555539697408676
78.87994587528073 403.442463855024 137.72544953368265 444.8015890883145 0.08546033501625061
875.2097706754489 582.1425683807034 887.5324672041113 597.9140047556164 0.085421621799469
874.2978385428406 567.4735213412538 889.7618455157647 588.1058239362374 0.08521825820207596
22.36270355774108 504.344426596266 66.49233955783293 552.5714988262984 0.08466019481420517
837.2820143967642 463.66827910005424 855.4847323112759 481.17803248281126 0.08458439260721207
162.86022439847272 389.7613613756286 199.28078714321381 420.68288961973195 0.08413738012313843
131.0803463703391 388.84515456762347 172.50105528045356 423.3347188665639 0.08405821025371552
224.15884583076968 438.62268957041 244.42501120185474 453.29357537266725 0.08403051644563675
1021.6748176978394 447.0064395725016 1053.2723163145633 489.262453295999 0.0840124636888504
1019.1612331847371 470.357157763472 1029.8194492872158 486.04390348100543 0.08390972763299942
273.21700938137906 404.38240989615605 281.38599272200236 414.3858165439986 0.08369728922843933
924.8299252632811 515.0138315932136 944.1956917781085 538.7730917776066 0.08348040282726288
921.6395868582795 454.9969475584778 931.2140827340654 467.98221798879143 0.08340267091989517
276.42000973286594 441.9255382531369 293.9832661963365 459.38186913566767 0.08323491364717484
284.6897656918988 487.1471836047673 329.00446608071377 525.9738701911995 0.08308102935552597
995.145719577102 483.56775305128747 1006.2013285340668 498.3235624085111 0.08299219608306885
937.0354665571626 445.5906173868281 946.5110716258579 457.97658532817655 0.08295013755559921
233.6375172455751 514.1449715434816 273.5245404088171 553.0515550649808 0.08268068730831146
283.81744812782034 419.2396639307943 299.55029464737146 436.4023775748523 0.08259915560483932
480.5479450070071 459.67803648425416 521.4095095256187 500.6689138196362 0.08228615671396255
228.43584643955245 380.7264385121841 456.28392716614394 614.1890572894571 0.08228331059217453
163.90498037227613 304.65188768660227 170.51405251335154 312.77000837398595 0.08222660422325134
804.2859933279154 493.37049925077315 845.3360515829929 539.7497708126898 0.08211242407560349
1013.1182149172935 531.2255814728186 1022.8922887256542 543.5992745697407 0.08209656178951263
957.0093388707354 435.994358095628 966.6486463930327 448.12520225765985 0.08202534168958664
902.0842907449738 543.6213824360781 916.5044966160145 560.6330640409979 0.08175843209028244
969.1921333606088 436.7992257601883 978.1934724915095 448.6562634838083 0.08168131113052368
948.8860331584737 415.6781518312412 960.9822666758655 431.23467151417935 0.08154046535491943
267.5417246280644 465.8783716324256 280.5301027652842 477.6476565174871 0.08134891092777252
855.7500953715522 647.4054228564895 923.6209292208996 702.6372555576951 0.08128421753644943
853.578742670801 455.2830833343068 866.4932135860256 467.39905028254066 0.0809992328286171
839.2907274403103 542.7111398274777 856.843169529107 562.1090838849365 0.0808263048529625
1014.5504033097084 506.19154885223253 1025.4344161575677 520.9139858762237 0.080660879611969
556.0182814307939 448.81146017505984 653.2775690187074 526.0765137254696 0.08042494207620621
993.5635393485212 498.85085062490515 1005.1188152104352 514.4769443833263 0.07971146702766418
882.707934656759 523.3098115289094 903.7773330976014 547.2179960012282 0.07948889583349228
689.7449431456567 589.223576354398 745.0017818936873 613.6667793842328 0.07936254143714905
83.64162952060545 500.75005016210184 99.66397252981858 513.8017812583448 0.07911153882741928
224.23679288466266 132.0094716641842 255.49488393945265 176.87229655253807 0.07851184159517288
266.2519706829305 403.32098589678895 282.05035366943616 421.48871414914436 0.07832551002502441
927.2956930777517 446.49151480220434 938.0193852348717 460.42050751358147 0.07830073684453964
878.1228824156613 549.4829080684306 892.7701729874408 568.3753727968879 0.0782073512673378
1002.4255056298907 459.48233124988127 1012.4281178883563 473.6940481621871 0.07811424881219864
21.77303444651005 279.6117984436957 110.22658601532261 367.43244225402225 0.0775974839925766
884.8540449025877 506.363348076909 898.8053036283247 523.3907795509604 0.07714412361383438
557.3315675636508 292.22562065467065 815.6460022141443 559.5743251791674 0.07706967741250992
842.6515607068839 500.50820449154514 854.4453451155483 516.9854054056614 0.07702752202749252
899.8149587447872 501.2425962376432 1204.7181877695987 851.3032121844409 0.07686403393745422
55.26511029910414 37.675922280481586 265.2783390318497 274.84639148398304 0.07674039900302887
872.2552625291439 410.1655079424508 914.6300813682653 460.2415655872629 0.07644948363304138
874.5707630682074 542.1656389906635 887.0825223879989 556.3513375348366 0.07630345970392227
1010.6293457617949 517.4479259859013 1021.273326587165 530.504618679955 0.07601431757211685
-73.3770251812443 518.1582708495712 191.08663643649373 812.2192698445557 0.0756586492061615
855.4880898710352 466.99012722739866 868.4689458375933 481.3848299200156 0.07558824867010117
939.2311939691394 426.6085510924794 949.5149137051407 440.87339955681534 0.0752333402633667
227.72812326961747 430.9311650347533 241.6334763015975 442.80202452303695 0.07473713159561157
960.5295948647774 386.4544775454689 1000.15366887145 433.7482454604728 0.07468939572572708
895.219715610109 515.3624735901365 906.3773409418366 529.2824640157737 0.07443033903837204
1002.2769335382562 453.34165471701215 1046.6531270368941 520.2433917953825 0.074379101395607
890.1148014119017 396.2069675710624 926.8889865158135 434.4217343369771 0.0735633447766304
954.9008505413029 544.6836269815457 992.5178380512921 590.0577312949224 0.07324803620576859
890.9511886900068 559.0663576260906 904.9543972860198 575.867637365637 0.07314012199640274
422.79137014928756 613.6067326959428 527.8357233972397 724.6189725045475 0.07312565296888351
756.5260401931391 126.36881752924532 988.2609858398745 379.39636996407233 0.07294165343046188
952.5451600185647 516.332101540702 977.4755864608172 545.6066116896616 0.07232704013586044
1020.7050160553493 509.0617323276066 1030.5902670232254 524.2152767399925 0.07206492871046066
802.3719258119443 431.1531306180954 1007.3771358398257 660.8951107464081 0.0717402920126915
838.7927047119047 513.2401576622719 851.2442644817462 528.8730821734449 0.07165274024009705
898.1277496605982 505.5463882662127 909.5414468629233 519.2591466261122 0.07131648808717728
460.869714265111 418.1876480387437 473.49971604177836 433.4478545156584 0.0707968920469284
903.2727117581147 450.3471263927921 912.4425358597862 462.9028017673007 0.07078826427459717
870.1122126498722 524.6328884707566 882.3129794140071 538.8687350785118 0.07040431350469589
926.7881300332106 485.82839861093663 939.5186314143385 500.975309822362 0.07024706900119781
919.9586498545312 439.58825088528926 929.7281821836265 452.63076466945836 0.0697489008307457
1044.140116552685 463.4073380096583 1090.770014770913 530.1864020494036 0.06956291198730469
254.4026257819908 480.0389327882018 266.3552268048579 490.61053882039636 0.06941451877355576
907.411671333129 439.6388120104701 916.0681404409013 450.9392061635721 0.06939675658941269
111.26715156188857 510.43409872547335 124.87058338581626 522.2479320871107 0.06916414946317673
795.6064901385597 411.4899563872619 848.1737899098263 465.9239040267685 0.06906765699386597
407.07915017917134 465.52111791988546 456.48825812071647 520.5660373025223 0.0688554048538208
781.2933924083263 678.9770284241519 852.5067563908206 734.0177079062111 0.06847547739744186
453.25101120032787 471.29275722230096 503.03631420931686 528.0397098403924 0.06838306784629822
494.50144971918184 386.0365259869956 542.6834396233492 439.9331883966827 0.06804905086755753
1025.873021488341 489.1466684897674 1039.0436589337662 507.6821963316181 0.06802623718976974
893.5923148245387 400.26433438688554 949.0193696996533 468.4317336172194 0.06790557503700256
996.7425160611157 525.8135293955751 1037.4002520816657 582.6113763073095 0.06789213418960571
261.1881957213478 428.6772238087474 273.87528351759966 442.4854567241407 0.06788085401058197
814.1859454011759 475.6685305795777 829.475564998054 492.19661746420206 0.06779175251722336
571.1785798184075 467.90057340659655 936.5735391459215 855.3405036248295 0.06760530173778534
269.8369469638269 87.75417552810552 564.9457489846726 398.93197375730585 0.06759796291589737
356.3773310293431 553.9819756127159 462.23485208949234 661.7959386954518 0.06756863743066788
428.5384177330032 356.0125691027303 435.8194430914641 364.33288896942975 0.06724032759666443
934.7693482238154 415.240181012133 946.2820791029907 429.82162612643475 0.06719683110713959
935.8379165687277 436.74685237731916 947.022391378677 450.7607833222222 0.06708114594221115
960.7740038567713 416.7093310665902 977.2810604720536 438.47666394324415 0.06703108549118042
474.39391501331716 499.4492326895365 493.736701482615 519.0960975846025 0.06702551245689392
1000.532403477775 517.1597869692228 1012.2796857273141 533.0850040067578 0.06631329655647278
850.9024784340511 519.2550581716251 863.9300908630327 536.0460766893355 0.06605535745620728
953.554420953487 236.92344152029847 1114.0446346265055 455.6579449564031 0.06474842131137848
959.5308369338584 406.51064563857693 967.9291583303082 415.89190315575013 0.06403127312660217
838.6547719507053 446.39245304621267 847.1669903190417 455.6975996655303 0.0639803484082222
834.4912606123585 455.0962023940678 845.7562968696036 467.308705879704 0.06261467188596725
945.5102450086139 -61.65078939336031 1131.1301986873018 147.27090262595064 0.06237169727683067
-4.0857066957537365 -3.125181329396617 8.470944026443723 10.044566422354084 0.061817992478609085
898.1598639211778 429.4287952938908 906.8172305709596 441.17916006199187 0.06172453612089157
289.97676082211564 302.08817522961016 412.03785173184156 413.46257682024765 0.06141705811023712
439.0869211819215 380.7237922443492 446.8107224609429 390.484335116565 0.06131024658679962
528.9575698029201 619.4431812852757 658.8695681768654 733.8280153412876 0.061023540794849396
912.1982283390065 431.0815931808027 922.0990579229699 444.91351394681845 0.06069781258702278
67.6131966251691 509.47956575548176 82.94357466712029 524.4130800242338 0.06068997457623482
975.4568176556187 423.33257875491967 986.2941800283503 436.86711364770736 0.05997244268655777
924.338471016401 426.455427673638 936.2947577287765 442.986949538259 0.05951686203479767
493.5549347224103 418.0818767867329 506.1914335661008 433.397286896214 0.05936635285615921
804.9454428405649 513.4635685963254 820.5422414792686 529.7313255586137 0.058944422751665115
820.127533492328 450.4613915968776 831.2677042032952 462.69663775210637 0.05879116430878639
-24.714264891331844 -37.813506274825265 96.90782841658365 94.47383907684592 0.05861379951238632
905.5484057120512 427.6089364668599 914.6817839769113 439.6796622501388 0.05859740823507309
838.3136684359057 364.08740416679603 894.2272131670877 431.1049252292709 0.05813101679086685
5.509028830825566 477.7318160910756 80.60414728213703 538.1766994497365 0.05781715735793114
426.6206064713181 390.5053873965324 436.37335336356057 403.06546725609377 0.057721495628356934
325.51561416276036 619.7684460347192 439.34842470927913 741.5571654227133 0.05663182586431503
526.4189994622687 27.372570610454837 737.782255544826 252.18844241570494 0.056303028017282486
895.611876857707 364.91834274374406 949.5762837580783 425.54406612291876 0.056202784180641174
839.9560046281409 302.21067054952925 884.0017578442188 352.1465905736543 0.05558574199676514
655.6811128759174 569.3334497159468 712.3214382309097 591.1371623648987 0.05551183968782425
-15.090253112084064 369.4658123696034 40.05315786756353 436.30965463981386 0.05550790950655937
829.1478686655655 446.04227824730884 839.7370953101401 457.8832572906515 0.05455303564667702
138.63514381101308 421.394196103441 148.59739789848487 431.9859097362843 0.05448896810412407
-110.88004209165034 -118.13250586632218 314.23124423967045 361.16745704649276 0.05437539517879486
535.2576325591598 353.6085119931416 593.9205712910207 410.61342676698155 0.05398743227124214
299.6050580216781 218.22837765026202 345.40556208997526 278.4820524496161 0.05261196941137314
