786.7101011651046 373.77928685440395 819.8246104794808 418.00435359988063 0.9999865293502808
465.94795824400774 399.5804358824778 484.7796973283483 422.76398392921686 0.9991425275802612
533.9032858385293 403.7821857878027 548.4667200239578 423.34497076405654 0.9990741014480591
826.7198181989482 390.21591405564345 852.8453315386206 423.8909023998562 0.9987781643867493
911.6574860861327 392.78679708604767 936.267747129489 418.9541120306197 0.9950358271598816
968.828806634408 392.4154821709596 982.0663321908526 410.75493650327803 0.9784526228904724
212.5500701654588 370.05270868976936 240.5328297574628 408.05674207510936 0.9660869240760803
439.47149789000036 395.7015747132211 447.4728217832483 405.41583266974084 0.9647548198699951
372.2796652491659 369.5233608727023 390.421263356504 390.9694327793625 0.9329380989074707
353.49581182365375 400.996943267533 358.476353355911 407.37058129832127 0.5752344131469727
653.7830125236503 401.3419047475136 659.5183427235127 409.45768814492584 0.5623497366905212
435.1545704374336 412.972228778433 447.35452232738027 429.56084540083395 0.4060255289077759
634.6579172660508 391.77935790285153 643.3687363034933 402.4105736111706 0.35705551505088806
668.322188761524 404.80059117675495 674.9069013739763 413.5255056854402 0.2380310595035553
943.275167014718 394.79080551556484 959.6040134952501 414.67553730673046 0.2180979996919632
332.45823614942555 405.9895986172684 336.88196551807846 411.68354662607504 0.2046816498041153
382.77947627286625 413.7368893052452 391.92651413441087 422.7967066879316 0.19688427448272705
421.1571733568128 401.5001708187319 426.62487467655114 409.2963978960708 0.1608445644378662
425.3972178533273 406.5982325494675 432.769871439822 417.3065993057252 0.1525866985321045
328.52692038535116 400.1796483586033 332.8185839892034 406.31051890773887 0.14325937628746033
651.4990841400012 408.0742933435712 660.502946155461 420.7865421436229 0.1345749795436859
157.29334691977937 368.9374522538224 173.9344000180863 388.9776239296588 0.1334349662065506
688.4211510555587 405.6673408738419 691.6869206010783 410.0681680737449 0.12977160513401031
984.775383919627 412.1386261138116 1010.6919424795266 445.569227314179 0.12976616621017456
338.5582419315477 406.9455231451835 342.5850329000382 412.2972062834852 0.12678569555282593
262.1274971908032 364.8870092872399 284.2042463744416 397.00732817602346 0.12471894174814224
179.493995294048 439.26983013159696 189.2679873370918 450.45337664884465 0.1243220716714859
960.1490562561647 423.35867324882463 980.0167756657381 448.9472248806088 0.12323342263698578
347.07060558897945 385.3519792842419 357.3935683060332 399.25484845401945 0.12175348401069641
378.4549828373162 417.24798389382386 394.86372667708247 439.4679341171037 0.12165375798940659
82.2152839748331 71.87791017166825 88.55790688765849 80.2310772923693 0.11938410252332687
85.4752274039456 64.62141536163037 90.12454028917726 71.04057986614896 0.11908766627311707
408.43202575799125 371.35156235719364 421.4622892374496 390.4023419106472 0.11861017346382141
215.6595042007987 402.4197574462273 242.5069661155778 437.34551987502874 0.11574547737836838
331.9474845589962 398.8785315392534 336.0672909948357 404.48578995231827 0.1151161938905716
169.42785725990376 441.1509613961413 180.6733557472848 454.03206180524853 0.11497291177511215
982.7235977759279 398.72467320023077 996.3449567259999 417.26038132708834 0.11330454051494598
1050.5624071662614 408.0025644631288 1075.3775924199135 443.716325606771 0.11304283142089844
336.1574124126202 403.0815045659399 340.35570332421514 408.64712227434813 0.1117338091135025
179.83130815508528 449.9742241143965 188.97606776889467 460.352450362756 0.11168260872364044
159.9585485084385 457.83589346553117 171.18281085624082 470.25445546192356 0.11160866916179657
430.69048210763236 383.3871596987496 441.9962194089045 397.2577908538625 0.11138691008090973
169.1367373879025 410.7011371724276 182.68866990228412 425.99426953697184 0.11066627502441406
327.0972281759376 393.93854664761017 331.60319149069215 400.2490692838571 0.10990913957357407
357.24024038641943 393.16860904839405 373.1860681401625 415.1293391191488 0.10983335226774216
342.1575373137408 391.9388222510157 349.0007405060965 402.20941490135357 0.10982910543680191
385.5450488570862 398.7063445703642 398.6236457262423 413.7459157193737 0.10969938337802887
88.37666236924576 62.24295290520297 97.39761855899462 75.34742051842035 0.10932470858097076
497.1729363013437 420.50687753906084 510.4586280556402 440.6258078158546 0.10924555361270905
65.75186789333179 70.9401248231338 69.71403458403333 76.54926443203887 0.10920490324497223
367.9823005524495 408.9378329848212 378.04067595353973 422.02773815465173 0.10916690528392792
68.36115422322284 63.71776031865375 76.05686759596587 75.42613701553695 0.1091369017958641
196.09578529663753 449.4946054399296 207.9949080173706 462.7130444310511 0.1084761843085289
446.51762144138854 400.2387165647213 455.1444260087488 411.28916936357973 0.10837166756391525
388.22417839268263 369.53905581810886 407.5103748927447 393.4787344838338 0.10835956782102585
371.187923655565 388.56723494247456 381.3698505382439 402.22480654524384 0.10794848203659058
235.00874850289398 355.85243350641673 259.2777222887809 385.87730671712126 0.10790348798036575
372.9341394042017 393.4486688381241 388.6865174671716 412.633806047897 0.10743768513202667
79.32731912406877 78.73468803613378 88.90627513763772 94.91670805105372 0.10741281509399414
320.25452379313293 398.67910144791347 325.25672858415294 405.9011167940628 0.10737580806016922
569.8614840266376 382.9823992217335 586.1350794161795 401.2913313972726 0.10734760761260986
190.01849985739656 435.1899333784839 225.20433818739562 479.84615285950224 0.10724575817584991
201.6709680116157 351.84960684018637 225.89309087023673 380.36457839411577 0.10719175636768341
347.04888321364785 406.59715023717985 351.54109903635236 412.54762023375326 0.10703957825899124
365.0756807170609 253.73011080589447 375.30336273296444 266.8584937745495 0.10696984082460403
634.990702823407 399.07116346809335 645.7250802033776 413.1523188743054 0.10696189850568771
63.534321490707306 79.70638274421673 150.76262182962705 182.30224823273386 0.10652628540992737
957.40900688897 394.0585163423175 970.2358121141588 409.8288979026878 0.10646343976259232
112.10839689002688 53.75764858472374 123.52214527809434 70.7119915169402 0.1062818169593811
410.92853480214524 390.28684575111424 425.2124609073374 408.66223372545204 0.10622914880514145
71.28699290589714 77.56575032803839 79.68305853706575 92.02796058905676 0.10618043690919876
702.0619289715183 400.89457472684984 707.2967596147603 408.8278481649123 0.1060677021741867
968.1495971260837 443.8743356207436 992.406351340497 474.3552697559793 0.10597909241914749
337.753682835581 400.1241458236856 342.1498954565028 406.12413386002646 0.10569043457508087
335.4183572340374 369.2342878488186 351.8846777374302 391.85599399926093 0.1056770384311676
930.8450439259884 365.9864277404695 941.9308402467313 379.88146588701846 0.10565014183521271
351.67692364062793 264.1172745681387 358.9763991958276 274.8659922763561 0.105622798204422
939.6239575450636 417.3100396425308 959.4303742895659 440.9920597870326 0.1056050956249237
335.8262217439201 391.11150941728874 342.36446911139114 399.9991003713362 0.10528768599033356
351.9514919410857 238.6793257034214 358.64890179083505 249.82512241164133 0.10519199818372726
157.5995524990753 448.5501919864501 166.93563411083957 458.49891352380234 0.10501618683338165
183.96301307698462 428.3100707373049 194.38353458355883 439.631203886962 0.1048305407166481
629.15771452231 403.2946339484996 639.3596313991326 417.789979037513 0.10438123345375061
399.75643880639257 388.8947829240821 411.7836177463352 404.8440460445635 0.1039629727602005
617.7215022217272 406.1062586798424 629.7261690031219 420.9336612468734 0.10385681688785553
350.3468453817033 408.96957535907575 365.27862963057987 431.1907658967582 0.10363887995481491
499.79193959903034 384.1974904476529 510.7114946281891 405.2291942310972 0.10327857732772827
947.1634826184469 445.5756144062545 973.7892498437678 479.06959786530655 0.1032354012131691
333.8591172858766 413.768283704292 343.33762236370535 427.116721761544 0.10322152078151703
415.6882149600286 401.0962378681139 421.2059723005495 408.34205890309204 0.10313261300325394
79.43233146152325 201.88095118246108 84.60700453201991 208.582353175406 0.10295559465885162
708.9137908776262 401.30103116853314 713.786119290733 408.55550655235334 0.10293212532997131
639.3492698819823 415.07396425156344 650.423454654545 428.0010692291827 0.1029164120554924
102.92250511765026 76.29787313954313 110.04905910189851 86.41212514861745 0.10289036482572556
353.5215164307908 229.2954730003038 358.11341140265256 236.2272982700742 0.10286322236061096
201.90092523995298 440.5890677117863 211.31600290337965 451.50326952759644 0.10279995948076248
790.7928389070272 182.79509271731828 856.0586591256655 271.8897692250906 0.10273529589176178
937.7669156271622 462.3240410699358 961.9838571376497 495.7244743905378 0.10268911719322205
91.98062343582808 102.35532169509953 107.40861567050774 124.45030419821803 0.10267389565706253
153.21327251898083 472.56375707284514 159.10514678283965 479.0208754827509 0.10263931751251221
166.7422751318096 425.12198667140876 180.87836912634458 441.62863569451764 0.1024874597787857
198.17325249454365 408.44749777789036 220.24716114517736 437.1421139755502 0.10226477682590485
143.58318162924897 407.08197435425546 160.98747604268354 428.28210505357583 0.10222245007753372
341.56081856170886 259.3514363258706 349.3475990488375 269.21668465992695 0.10219860076904297
353.0791415076897 248.64357533126565 358.89997186267 257.64248366064567 0.1021723523736
75.42865911254513 67.14343572039289 82.82613572769698 78.02575768062427 0.10216820240020752
214.56180858131592 445.59507653189553 261.9490525536574 507.8622854760871 0.10195193439722061
65.94509758569627 77.96395225002244 71.8987578282973 87.42106811518057 0.10192675143480301
147.73345177921428 129.41944070698403 186.4924519676115 176.98571398096183 0.10185078531503677
1025.7865303761002 400.1752567708082 1052.9495800287793 434.11579413941234 0.10179286450147629
362.11863811007936 232.17096087781619 367.6885325528274 241.02876267297046 0.10167864710092545
658.6011736919297 406.97886678548446 666.9199694956243 418.560837027445 0.10163906961679459
235.2868574007679 333.39185762579325 253.42519439857926 351.95504716230926 0.10162034630775452
88.89973117416059 70.57960557950435 97.65831769152803 82.76491969007057 0.10124248266220093
416.19987589093137 410.34356796852643 426.47085440438616 424.62337358081953 0.10116522014141083
398.1578565712063 408.03128781404394 406.3834349207141 418.1238587274393 0.10077895224094391
159.922713156226 435.6963074493784 168.75846597309658 446.99687905884434 0.10064759850502014
150.29520230134614 382.3844342539767 186.9616126169064 427.9826730353088 0.10062308609485626
287.1105352419527 390.1142632457744 297.86606028817727 405.46276611528486 0.10059590637683868
331.85115000054907 394.7040610647197 335.5886925077249 400.061712176288 0.10056056082248688
373.93334586743634 400.93042408218895 391.8425184446926 422.7754113952063 0.10054273903369904
92.16862566877774 83.21858162379911 100.49102531185568 95.79730285553013 0.10053116083145142
163.42711646812896 425.7589297731527 169.48196567117455 433.46622099237436 0.100507453083992
357.89334853782225 386.1553804181455 364.57368723804177 396.07097434893814 0.10047628730535507
946.2881730931286 388.00522113000034 954.1678371559659 397.7786252504571 0.10043070465326309
359.94381512277516 409.3835492108082 368.0243456238969 421.0648943050287 0.10042119771242142
364.45609303661854 384.18201895573014 372.39195552889953 394.87640959463744 0.10020402818918228
663.99839830319 411.6319249476468 673.2700910531981 424.8543958342567 0.10019427537918091
355.0216541254177 379.4030950886665 372.88457999128747 405.51170905493666 0.10010776668787003
687.692278650163 414.35547639032126 692.2352073814409 420.7478938452103 0.10007724165916443
1016.1873239740091 428.015935052787 1043.67468657069 460.23687496161426 0.09965671598911285
325.7896100388662 404.5537211462812 330.3881768753094 410.9402616705324 0.09941376000642776
355.8780884075942 374.7079373777026 368.78114361344973 391.2127143769873 0.09938440471887589
161.70086468523706 441.4273358437529 171.18606962537146 452.8042660192178 0.099345862865448
333.8049969306831 402.6328519467668 353.01698045986103 429.3726354863211 0.09914123266935349
403.7511824377197 410.5826237098666 415.83863676888683 427.00225429325906 0.09904227405786514
126.33469585835918 428.89130477783175 169.52591575274212 477.405284038688 0.09878858923912048
337.787805056637 241.9778795780563 345.79530474111675 253.39014561671922 0.09872423112392426
636.465469842704 423.7486230585289 644.2476747995465 432.74859562954555 0.09871271252632141
408.78387973541277 401.76273547575084 416.60685323968 412.28496627149127 0.09869220107793808
977.3522099411676 411.69260018242244 990.0638146166278 428.84790659448953 0.09853901714086533
159.74438067559737 441.1081268779989 186.81742701225033 473.6844595482674 0.09851968288421631
990.1173892539746 446.64284205049444 1012.291786166848 473.7472441590887 0.09845025092363358
389.8236080341458 411.78623953591904 402.87087226186776 427.18501912657183 0.09841933101415634
408.3238403517089 420.8114065342895 424.54225017307687 442.6073651131913 0.09839918464422226
704.4232183740321 397.697972614734 714.3094352420494 412.82820346847507 0.09831295907497406
84.21651227495025 53.656632959729606 93.19603370060739 66.31942155355318 0.09830544143915176
92.81295143106313 53.97825685298056 102.64859590030301 68.27629980372735 0.09830066561698914
344.4683273198905 375.52880053764386 351.7268593116503 385.57874087927155 0.09826922416687012
101.50253604714757 83.00479999329438 109.94035239149777 95.79106856180282 0.09821543842554092
1063.328755237355 412.9037504530761 1080.3903393323392 442.16838470775883 0.09821410477161407
664.4702965908734 403.1047474037945 670.0480270286945 410.9181745010413 0.09816401451826096
318.3431791809094 406.3659388147524 324.8953832313575 415.1225584240551 0.09807801991701126
420.40233271758274 385.0662638156435 430.2576343631378 399.1327502489853 0.0980152040719986
104.88386778157674 156.433375843823 171.3578841319841 234.87521338530857 0.0978543683886528
839.1700207877489 476.3447879147897 857.1349755289789 497.43960668410637 0.09778600931167603
343.7567159591791 249.95854908944523 352.96007821994016 262.63734756125893 0.09743492305278778
401.73678171647845 397.57677273012496 420.6586108585403 421.59980678610395 0.09714195132255554
342.50937576571243 410.68429854682444 348.77088495787757 418.77436515445714 0.0970858782529831
341.19880067785715 399.07468706681846 345.3918214991069 404.8501613221267 0.09693577885627747
172.75766078690503 448.8996598672707 183.62604956042682 461.0082506447527 0.09692780673503876
956.1729813139348 365.521445173651 984.0407876308209 399.85931426021114 0.09690596163272858
658.9926015558661 399.6724288688898 665.7122641353495 408.3637183671984 0.09689033031463623
323.5935951861612 385.08438170352343 331.5972015936341 396.56047770171733 0.09687738120555878
122.66870223635205 256.2262816176554 167.45044210810147 308.254538075818 0.09687549620866776
81.44117427313425 95.3585026552195 89.95512169130818 107.94899231052092 0.09685062617063522
178.30419596706525 425.4543031201433 186.95800251154756 436.0042590444005 0.0967160239815712
934.7248672098222 431.33562284998237 955.1679488819237 455.55738137417296 0.0967123731970787
82.98195276454908 415.07625726924243 102.7514612498933 438.101892173657 0.09668825566768646
1002.3996012938878 433.06574161956553 1024.2622803942272 461.56877517958804 0.09659607708454132
87.76815707953581 93.82609027678522 97.1868354872439 107.95416793119932 0.09656243771314621
357.67720094886397 259.7155874762167 364.2248621190977 268.8204954435686 0.09655873477458954
203.82194483597425 309.8619122363948 226.0161979364226 334.74471336451137 0.09651990979909897
600.5021156364116 415.36080647886246 617.4863971836097 439.0988243623504 0.09649863094091415
194.63340563954443 428.9534877988093 203.04337401755788 438.4843456797492 0.09649510681629181
984.9731304617102 369.93044994541117 1023.3936913017437 418.1164168729496 0.0963142067193985
110.58553828421196 83.32903002832532 125.78071922870942 105.81116776263949 0.09615262597799301
154.97905824527706 424.8347750966461 165.00037655552413 436.4433722766232 0.09606415778398514
186.59446124786206 400.4952801247278 203.3090229598394 421.98758597732666 0.09600963443517685
391.1840959568813 408.19077062873873 410.8910497763804 435.55790960613103 0.09595265984535217
409.6777680487726 384.5381055653598 417.1442007539005 394.4804825691781 0.09586980938911438
627.5644251955417 420.7365689166495 637.4538665400106 434.77748745295554 0.0957643985748291
78.01388180374065 56.59194088170424 86.9477910480739 69.54790582354653 0.09573859721422195
362.3772078722834 364.6415932456958 375.06468413212167 382.62366046201794 0.0956893116235733
193.09258094763368 418.3390731870887 202.425162922121 429.4666687105865 0.09568231552839279
991.3899249322674 383.7894425661081 1013.9524850691225 413.3939895008929 0.09564445912837982
690.9811233772848 412.4415062427244 695.5456272404763 419.3146233260212 0.0955757275223732
468.5581957012431 113.06439763145602 472.92607873270504 120.12892206204451 0.09547586739063263
358.255578990992 248.31747253358174 366.5216530157309 259.64561339538915 0.09543244540691376
1004.2398922667069 401.8522634484551 1028.4842560832624 433.7232330373035 0.0953652486205101
105.83985988806148 68.90359725831246 114.80575303038223 82.20687879480295 0.09525710344314575
399.364619756727 358.8151809223691 414.0186852430215 378.773541149836 0.09524477273225784
427.67288971271574 400.04841685727786 434.3121819542628 408.6979900405228 0.09520210325717926
475.39519148175714 99.00596712097692 481.4774301314442 108.84087799952162 0.09503532201051712
63.75451634685031 117.97988516029025 82.56756239460296 148.73711011814976 0.09499262273311615
342.74887375380115 419.19610815475653 351.63856251850893 433.2691787771385 0.09493570774793625
73.12370499731163 74.28822660587386 77.38856512870782 80.1294039051986 0.09478737413883209
176.9572707498705 435.9781251795299 183.920168460604 443.86777250633935 0.0947858989238739
343.0513332591966 232.774129676253 351.15141245017037 245.36913493917515 0.09475170075893402
350.12685033103554 373.7777456026658 359.63706908752204 386.89732315800416 0.0947195291519165
129.08670674447777 357.9614863192882 166.13163677025008 402.6111969250008 0.09467357397079468
371.2417099642178 243.59079615772825 377.89918015069276 251.63690034234065 0.09465828537940979
78.54325326728888 147.50434562556907 113.4816550487946 192.89796171769657 0.09463909268379211
297.5473567354325 385.9209968377855 311.41063703662405 405.1869943402651 0.09458661079406738
343.46946494878085 406.1335147195537 347.4331617990086 411.28080148029517 0.09448815882205963
432.4066779611776 400.3259331843872 438.72751299544973 408.19178428031427 0.09439458698034286
730.1578833906987 388.14525762965866 735.3643558021521 395.33889730552244 0.09431005269289017
60.271908992729124 105.28629988809911 72.92911854676272 128.55223069721117 0.09424378722906113
289.2051349436203 355.48268224921003 312.6272165088619 385.63360588888185 0.09418236464262009
26.95846459057398 58.45657574030839 100.5297013642526 153.66042394922582 0.09409196674823761
931.7409849465515 393.22919678784024 947.4920568832923 412.94702044474565 0.09405819326639175
103.77213938014206 62.223256747737274 112.27988491159991 74.59944671384473 0.09396476298570633
336.9396973363292 381.938249644932 344.2576049294519 391.93865056435226 0.09394639730453491
642.3997921572139 426.5089711095181 652.6632684050257 439.04371038326406 0.09380477666854858
66.04233978725547 205.41141692694967 90.26220970824207 241.11800635346899 0.09372290968894958
359.71651074621883 424.0698371835894 376.6475319846668 448.4630331902602 0.09371768683195114
339.53810910703874 410.50721378312437 343.7672659221028 416.35701012231505 0.09371074289083481
906.6123680343662 426.88205946334244 926.6345204102533 451.0856500034802 0.09364768862724304
359.1115126220046 399.18831348850426 364.2076577430616 406.12513889985127 0.0936049297451973
961.3082016735084 465.6154729901728 979.0332517733073 491.99139146975995 0.09357231855392456
751.0901564498519 527.4136952685426 758.6225940430256 535.6158847959028 0.09332314878702164
324.72872858074066 395.5515462098072 342.08532285086307 419.787122751772 0.09325449913740158
367.8459467342733 275.44651541472956 371.41904712274317 279.70859280025286 0.0931309387087822
195.85014074627512 372.58881089345886 216.3210464141836 399.89383906595526 0.09304752200841904
255.70005948911037 432.07126099040977 278.5456605070894 455.664158993375 0.09293253719806671
39.83658930659827 83.1236411232305 48.38736750012186 99.52449531493878 0.09282183647155762
99.61346803021348 115.58138390066809 115.5494969952971 136.20477466754028 0.09278879314661026
715.1272385376457 401.844915038748 719.5083774802207 409.02482937188194 0.09275942295789719
348.232204892856 399.97071868388554 353.07145198171935 406.52086920934505 0.09270859509706497
346.8660675345317 403.5434246110017 355.51310234058093 415.55531852438173 0.0926816388964653
613.3995594499394 415.3383607825301 641.5692895006123 450.39257858462025 0.09267349541187286
719.683141147219 395.5129081879409 722.557117890007 400.06317934874073 0.09266650676727295
361.0199216599253 275.9659382065757 364.66426821015494 280.44949202793345 0.0926566943526268
988.6606853421139 437.2224192690189 1004.7153770479764 454.94050280529245 0.09260924905538559
72.90251198068306 193.88630205897607 81.3787340672562 204.8686843828849 0.09257251024246216
680.7592777649423 404.9713499979264 684.9312833594817 411.03648723915813 0.09234708547592163
324.43272962847357 359.42415951277866 341.0483661203438 382.32441183428847 0.09231196343898773
205.05375277887825 430.99607579552156 214.49917571490516 442.5269326192308 0.09225424379110336
643.3612140199258 396.51740382273994 651.9826171428614 407.79371878554065 0.09214352816343307
72.43074461170586 104.29496112165292 81.01306972821705 117.59743477167815 0.09212753921747208
675.340925435329 408.83456630826157 682.2036444318122 419.056764531885 0.09208061546087265
223.01422943351793 341.3767818121895 244.4326950385254 364.9689899293981 0.09206099063158035
336.30434685693444 348.08867640308983 358.48821258521315 377.71687477088585 0.09205968677997589
671.8190506141987 411.61119618890154 679.3628421869579 423.1530087015261 0.09203512966632843
252.72617856913953 335.4697936014789 274.9147828506983 359.8197817984474 0.0919933021068573
352.2223042044626 354.8930331073017 370.15683269541904 378.7599825024247 0.09187610447406769
360.6087628381511 281.81881558724325 371.77735349118404 295.1284001152372 0.0918566957116127
593.2481250711122 405.2503755102109 608.0047934701443 423.91748437825146 0.09184273332357407
55.49287187787121 71.8188088975856 67.09239887912148 94.47218418598285 0.09182100743055344
375.8228413619682 233.7985841684229 384.30206882086065 245.23021880872182 0.09170056879520416
435.98871861279906 402.68852211605696 443.82179622087784 412.89501024939 0.09167197346687317
342.44718692946503 416.3243299270833 346.7572141124958 422.86155044248966 0.09164208918809891
151.58180409468542 438.2802152272824 217.59921661437224 524.5823837234697 0.09163521230220795
69.15675054163441 72.24265264140703 73.619744226393 78.43125350968651 0.09155692905187607
311.9620374449747 404.9254427642376 320.7209099562275 416.78159256136627 0.09148802608251572
72.55949130400457 381.77144990716846 104.97841416984916 419.97817897835483 0.09135252982378006
442.2792275890384 415.7774838325948 454.207961880609 431.4877142733547 0.09124945849180222
1014.4472018250788 449.9714644764054 1039.5225283660232 482.7810730315747 0.09107217937707901
1016.178681806535 401.2306911650278 1038.812259225699 432.153197895251 0.09099357575178146
182.90906198978854 417.20274588692246 193.66560643637143 429.3739486117773 0.09095904976129532
106.0904439081757 82.47665498929146 116.26771508170003 97.91599636392846 0.09087281674146652
203.68737471831497 625.1572002294931 287.8934462237465 718.0223618855766 0.09084124863147736
646.4308744260504 404.4716552040221 652.9868246799765 414.3168344846559 0.09076979756355286
1054.097046560322 367.18264575689966 1083.723647831481 412.979314364673 0.09074573963880539
89.83499210527867 134.11986708672407 118.97162530065835 167.4386265734067 0.09063240885734558
857.9241248894074 466.3256701928921 887.3489891983553 502.23879444090653 0.09060735255479813
337.60616491144617 396.5457642906472 349.32128017689485 411.9358440098492 0.09059292078018188
54.177561287420644 361.93282267268603 77.32514759147043 387.0748856145203 0.09057793766260147
684.1143524705442 413.74029962135023 688.2380644099746 419.65234573920486 0.09055809676647186
685.3486674935049 419.597199835371 690.4301074172351 426.7096065636602 0.09055664390325546
715.1870544476816 392.5737814047253 719.4500831291924 399.54474343550146 0.09051749855279922
882.0915557752649 450.7266361395871 897.9068634051849 469.23068745567633 0.09032486379146576
114.25480500876935 125.91960661067759 137.56139189478804 154.7113182257343 0.09024146944284439
954.4986642796279 361.3943581519616 969.737836310371 380.4647339341572 0.09020715951919556
0.1442279008313968 308.6120569136967 24.874526508501653 343.41451725923775 0.0901857540011406
387.58217775924095 346.1590052898843 405.34217354139395 365.72006737461726 0.09014073759317398
1031.809202798119 454.37552461856853 1066.6652766641248 501.3671525483568 0.09012699127197266
150.70189666381188 434.5523787800831 160.1638507834028 446.6406442225389 0.09003639221191406
883.5690865904539 425.84090752695715 903.1212684423535 449.4775098294984 0.0900026485323906
305.14379769449 402.09172348350205 343.70560839298327 452.8379218842193 0.08999691903591156
291.69587882933405 370.1862921998149 329.83207359456975 418.8960341680839 0.08998850733041763
316.42997267827616 398.46268437680317 320.6819576452394 405.06940228367375 0.08997825533151627
423.59015049932754 421.1291728552745 436.5372519560836 440.06228295578467 0.08993086218833923
382.8329894118444 384.295417323658 397.1696122045559 401.2706254024197 0.08989807218313217
960.2011408328002 490.72048329683787 989.0187941567665 526.0861805872997 0.08977694809436798
357.268818319251 396.1953275284717 362.92721885384896 404.34103689825326 0.08974025398492813
386.2731675055469 430.3500391421699 406.04384727897553 457.6916321902935 0.08970751613378525
441.85340597711297 404.3252526933101 451.77237177834536 416.79612626077096 0.0896807461977005
59.97147007652458 67.4448540677485 67.86345737281712 81.63281856748085 0.08965878188610077
328.09527879545493 397.0587982252967 336.8286858270907 408.77368180950157 0.08955272287130356
317.8243559196361 386.52318022639656 326.3747599954048 399.10150432558254 0.08948034048080444
170.11367243213675 462.20831852483633 181.39606900766566 474.7893449121918 0.08944559097290039
601.3436997394504 385.64942864765686 619.8691380837428 406.71299193588874 0.08932870626449585
353.9782199490231 259.4714947075017 358.9576635622687 266.31999217177884 0.08928288519382477
315.74265232017274 404.3854689833346 332.0349807740068 427.04158742024435 0.08926106244325638
330.32138948987483 392.8663319729562 334.2517078493727 398.5477617228611 0.0892164334654808
240.79209423370938 384.70345008297045 264.42335896082045 414.33768723306565 0.08913075923919678
264.95488337208053 392.3687542079937 283.36167267528594 415.8925366460602 0.08901062607765198
396.6810999580126 347.02623769248527 407.3823837155331 359.0160283103818 0.08898869156837463
365.2270335813381 239.2659073759955 371.88788326742207 248.234232367867 0.0889473557472229
705.5047054622606 393.5212648274047 709.0499683273663 398.6100024919618 0.08890478312969208
63.44631723420837 90.74002614388097 71.73218925227036 106.59280125586079 0.0888979509472847
979.3444698331874 373.912769832598 998.1235660175332 399.0446804250137 0.08885974436998367
839.7450811753665 421.5929359760689 861.2345907280805 448.5906343548505 0.08884847909212112
358.2043843828987 238.90106999709954 363.4679864996963 246.74537401899408 0.08884264528751373
700.8979579799196 414.04986330000605 705.3117710406319 420.66480587670276 0.08861393481492996
146.76625069877247 399.44238216901533 155.60410508354113 410.1935761934898 0.0885607972741127
104.32033256984758 382.9515207578622 140.08341269781218 423.2291528370226 0.08854907006025314
432.2350995702434 407.91332977175136 440.1347250467068 417.8381338703048 0.08850336074829102
181.3941521321896 351.9844767146599 210.6630570368724 386.4852574877951 0.08839717507362366
169.09422237495147 359.99584144867646 180.96481845513082 375.4272885696887 0.08836723864078522
328.80629595106626 425.01476504345607 347.34270308231805 452.0412148672993 0.08832428604364395
915.9193184483884 449.60333583005195 935.2795168957064 472.0234095812219 0.08831396698951721
652.7115555710853 418.77648930503716 660.6759014302517 429.4603667616774 0.08829153329133987
684.0218828456768 379.9050745368429 696.1876155735107 399.22880095569246 0.08822241425514221
98.21420116189256 52.52087431545545 107.99839899608376 67.00992288510307 0.08822207152843475
321.9888391776251 392.5432652126155 328.3331435978238 401.7654920216286 0.08820568770170212
960.3251654934486 407.0317348475858 975.292370414961 425.57292645251977 0.08813059329986572
1035.9825305862628 377.7880453968436 1062.5078798787445 411.2464716722333 0.08806640654802322
673.2043134001198 401.8089164616529 678.7118100398155 409.6904783927237 0.08782123029232025
614.9141901019274 359.524192945372 647.1264796093568 399.0600372888849 0.08764290809631348
254.08604298101557 403.99983099606084 283.46487206226726 443.4743252850204 0.08762737363576889
251.81409325949778 319.60491098491326 281.10089697262697 351.49397784229797 0.08760754764080048
931.392081520139 382.1614388689434 947.1055068928462 402.27206932566014 0.08760135620832443
973.4715898009241 422.5139168098618 988.8997095104461 442.6419951824477 0.08729185909032822
895.9136668174716 467.0091136967793 919.8919112677279 498.7875556722562 0.08704601228237152
454.38452632402397 398.7583926219198 465.1537765782959 413.88884062078 0.08701830357313156
683.867927012592 404.022608333835 687.7890236198552 409.6045001167807 0.08685671538114548
345.7256056054823 438.40872031881975 365.9598697395881 468.98608545161505 0.08679001778364182
345.10141495544934 230.20792790031447 349.07934437783916 236.12430092411884 0.08668410778045654
686.2276887735709 408.3789449425523 690.4270771984551 414.40273647308135 0.08663927018642426
568.3616207868337 415.8233652166137 589.7942076955849 445.82889709005946 0.08661431074142456
91.69271393269173 187.50147385380853 124.08718631861713 231.9806393410448 0.0865824967622757
303.8964238544516 375.078705147452 326.31601506138855 403.9077162439404 0.08646249771118164
982.6135667801884 356.01132460112785 1005.8825076421788 385.954404542012 0.0863448828458786
678.679677581971 406.27420995558987 683.1417323886982 412.91233788997636 0.08626151829957962
366.2391822039996 312.6191980130078 394.02975365572854 346.18670905194307 0.08612488955259323
173.7572244224015 343.0877017980772 198.33756600890322 372.724711440995 0.08610241115093231
1058.8267941075183 394.2988267693026 1070.0653456076159 413.89632236415133 0.08607947826385498
379.0343300554534 345.7012920498026 392.976220509014 360.1845377085004 0.08606313169002533
388.0632679156397 416.0907122655004 423.3419597642584 462.32592672833766 0.08602714538574219
656.7499618015396 425.9694896012666 663.1877292579492 433.8849879912183 0.08590655773878098
705.9914530074146 413.6417928881633 711.0172733521717 420.65258820121625 0.08579915016889572
290.75899583226266 430.368779430341 329.8157863712753 481.7390863259249 0.08565948158502579
368.85424941891966 354.0810130294337 384.5610727277893 372.3228796850104 0.08551140874624252
638.9626470624858 370.4031912133948 662.2537754205575 401.12392990690483 0.08544859290122986
994.587765711019 459.1235572857996 1018.9427530135202 493.76206431263233 0.08529854565858841
198.28260819846207 331.8260468648997 219.59152753715017 355.4636112037433 0.0852808803319931
21.836837183951797 124.01785435796923 44.65067426470235 168.8926563044549 0.08516717702150345
844.1000200612991 444.1245674618005 862.456121872475 464.7894782520343 0.08513011783361435
312.4554294658969 416.66363259690326 331.8541362473756 443.9774707769509 0.08510788530111313
281.5441960753621 400.49626690627207 304.4644443489696 431.6136770186908 0.08507150411605835
375.43948659515587 413.8163780555278 382.93356066826465 422.6733382000889 0.08493194729089737
586.3538154742606 402.2007716966642 597.6402459666061 415.7960504876792 0.08486673980951309
899.5784933410335 434.0466805061094 920.8886390711743 459.2738646763915 0.08453216403722763
510.5955294284153 380.1796526412288 522.9688015220132 400.27233228031344 0.08439872413873672
176.13441244862523 377.52894839667454 195.2115031342951 402.99416916050404 0.0843963548541069
401.43404233735885 426.35558868537515 419.84067717935653 451.3591164482691 0.08421152830123901
987.5049901839308 466.44197707707957 1022.6483655429329 512.3981508759657 0.08397936820983887
218.77412656160666 309.38230318478526 246.69732589600778 341.9087080395338 0.08391298353672028
408.0603317474553 342.0144734993794 430.0028315650946 370.33336924956564 0.08390259742736816
220.02457249128696 345.79661438818897 243.04116297901015 373.9856019720665 0.08378835022449493
307.3272819876861 437.4952182789801 327.3520111195533 464.44023474298035 0.08360637724399567
941.3673394700465 361.2799201564895 957.6297316325154 380.75641964189197 0.08355484157800674
313.9048384926867 356.2923811007234 332.27402343560027 382.00102818229936 0.08344551920890808
319.04470047986666 371.51884371040194 330.89010231714514 389.2472181025779 0.08324478566646576
603.2894801276707 376.1074360877971 634.4958886988248 410.63378078995953 0.08320089429616928
922.8282678583807 430.29534347889484 940.7990842875652 449.6978532668237 0.08315306156873703
191.161961583622 385.1862699183735 217.98800710320498 419.492951689068 0.0830833688378334
914.9361392980751 465.7347506820549 942.1736616425877 500.0985232664294 0.0830487459897995
955.2629189070351 387.80667302710333 966.1705052708128 400.7851577947723 0.0830339640378952
141.39972998153382 383.56576945426497 167.2623540718556 414.4847452619499 0.08301641792058945
636.2123459689481 411.96017913236847 656.8602669346614 434.9025971767538 0.08295939117670059
104.51518419533744 354.03156548719215 140.10984672629408 394.51310184676964 0.08294368535280228
681.8296448215646 408.47156804597637 686.975076043777 416.15470989033923 0.08291565626859665
697.5340900585213 402.8190122424118 702.6459375894643 410.0795825358748 0.08285736292600632
868.8025788659342 441.18430533715724 882.9142471072993 458.52227802294146 0.08273523300886154
686.028877952299 423.42991273914305 692.8314032069512 433.1013672219088 0.08262793719768524
1008.9759253537948 360.96910491880635 1036.0030592612786 397.1649642388782 0.082441046833992
687.0452807345364 397.67465590916305 693.115286340676 407.2327318495239 0.08218905329704285
327.47275438558074 316.76243435008263 346.00491528677316 339.89595259417473 0.08213422447443008
563.5837907281332 151.54675531558732 578.0004558296587 175.54203686400683 0.08177176117897034
933.1926817434253 450.7527644208584 951.8275146688796 473.83864274487144 0.0817294716835022
246.61749160679827 359.7995410155762 269.4508319033946 389.6287520920741 0.08169382065534592
430.03841059101893 428.9007539980178 443.0526725219774 448.39269156907164 0.08159246295690536
1046.8426244280377 430.60191859042374 1077.8108504495244 478.71402452264493 0.08158233016729355
566.5483902264873 66.39512287833253 576.8796317000638 86.23076010648714 0.08154836297035217
691.8474757659582 403.916669807344 697.5330000572535 412.2715407451127 0.0814659371972084
668.6246400080787 391.6803072151613 678.5040836267802 405.6291694907157 0.08145684748888016
82.29376243421298 264.59095416204525 106.2037281624922 291.61125679596756 0.08141442388296127
48.99680463936908 70.8940783684775 58.8310046824963 92.12556202317546 0.08140262216329575
328.7198733121202 384.5713915707373 336.07376922377574 395.5646080977007 0.08119885623455048
862.7974107769033 458.83250057965654 877.3883200877261 474.5659817505762 0.08100861310958862
168.48777060854002 284.5091765081803 201.32946779004013 323.53972850654793 0.08089108020067215
95.14780212198563 397.9688370267418 136.73819919193505 439.3285629525459 0.0808117613196373
657.9780666905048 390.6485201951766 667.5164270965662 403.22272634741125 0.08078520745038986
79.35605844220241 71.88027976467717 103.90302899391583 120.40680948040007 0.08065616339445114
420.22865402824726 444.8413385935972 453.7918222468039 494.9093298269548 0.08064079284667969
341.2579212625884 313.0517091864583 368.17768078802266 346.9904866614161 0.0803336501121521
368.7905719219701 272.28810293126594 379.06809870941424 284.34342043077413 0.08028414845466614
300.6589298946238 408.47199478733575 315.532749903709 430.4227382445643 0.08021772652864456
928.66361242425 411.1702627270561 947.0495003880936 432.0163463081171 0.0801391452550888
687.1995386754612 386.1713541011357 690.9941139918196 392.2536742688847 0.08011441677808762
348.33958930375917 373.9741664568095 392.2501112405929 436.57210442045516 0.07992026209831238
43.72732963480338 109.2014288574302 64.4870771980785 160.12903378145006 0.0799165666103363
864.4938834193624 418.18920827277503 884.801660728316 443.95858123499664 0.07988348603248596
675.198099802133 421.2955877317084 684.8322357028109 435.70668372672066 0.07979686558246613
355.47041052897606 326.2909736105662 371.908295331085 346.3928148479333 0.07976947724819183
341.0808422402169 426.87983671354624 357.66478125199177 450.9665912015102 0.07975946366786957
997.4381870658833 486.0562790161686 1042.0386711448518 543.7276699086541 0.07971823960542679
949.5148268672503 379.0666120504147 961.0477125482053 393.45976312445816 0.07964742928743362
712.2710616993434 419.97812748836975 721.0688828046568 431.80345415736 0.0796237364411354
329.96419928000194 248.47909555985737 340.36304431771873 262.718957891732 0.0795816108584404
681.4686135339176 418.3719252491104 686.1091170933681 425.20327877740164 0.0795118510723114
182.14791898021622 317.1814115298981 203.50124897306605 344.28080014382454 0.07947511970996857
445.62320331093974 386.7502299405014 455.39049474146594 400.26580063197446 0.07944104075431824
1028.6325714471443 363.5147899675065 1053.047140093025 396.2468107189324 0.07940990477800369
306.6523877565588 334.5993721480403 328.8181119788814 364.4068393222058 0.0793306827545166
63.79312224505297 54.22802404874998 74.8347952288954 72.5847483641073 0.07926204055547714
198.21323287369125 357.46784956157137 213.31050673366812 376.4681722895579 0.07922868430614471
127.8191162803661 322.80806270353787 160.75952030772248 364.27654689461195 0.07921084016561508
418.82703738520644 363.8710102122826 431.509931040271 380.42567961693226 0.07901106029748917
701.4406594758084 423.25193826502823 705.3948981419137 428.95803421954867 0.07900984585285187
367.20366109925374 443.6674579326907 390.36002647400386 478.9882257379345 0.07883833348751068
693.07761567028 425.7062213687008 698.9677466710932 433.84242697352255 0.07880111038684845
426.4543158162088 370.9545533405223 438.42519806196856 386.85699345461416 0.07860247790813446
85.17872599840533 184.75293612964373 96.90896687365147 199.63892731574293 0.07855444401502609
153.00665614531846 302.40661159735504 176.35990067186162 335.4559135607238 0.07835746556520462
87.33892609166925 218.00677709802443 120.67377094247472 262.60844830318575 0.078213170170784
976.9482296021705 324.02781842011245 1016.7190318591205 373.0710471291999 0.07820364087820053
661.6609839562929 381.7816756380827 689.146980831281 420.6047488428626 0.07818079739809036
711.650074830666 386.70350635644905 717.4893356809229 396.06332224226475 0.07812821865081787
283.98596821298736 373.71446703946555 296.3102092061378 391.52104203557576 0.07808303833007812
51.0506169258808 91.44471104677179 60.53584041983837 112.22451781856303 0.07805846631526947
667.2707764471546 422.4536907035998 676.6162712028025 436.2123767504094 0.0778612419962883
222.21904716431743 405.0742424433929 257.7916727739012 447.6364139417329 0.07776560634374619
653.7349338809588 394.2266232146487 662.0643558189972 403.70829016629233 0.0775659903883934
968.3166123723589 350.94726040620327 988.4461398871109 376.0203530011991 0.07747063040733337
665.657138013558 397.8262044696751 672.0621950630731 406.0009798926881 0.07746202498674393
444.2760635226376 389.70109446341627 451.26481931005435 398.80331580051893 0.07739008218050003
441.64848124508603 431.85009089303287 460.53121626688727 455.1103154075893 0.07738910615444183
291.8268880205386 417.90988813334957 308.599656360862 443.4431543427372 0.07723447680473328
521.4770800297904 404.70219051249705 533.3384218326622 422.9811437832469 0.07723411172628403
178.35523996287353 427.2194632136444 200.0947129278434 450.93276984021156 0.07716210931539536
898.1393107573577 450.6067275421947 913.0706885167306 468.1699762187548 0.07709380239248276
286.70012289005416 325.63848651237225 313.7187244531932 360.3661830705719 0.07701409608125687
274.2060294563533 315.5262353971548 296.77933573300794 339.32793891056167 0.07699112594127655
57.861120861716444 297.58105456465853 92.30109100203678 344.7312889700802 0.07695968449115753
83.32297402885735 196.40307375381911 89.84567070561788 205.4853557157317 0.07685939222574234
113.1915232378098 181.09999226971888 125.02411702240624 196.31861454991605 0.07685748487710953
974.5045461822741 464.01963178085333 996.4159722247305 493.11728208696434 0.07680773735046387
878.8039193911771 465.67204775729255 893.3062522059045 482.97057692866275 0.07678825408220291
353.76028364593213 420.7445213302563 363.75812569237524 435.15270868133604 0.07678308337926865
295.5157031679812 379.1330923949351 305.2703138563332 391.8306022051328 0.07676611840724945
695.84969816987 408.9981150499132 702.3954718647451 418.70027986157197 0.07672129571437836
140.66198713432377 183.11734363841805 168.1265959099804 219.23935944963569 0.076673723757267
897.1302969988135 403.4554869112899 916.3965535772458 429.3093804740762 0.07662735879421234
700.1317116708746 396.98894642112026 704.1563909252816 403.0947082062566 0.07660645246505737
31.152069721711836 308.37810494901316 74.99618330791573 371.1595789708065 0.07659245282411575
30.259833563281514 78.8881634160381 50.040011663460085 127.80613386865559 0.07652014493942261
324.8886973581509 324.7544305186224 349.2961316875198 357.8575379598775 0.07651720196008682
157.26159840804624 329.94968315468424 179.1764995893223 358.9122523947208 0.07645651698112488
90.65420565794375 310.69455719734594 128.30878243599443 358.2782795819069 0.07642683386802673
49.34186968239242 180.657532435721 74.8009150791149 215.49075130300955 0.07641326636075974
709.4308173740377 384.8103122814399 713.4449289849877 390.8378543344969 0.07637067139148712
508.5451694905491 399.28408312133035 519.4485145935074 417.567112536326 0.07617003470659256
395.40054353738185 389.1577884464979 407.80141175220405 404.7762987039297 0.07611700147390366
500.39394671930336 356.5278389040683 508.5051515414303 367.3936121053835 0.07604557275772095
650.6329505015079 394.0719615647884 658.4121536859279 403.00405182952295 0.07602836936712265
64.64813916553119 168.95942934659533 95.61400893701592 213.549087120186 0.07593920826911926
676.4138246910205 400.5395163696804 681.3612776645732 407.54648296987716 0.07593531906604767
483.0035748201431 397.40040614996815 494.0993729346428 415.20671279970674 0.07580802589654922
813.7577011855192 418.0435905342595 839.8930386091976 451.83349124918857 0.07575858384370804
312.36373107153906 400.3988251111337 322.0168058456088 413.9880111885159 0.07574708759784698
432.7994092051418 395.30185170448084 439.02572352906105 403.25828919016107 0.07554718106985092
281.9729003056861 302.6696774649109 360.5489053079094 396.2361376833152 0.07537539303302765
567.331541173772 402.59334395597926 580.2168438531062 417.8394527383203 0.07536827772855759
418.75401488792795 436.97597920895623 432.89124996362693 457.4677384607283 0.07536353170871735
492.1784962122155 380.07499070859825 502.1605488817171 397.0030704485857 0.07522249221801758
242.5544560964044 343.56066740276657 260.7188435691821 363.84058565348056 0.07509990781545639
247.1108371790573 304.32476701900464 277.58547659943576 335.9888815120823 0.07506713271141052
1057.1735798198808 379.2355843328062 1066.9383685512332 397.2795287879048 0.074739471077919
254.17869109797903 431.8098796608151 286.8855615770212 472.7233810313136 0.07457932084798813
755.5394584421415 372.70935802223335 783.8498417706804 409.9744206996113 0.07450362294912338
173.31506451026377 416.33206793808796 244.39785164334833 512.3190260447359 0.07441644370555878
419.8684835000281 362.37115969385343 455.1553159900457 411.19754392121007 0.07437720894813538
74.86121462128901 353.19224022962334 113.40431802541171 394.3581979789754 0.0743383914232254
227.04488859795424 332.4940835792036 237.52240575615033 343.66261366454034 0.07431642711162567
67.36235735225057 195.08042464854498 75.42381928646192 205.61196895354968 0.07413575798273087
373.4863533168191 327.57546027250055 395.0216782656719 353.26194293496553 0.07404956221580505
930.4032494048596 309.37306474668577 976.3053202071734 365.6064857253804 0.07399202138185501
521.1358087918896 362.00581206366087 595.4931070332183 459.90467999454745 0.0739661380648613
961.7341737830789 386.96965123794075 972.7683786664501 399.89974663108944 0.07391653209924698
632.927121797345 405.7903049731329 643.9952683511814 420.556405437555 0.07376550883054733
539.7268387401423 425.02520122331896 552.1197970690413 442.038958919115 0.07372437417507172
465.558043556215 381.780920720614 480.08018123364826 399.82344570523907 0.07371244579553604
116.85537863148072 123.01908181323473 150.4384069537294 164.40247250258196 0.07362833619117737
293.63982140978663 304.15044257678727 321.25400809871866 336.61136342735904 0.07360587269067764
91.43968066075638 409.2069683812564 114.82459093874985 437.10910873170104 0.07358396053314209
450.75548303248013 410.7012371654479 461.28840389312785 425.67459537439 0.0734972432255745
691.9146542753621 419.8826724492373 697.0630572449419 427.3289679646934 0.07349415123462677
932.5197163726141 492.4771276828006 960.1904597235804 530.2025798129345 0.07341428101062775
913.3434901912944 372.27811636748356 934.2824137806765 395.48954660944474 0.07321321964263916
353.43683535372287 263.112211520168 394.0453535751588 312.5150920585547 0.0731469988822937
526.5377250788819 335.35464837987877 576.6217093809153 404.96403822200756 0.0729261264204979
1066.4119776385835 441.2525938454556 1086.1469423834974 475.41889663366237 0.07292130589485168
15.896104761469918 240.44901949068094 92.01839942530869 349.4300209643496 0.07290656864643097
524.3062272841632 381.3752478701386 535.0044832923961 397.902321974336 0.07287346571683884
423.458672707905 394.7301208202742 429.424888895689 403.2955785405332 0.0728532150387764
954.2687039928841 500.0739445924782 965.8338483226513 515.5900700214273 0.0728389248251915
878.9011677079269 395.65904385987244 899.1583218942733 421.9208076335376 0.0728224366903305
268.44628510249663 333.54567384912883 295.9068486544547 368.7387462979906 0.07281962037086487
194.24278124723978 417.64752816290485 218.28158378685407 447.4197121177964 0.07279666513204575
700.7936155479701 407.91763374975636 708.1554642672343 419.4977151534379 0.072754867374897
427.0730025075699 342.8726076950522 448.3933430110169 370.5877267590906 0.07270559668540955
871.4565642479351 264.7797696731145 895.7171095375763 293.19557031081945 0.07259617745876312
633.7228926309124 64.03134039276193 642.3697720390882 74.08173310144225 0.07254885882139206
883.2042682953485 488.51545122781204 919.9914077399577 535.2797309501776 0.0725007951259613
15.463150021180986 222.72543476291975 60.67518669656756 283.3550041965421 0.07239077985286713
146.4450818406937 216.7945828674727 172.0158006967106 251.62529666513183 0.07224898040294647
114.34524467244376 212.76137296407902 140.52699571251603 247.94163007118237 0.0721496045589447
437.612725067588 344.2812222381678 476.0518931683839 399.0622540246416 0.07214650511741638
660.124750083236 422.0235078319169 669.3091273243148 435.11472490704296 0.07211589068174362
918.9055204500679 361.7516800858962 1003.6747776385032 465.76843524956837 0.07208772003650665
855.7498672929509 429.44437161616884 871.6928082756807 447.14943254105674 0.07198084890842438
1.2022531987117757 253.45272327577473 31.602643600138656 294.68344701123465 0.07169363647699356
564.1239282320751 421.7089775185991 575.1900660344313 438.76874283990696 0.07163900136947632
543.720095225456 391.9847850732725 554.5422675218648 408.350210157828 0.07158593833446503
651.4416957007163 422.7465328138366 679.9013932706106 463.9477719502507 0.07153262197971344
492.45335160965755 401.4080686043511 503.5665166938473 418.28384152395677 0.07147250324487686
309.1476455157346 363.43540785295306 323.9689864781356 384.2701280534073 0.07141322642564774
384.07380111350403 322.26500825939917 457.22167102675644 415.63924767764183 0.0712786316871643
542.9283645737487 433.2430845419447 555.8903058248961 455.24405070691574 0.07112550735473633
451.45941049433765 304.1166926464571 526.2505972976915 399.44250955890317 0.07096901535987854
846.993047297905 489.3202428117148 878.7704642583477 527.2288461204646 0.0708780586719513
32.680619717416945 147.86411771699767 71.22282536250131 207.64407241672163 0.07084642350673676
457.81741515181 418.1931348796024 471.42790643399366 436.1941978830481 0.07071448117494583
574.3419953003746 368.1170563883332 604.8988618768816 408.7206165136885 0.07067839801311493
913.0609892396003 336.03852292969606 944.0581263096823 372.6046647975926 0.07057031989097595
472.55937653558647 359.51522858808556 508.1143234691721 412.02196911012686 0.07049362361431122
1011.4177203095763 327.655905282986 1050.4293304793812 380.41011410989273 0.0703875944018364
17.651884153991716 340.4113529552201 50.227549519144766 384.2894083253774 0.07038374245166779
190.10539556759005 277.9306015343486 228.89009360778797 319.8131847402731 0.07033228129148483
397.6599798391476 447.09112484263284 415.4443235762836 471.6239452924183 0.07029541581869125
903.0926620030455 389.348477514795 916.9319005310243 409.80457827690327 0.07019689679145813
776.2945095851844 398.39596131680366 801.0503593011397 432.7461689502222 0.07016358524560928
481.7850141784354 401.3121086465985 525.3076476194618 469.82658736006874 0.06995099782943726
629.4838755122031 45.07400491616341 639.2217926713795 56.87129092919003 0.06994778662919998
152.79506040610778 456.3180403550505 174.64015535463096 483.51242884978774 0.06994418054819107
187.996812785182 379.3869870162991 205.02171562693783 399.87702562199536 0.06986250728368759
506.53508753572925 415.0726622398171 516.861177646602 432.51515754620476 0.06983865797519684
408.82397244301177 347.4970790413113 418.27389705117423 357.80648659075536 0.06937482953071594
48.87999101992 394.6615675448001 88.9292337454828 441.8832830345207 0.06932979822158813
78.73949872428162 281.14261977380556 104.20112812138412 314.51608116785445 0.06881098449230194
1011.1367685002397 282.6185200256961 1068.4521231170274 354.838094303593 0.068751260638237
52.2898341824432 378.8387096879047 85.47872189662607 413.9541158738182 0.06837636977434158
284.0551717344973 274.5374239853565 320.8638234003094 312.7623233916747 0.06832274049520493
82.31667009664322 245.40303309012916 122.36669948438042 295.53754486497684 0.06829211860895157
1037.960857643254 315.51120101929257 1083.8581597992356 379.2500477729181 0.06810194998979568
437.23480531855483 363.2248490133707 449.33530133746143 379.0369653908682 0.06736907362937927
850.5652459232459 312.13083942002714 886.6572202920559 360.5877667636556 0.06720814853906631
479.90816436340924 362.08551954047226 491.71478559379807 377.63814196807317 0.06718982756137848
956.7311727201865 509.5922395439339 1001.7042479054032 568.6263582432614 0.06702852249145508
835.4202368051766 417.74021819215375 1211.1405915165335 862.5930987385573 0.06702530384063721
554.2963570364678 412.01666101741864 565.6986610703823 429.63702686857147 0.06702294945716858
773.0763672833211 379.1528383044865 877.6527371080308 515.1781939073009 0.06697192788124084
204.4061299975088 273.5697848155115 243.6582918332666 316.2315894362514 0.06695106625556946
565.1148554231697 446.23862172475157 574.9637971912983 462.4403834961689 0.06676890701055527
514.1502290600008 369.2329532602909 524.8067747795825 384.8970933487275 0.06674616038799286
954.7765255595959 478.1755854164082 969.6959910186497 498.68237555475065 0.066681407392025
164.0072607303657 177.2287809846317 202.11944974156464 227.62611962319846 0.06653017550706863
732.4994256237302 402.1885638384006 740.4682392038056 413.6746792882691 0.06639306992292404
59.065440483261085 241.13024745681 91.11624270757147 284.2556810897935 0.06633918732404709
884.6193870865111 413.04813775023194 900.2581393321012 431.60880095864644 0.0662415623664856
574.6837671122858 279.10582550271874 656.3230447494981 374.2233024332433 0.06584291160106659
72.29541791728303 331.5102291642774 100.11472613326109 368.6225142283336 0.06583074480295181
578.9266040041103 373.54864291651273 631.9245085395756 439.0239954659276 0.06579545140266418
909.9973512318695 485.1255508258659 936.9944990093511 520.48535630977 0.0656244084239006
-9.716981187505827 331.4131874395405 25.475692669445813 382.99142104091374 0.06558601558208466
582.676360641092 425.61657754198825 607.2966906142127 458.1280205252163 0.06551800668239594
81.44580587184929 402.9316511188812 86.33877247443678 408.7943146845725 0.06536877900362015
727.8318777674333 412.0341880056115 737.4334968529251 426.3703714346287 0.06523396819829941
-5.618810196339707 377.849152476459 26.874427225995912 422.1696432727471 0.06493701785802841
821.7215076174336 338.1324771627706 852.7492571041056 379.9641439695357 0.06490658223628998
315.9565048053281 556.2308992897114 400.9794731187047 662.0808647695269 0.06488441675901413
521.3058305995594 364.89315564373123 530.2924461941702 378.28205207443693 0.064804308116436
692.5533818395272 371.8819988163555 738.2204020329092 429.4915723793534 0.06475815922021866
534.4052936788191 372.14246202802946 543.8623952738419 387.97618949229604 0.06446950137615204
487.0650023738107 332.7714859038329 495.3699100307532 342.11605901230575 0.06440243124961853
393.3170845358463 236.47355059057662 474.5115907543498 335.22874386697583 0.06423048675060272
885.257399648958 318.24243510669345 921.2255700817213 364.2792192548782 0.06399758905172348
478.5773688307895 267.05184500513644 527.9755383205446 329.2700438715318 0.06370484828948975
29.695549615620358 57.58080150156732 440.4237546644881 564.4145829605852 0.06349273771047592
515.3807528968797 400.00749846558665 553.559322962216 458.7878398132832 0.06343726068735123
402.6834403536495 546.5040242866471 496.2910360428998 663.6340983437867 0.06303183734416962
526.0111335427137 357.58606350151024 535.1667078947107 369.7010648595858 0.06285034865140915
632.3723212652691 382.7728193284364 641.9649245857973 393.6357364786436 0.06262701749801636
481.1175984324491 412.5435996675462 493.5083720374245 432.8591395332262 0.06222546845674515
555.3163119904495 385.3885030700748 568.3264433183879 403.08788385015055 0.06198243051767349
-59.105218754437615 566.3666703657918 126.92612498917792 790.9554749237535 0.061917271465063095
570.222241319072 367.41030713791696 583.862289395121 382.55046919289657 0.06188090890645981
57.05876570141861 442.9288739719273 172.58301762871974 579.2147680452794 0.061628829687833786
406.57083578670546 417.5650442720864 520.9438559090378 561.4191822368932 0.06160616874694824
481.7176595326343 351.1719741337884 491.6317494363757 363.78268779528304 0.061517491936683655
205.9671537008608 227.47433474481036 246.71106411516942 276.83676175042353 0.06145520508289337
718.0204060823542 379.98666261186406 725.964041766246 391.4287035867131 0.059945132583379745
266.7444036326393 419.96427805446854 355.1423757933169 547.6493792316463 0.05970044061541557
314.3091528071654 621.3325193154 440.078019619098 767.5392520299545 0.059682320803403854
485.9824046178325 483.5662031226283 523.7948912065737 543.5113349121825 0.058532025665044785
768.2250613688946 292.78453473396 799.6593108889539 329.5891867219869 0.0571918785572052
590.7091983942107 463.2765568301653 655.786475521069 548.6623383390106 0.0566655769944191
