535.6039065391033 408.79515217713725 551.0553889651201 427.40844174708707 0.9442352056503296
427.16010218137984 422.90830879196267 440.1083475071726 438.63366719728833 0.6902865767478943
35.44220441468233 440.62799750022396 52.35415423446303 460.88232574232575 0.3000178337097168
839.8926220875737 620.3707600273641 844.2574036251137 626.3378751754757 0.2797752916812897
89.189126117868 294.39145988397456 379.76851045999905 593.067930900245 0.2412278801202774
689.475801886547 412.51688294933734 694.0676814563568 417.6690683928511 0.22031544148921967
455.66739882350726 410.94478819330436 460.4727891697097 417.5135715039513 0.21067358553409576
524.3026430359084 417.8276711950046 530.2628175056024 425.601806340697 0.2097492665052414
347.6528074012902 393.54615752982994 355.4271440183094 402.9176194702208 0.20461617410182953
45.23219778087241 403.27205219064297 55.02580545543034 415.4127338847175 0.17856986820697784
6.233579986706481 429.9831285790434 23.76997925809221 451.93165056253423 0.1703592836856842
485.568093599462 554.1943529983446 562.0448123364135 649.9178595704415 0.1663501262664795
693.0504855113033 417.55057815485 698.0659580810315 423.0995059615761 0.1553749442100525
680.9921982225354 416.71423994674063 686.2187690563984 422.64062736826156 0.15525753796100616
731.0968198845584 412.67960484406365 736.3185965233007 418.7084633297717 0.15245871245861053
358.4879261343696 413.2832878946204 367.4480779895693 423.54546502566177 0.14960671961307526
828.0994636055354 622.0190843889876 832.288092013651 627.7478744959849 0.14783252775669098
441.16062734155156 409.7464437567035 448.08397366719583 418.40049377706305 0.14634834229946136
74.91860250814251 405.03773837697673 94.15379360345264 421.4195180396207 0.14278410375118256
371.86525776602485 419.95151493096273 384.6211018878008 436.87970782422616 0.1418716162443161
793.3533134738686 615.3667534786441 797.8161466122555 621.2457545329254 0.14118097722530365
53.17882627876396 438.64069177405264 70.60588004331407 460.13140616186416 0.139688640832901
44.94114439363401 421.63057587548946 59.895066596685226 437.3821510300242 0.13717782497406006
907.1630759449492 632.2095207258586 970.1341082549269 703.0616812604515 0.13704842329025269
712.3696961528209 415.8579657775694 718.5621024754538 421.47648029014425 0.13699111342430115
458.6426688020871 369.48070154289036 480.49222140256575 391.3183181256332 0.13560040295124054
12.824263275115126 441.7231819962556 31.427780257173758 464.3951212089178 0.1344330906867981
404.87457367832 435.1627792703206 415.6415079222539 450.1551655266322 0.13365891575813293
125.29104254532803 419.3779135596872 147.8948327342271 444.56249102035014 0.13334177434444427
374.50237570898753 414.84436182369313 381.53572222937345 423.0530538478732 0.13279804587364197
900.1296801810898 393.0162143890905 908.9584398765098 404.85282494975155 0.1325264722108841
79.38179510826447 443.881844060996 96.70682682224384 461.9417272589356 0.13219772279262543
379.56689214586595 390.3274584125661 389.79556702818877 401.58482352110286 0.13179615139961243
109.26296077833912 405.19046892538626 120.69731713325325 418.2100314675678 0.13056069612503052
837.7157978743336 670.0061895830299 849.4503804184073 684.8390500158197 0.13042625784873962
26.880534520713987 400.15493433914656 45.67369582358134 418.58391256426586 0.12728704512119293
734.9538288482538 417.68305490184827 740.6317532908033 424.6974560456434 0.12715767323970795
250.6228136816577 407.04372423764875 276.2516311420966 425.4753342567872 0.12626805901527405
416.98586794656063 429.80106662726325 426.3997040582363 441.109526423519 0.1259220838546753
606.7965612920948 411.73925054201726 617.3287611630946 419.7734820022981 0.1257828027009964
464.16257955770345 416.97701407894095 469.7091570111062 423.39323415728705 0.12452980130910873
833.3665543662181 620.7997492259769 837.1879920364275 625.9869850952301 0.12443723529577255
516.6495101570173 583.2389923920819 526.2907287752832 596.0566680159798 0.12393049895763397
26.80717736163134 425.6163957050351 41.24011819203906 442.2041303475771 0.12377279251813889
821.2514345993055 621.4694835737472 824.882129804874 626.2910127621104 0.12373910844326019
350.3373355858748 406.16596721867813 359.440819407996 418.09021906467956 0.12332501262426376
103.59602334658801 408.6441142720855 114.33612214148981 420.44140238220206 0.12303668260574341
464.4346182880503 408.9483874616368 469.66683004250075 415.60761226796575 0.12281172722578049
470.32881468317447 410.5408622548816 475.72034668209153 417.43786912413736 0.1225656270980835
412.7396000319268 419.44638363103627 421.0120622971857 429.28564160804103 0.12250415980815887
35.61068960716834 423.5367677097224 52.078834742738124 441.5298323100307 0.12200377136468887
626.7085277144658 485.9916226273048 682.8493313519159 554.8621089415873 0.12148341536521912
386.6484760708636 399.8719267937526 393.77620000701006 408.24252968326175 0.12136706709861755
269.84440711315244 463.9455167147627 311.35086006164534 526.521714956258 0.12114178389310837
652.8227311841624 619.3289349205435 705.8563159037302 670.3554114251463 0.12107908725738525
316.4251682566518 414.2291965115916 324.07607861945587 424.2200119916462 0.12086237967014313
656.1024461388376 400.7661759455252 668.5891898009262 410.480538283614 0.12081318348646164
841.4189423987154 630.1666891198176 847.7830797954732 637.4718925083 0.12063556164503098
769.7125407062412 425.73552452082964 775.2043753966187 432.338660922496 0.1204068511724472
356.101967357672 422.43200578888195 364.17240458906406 432.2943367049956 0.12028146535158157
292.65662305022306 421.7225189795807 309.23721209184845 439.1639230029222 0.12014845013618469
590.9834921794352 428.2539689353185 606.0286866746432 446.1099365011109 0.11996670067310333
454.1934039419255 418.5702645217413 461.40977894887476 427.747976427801 0.11992672830820084
101.12444064313624 409.5194543066599 108.60545274168416 418.5066231754952 0.11977630853652954
212.2437255993797 582.5456412584291 243.81686963871664 608.086269134547 0.1196347326040268
474.399537053096 401.4060635968826 484.25173092120764 411.33988115780403 0.1193675845861435
802.9669179067607 618.1649830850292 806.7089755480563 622.9429907404956 0.1192355751991272
772.3971503384705 415.38111952483155 777.680224582725 421.6612121010443 0.11913595348596573
421.22825960188527 408.05113297443097 435.7815072195259 424.18595546199816 0.11882142722606659
443.1643888405739 431.6086911710442 452.6477023218871 443.97681236887325 0.11881314218044281
378.4266530859656 411.72177432488684 390.6348337219648 426.53248006528463 0.11849699914455414
634.939497297106 397.5675004426896 648.2852640970893 410.4712789101539 0.11829440295696259
336.81299884572474 417.393072483964 347.28272981438255 430.8462933452541 0.11823446303606033
721.0569895861265 404.199683393948 729.1655489639775 412.87904640528853 0.11812865734100342
439.87453061381115 421.1208578112019 448.7276659696534 433.16818486224315 0.11806491017341614
450.94123507143155 416.4262433435532 456.1668924345988 423.5172123357941 0.11794900894165039
208.17013588995624 409.6710661215638 252.27135804518082 439.1811745847483 0.11791376024484634
420.9552320656802 420.19983296342866 429.2619617282541 429.76526332027737 0.11783187836408615
390.2691014097438 422.7495729712944 401.2695964139603 437.12056635628403 0.11749187111854553
254.99501752538094 424.64698566645313 279.36801263302664 448.6403181010834 0.11728817224502563
725.7628644003217 420.4875623101479 736.2779157421828 431.256259956233 0.11724838614463806
76.12095834286563 454.6383343191246 111.9490095967674 497.73829724377447 0.11709640920162201
67.66386114956246 419.41362273102743 86.3978026845587 437.47771406603704 0.11706653982400894
764.2737456459957 415.7824198772236 770.1945243340714 422.03062131098767 0.11655514687299728
719.9221259487965 418.97067050595933 727.4214052121932 426.173475590855 0.11614566296339035
191.51157700378008 543.2100432098598 250.01598227617163 598.5876487161485 0.11595579981803894
782.3960614698088 428.61885110247357 786.809085225176 434.08948406363135 0.1159406453371048
769.8436987267254 420.2957926932357 774.2673257185545 425.12759991648795 0.11588650941848755
697.269030004315 412.3236277361937 701.806996903453 417.594000677985 0.11579076200723648
367.3557637806563 409.8620216895743 376.4337492463796 420.4599769161666 0.11577848345041275
399.0199525662267 411.1519222385085 414.46090124035163 428.8621394367452 0.11576728522777557
775.0522124819875 655.0653345360181 816.5869755030053 692.1858231855315 0.11573272943496704
660.3356848039715 409.78462392221235 669.2577485555565 418.13061324067576 0.11567848175764084
393.32984671767093 409.60847333337404 403.58715401653467 421.23745705424045 0.11560419946908951
371.82020920299465 400.7591041330705 381.49571111470607 412.0815032050931 0.11542728543281555
236.93197493963245 411.10545750629717 255.3343161347169 425.97573197355496 0.11467180401086807
276.06535941904554 408.0838245053198 289.8435230510678 420.33536728465333 0.11462464183568954
378.94905483287 406.25792973099504 388.25040260672387 416.8381053038065 0.11452323943376541
831.3652592875895 632.0126529950526 835.9465213592874 638.2326390479244 0.11412965506315231
949.5861522919082 645.9539696122403 971.303362028049 674.6059412285963 0.113946832716465
428.3011768909721 437.5230738618676 440.86705828500436 453.2246410339095 0.11392898112535477
111.7580560382299 427.2233693973223 128.85114803533364 448.63109261930447 0.11390897631645203
852.1747141445762 618.2555989155392 857.9383989864873 625.0161550564549 0.1138891875743866
618.3134428461681 518.986858386812 647.3326839213452 557.1473556158292 0.11385669559240341
612.2940039433408 420.58792842963214 624.0656054120949 432.8439918938858 0.11373186856508255
485.77375797306865 396.60077572117365 527.3027186794081 448.34492005557894 0.11364511400461197
319.92745028510336 515.8774588204876 381.5968830692415 595.306318068554 0.11358460783958435
361.65902631278385 472.2364568221229 406.5078917505206 537.2963852591739 0.11333570629358292
148.49905996251243 418.30675196707074 165.04540311590225 438.0234551783472 0.11318937689065933
193.08875107376474 462.46949476630533 218.33058274131912 488.2519525427802 0.11310799419879913
284.45271958416043 548.2835337793397 313.6959143187286 589.8197275419019 0.11307940632104874
675.5607431616717 415.9833456498932 680.900828884224 422.03667126283386 0.1129947304725647
95.57882392323556 451.85592913686816 110.95432967909612 471.45881416629226 0.11296262592077255
382.22719301471454 414.27993667048185 396.94078780402356 431.95385236556115 0.1128988265991211
406.12904506184765 423.75283204237064 414.89628045600864 433.9330135608126 0.11287961155176163
922.7219682947378 414.9830324368541 932.4754434075434 425.07709425169935 0.11283829063177109
67.83045066300804 447.28550568662473 85.56582294335568 467.037211970034 0.11260326206684113
735.8804204028168 422.8081160789055 745.1392509017768 432.99917979245816 0.1125175729393959
43.44804839299141 391.8570280920254 114.78829250098235 456.03191844203116 0.11248338222503662
459.84859479453485 419.92611278116766 470.5468314079711 433.1436558332115 0.1121467873454094
274.5274052993582 400.0354435682944 287.0471644688886 410.7698236014918 0.11210571974515915
467.9946212569758 414.42509257963445 478.40869475827293 426.3501069267807 0.11204587668180466
115.1263263629412 412.3175248074982 129.65712982334347 429.6095192696345 0.1116223931312561
100.8302198230826 417.5676994085711 112.15591371006707 430.9840572516654 0.1113811805844307
3.0210904363700943 472.1470909134915 59.257748960357546 541.8979773443905 0.11124497652053833
768.7494237445002 566.4658534369918 825.7114903327413 635.1112703208129 0.11118068546056747
512.0415364932363 597.3271555425187 526.8838968889046 617.919781640114 0.11098325997591019
666.6255156194628 648.5877299453073 692.2093343314498 665.9668272386983 0.11085465550422668
887.6241797942716 622.6795514606226 944.5817913649455 690.9881270742474 0.11080445349216461
354.82112849704833 393.2792694038305 372.29056216856134 413.93687754058016 0.1106351837515831
376.5190854985408 431.33142871724726 391.59717555350267 451.45169691146344 0.11056161671876907
931.5540874395125 415.81932103449765 943.9329030021248 427.5867635104233 0.11043572425842285
715.5565617395556 409.8664196618193 722.4397621924553 416.979889086812 0.11040212213993073
384.79441503008013 409.4896782935304 393.34426306547624 418.0415012611088 0.110251784324646
409.425529703169 443.4563857746859 417.99292670641677 454.68245778420254 0.11019358783960342
289.882107564929 464.6566891048077 303.8626648195371 485.76734958744606 0.1101667582988739
85.12025868791302 472.5825751411891 107.86284376609365 500.1779512153543 0.11005449295043945
834.0666329926728 660.0726319976186 865.4125934060968 695.0935243709098 0.11001497507095337
496.9942487978872 410.5745374845149 507.9997834162497 424.66834997589126 0.11001019179821014
932.9184528428442 398.36886759596763 981.8302362087933 438.33360884019163 0.10994049161672592
673.1716056147328 411.1690076465044 678.2221207055749 417.33312249425563 0.1098315417766571
341.6839984740337 408.64204688498666 352.8582822395509 422.57947561208186 0.10979866981506348
100.88536952532493 398.8916024401028 111.6360611077406 410.59579978091585 0.10978839546442032
404.38615981516455 430.12156125492186 410.9332589804512 438.38167863548415 0.10976172238588333
906.2240601659985 419.0857921317183 917.3376619818943 430.407844086365 0.10949452966451645
55.381265120072804 423.96167806209144 78.30674936634524 447.11097418672716 0.10947205871343613
98.45106013927595 427.2507940393797 118.09253123044013 449.06931108355184 0.10942042618989944
448.43295821278974 423.4652294003709 455.3111620250547 432.7588759373958 0.109394870698452
411.868627611586 411.7083665441891 469.2006541240027 483.7815784597017 0.10921161621809006
449.0162690263727 406.8283341546157 456.122522422798 415.93395096351117 0.10919887572526932
488.0736868334809 401.21033337170775 499.79903630978066 414.31911806854475 0.10919085144996643
647.1074569549309 411.65065924424624 660.6365920483005 424.4125123584431 0.10916019976139069
903.5709596844005 403.13198771511367 915.3705616880649 417.6199555252996 0.10914810001850128
332.3025034161362 415.59933821237854 339.71954293504297 425.6118569712425 0.10911797732114792
92.76564489999764 403.16873965272777 100.24325807566467 411.784576073545 0.10904593020677567
335.44857900379816 528.7432819711094 365.32871635284425 562.8816317510453 0.10892633348703384
726.3456503476781 406.5073663406573 734.0857469639244 414.95388096242846 0.10889897495508194
297.7882022659191 416.5002362513256 317.49228398421275 436.0145531071139 0.10888504981994629
297.6376905269478 436.22660845096317 313.1886687224058 456.159203324199 0.10881596058607101
124.25186800801019 400.5057370176912 142.98207187789723 418.2405346927512 0.10879631340503693
273.64509693485167 419.70219705369493 295.2029368828634 442.2087962172133 0.10873204469680786
783.7262458506118 411.905999448752 788.9842951804371 419.0918209950254 0.1087082028388977
84.36060217019484 421.2997859865298 102.48748032879327 439.14332164926066 0.10853686183691025
300.37281518941245 537.8807735779532 312.2967287160496 555.789675004737 0.10851410776376724
405.6817731797002 469.45646661543844 419.0000443736255 489.4316566848333 0.10850657522678375
320.36167429278805 412.5488843911588 329.84649910362685 423.91219087638103 0.1084798201918602
84.40074678767343 433.9445556991124 98.4363316079719 447.06166054772535 0.10846004635095596
509.3351480122079 405.29924341909833 519.1625199505643 421.29383118044797 0.10842449963092804
901.8247249507903 645.1185758829307 919.6211014865765 669.2079000293772 0.10797102749347687
392.406276258365 430.57896883080946 405.60812736348623 447.9914466556962 0.10784699767827988
451.785854110889 429.2748698088489 462.4287157087252 443.3698887094904 0.10782306641340256
711.6458763013522 420.7144948694368 721.2640928651977 430.6933385275138 0.10773937404155731
705.2034617197914 417.2569415202562 712.5378738268764 424.55973387498653 0.10765860229730606
363.89648964017516 420.11209457393295 373.5150481526819 432.2065318183296 0.10760536044836044
154.75319692900112 423.19642133238136 211.44068555702023 472.94233650428833 0.10743542015552521
244.2457765976156 400.0676814512388 258.2911964922446 410.8132144842985 0.10738270729780197
80.64837610269677 550.6979274019956 128.59078792160972 597.3186679124861 0.10728933662176132
188.09257583213218 496.637735983283 258.23989815577875 574.0961025896746 0.10721690952777863
124.93139366119162 442.8587222772017 159.20370527937402 480.58614012386477 0.10721225291490555
481.3979041534646 410.5449325316915 494.05731985541263 425.14029291748085 0.1071443185210228
879.0364374446353 671.1786184285559 899.6484739243056 701.2247043837095 0.10703674703836441
406.82752279302736 422.3737578130205 436.66321442908696 465.0724454205532 0.10691890120506287
392.5652112718878 492.0800439886334 419.6397505506962 534.171617356498 0.10690698772668839
461.3613471654581 389.60894960941124 492.20412561957477 420.57371716796473 0.10689939558506012
459.6511836772726 410.6874053905322 464.55110299562017 417.0331010434822 0.10685738176107407
660.3862813141614 534.1072118099046 731.3181990493757 614.8613600540198 0.10683324187994003
309.29824646414426 460.62485634250845 327.91515039435046 489.0017706816312 0.10672181099653244
354.08165834557616 392.6750771478122 364.0133197609038 404.5470536112577 0.10657503455877304
254.84239214894998 443.0761540727427 280.510872390725 474.4401321621145 0.10652045160531998
628.3853084041499 519.3943520913247 642.8623236476636 538.40058440508 0.10642804205417633
632.9125615324326 409.00804253248 645.2062800175091 421.1000871454465 0.1062597781419754
604.7992613303253 445.06976222211296 641.7991523385202 487.48996088744815 0.10607389360666275
971.5942058263876 693.6617349116425 992.8099371519954 717.5109151385752 0.10577812790870667
380.6198922715588 401.8798523544736 388.1292175975589 410.13807435901936 0.10571697354316711
708.449866920627 402.0131811796277 719.4848495100705 412.96355877353784 0.10569890588521957
536.2962133571391 367.109093374304 566.8310266824293 402.72303595210525 0.10549084097146988
685.4156419207942 414.72365564605866 690.6951759183264 420.5996826958404 0.1053997203707695
935.6615068237481 425.1561991334548 946.9912470121975 438.9390901472586 0.10529488325119019
733.1794961137854 634.0502610655833 789.9149171411028 698.057382224928 0.10510493814945221
805.7044433054801 596.7348467011647 811.9551496775708 604.7185438667843 0.10507728904485703
657.4054052139528 411.35036651815443 687.8455817039207 438.68023293980576 0.10501042753458023
515.0069137227995 595.0158205543482 522.988950029903 604.0645131894438 0.10498175024986267
485.25394595251953 577.1241319214625 495.4834990677094 589.69962136538 0.10491064190864563
53.94524020894696 404.001686225405 64.33470276405029 415.86035816102975 0.10480135679244995
193.7464656249089 595.1749703628092 252.4377704958279 656.1839020078842 0.10474197566509247
439.5559715472204 389.7461431303713 473.96817059753624 430.7445522661436 0.10471052676439285
831.7700709550602 592.5534144262988 887.8163093021898 657.1058425651861 0.10468240827322006
418.8333759611393 470.254219046058 481.64940259269275 551.9336600695841 0.10448206961154938
345.82975127343616 420.21959400580835 364.3671247486559 444.8576945507367 0.10447108000516891
393.64562434698905 400.5803128225945 402.80522931728046 410.8459749274033 0.10436485707759857
856.9461322272315 648.4954313569305 871.1031069164285 660.0340673153789 0.10433107614517212
720.0106448833407 413.33089331164933 727.052019148757 420.4215614838976 0.10425566136837006
469.5573906523966 419.99338357924216 486.256390433152 440.80944058185895 0.10419735312461853
746.8493808290057 406.6511375394764 757.6965804976871 417.1620683397813 0.10419715195894241
152.2071649943178 417.9063590540826 178.948247024673 446.0847795884136 0.10416032373905182
734.0771385164703 401.78089901657864 744.6748532580011 412.51892081517383 0.10414937138557434
58.03306972983785 479.45942749565023 88.06350926151676 516.1190731271391 0.10413389652967453
915.2387851617326 419.54336813047536 927.3634829910213 431.8276458612381 0.10413282364606857
883.906637496896 638.012346876975 890.5084591000222 645.6554423495288 0.10411722958087921
675.8361410360242 460.888218021486 720.1571766601596 515.6647373943392 0.10409119725227356
638.6104085065274 671.3571137453605 682.1175524016545 708.7494931682071 0.10404304414987564
403.01847441552854 422.4929254082052 409.2801473334339 430.8963046154946 0.10384011268615723
92.10574258032665 410.744073828047 103.66832412626914 423.00532396209394 0.10380221158266068
484.1172667975611 385.7308386013214 496.0895867380901 398.60578130027073 0.1037079319357872
949.1098399068567 424.4726593223787 990.0065153887555 449.2834758461925 0.10358460247516632
8.311025451315626 407.48125935188546 29.04039631025355 429.61891168808876 0.10351718217134476
102.9813190896648 443.7013971713137 113.97005475565236 457.4470982959577 0.10346640646457672
454.56064313592157 400.2843636322746 463.94160548782645 411.4161757210243 0.10346180200576782
214.11545746682782 450.05361250122326 258.02111221402055 500.3050401292448 0.10340139269828796
317.141457121234 491.00811932597867 343.75215542590905 526.284082466764 0.10339967161417007
330.1343882318651 416.9717955339969 405.5461006226498 514.3976033418467 0.10339409857988358
106.79681326591425 458.89408174967326 120.91499300331917 478.18813271251776 0.1033754050731659
854.38162767669 656.9086035707088 877.994178032777 682.761023038743 0.10337349772453308
435.9507403299827 408.5874492993658 450.3476774085647 426.0383092472843 0.1032990887761116
120.60513943582049 582.7147049169869 150.70586407515998 618.1311708529988 0.10310962796211243
24.134368542822116 452.6903842143749 42.72821287080316 474.32025306798766 0.10302861779928207
897.3355487034578 673.8718464910202 912.5128173963694 694.1074341465533 0.10301389545202255
403.0956534832065 416.1830216698443 408.9925486738892 422.88195306457476 0.10281770676374435
347.4692058810255 433.6117786397757 360.30936956743835 451.0623942691137 0.10278614610433578
283.612547662545 397.2229357722637 306.5177054769742 417.2126159392318 0.10276131331920624
651.6365302910946 385.64522084926875 669.6820026162674 402.3556110714115 0.10268548876047134
111.89265024507525 554.0173769957348 120.59628605014194 563.8597943892855 0.10268008708953857
331.8273774179129 437.9383765690675 356.8317984425115 472.2903103007366 0.1025732010602951
71.7709102679338 434.90377438009415 85.49100473542104 447.9608660896379 0.1024840697646141
-2.369230749471921 447.71201881763676 12.238797639914107 469.2716607308197 0.10245191305875778
170.88941719089777 482.5346208503555 209.28570256631758 530.4577984909503 0.10237760841846466
55.782100795577946 406.22533596722917 72.56306712482208 422.6024535519899 0.1023542732000351
677.9317298394781 411.4594511348278 682.6376290419355 416.64901894301335 0.10234355926513672
405.56095150164145 288.20680513194105 438.6956938766619 331.67521121008406 0.10227559506893158
907.5192230012967 390.2552678173775 921.474214823228 406.65390364882353 0.10218726843595505
619.9176933401694 394.4558482285609 635.1210152061435 409.42849269561606 0.1021769568324089
287.25768690629343 440.1628509678599 308.97822805863035 465.6010974212322 0.10207083821296692
114.33429845942767 444.6479059759323 143.3419964364742 478.7791146020739 0.10206268727779388
485.48150502517586 422.6890704971227 498.8236491611472 438.73891287216827 0.10205508768558502
516.7745298298569 418.10080352512875 541.8327758942894 451.1022006843061 0.1020270437002182
462.05194616152005 431.9524723432926 475.15376612666233 449.02328017459394 0.1019020602107048
313.13634487152524 434.06780287427415 330.8721543414745 458.09318675123006 0.10188153386116028
683.578490661044 409.59926564371733 690.2270326412083 416.7263985033101 0.101838119328022
620.5222756189166 413.18173661216406 632.233036491407 424.3424804672498 0.10175877064466476
318.8111607230011 414.92283570484165 338.5143631756478 438.642578638983 0.10166454315185547
354.4764259146085 427.4696139960683 374.40831645101656 453.44615214166043 0.10165652632713318
592.5291553980253 412.6698692516938 607.2970335796533 425.30452386953857 0.10137417912483215
512.7578661750206 379.41668097769457 539.5798721279209 413.01565491757515 0.1013314425945282
416.4956332217739 439.6100686450643 428.14487105161135 455.4417467201887 0.10132405906915665
685.118580260586 671.3742129184776 708.6860941109493 693.0377693823892 0.10128141194581985
512.9322870069067 618.4683501332928 532.4384943449547 645.101213401679 0.10118411481380463
135.75249305957237 475.3905036743236 193.66483591973486 546.8087396091746 0.10116715729236603
605.8525227783791 424.3645881134594 625.3239322615791 445.6489945584991 0.10112468153238297
303.02411617214455 520.7824517970906 338.2709205194781 568.3979145466607 0.1009603962302208
111.6870864500345 476.69657173210226 143.9738536575258 517.2042500903682 0.10089454054832458
429.513847395816 399.7073360258373 440.1189782205711 411.4931692352714 0.10074412822723389
668.3802317791439 479.05233547893494 724.9811884216809 544.3824152229553 0.10072237998247147
353.52141054438215 450.14273191534863 372.9704036195666 480.0875873051057 0.10068131238222122
111.05927323670095 390.7150493640414 126.93307606613038 407.4579232615434 0.10060138255357742
313.22592135241814 428.79722218668735 345.07546155251225 466.9367238869034 0.10058651864528656
815.7372761167543 605.7147272564383 824.8603488991704 617.487718481623 0.10057474672794342
694.6900391066575 401.7795469130997 705.5207105777821 412.80248885573013 0.10049935430288315
422.601644245924 400.92951498955415 432.84688015483937 411.839040580734 0.1004941314458847
654.6651743160862 636.732238528997 670.7117518405975 648.5167720453121 0.10030212998390198
500.0691184927273 399.1368670194158 512.1513497618465 415.5049139228937 0.10029887408018112
395.5805062243085 446.8052539862914 407.61130723450896 463.0456086784869 0.10025554150342941
612.454175659226 556.5999265727096 658.9401863607274 612.6058347679083 0.10018055140972137
51.92324555794508 456.2507079868714 74.83991150719262 484.6979335310144 0.10015895962715149
235.3399236482154 468.1263821321118 293.4879477718275 547.4468553558814 0.10010828822851181
139.62000270568072 408.1033923151048 156.9082250748315 425.825285714431 0.1000015065073967
98.24153993757344 407.4649761210998 104.87291290608599 415.65961821498956 0.09988077729940414
595.7887555755361 403.47454423704045 611.29261453758 416.1329414855215 0.09968136996030807
15.441048347577254 532.1021820879195 87.39807424469387 602.5775858960662 0.09955351054668427
105.87587185864275 373.4059492191605 149.92318777599183 415.27970115155335 0.09955024719238281
599.0193079745982 580.1552668552222 675.4228755299888 667.3098868864063 0.09932316839694977
645.1362822204882 393.33384616474297 657.1251855714706 405.4372163800191 0.0991550013422966
364.49300604790375 388.96444475190754 375.6125263536318 402.2793440489897 0.09907197952270508
36.15426041289493 457.9477343636008 62.678290506549025 489.70631880766877 0.098955899477005
405.5741704573487 355.35939545038036 449.176945608717 403.4972016162988 0.0989464595913887
412.7777436355161 435.7002576966168 420.5649687083878 444.14542625401697 0.09891807287931442
250.26963748951277 528.1349167847179 337.5476135686774 640.092415628781 0.0988948717713356
716.5990974086262 497.15457583939883 766.2080618423254 565.0218177747932 0.09889069944620132
6.191174698975871 462.5823874605267 31.665148823831963 494.9419968041425 0.098887138068676
367.1693183973789 532.0340480811451 407.3812893002278 583.4886008174781 0.0988694503903389
630.2977953559847 442.4654287625683 648.0185897180021 462.8258261603883 0.09876426309347153
722.5004209994532 567.2049088545622 768.5474678615972 626.1462381359203 0.0981874018907547
274.3178855333941 589.772680081586 335.04463513985206 663.1050938797061 0.09775084257125854
89.05536979578083 387.3681777613304 110.53241429902742 408.68443510130027 0.09773333370685577
281.6920086298865 397.4613343309206 366.48421982200676 488.16210287291335 0.09772486239671707
23.20998878322538 438.04331756503905 34.47865236647428 451.0559954164759 0.09769096970558167
100.19628326274987 493.7742526791903 140.15850931557725 543.4076274925451 0.09758380055427551
700.3305491130304 416.1751575398298 706.4833647583173 422.4287470487741 0.09756826609373093
329.59335627068947 393.86034203873464 354.8277472385635 420.7447333458309 0.097449392080307
288.1256999487428 403.3497107803785 328.41569392132476 436.2447979767057 0.09739848971366882
-4.9369168652197235 412.09678527030457 16.407134215609815 437.8733112592 0.09728104621171951
386.58051475702996 380.1238404312971 417.9822506158671 414.93575152990195 0.09725437313318253
339.6486077121614 400.8438630969873 350.3768331018788 413.73934541083486 0.09710019081830978
576.0515809412111 413.0009402112009 589.3518018241277 425.44468604220845 0.09703272581100464
486.6067696821072 674.5035023182467 506.9228293515425 700.6229941524225 0.0969443991780281
375.797594201128 552.7295535627202 436.2165432263551 627.5958001060815 0.09686565399169922
109.86217638751127 459.3429020972109 132.11523130411047 488.66046533764853 0.0967634990811348
463.30853716611244 391.6939556528841 476.36630788317495 405.2542540486887 0.0966779813170433
601.1025879251108 396.3800439349404 616.1466425578826 410.8350410828505 0.09662043303251266
547.50721988918 503.02004549654237 612.09725242306 580.3124227718607 0.0965067520737648
651.104270460724 694.0777240813912 686.9224309577778 722.3523786638151 0.09643236547708511
404.6155510271726 355.7779675700965 429.1965241430395 385.39709946218994 0.09636875987052917
601.3285519707034 420.37188415518796 617.990381704339 437.7647159406452 0.0962815135717392
186.3539868359942 596.4565220280525 266.0490638356823 685.2053869464903 0.09623594582080841
673.5990412471209 401.076493660589 686.2042174281005 413.54603174343833 0.09599465876817703
632.0912853012412 387.5681790837312 643.4097969986806 399.45288744813604 0.09574344009160995
156.85484222235223 442.1075399808892 182.33908153622676 471.5580146301639 0.0957430973649025
613.8398949765103 691.4222821095439 636.6479807719527 718.4277919976805 0.09552935510873795
76.62980681629898 379.1223424493281 109.87411612256743 410.6938473216319 0.0954919159412384
592.6149687507748 418.07966408591574 607.7461107779192 431.3232522199861 0.09537191689014435
635.7207986366835 420.0726317153825 646.7360308665766 430.70418294833974 0.09537093341350555
210.7678557844892 375.8670358170209 266.47311304862455 418.8917345314254 0.09530003368854523
341.7454167658635 358.52143948332315 375.60603160253095 398.81704084618553 0.09528468549251556
445.96325371748867 386.2465900010948 463.05629121447396 406.50614186200465 0.0952601283788681
454.0467239054442 515.7080957921238 503.76654424940705 579.0269693299904 0.0952179953455925
440.6903840156077 445.13584619268084 452.3971601592833 462.30674355337277 0.0951843112707138
17.06314190483577 466.1707848455345 56.35111891621361 516.539569775918 0.09510122239589691
621.949033900824 427.75353295680736 643.5952806599454 450.5196410590946 0.09507159888744354
471.31759863162273 626.2197955837312 485.7702684814931 648.2023611464913 0.09505867213010788
129.4670024398084 402.47968055463076 136.98459698515018 409.2845508053319 0.0948493629693985
670.5219102495994 387.16384964757117 684.0064515724517 401.19666111260426 0.09457706660032272
668.8975625206701 422.0855948705752 696.5616176163503 448.5539482469135 0.0945606678724289
322.612764167166 462.919293169105 347.8266706994704 495.4764172600396 0.09447276592254639
226.39594944115203 432.28792244227617 263.57484971064997 468.107851334575 0.09438886493444443
549.1150365729252 398.5056712420997 565.6951641880729 418.5545207264973 0.09432882815599442
302.811932499837 387.9805456996932 328.98971320385834 415.1812591556133 0.09423698484897614
247.06565643090212 386.00895425048196 276.4380110109959 408.8102335182228 0.09413839131593704
881.1815186884995 639.3511842872211 903.1281062032556 667.8421185172779 0.09396258741617203
164.11660839555006 406.88095303123526 194.95296941233204 434.09643124958785 0.09387855231761932
565.5288758774543 448.72166245091336 603.3339095667227 490.72406759257916 0.09361647814512253
577.8740700896393 657.9877835595166 598.8620388008499 685.9651298655779 0.09356582164764404
168.75784651834755 435.1639206135092 185.74482551104822 450.5211758727089 0.09350937604904175
588.3374817134314 396.2789764945565 603.0310174782333 411.0538170626419 0.09350604563951492
290.5012715241998 516.17110101314 316.2650288843477 556.071440722318 0.09334751963615417
643.5757236048538 465.31421758995265 674.4944065192874 499.45562759133395 0.09322457760572433
60.08242524136457 499.64581557152235 86.12604563437233 530.6366898434939 0.09320209920406342
878.095081379261 430.8716291158236 929.9177125967881 481.86500349758535 0.09290489554405212
375.07519332802264 351.34124966028367 403.83096205187377 385.2496193591099 0.09289240837097168
651.7455988283875 426.0975635158265 680.2816558320432 454.13525281386035 0.09276588261127472
50.05915553518028 476.10983992392926 63.43676457126157 494.3214704327696 0.09276322275400162
240.8440656837779 460.16584788303487 267.5317016056817 495.5945540588727 0.09256097674369812
160.80670216098272 397.50285635996755 186.60625100742288 420.0293464732052 0.09250862896442413
642.3275106460626 417.4837816879007 648.2613288571678 424.21260227103807 0.09247567504644394
557.9070988046501 387.9935781048591 591.3371366865669 422.5971904230137 0.09236447513103485
639.2195035390372 383.2980229269218 655.0360525289847 399.8850984923671 0.09233398735523224
783.2592465271297 484.13646997676955 851.3413991189461 558.6496327385087 0.0922098159790039
52.179189841496395 524.0090820259771 91.5277983726507 562.7237147185502 0.09161418676376343
745.3449972524763 525.9269545238136 841.9111453687441 636.9981715693484 0.09154962003231049
596.6711144986837 461.9509621472246 640.8247897047233 514.5191052715438 0.09145276993513107
537.9673826741539 425.8608583432391 573.6407026097962 465.54450898326945 0.09126073867082596
137.35920441875908 361.1221834305294 195.50744820547723 413.0482159352824 0.09105075895786285
649.1001206418546 399.571758160082 657.9207424508747 408.90686612600484 0.09072737395763397
495.49733424617955 326.10388034820505 528.3850594303203 360.36546105638735 0.09058469533920288
94.4350364624244 435.74611481087817 105.79091414819874 447.5209016435105 0.09055279940366745
689.1024391038427 592.4813837310037 754.8927596824557 673.6311623694307 0.09050662070512772
572.8892240344419 422.7842577635895 594.0052023662346 445.5853528923843 0.09049775451421738
200.21434871409912 437.94552344593717 230.19128302584514 463.515609965282 0.0904935821890831
850.6874358023891 667.0239613000218 904.2685232093955 727.8621012805743 0.09047403931617737
70.81229289804152 568.923681491138 153.27320324907637 655.191625339766 0.08988145738840103
644.2869644247384 650.1035476615479 668.6762074200808 669.7184681048316 0.08982794731855392
64.94768594176401 395.39779661324354 81.3013286193458 411.0332653534668 0.08968767523765564
552.7934953023707 602.659323282137 609.2617129115364 672.8741536448733 0.08967743068933487
228.98117017457065 560.5966911559177 277.31180686027557 614.7939521954224 0.08966302871704102
657.9160410320814 566.3315338234507 695.2432872859833 605.8465068650388 0.08960089832544327
653.5568397937294 436.73819559136274 682.4004055849308 465.96394386663206 0.08958060294389725
149.43096172851648 472.5636120915803 177.77080169919284 506.017600384213 0.08945592492818832
626.6384345250029 420.5426277357033 636.4918582973283 431.3598877458529 0.08914355933666229
866.8215727473053 384.4677474779606 899.0317823444012 422.52944575478233 0.08871100097894669
322.4691753447679 404.195385238651 337.3324122271682 419.6926600031533 0.08862754702568054
338.25144220123343 478.6195888597868 359.9798113001201 506.6971944820457 0.08860267698764801
484.0605572792862 442.1244937873269 532.8063968227782 512.4378363335719 0.08856753259897232
110.91754729309656 522.8669734559933 152.2506954003839 568.2262666532076 0.08827393501996994
531.9619869913413 348.8027619629626 559.7302872820648 381.6841544225465 0.08822021633386612
84.51526417670418 506.8140290963735 105.68751455533376 531.9248639046809 0.08811986446380615
447.49497231304656 372.7635056116608 462.985458613173 390.51917672268024 0.0880279615521431
282.58988926454145 370.9077897644837 331.6988233207089 416.88977506874494 0.08801881968975067
338.0085595489548 427.5645702152722 353.6835830523483 446.8190092067017 0.08795526623725891
389.97495045807204 576.217050075641 472.506929079559 676.9408174559705 0.08792547881603241
194.9586892265862 417.26051245082635 227.26880109399585 444.69292274783186 0.08788332343101501
448.75025664062554 326.40311038793936 484.50470203085615 369.37854867048156 0.08774088323116302
47.905444818874365 387.32920120157337 64.16671669723733 404.7622279378547 0.08764457702636719
491.3987631299205 375.55135453665736 506.6980336678893 393.5341144020154 0.08763770014047623
141.64389843709512 391.9897158677952 157.4142089071895 406.94476165790167 0.08743894100189209
433.17700874630424 548.4799922730081 513.2051366378287 652.124076640253 0.08733590692281723
29.148926067054653 414.98074420204324 41.40678884261901 427.10588056881124 0.08729774504899979
169.8691563806495 468.5395334464328 191.03825904358953 497.23500927335334 0.08718091249465942
625.6656613220978 485.9236212000986 646.1336060573695 513.8456626802094 0.08713008463382721
334.52698141495296 408.80785624144033 341.42566937090106 417.3415113489522 0.08712450414896011
475.5120421291818 641.0984364816876 498.27132969154445 673.6922493993712 0.08711867779493332
84.58575451601214 494.40933677551806 115.02398185225746 532.7137939657086 0.08706865459680557
358.6958265606297 403.3345598857145 366.8240399661865 412.5761394563965 0.08697663247585297
175.75153898700523 436.89123782892693 200.71232610603857 458.2211039824327 0.08691687136888504
230.8257528264613 512.2764021300133 263.9838781612496 554.6869145462646 0.0867123156785965
64.48336525263996 475.55684740312654 81.93862323475798 494.75882935634036 0.08669321238994598
62.31577416682235 412.19851968733764 78.2735286559841 425.4818887998786 0.08667364716529846
308.914367143595 601.7728315366729 395.98839627269797 704.1867306417365 0.08647134900093079
442.05802800959395 422.0874977749639 458.6161188511661 443.9128797711175 0.08642616868019104
-7.683047912911518 383.70256497800165 29.569295869411516 426.3206591249337 0.08629529923200607
565.773292288873 419.5308926865519 651.9525825012965 519.7255835638099 0.08605700731277466
721.3962949305047 696.4870296107431 756.0674647405085 729.8055629976815 0.0860300064086914
157.28893494709686 517.8792978313766 187.78854300880954 557.0671341874817 0.08592116832733154
512.0243752129567 404.2522120805142 604.7643144159325 505.35589719104166 0.08584178984165192
494.4415523699172 691.283720361838 527.5269998777173 729.8824940606426 0.08548884838819504
597.3135395403955 509.2769196774942 628.4026702807754 548.9509347303778 0.08522481471300125
105.2741265626207 482.0455456767571 121.11302070144131 504.7638558908466 0.08506712317466736
672.1764727630465 415.0035487686264 753.3634072414321 504.8906236808481 0.08478137850761414
303.9081692802996 353.80672652047366 349.4146572379713 400.89214760507497 0.08437693119049072
371.12699393955717 391.6626207378926 380.6152208282103 403.2173735776562 0.0843641459941864
323.92794995558 457.30979945419654 546.083192864806 706.079305426114 0.0842294692993164
819.398612626025 566.3918132682403 951.6654659924319 702.1349828767791 0.08414122462272644
78.39465652550905 395.373030574088 92.50832782751637 408.9200644769468 0.08411435037851334
208.43251600548692 481.8553493062311 236.32772087486836 514.7276832755504 0.08399631828069687
798.5810845715492 683.7909956985399 848.6669004911782 737.5697143167343 0.08389483392238617
137.93285342718485 550.5188952456798 191.09925021720434 607.8443665250843 0.08363919705152512
118.22986992822555 591.4757584848579 208.01170789990715 685.9221642727704 0.0836239829659462
44.44020170942595 414.81097453885235 56.0968136287114 427.8241046081244 0.08312699943780899
63.50377319359194 377.5169525234947 81.17697372506038 396.0730440944384 0.08280226588249207
595.7176213557832 651.1485607723325 642.9741482916315 704.5255288068831 0.08237021416425705
356.93141896841297 337.17088949363193 519.855747033665 529.5515212593624 0.08228442817926407
339.18750843757783 391.71515240890733 348.54326582829054 403.14445642590664 0.08210307359695435
368.52035115116325 377.06408761481725 381.4522892892477 392.7353765876306 0.08201921731233597
636.5445757140035 481.71524982875906 657.1969776158113 504.9395673007803 0.08198104798793793
262.179323721373 531.3636113078179 287.978883425189 565.9400975553332 0.08153324574232101
314.0340705883346 500.15807142183843 321.4841931073795 510.4849304672435 0.08128117024898529
311.27232801231713 473.6994505239411 329.88608984251493 501.09832591165235 0.08122286200523376
557.9635551626511 640.074061224887 579.7763639478479 669.4153678475859 0.08088047057390213
705.0554350244752 669.6745120516092 764.7104887561056 736.0441219088752 0.08080943673849106
556.9410385271796 448.6898015663307 577.7493056479079 468.46628541885076 0.080762580037117
661.4101786994993 650.0047213802436 715.0595070880721 706.0766635635213 0.08047598600387573
570.4859702375342 361.55180436404953 616.3374140475462 407.5215684157692 0.08034373074769974
89.98763777216259 493.0779243346846 104.54239694029538 507.490851027686 0.0801168829202652
53.7791943534921 489.79610100867893 67.85547221683899 508.56154097994107 0.07969852536916733
78.23509022492668 301.08759463969966 175.86327983630133 394.9186391382378 0.07931612432003021
772.1394888252212 45.55540878682751 987.6245465932783 274.34367822248106 0.07928401231765747
759.1546204225186 691.4637397018885 800.7642290430389 734.7413704180002 0.07918868213891983
657.9897860678748 211.17837827961745 964.0535692585138 572.9344136983136 0.07870327681303024
949.7702602032424 546.5944554607004 1049.1617226613273 656.9647706476189 0.07858148962259293
698.3233139675783 526.3718241586195 743.9907497469729 581.0219770305479 0.07855698466300964
743.9127690686272 517.0339060131749 790.2183009236878 573.611981285047 0.07828216999769211
737.7743215309412 658.6926071432422 773.996217900994 699.4792339084368 0.0782325267791748
214.70804234314994 517.1723246106204 237.73118864067504 543.3601909533246 0.07818147540092468
187.17836601714893 415.46760041111355 210.469137663297 435.11084712447894 0.07759649306535721
811.8958901319173 442.24850147316164 933.4232358984387 579.6724617001744 0.07733212411403656
-57.01361588467629 529.8227727784265 135.64975635034824 767.9059450894388 0.07731994986534119
484.53177176326966 503.26444114585684 535.4336536688695 566.3557088837251 0.076962910592556
96.76055070505662 277.95574293286217 168.2296097169712 349.7918555183517 0.07633945345878601
811.1588274991186 590.9686950413364 833.8403201206833 617.3556673806515 0.07563839107751846
20.181607745027392 370.2547500468638 48.904587376813815 402.0762380811223 0.0754530280828476
224.39399960273377 375.86795276895305 308.78901743746945 462.73798416107616 0.07506970316171646
736.4218199020627 614.3801336374333 759.8788607317078 643.6756680747487 0.07504982501268387
322.8667989848134 391.72790486892364 340.02709437040147 410.16393284765144 0.07488258928060532
931.1729235274742 676.402657496509 988.5773057057069 739.2448925674724 0.07476738840341568
866.4608267653496 542.0560487251081 922.3183677336672 602.6088634512213 0.07472304999828339
73.16843296650345 472.42101602108596 87.51706970922787 487.7021160946764 0.07455074042081833
246.00004630580685 319.04556599797996 307.15289290243845 380.8070032078341 0.07442131638526917
881.2589562647124 500.1656364449459 1204.1313943683313 860.7456774662962 0.07426763325929642
909.772767376521 701.1931189114484 938.3265155588813 730.4640414621061 0.07425098121166229
390.09023349269665 388.8659145505057 401.14721192342466 401.8941331014364 0.07412144541740417
377.3740182728688 377.97277493722623 387.28613246169124 389.7506257447217 0.07384618371725082
99.22826528411373 530.8432199003508 122.21560428076715 557.9216405025429 0.07363045960664749
659.3774622148801 530.3242832223707 686.2971639785316 562.7112262727142 0.07328128069639206
-5.651280139854302 476.594300670635 16.473968449364932 508.7690943732768 0.0731840580701828
142.9849851735119 431.4491651327006 157.7151001377615 446.311382044752 0.07314106822013855
208.85946848730606 407.22277400075785 228.81622628494443 421.72385603979245 0.07305818051099777
-10.177033591657427 362.0399928124779 20.999772949574876 398.2131032885669 0.0729583352804184
302.4964443768488 450.1406604982448 312.09716087994946 462.50832861370276 0.07267522811889648
876.7833566537366 564.0366034731062 946.9962449055191 630.2593013576183 0.07216502726078033
447.3080974367001 349.2234258436438 516.9669867402516 413.85549236922594 0.07186707109212875
156.2588973226016 604.5484006918366 280.05305096242483 741.7412713052893 0.07182598114013672
171.82658482853805 346.4736416158701 238.44735228695018 411.36888760720194 0.07151048630475998
185.47653788928528 127.75729800519808 424.9178322119818 383.2747981798487 0.07120957225561142
813.2868985811132 615.5381094601328 840.3639708587548 649.3050900778528 0.07081817835569382
695.1123399123745 584.0854945723092 726.1432890115237 621.332131340255 0.07051202654838562
813.3045364017852 563.7583432469902 838.5611443189114 594.8841545642122 0.07042543590068817
779.3936206059457 616.2004397515747 811.7344928834669 651.2409936566394 0.07025004923343658
753.9502110689791 462.90685065092623 811.9809555002029 532.9122143241119 0.06997349113225937
635.9509079061968 436.2432609457884 649.3194735133036 449.810966433083 0.06987279653549194
146.38904793845578 402.763251662901 161.20191747990816 415.84441145748207 0.06976954638957977
447.2803713929029 269.0148633961809 508.394186049352 334.5149071731108 0.06974402070045471
522.5128687395518 620.8792262336971 634.4243170234324 745.5480632419109 0.06965386122465134
46.00644281942015 339.25466372252487 97.96363247297877 391.3968052980549 0.06876324117183685
244.30388341112055 489.87144740210596 268.3734454322271 523.3611580645888 0.06856214255094528
178.2816879362751 456.3653605076882 194.9107048624909 473.8081615016772 0.06813406199216843
325.1499388950651 343.70266293800194 423.3696693879202 455.345790816958 0.06785638630390167
333.9673004894881 278.4815330982773 406.5963986020226 349.01358522441814 0.06775709241628647
38.95558165194093 490.09729347422456 63.259058170984545 522.47178522025 0.06752423197031021
950.8724741496706 -70.10921870173033 1143.9000514885897 147.99156867912836 0.06726472824811935
1019.6945327126938 643.238642605581 1102.9995013140287 746.804627720686 0.0670536532998085
872.1345760355682 625.769045411855 905.3083439694038 663.2877490745584 0.0668717548251152
524.0725770921365 77.68084502554917 764.8027392121971 338.6369705963533 0.06660792976617813
244.16474019794876 562.8878546777411 267.95968248471075 590.9649552833238 0.06620097905397415
944.4532340460448 229.90562338179492 1129.2135457481359 471.7116033487992 0.0661846175789833
522.7615716858202 309.9087247348687 579.2603027542614 363.39870403347044 0.06548207998275757
926.8767064567296 492.8821929332303 974.5796213806025 558.0955878144689 0.06543106585741043
715.469117721675 628.7332012563776 745.1342190231475 664.6399670708242 0.06537377089262009
159.46313179601833 248.097295956051 267.4878314265036 348.01966065385585 0.06509526073932648
832.4324387105216 550.1004783190193 869.6940042592773 588.6177524287663 0.06496752798557281
613.4987226424828 675.1290053861222 681.3562524194484 744.0101588622551 0.06455621868371964
402.8871905478273 236.43082531161824 463.1766118072935 297.9662221814472 0.06439995020627975
273.77000242129037 515.7444325174469 282.0961750400032 526.9373415560584 0.06379473954439163
-32.69502045761899 34.998404009681614 211.99561952793948 321.4402945419298 0.06367034465074539
345.26555289042756 381.84891650037406 355.68021765859413 394.76999843035605 0.06366921216249466
501.5616821883506 336.9954092710006 581.9079705847518 419.8464447836298 0.06328567862510681
669.0512829829577 595.8377388037029 700.7044410393008 629.4903411527714 0.06296955794095993
51.406312079020694 510.61539443429535 83.01235999334611 546.3823925690768 0.06246497482061386
571.7545739727323 478.7195800930192 605.0055507449567 518.2391497835503 0.06093863397836685
-29.884291300973242 299.1316428930529 66.85664272214211 415.90455958786015 0.059876155108213425
682.3879842720884 336.54315028618987 772.6517616534787 431.11811883586637 0.05964317172765732
837.0162565256993 377.1112001474261 928.6601962179931 481.721396790079 0.05926600471138954
402.25265049830574 258.24067236631197 498.8250350912312 359.5384390944923 0.05702695623040199
564.9652368434063 312.4527439000301 663.9707734542565 403.15576356453573 0.0569457933306694
503.2006634856107 467.3961057459113 608.5547051801118 590.2458505325819 0.055452145636081696
783.8644863656815 427.279642155035 838.303807776034 492.63595663390277 0.054537396878004074
773.1250292244063 317.0744143058625 851.3766380557828 408.31746524837064 0.05350549891591072
