933.3237788171385 344.16378060243585 966.1541133229433 384.31980967646547 0.9997081160545349
817.0746323425603 378.82732817177975 845.0695091406274 410.406500280749 0.9995294809341431
15.55444943160855 412.38851860700635 28.935034050383905 427.577163613414 0.9976486563682556
859.6281816800988 371.6486892092515 873.8341979158249 390.4263075414015 0.9944522976875305
449.926097921253 408.23142535293294 460.6059944591546 422.56843231215754 0.992693305015564
731.5442153518823 367.8472262680692 751.0831704808315 392.7371147872442 0.9868760108947754
403.40514415248447 403.7018001759255 408.77300388774296 410.79318055368583 0.9435763359069824
689.4799414796101 375.85069980382997 705.9164832063769 404.0359059429074 0.7253668904304504
636.9615720880862 380.4591003892293 657.4527581306266 405.53113774298333 0.6238663196563721
38.4297124202765 404.26648303904864 51.735842328935874 419.193339204293 0.6125401258468628
428.93678363505353 406.1965315738807 433.4667698942346 412.0506549271105 0.5611541271209717
516.4573030348629 395.36084893242815 521.5986711563892 402.5967761314986 0.4654938876628876
503.6002537299889 405.83390406116325 509.10514011884715 413.0017971103805 0.39606839418411255
334.8359315917923 407.99631820206224 339.39352083263793 413.9277125878859 0.39266401529312134
333.50586234712284 411.5884214283258 340.28476226791844 421.85881734707385 0.3520932197570801
507.4830393639513 396.98664812381355 513.3438786457898 404.3270884921934 0.24716642498970032
366.58355822607126 401.6767029070815 371.5824450853421 408.3222174874933 0.1740286499261856
378.1374552876333 392.0271243989351 384.1066504920332 400.7309898490314 0.16442622244358063
289.6731880175787 398.2815269804022 298.3810084339098 409.1942374356282 0.15388096868991852
156.4424299030545 370.0507834176731 171.09365658266344 386.9413180839156 0.1505247801542282
57.59189825978412 409.293977584134 69.50487392866023 423.45997556189195 0.14687256515026093
369.70915000395223 434.9294085125344 372.968579850969 438.91017475815227 0.14659985899925232
533.1311323068079 393.66637084979527 538.1743013947469 400.7528111901645 0.14593245089054108
359.68624116840783 402.1768888522828 364.7954485879713 409.2083190473053 0.1417449563741684
525.6716733337905 448.6432745894147 530.5980678420702 455.23759361772915 0.1416630744934082
426.88847602729777 411.4221897670132 433.77944296460106 421.62121168068165 0.13812939822673798
376.9546125502268 402.6557456659745 382.3250167209505 410.19495516954316 0.1350487619638443
372.49515025768625 407.7673736456993 377.07467853008836 413.8503544765386 0.1333913803100586
843.6950593539693 386.40500394891944 859.5325554085083 407.27637365778764 0.13283956050872803
348.5668417067324 390.7650445550514 354.92355320293757 400.2099711690012 0.13245879113674164
495.8124811582209 396.61371027035705 502.90541096867923 406.07698232210356 0.13193660974502563
349.11780090320156 386.26153684234043 354.4472673258365 393.08193670039805 0.12783288955688477
351.1942915006874 404.8777658585083 355.6446213324201 410.75391161002085 0.12700757384300232
288.5782343843117 417.37307809959924 297.18134159433714 426.70669585335577 0.12565983831882477
683.5714810201124 385.04928944451945 692.0266012016845 405.7484691963631 0.12518446147441864
342.48006948256716 392.0834187046949 348.2611248039563 400.88051389587326 0.1245122030377388
314.88118909868984 408.60303267752795 322.156796449437 418.3697071905089 0.12315098196268082
357.5210215979906 405.1010419750428 361.47985710418095 410.6516860134654 0.12280162423849106
366.4250590990955 406.63365272242544 371.75743431128825 413.57107122115417 0.12251564860343933
293.0831914595763 383.9168559653729 307.41570706915263 401.3409236069896 0.12233825027942657
353.4989474723675 259.3580827899117 358.61164544411724 265.901919438581 0.12223596125841141
380.02301978207583 399.35320364833035 384.44148162468076 406.2195344367839 0.12143205851316452
357.0389653772995 399.74527366633254 360.9201326324589 404.9428466254133 0.11949296295642853
361.42995368848227 414.52887408264723 368.21843511508115 424.05888029114885 0.11944682151079178
349.91895360293006 411.0982183797961 355.997441454444 419.3004617886588 0.11852116137742996
359.1143511007291 396.19012835958273 363.8080870362513 402.6366175818846 0.11822906136512756
374.57932112292514 411.8619190942674 379.3185276692748 418.25777084467603 0.1175759956240654
414.2592633618109 585.4826447560403 519.8510255730124 699.6313850081642 0.11747436225414276
331.23951654070953 388.76928828073085 347.17529265542 411.22460129792 0.11744532734155655
307.14758637688163 407.94103254184637 315.0010252749737 418.0058679543287 0.1171092614531517
395.02099536799886 403.37080774683903 400.57992498368793 411.5060021570807 0.11707822233438492
296.7044540982307 416.92377601791355 304.338758389837 425.2012206415687 0.11703066527843475
369.45831268055133 397.6131570352208 374.5512005453652 404.6317843536588 0.1168166995048523
26.258527182236463 389.32987359709136 36.250682482923665 401.3482816391871 0.11628983914852142
354.2201411167511 409.16743693582595 361.7553488398563 419.26828129698316 0.11611713469028473
362.9650018422923 406.30887890878057 367.19987939919275 412.19036205205197 0.11586765944957733
179.38634903224894 439.24327369078725 187.97488186011745 448.8315191963522 0.11479917913675308
29.679338848106845 415.40946525197415 40.90540907194702 429.0609702134483 0.11474759876728058
342.90997016209974 407.4580400202432 349.6007158991121 416.5405942622553 0.11353595554828644
359.11042935414514 390.04985133419154 364.84546575910923 398.3346762217579 0.11341209709644318
371.3635037235938 403.58298009386436 375.97376365555397 410.2053156865331 0.11297211796045303
347.6366936602331 405.0987906759839 352.83370624762404 412.0148248164153 0.11290568858385086
384.7168597533739 393.1019427012409 390.7374710982818 402.058022100939 0.11281643062829971
377.09896349317415 408.20212866200325 383.29107718390503 416.75180355266707 0.11228420585393906
300.2252032255466 408.94739406048217 306.8937179039158 416.90665967503844 0.11222873628139496
901.3275209287426 374.27242529148833 920.3084515903174 397.5043578256839 0.11220932751893997
336.084344880633 389.526014437457 341.45763653567326 397.0951810695395 0.11192074418067932
380.9514368092085 408.2613824036771 386.01865034619874 415.6273086584277 0.11153151094913483
373.3308330331169 395.11769977842965 378.8703218929275 402.98273142713265 0.1113240122795105
353.53210507321086 393.66121475810144 358.23945047609425 400.35100905662097 0.11103077232837677
363.81667031515565 398.7395425799572 367.7893786217677 404.13921564298346 0.11100916564464569
382.5089371789068 400.7474185557404 387.62797819327096 408.4822908071921 0.11092923581600189
170.85364549027628 440.3893233775904 180.01459637837365 450.4191529280624 0.11008927971124649
27.5529726013669 405.8919918289202 36.46675495070794 416.4933611094845 0.11006578803062439
160.99638784376904 455.0897437207031 171.8913628069855 467.18486722104365 0.11001534759998322
318.44721360953656 396.26772946043604 323.63745809638226 403.7053026930562 0.10994677245616913
345.2838852664467 375.907095880154 351.7480256432926 384.64339030692355 0.10961808264255524
16.896587914067684 395.35088114560165 25.231548556876017 405.11447472970383 0.10947577655315399
506.9121678089922 381.695289073019 514.3214470295527 393.39934109735196 0.10946261882781982
353.91555161849374 400.12435024109055 359.02626091370854 407.19405357047566 0.10900889337062836
498.3426435913914 391.68343349062945 504.7652505101092 400.2427282954083 0.10896293818950653
285.0872543289645 412.1924577400127 292.16685129498563 419.545726061786 0.10884587466716766
331.42032140271783 398.55345461516737 335.9443570846957 405.1025987388617 0.10878848284482956
368.77322599443363 411.85110445222045 375.63499878482713 421.13334978853436 0.1087859570980072
301.2972241960032 398.3470794308627 308.1829192515824 407.1841629122735 0.10869984328746796
500.58724418009933 381.1645748499294 507.8408545000089 391.5430707527359 0.10867457836866379
342.88646000102364 402.1766009183921 347.8836128376293 409.07643124993285 0.10849323123693466
346.8488421885611 399.73157370235634 351.35687335563927 406.2827347147909 0.10843957215547562
360.96967765350854 408.52678755046844 365.76422722324605 415.2985141422735 0.10840518772602081
501.4946563829124 396.037359835207 510.0763719181789 407.01612272942583 0.10838480293750763
364.9710847086496 410.42019639531645 370.01045060269445 417.3014823208805 0.10810322314500809
351.1035445733504 400.3819302318986 355.11674712416135 406.0391891308265 0.1073734238743782
439.62180681229 409.76823052361243 446.85838745676296 420.19474804201747 0.10703041404485703
424.8260313849181 406.6318545449099 430.00906566015163 413.9985377242409 0.10681891441345215
82.55544277275426 68.19140253727215 91.84064490592178 81.32254318344734 0.10671446472406387
305.88549855577423 376.46300523347946 327.31013245520387 403.6413310901046 0.10662208497524261
432.4414292619798 412.19742683562185 439.2821517539973 421.99348396458635 0.10622670501470566
278.43550601072496 361.1675346399406 293.80685390481403 380.87747555378326 0.10614999383687973
302.7784530027414 415.06314442352254 308.98513677586277 422.53210839656646 0.10609548538923264
309.8040462791529 399.64315770597904 315.37754212048696 407.0996216267919 0.10604091733694077
365.30019204950173 393.44736740092077 369.7159006376832 399.8134329530049 0.10572468489408493
374.10885361454064 400.46892760018875 379.439204233296 407.78824144960987 0.1056145504117012
328.1006525788975 392.4015167356469 333.81752910294483 400.6893828109921 0.1055518090724945
373.01442165901284 388.52765955939725 379.4467675207062 397.4625015794588 0.10538578778505325
322.95254966353986 405.4750963598124 329.58241771279387 414.6740779302166 0.10528448969125748
545.476816971271 393.72350245381364 553.3307714797355 404.78405126159987 0.10526464134454727
366.39579292288226 381.7254540576374 370.28408069890816 386.68942973861226 0.10517609119415283
331.23853323101275 421.0428383689689 336.9400335786082 429.32318664718844 0.10515057295560837
345.5292629525153 387.3186429328286 349.9746484317849 393.70082554398994 0.10513029992580414
327.28428913123247 398.50721669822804 333.0920655445656 406.6299903498292 0.10469290614128113
69.65522648308708 207.60544257906525 88.87372449970049 234.11692053213636 0.10441427677869797
289.2585190369966 390.90861016041026 295.7725108494851 398.9592289317157 0.10418722033500671
346.39871278178106 381.77658058797465 351.85386983901043 389.3532247674841 0.10399910062551498
293.3984541378244 409.76610660766363 300.8899818580358 417.9983016257404 0.10378201305866241
185.56792217861323 427.71878806689955 194.83010109806176 437.1989085053455 0.10374146699905396
388.0252304900818 400.7484224956778 392.7857293900315 407.81653718934484 0.10323305428028107
338.5882634015796 396.57882188006494 343.6297768052992 403.71330708999426 0.1030396968126297
32.77115109698945 400.9061025521778 41.240856921400066 410.54414035128536 0.1028766855597496
169.78981126444847 413.2997187839769 180.24583362186175 424.75788822000544 0.10276280343532562
-0.18826792192614877 416.1755671122521 8.777046754417743 427.4774691664097 0.1026977077126503
436.4027444343797 412.6742901451298 442.54769632536 421.43747443014297 0.102654829621315
280.32023941145326 402.12394571320925 287.0876660211214 410.7414775926257 0.10261207073926926
363.2791775101863 419.16129444606565 371.8231519814886 430.8812853531813 0.10241954028606415
385.57003747616943 405.79235354885054 391.8672769566735 414.62518472520566 0.10241176187992096
315.7655263878384 402.07701441189795 321.2591977024279 409.5324009649048 0.1023850068449974
192.7389773397534 145.7613182420936 200.59012344404687 156.95689423076018 0.10233698785305023
365.5271312751287 252.91781473069344 375.81862850606547 265.50147452632035 0.1021672859787941
105.70672201435951 126.97239752318377 136.90213573383673 164.25903139829555 0.10210755467414856
358.9762364989751 379.307453070465 368.0479931698044 391.5948876704659 0.10203032940626144
363.7809802905235 427.91069042895145 367.05089644777803 432.31666865963757 0.10197184979915619
517.3367535873929 376.8499658790037 532.8643559601709 398.3715701906502 0.10183149576187134
267.61062596419583 381.4494381526045 284.67939032290803 403.538402614263 0.10182277858257294
366.9817540007465 391.27017298863257 373.19261575528844 400.2351736704281 0.10165977478027344
358.26188610719777 382.12719205066264 362.8134879220357 388.34249966931236 0.1015455424785614
352.16995801348133 418.3190194490543 359.625978446028 428.55530766985015 0.10150418430566788
368.61814792766063 386.3471280723709 373.71445799530915 393.32858961172377 0.1014447882771492
382.8752457873357 380.961150016993 388.25280813693485 388.15433291571145 0.10142113268375397
202.27257892916228 440.28627027103965 210.0836265855855 449.2571510413783 0.10137075185775757
327.5452203780904 362.87603857745364 340.18678914340813 381.4364693285957 0.10124818980693817
277.76729950198444 359.4721744266777 304.6279964834938 393.31410479567273 0.10115238279104233
371.7459916461173 417.6837816301622 377.52597656240823 425.4968340936542 0.10113401710987091
376.34739141944334 420.0775738189928 380.31548782959527 425.54288806311916 0.10108762979507446
336.28023350716893 398.78370443896773 340.4518024930238 404.41323932905306 0.10089780390262604
284.492483449377 396.07674217714634 291.16457907503747 404.3174945863833 0.10085446387529373
343.27452632777135 415.8355467911591 353.25881640612835 429.09511556549495 0.10075841844081879
293.37916977673063 424.1703339045256 305.705202592716 438.6628011612957 0.10068904608488083
402.1773674989673 414.297138784964 408.48337635845223 422.96204804657685 0.10062695294618607
365.4293996685212 432.5242883868969 368.7450322574945 436.7768057958402 0.10038729012012482
339.7945612377473 403.7953506373836 346.0804101042499 412.30774561980195 0.10037384927272797
191.36471162490088 444.6690701604609 201.28536006722814 455.41949442857776 0.10022535920143127
311.70595387715343 395.7836968221999 317.53189422347236 403.69537367985896 0.10021249949932098
354.57865707388925 384.91561125335335 360.70448586925204 393.5565675152656 0.1001172810792923
570.9261712852059 380.5831223224465 588.9400398515427 399.6212718263374 0.10011120140552521
333.31633211479976 393.4759431913401 337.951159938947 400.39538854300554 0.10010651499032974
961.9351659202888 355.0528966443075 989.4921353591644 390.55733281341065 0.10007260739803314
259.39840165187917 364.0332123596562 283.12809977418686 392.9740345745913 0.10007009655237198
332.07123249351673 274.43960020548167 336.77810188557885 280.35809450646923 0.10005287826061249
322.5514933449208 395.23746976294564 329.2515080627202 404.70958480939714 0.09998847544193268
261.6164092633096 399.67675064800613 283.16222630591915 422.8401786373585 0.0996088981628418
537.7747658004436 394.9765023840519 543.2300479610005 403.05275842741315 0.09951929748058319
364.4943718596757 386.4555698897469 369.2155514763871 392.92587302650196 0.09949132800102234
354.79273802136345 267.5332586678772 360.3511754738867 275.0126577308898 0.09937925636768341
293.5387271412334 406.7638027944079 300.3571495559605 414.53573721048616 0.09933983534574509
284.2252997106728 386.7576334595699 289.8261505758628 393.7886062541153 0.09927518665790558
286.34636211531097 406.87939430939264 292.8901146072626 414.1708298545712 0.09906990081071854
314.6933313275328 392.52866779401546 319.93612248247496 400.15112043658723 0.09902250021696091
419.2466109438447 410.1915946318712 425.6777667872594 419.4836741414656 0.0986006036400795
390.3536863656597 398.35989294869154 396.7943756929162 407.7937365453895 0.09858743846416473
706.9040424261702 372.38447372962884 731.0889698269672 404.2039516276279 0.09831587225198746
333.78133992410636 402.16174467677797 339.131764666356 409.6977208476635 0.09829045832157135
326.0655533928077 411.57498601612707 333.1321767215727 421.16356598108496 0.09826021641492844
188.11264483066248 437.15393869303773 195.93578151656067 445.86174551131626 0.09824470430612564
350.6238987019823 379.0780923372431 356.3388119134136 386.79474590417874 0.09823563694953918
356.5371467983548 375.59151982803104 362.1705132645464 383.3376490308547 0.09816142916679382
357.65126654276276 270.6253844131317 362.45419562173396 277.13749186859417 0.0981241762638092
178.29462827645548 448.79813409207117 187.90246045311844 459.60283995736086 0.09812413156032562
104.30899196712767 76.25220489327522 111.90027223022723 86.65397972999074 0.09811315685510635
489.7742909862228 392.2152730627958 496.26837972819897 401.80799280959826 0.09802014380693436
434.103569422412 384.9789087711053 443.0369456929463 396.0644498825596 0.09798356890678406
191.76649899044762 420.0786199361634 197.70681834648343 427.34493614248896 0.09795782715082169
305.1200222436199 393.54869177250913 311.8317439855235 403.0841449149165 0.09793516248464584
852.4371247264587 322.9460117543421 888.3912287440675 373.1020841809549 0.09791533648967743
140.95022171121565 410.2101261535931 151.29205906335156 423.57712226177756 0.09783418476581573
388.8889142666665 389.9548708016507 394.4742279134882 397.8010634680195 0.09774837642908096
381.10427899152705 385.250055252867 387.20417624075196 393.6026650940998 0.09760132431983948
313.39236294488336 357.7216064352716 329.23251945545195 380.8520269908494 0.09756659716367722
368.91742607880883 421.2122254184628 375.44150492735287 429.78387177899043 0.09755425900220871
788.235787119575 492.09616284256106 833.8095526529643 544.1324745416395 0.09753800183534622
49.372957252534434 403.2048606441857 59.742972683481 415.15837602325075 0.09749457240104675
359.54220562331204 368.29205923129535 398.5679603613163 417.4304703561172 0.09747903794050217
532.4942558442226 399.2893175138371 538.6518157062801 408.1618133357451 0.09746499359607697
433.43991254190604 406.0124798109112 439.5032671560889 414.1402564739541 0.09742901474237442
304.19264843291035 403.27856955241305 309.59464261365207 410.06398358635045 0.09732985496520996
310.4275171947669 417.4875229570002 319.5056685721895 428.8657736679753 0.09728177636861801
488.8792258510299 400.480927423695 496.60215228425585 411.1582216665785 0.09724851697683334
237.75895126519302 375.19498067797895 264.05145193139884 404.8196628650453 0.09724018722772598
164.63301577282917 446.5779185259954 174.91044152549472 457.82274684743675 0.09705766290426254
377.19138767385004 381.50774439804314 384.2905365698944 391.2503954844755 0.09702837467193604
277.9292834448442 416.21617588261176 284.74455782927254 424.30278963985785 0.09701728820800781
365.43814890185325 374.84841961646 374.70382188714063 386.7519187712499 0.09689424932003021
177.1924344637966 432.0798403677979 185.36274770294133 441.05239103917614 0.09684588015079498
362.48035374602125 389.9609556262239 367.6702506231603 397.2961735722355 0.09678444266319275
109.0469880759339 405.7722175157766 114.15004163883206 411.85579179060824 0.09671599417924881
288.2473535785228 342.74477977413187 308.56939868891817 370.41626798528756 0.09642093628644943
398.0228058246277 393.97151673454164 404.0789189457193 402.5815600307677 0.09640131145715714
312.142464115442 402.7684620105955 352.7093820288922 453.90673138277583 0.09637665003538132
75.47143085232548 193.98943550129005 82.71886112265197 203.47957172057625 0.0963018462061882
341.2784219203085 386.63390719754403 346.2289638982731 393.83770351744977 0.09626664966344833
360.5928923459351 276.1724156957226 364.4583094518558 280.69703720456914 0.0961545780301094
391.1714658035421 412.94492002767686 395.5792079633774 420.1945368704662 0.09607180953025818
299.1087515491308 389.0876203529017 308.0120724281003 400.66460754753564 0.09598202258348465
357.7185434799875 258.6973723772879 363.1185937255706 265.9057631656093 0.09594596177339554
361.81005321112536 250.8515999117419 368.3812300505622 259.40745090581396 0.09593527764081955
78.43490473919191 201.31833002336222 83.88253221820705 207.96646029867705 0.09589649736881256
325.47853162717934 381.7549436164172 331.4977519440775 390.7239459518455 0.09582005441188812
113.39843324761493 52.738771692428195 122.3067415936105 65.70587085784669 0.09579809755086899
354.11822763645824 251.53831722275916 358.6230861853407 257.79372410547353 0.09577199071645737
169.3105272866362 361.2679335923551 177.05101612107126 371.2019721326566 0.09566556662321091
386.6790452220809 378.9162105882222 393.30852934823406 387.4980130488157 0.09563256800174713
173.19584106288886 453.4465540153242 183.1047905125058 464.7851274201167 0.0956227257847786
567.8973809234026 64.91817785097133 577.0233375556585 82.60211372787766 0.09557320177555084
156.4920510382526 458.50084063366586 168.73945047184824 471.5709950046989 0.09554983675479889
134.92101898829844 126.03207993527637 183.57887603380115 185.69421511273686 0.09554150700569153
321.084221683239 388.6587253995974 326.6801588866611 397.0612040337879 0.09547630697488785
348.50359447231074 273.05362442941475 353.319557017145 278.87882553290524 0.09544223546981812
295.5699756281141 390.31655048903843 301.35510694468644 398.1918039774297 0.09540240466594696
369.0489845971613 382.93777694721445 375.2451518348474 391.20062272831194 0.09532494097948074
668.0021050498411 372.50901528935856 690.1232709825745 405.757225387141 0.09529993683099747
379.5317225919922 414.0384554559924 383.47590760706265 419.3136089949942 0.09526535868644714
661.4657699438569 374.0870755977747 681.734492965409 403.03544419867006 0.0950281172990799
333.7090235505831 379.30450130195135 340.8349347163267 389.1499819860352 0.0948224663734436
332.6374185257651 387.2703983014302 336.7843310918405 393.2261139181885 0.09479009360074997
158.1684445453447 448.68008816876835 166.8278453490105 458.2115354602872 0.09478729963302612
281.1178256127969 396.28614136505144 286.84815715134636 403.8296095272694 0.09471968561410904
340.45126914229417 378.7947843745143 346.0026270316237 386.75317900134087 0.09471484273672104
914.7832806709822 363.2203448337411 938.4208522151499 393.5900859748479 0.09459991008043289
437.68094839681805 403.41126819609394 444.6592843671586 413.3187951125019 0.09456291049718857
411.27196416431025 385.5033944100508 437.30213250178934 417.49192018999196 0.09447936713695526
570.3005969325545 403.3228622842241 587.5310854827881 420.0736562927159 0.09440376609563828
303.0482664349297 419.6617010989235 313.82792664146496 432.77177425732646 0.09438014030456543
328.5859117991169 388.47761375258233 333.2386160770365 395.37563024294434 0.09437714517116547
394.94398721037203 409.8349648118716 401.5011655966038 419.52283934694844 0.0943031832575798
434.4132855859204 400.3181152289147 441.2350740666449 409.1876004722318 0.09429547190666199
429.1296931533464 419.38733250399025 437.25789452790684 431.36243925341444 0.09424436837434769
512.5375502667721 398.6949650771859 517.5454269593777 405.31778297793534 0.09390658140182495
330.32021158881315 406.2026032878229 335.44480663239773 413.22683611651905 0.09383135288953781
325.39673651249575 334.43157114642844 344.5494352341998 360.6757065560161 0.09382298588752747
349.29543076121644 347.6140118005855 360.9412537754345 364.4359594561048 0.09379100054502487
416.2178254643306 415.464825927455 424.0021509006108 425.72299585802483 0.09372086077928543
-2.4345032219520406 395.06476117230125 5.4356044817041305 405.7479808512311 0.09362795948982239
163.79282349584156 426.39157130541065 175.84624934473484 439.8455048565842 0.09362372756004333
459.90148537353923 413.5110474000313 469.41623246644497 426.9664779827678 0.09360364824533463
195.45119073217353 429.6993387206192 202.77260239928094 438.17836583392636 0.09359974414110184
83.59273354017859 100.26021085921468 104.16159078065466 132.52775332065087 0.09349135309457779
78.644056381569 143.6970836128136 111.49987095394563 187.1437353485614 0.09348007291555405
336.33496943738004 420.255455149049 347.2505746922985 435.1413151510434 0.0934799388051033
374.1934709824205 379.3658881170951 379.8845674502835 386.8421218166235 0.09347261488437653
409.184390108163 404.4912284797308 415.8937020732608 413.8344722822014 0.09347117692232132
147.0583936649638 170.6887729983696 165.6002230291934 196.27854620628014 0.093443863093853
508.7350068407013 402.7140104024545 515.7845430072759 412.06812220237606 0.0933782234787941
340.27134982437127 355.5275298149184 355.6555520609822 376.93072839495784 0.09337787330150604
259.2881845632496 412.2511467718596 265.4487863551434 420.0859468967087 0.09337165951728821
755.2224497393412 372.7625657732704 787.3504494473414 414.8363106031184 0.09336291998624802
355.8800693402581 372.98051747307153 361.33013005434634 380.7002841636297 0.09316334128379822
355.71612467324775 419.1108442362183 365.1120345303313 432.09797740400074 0.09309103339910507
113.18396736694503 57.1762293538085 122.48284202017784 71.83414736018747 0.09298430383205414
489.84610708732305 409.51830956972447 500.1802214633487 423.1239975605274 0.09293141216039658
358.2503293640278 423.67125179777184 365.6809376680478 433.7116473384336 0.0928596705198288
269.3900364319799 406.5055688896593 275.22598489986086 413.53689639966547 0.0927715003490448
57.49090617679843 357.3138260085236 80.27777765124195 381.7920803868993 0.09267820417881012
339.06871673184736 413.1278352415852 345.23361507553966 421.0355044831122 0.09260387718677521
311.7989372526018 426.9149122163507 325.6625924903958 445.06768305055857 0.09256642311811447
407.55846499768387 368.5375572617337 413.6318301078729 376.35180107226927 0.09251594543457031
351.7036112006554 239.0823636630258 358.96291041052945 250.62597689628018 0.09241834282875061
440.7769515568781 377.36717771945047 466.8420011196149 411.6567446914903 0.09228547662496567
298.7409532216789 378.63031110219896 306.04945005855126 387.10861898038985 0.09227609634399414
351.61422311002724 269.783384722664 356.69047507241595 276.5972944080094 0.09222056716680527
410.63782839740446 433.8671841522737 417.54298831525585 443.89823377692534 0.09219927340745926
474.4346522412762 397.1638007051518 488.00379196523977 414.8505233257936 0.09217074513435364
417.4707350694127 403.03608465635483 423.7970257886059 412.04352524069236 0.092143714427948
362.7861959098701 355.53216448197884 374.9020233968465 371.20604353734706 0.09212654829025269
257.85853504810683 390.77535574771815 263.5729283121585 398.7829004421581 0.09211776405572891
532.9819904082913 407.86751451340376 539.011482982813 416.36516493317384 0.09209376573562622
407.41288507750096 398.86635772675487 414.3846470261913 408.829130214303 0.09203802794218063
92.38803350730821 185.72152673531568 129.00170244254483 233.28861882142542 0.0920347198843956
342.4650201223172 274.1092751173364 347.84077282792555 280.37272346754605 0.09203099459409714
201.726267395683 431.8487729345098 205.93606395347575 437.17664536655576 0.09190130978822708
537.8541250797501 406.90880004457716 544.95341112539 417.2124524435838 0.0918656438589096
407.5133323257661 381.84346130744757 415.79341957518864 392.86596289998874 0.09184394031763077
258.9360110906391 401.85532324059164 264.40227661930356 409.14522114544343 0.09165707230567932
418.97829578208183 421.15342790809194 426.91321438741335 432.13253827537886 0.09158871322870255
362.1032948181351 369.7276729663212 369.00105625204515 379.1497151365435 0.09158341586589813
340.66461438794875 241.16468372877986 350.73533758352136 254.93868287454325 0.09142705798149109
70.65339499680819 404.55916258059386 82.35265185380352 418.2704273667539 0.09135805815458298
388.3216797955923 406.97389484395393 395.17197395921914 417.3274753206542 0.09130065143108368
392.96364915542364 388.2123778645417 399.0009920588424 396.69026847914074 0.09128615260124207
406.33710171756576 420.57363263079117 417.79184821228563 436.6383366196859 0.09125689417123795
292.1974872985463 383.0441080722982 298.30672459870345 390.5269536269418 0.09118958562612534
173.24883060436534 403.5487978782379 180.20740724048258 411.695433434267 0.09111455827951431
269.4609468912741 391.6955121273695 277.1164074806187 401.11997751316807 0.09111236780881882
494.5349406336911 384.4699536273094 505.16202149048934 397.8377275570412 0.0910068228840828
505.28213520525435 443.57792351457925 510.7796648868547 452.54426776423395 0.09097178280353546
422.33045997858846 404.180569935699 427.55533415576303 411.9622432766536 0.09093582630157471
502.50262107904194 365.61272477129756 517.4145698747976 387.2820678422986 0.09089450538158417
319.11703824273195 412.7328237576792 328.301181423571 424.374998247153 0.09083400666713715
38.456015770155396 390.600585053249 49.783733578778445 402.9829470828819 0.09081791341304779
14.5598628286363 385.33449681856797 22.514383100700933 395.3878527587211 0.09064791351556778
275.5349199485805 383.5826659761557 282.87263087533114 392.53117127252006 0.09058333188295364
356.6773324023142 332.1204848021513 383.01427390542256 366.77451348128 0.09049045294523239
328.77108654770217 313.8928032616303 348.64073772762674 338.4630608421477 0.09045880287885666
99.67903561997215 92.54327782124282 122.52578020591662 124.55067715564381 0.09033466130495071
279.9952232395873 420.2856190500909 290.8991724929306 432.9097430819149 0.09031742066144943
62.88374606388833 241.83640019092059 85.98822000289664 272.39244943941736 0.09024637937545776
182.30231975125244 403.86014704608897 188.4910032282391 411.13732414934606 0.09023090451955795
372.136293456009 416.45691723486544 384.71681444078325 433.1446015908276 0.09014130383729935
284.5031894004197 377.4211884661111 290.50210782272313 385.24697389423767 0.09006450325250626
492.1582279208304 381.9899199207913 498.98062520411565 392.4538498140132 0.09001746773719788
178.4207704655711 424.5131604922 186.09658806145015 433.44680218379744 0.09000730514526367
631.0541194717974 402.69798289276616 659.9097415399877 443.5835406457234 0.08995936065912247
255.02230620378793 385.32011022200663 260.75847768515604 393.2655262993788 0.08987085521221161
552.6757304569702 387.1503383166317 564.478755551261 402.4024569598361 0.08981286734342575
361.9112987694062 243.9193316828847 367.4488499270338 251.08288127190653 0.08971450477838516
258.4607768025104 326.3374336309569 275.5905391112819 348.0804915376296 0.08968425542116165
111.7647292402967 80.71717563651697 151.21847973381293 130.724798524711 0.08967237919569016
285.951170597763 387.1161730962976 318.9926468150565 425.9584418211212 0.08966671675443649
370.19067107419454 241.80021461534096 378.6143611072104 252.3746653527483 0.08962579816579819
137.6505921577015 173.13147689906629 159.11207373036376 200.87804416467162 0.08952117711305618
266.80702625270834 390.2756847169407 271.6433045791819 396.7397663169153 0.08949998021125793
444.53978630029707 417.408473780911 487.21126418110083 474.83854657452093 0.08942714333534241
319.2261274003716 420.3201949532844 329.3866626841178 433.50807393773914 0.08935392647981644
407.4774867380142 414.4644733116493 414.7816434657498 425.1446721425598 0.08934152871370316
24.594295109599837 397.92813587857165 33.61033353645198 408.06821639055033 0.08931810408830643
91.73133794806654 143.3422429461608 115.30260846116255 172.4138889146221 0.08924828469753265
515.8673974202977 401.8194971134583 522.3530308391926 410.9125599485972 0.08923995494842529
81.46477732534096 263.8717259213516 101.40083791902607 285.7998353339464 0.08923249691724777
379.5982200222324 372.235972427376 385.9850595778985 381.1175127915732 0.08921825885772705
353.73538498005024 228.99797450337564 358.1865660962468 235.5279903886135 0.08914507180452347
442.1044565915935 391.8092098286 449.9317789565876 402.49817933071563 0.08912920951843262
57.8264993275916 106.225047302187 76.97791262290214 142.3416579612926 0.0891268327832222
264.3581441339404 384.1792601434086 270.34502290646367 392.3805347243957 0.08912302553653717
361.4467643113342 281.9951583296716 370.4216196636981 292.03403072481984 0.08911539614200592
197.85066570122223 418.9734801733963 204.70519880309413 427.31060599313065 0.08908630907535553
445.2154898605484 418.09060704223947 454.76618564160884 431.5334131059546 0.08906666934490204
470.1248718712061 409.4418923246189 478.73976595649293 421.6055442591509 0.08906059712171555
390.15833673610445 383.52981075672255 396.3829675958576 391.9123345192357 0.08901716768741608
535.3837528704266 384.59340877844147 547.5840685834869 401.5456653328047 0.08896142244338989
27.6907769086449 93.68674224945715 43.64741850871017 126.6802952451389 0.08895958960056305
263.090393546398 406.8308046999916 269.607696482938 415.29828065285864 0.08895015716552734
520.7219200875178 395.18378255920635 526.424147373392 403.55971919740443 0.08894911408424377
373.81890202674936 369.9421460863098 380.7805268000398 379.12512814797407 0.08894595503807068
288.9041792787197 425.13703599558323 296.85482275698433 434.194262661482 0.08888738602399826
507.52137101601915 409.45556285956036 524.05316636516 430.9925766777278 0.0888868048787117
277.15208867191245 410.6736315929993 283.1012840909791 417.9086157691221 0.08887740224599838
297.5077825911383 331.90148616644893 316.4407507168311 359.6528386559918 0.08887708187103271
407.8926414569203 356.7193751265767 413.2547205838855 363.8752981786399 0.08887556940317154
47.85247744696241 397.46588646431076 57.805046052104046 408.7285638148604 0.08887507021427155
148.51315396670822 437.0602324129765 164.46434789235929 454.72003283119415 0.08887004852294922
80.52115458999617 401.1952638779261 86.81252265515768 408.7557879193965 0.08884738385677338
383.8459953151075 369.0931427745035 412.90796556173945 405.09827504001913 0.08882565051317215
36.95455491216697 385.50030051338194 47.12113164955481 397.38793069381103 0.0887993797659874
382.3089442512357 419.5815710746618 393.84551220771647 435.35016143163335 0.08864030987024307
368.47851101382884 428.832057443156 372.2749336261953 433.6851909177287 0.08862120658159256
277.9919068839751 394.5328244632766 283.9766060581325 402.1248862487834 0.08854682743549347
-2.304488088686486 423.91465937005347 8.267750607702688 437.27541291128136 0.0885421559214592
551.652110366805 403.9360216047921 564.0054641247766 418.69391131174416 0.08852368593215942
9.00725657813113 426.1439332565324 19.870218912193206 438.5829423741439 0.08850904554128647
526.6640271119785 393.52048902184384 533.3485228289309 402.8034858527715 0.08844920247793198
350.2232913680213 373.1271348880772 355.9528621052175 380.85626747194846 0.08821813762187958
231.24937156089433 401.19541113290114 254.13321516657487 425.5796530776348 0.08818629384040833
443.7730876263203 404.35801833042075 451.99108855795123 415.8471427208311 0.08816316723823547
42.25572867531619 416.37523568698475 57.5214166613699 433.78543889616947 0.08813256770372391
263.8384570714604 398.1917912640232 270.3623383389499 406.5064218163565 0.08791546523571014
4.8013196744980355 410.1737394677412 14.594316328246117 421.98751696125197 0.0878424271941185
467.1645716694372 372.7516589649778 493.3679608882806 406.6272244234516 0.08782210946083069
334.3723624411314 372.34962042258843 341.0467544108203 381.84293986449745 0.08780460804700851
384.4440803156727 435.492844854916 388.4831941067147 440.9470549193413 0.08776719123125076
-8.472549986615679 375.590063951842 16.38182261212138 407.4289732166806 0.08774340897798538
393.0372757078856 377.5881470127956 399.3125093081704 386.43309871879967 0.08751781284809113
271.20342363598957 400.61299989869434 279.0934134476269 410.1236533116392 0.08750918507575989
330.6595639210688 381.5935269212145 336.0033231353363 389.20467029615503 0.08745475858449936
347.6278984816734 384.42898395351443 376.5264315895065 421.21572136041846 0.08735335618257523
885.2605842775189 325.0652355638953 915.8752957999052 366.4710153365985 0.08726808428764343
705.210845400259 343.8056986334157 732.1822615457173 378.5388776576597 0.08726439625024796
72.1116237552475 190.85947407003184 82.08732979930814 203.79467636127026 0.08715595304965973
421.59736403998056 387.1151406280672 428.8289472113338 397.1820017363228 0.08711491525173187
401.8198842018745 385.4128770485539 408.9978171664637 395.72414588941115 0.08710372447967529
263.6129304901627 378.45323663145365 269.2982998740435 386.49257172747787 0.0870678499341011
279.2671570206236 408.4434688836263 285.23296505400793 415.79672356347066 0.08704580366611481
277.78612166687407 435.3149462047373 302.27027210435494 462.4139482069077 0.08700910210609436
397.20663003903394 370.59828630018785 405.43731095654425 381.4772152734356 0.0869680643081665
438.52297926061686 421.5484983002905 447.2541484988896 434.2017518701652 0.08691796660423279
183.4026901629602 412.02486163331656 191.34364319480596 421.8409671690167 0.08680533617734909
242.1589307692166 398.771780011287 261.7291101437899 421.3503913471964 0.08677808195352554
340.7625764623109 258.4870632400182 351.70873460081754 270.9980279284209 0.08670803159475327
767.854840480489 415.6912188113878 785.5774248436928 437.53783553895914 0.0866895467042923
415.0145450472059 378.25767960284276 422.80136224448324 388.8418204829211 0.08656779676675797
533.4851217928043 389.00823931880996 538.0257495599408 395.3103535128468 0.08652757108211517
407.9149660114837 352.5913593855019 458.7199449039599 413.3544340755791 0.08649618178606033
269.1005458211899 382.62895116013283 275.0462613230423 390.4554917448888 0.08641071617603302
875.6804732341683 370.39737133325747 891.9529316411105 392.584472748828 0.08640041202306747
508.9554767185844 380.48044391480755 534.275049468182 413.35745012763186 0.08639758080244064
906.5442959259044 354.2342397804444 925.1086446711689 374.8427137785289 0.08637204021215439
388.3942775821931 370.46908216237205 395.8537004041695 380.07998774666737 0.08636179566383362
343.44078154949875 353.3525183550655 374.54797736856824 391.17188424701413 0.08634506165981293
717.5339948419719 322.26613133741245 746.5194445899082 356.7568437564104 0.08632228523492813
62.53270005972813 109.91817991390145 85.65083655973135 149.22537076152798 0.0863131731748581
429.0243645677207 394.41057373597545 435.8642546717722 403.6694010533835 0.08629418909549713
315.73497915719275 385.3320025990131 321.8867986452559 394.6044784969375 0.08621112257242203
516.4758651559323 387.27451367909157 522.8960233874798 396.29516093246093 0.0861339271068573
272.9627793448756 426.8333033666108 279.8723331909692 435.04179909010423 0.08613328635692596
67.26210173549345 386.92181988244226 72.84420084971686 393.7518389150061 0.086097352206707
215.8146601409838 367.75128573481834 242.0978735631047 398.98420095889617 0.08593574911355972
19.81787001337782 383.3838778625833 27.8689052751785 393.52503807661384 0.08593343943357468
26.017379102172118 371.85011675296715 38.54874520809254 387.1564725443722 0.08591370284557343
295.25219289925644 380.5690035822569 301.0480279835639 387.2315746189361 0.08586432784795761
305.8203930413099 381.5037287322478 312.8111342580634 390.88170976885283 0.08582556247711182
494.24812468372835 350.8653604689633 518.6829719977688 387.5462149970576 0.0857573077082634
784.7266460601985 379.17011527597964 818.29553372506 421.1457138146581 0.0857572853565216
411.40421216176765 373.4982166955446 418.7747376691651 382.53312623420237 0.08573944866657257
8.438574137919012 393.3267978302722 16.514562820324738 404.0041833500779 0.08571247011423111
511.4226149871057 391.6967518802324 517.6387587320568 400.1028543785231 0.08564943820238113
317.5915657629241 380.5285932436738 322.718408955616 388.7333593397877 0.08562369644641876
249.6597954952506 380.78259931268695 256.2005107856107 389.76497631775624 0.08561505377292633
362.3750893409353 232.0166603732287 367.42605979114467 239.49423884427193 0.08555282652378082
425.3660312969959 398.14569264844437 429.9446474801926 404.8103620996563 0.0854186862707138
283.02150458198275 416.72683505381326 289.22922298676235 423.80626536832216 0.0853722020983696
472.66447739306636 446.7616886867136 480.41657505100903 457.9634388334746 0.0853232890367508
308.2894340145434 387.6132744203454 314.3403211062057 396.11846291857063 0.08514218032360077
365.562005889334 436.99149039186085 374.23681181648675 448.17291882263345 0.08511126041412354
321.12235143805566 377.28797104860075 328.0469559958751 387.4157909621805 0.08507873117923737
686.0272229801811 343.22359374215563 714.6551330362727 380.8288186818138 0.0850478932261467
399.100207176579 403.71547558418257 404.43208803239224 410.9211130125569 0.08498384058475494
805.4705707032871 407.1347352212693 834.9515916778274 442.70704472993555 0.08497004210948944
240.3382903703773 376.66680969004943 246.78334397091294 385.5449081418394 0.08494388312101364
859.927695922095 391.5693631481268 885.7307822027329 428.73784076623315 0.08493148535490036
122.42145572125263 180.912709788605 149.00424493572828 216.74867286968697 0.0848953127861023
410.395509112056 383.2852186597818 452.3673320799192 437.8848063681682 0.08487322181463242
323.3340583044292 315.5585280913334 354.7954150024144 356.2746393943492 0.08485876023769379
651.4543670266402 430.38323128525036 676.2773875805335 462.5807028214217 0.08478836715221405
168.12972383803276 395.6485805646665 175.5111774504578 404.9475316506495 0.08461526036262512
14.080959925173241 362.13697865734036 36.25249362210392 390.27008513881077 0.08448205888271332
344.69682057903213 230.24665489250145 349.3366030321314 237.232100133173 0.08447342365980148
253.9858283448085 412.22008496518805 262.52821034090215 422.5248632164226 0.0844539999961853
391.8397629531351 365.8664469635373 405.96629318765923 383.7991372368565 0.08431454747915268
416.6809800258562 430.38180337296615 426.37626733540543 443.8963279783351 0.08428175002336502
189.06650481831565 402.05730089021955 196.15741717038424 411.03633347463375 0.08415590226650238
320.5125019596383 371.59433993775826 353.4851665403991 412.3301086815009 0.08415429294109344
368.3458537799787 426.0328031756726 378.3908693219631 439.0613345676231 0.08412772417068481
264.3467650712773 412.34991394873333 269.9814756377576 419.5614223522687 0.08407548815011978
290.69778879573124 374.0944832358549 298.2024090330842 383.0946582519351 0.08406248688697815
448.98180186401504 395.0213754463081 458.1055660684428 406.73194676716497 0.08402310311794281
369.0691348481852 272.62200018016034 379.4022014056687 284.00791420006607 0.08393903076648712
897.5305521690037 384.4548015398146 940.9254419973885 442.27903540722605 0.08389943838119507
129.0291748766882 116.14419881165131 160.80999177423058 158.4900394344831 0.08387576788663864
80.53585436795852 184.95850394251903 90.62411036674409 197.74063724865775 0.08385182172060013
271.52456765803583 412.7075960038008 277.08431093464924 419.2985858257792 0.08369742333889008
396.33892174335546 380.6976722419155 404.37284311220367 391.98551102289383 0.0836787298321724
504.8431099940765 390.7928933848326 510.9418035920523 399.14312959118496 0.08359793573617935
260.4370701169343 420.0222952972494 276.4047498773853 437.20452520211853 0.08355911076068878
457.49738499818994 401.36570087092923 466.985184324421 413.8554495102427 0.08351559191942215
285.961020506341 316.7279673515848 307.9758152937623 346.96350629401735 0.0834832638502121
483.90482621328516 365.57182133609047 510.7591653498338 402.5078185756726 0.0834721177816391
254.58096251005543 398.58190651317335 259.7547155714731 405.60187104575243 0.08341772854328156
275.68031683222637 402.3107182013873 281.36443471895694 409.0037753160577 0.0833950936794281
568.3665778751906 115.0625612064095 577.6121038145939 132.94614767994446 0.0833875834941864
965.4334284858543 371.6122899085397 1011.862750701137 428.8655282247299 0.08337515592575073
341.53551978937696 372.91323641392523 347.0562266042077 381.19858091210386 0.08336948603391647
113.22217585647991 178.90856367257007 124.58597028448726 193.31933836855598 0.08336429297924042
275.6161688002254 430.77638507809843 287.3817505841209 445.08335046674614 0.0832926481962204
79.69515965994398 389.7358927113036 101.76398521954422 415.6353828699252 0.08320839703083038
246.67291214543155 373.6073501679669 252.66120358653342 381.6445022596968 0.08316363394260406
196.12930263942152 404.8915410027139 202.9215545488789 413.3497748862766 0.0831330269575119
550.9242635931454 396.9969673007464 555.5607638924638 404.0045861867525 0.08311177790164948
60.83368302392414 391.3430105493429 74.62045357136647 407.13541410233415 0.08309387415647507
400.7152174484848 436.73989162691464 406.08873385821255 444.31711526129544 0.08296331018209457
366.78249415041756 432.1343773782343 374.1962255743735 441.6043318320545 0.08292937278747559
325.7657868974932 373.45206770893947 332.78990560449154 383.602131495104 0.08291611820459366
428.6572176334733 430.98542850286276 437.899800581616 444.35981013620363 0.08289947360754013
218.607860916379 406.52951005577467 223.9640717255629 413.31543891951026 0.08276678621768951
234.22402040754017 423.5671430552432 250.62760170799334 440.3448220164255 0.08275508880615234
12.572022309787938 404.92684419901974 22.490224332077705 416.1529487671414 0.08274239301681519
424.6595037576839 429.5630273108912 433.2673719766845 441.772140362095 0.08270852267742157
495.3626934868037 406.2868867979454 506.23323065959306 420.2506474917352 0.08268613368272781
65.18649907514096 396.1883646222114 70.87732113173853 403.0863632576779 0.08265384286642075
176.74568010208344 394.7960792612179 184.5259801986516 404.4050652544446 0.08262723684310913
404.32183162966896 376.26638491357113 411.7145738550087 386.51662709806106 0.0825607031583786
387.9534011223063 414.8593143314107 395.17916069801686 425.5100091081651 0.08255425095558167
122.84340563225078 259.64465429080735 167.1274863902756 308.61525552887923 0.08246231079101562
544.5176111770604 411.1248026580102 551.2259363475222 421.77297220948145 0.08243529498577118
292.77250263802836 343.0804767608231 326.3213268583958 385.18959264791175 0.08243312686681747
250.89746499630928 389.97689732166873 256.82221254873 398.1756849415253 0.08233018964529037
303.0387488375599 433.0945756356827 327.4606717531561 463.1317239712738 0.08227411657571793
260.2701898480392 374.22617886267085 266.8181551458825 383.1246220876973 0.08222026377916336
56.52010544073847 402.84677023031844 65.50129494348973 413.6373987522718 0.0821978822350502
324.80030989522453 419.77483699680465 333.32414664759153 431.36791293628755 0.0821366086602211
289.86271235671325 380.1593167729435 295.16256573048355 387.02045250605715 0.08208668977022171
656.3460350419967 387.427003133441 668.4189165643184 406.47270016686633 0.08197566121816635
266.7355460082836 334.65736574147854 289.16001484039737 366.0836405187693 0.08194345235824585
263.46496994422614 416.7412835151217 269.67543477948703 424.29565881591253 0.08193006366491318
99.15121312228965 414.1709750353228 117.38053279514422 434.150017960451 0.08191734552383423
403.3296945765957 393.8983995272751 410.3385869034351 403.634865511148 0.08184728771448135
393.6246307687515 418.0522806903005 401.5441601874053 429.62984897949127 0.08184096962213516
268.3894935182553 373.0584817670354 275.63570767435596 382.40851246738566 0.08183644711971283
536.0539714882722 402.62309011657936 542.1787478909374 411.19505615749983 0.08176487684249878
47.247710175579144 378.11105356673903 62.06731832665181 396.0152317583641 0.08172639459371567
754.2455017696163 318.90236441370166 809.2968289041956 385.7094071127197 0.08172181248664856
357.6090172234922 247.30184435770153 363.5640400263146 255.7525167550595 0.08171305060386658
366.344547368219 240.73306386998433 371.8814343512513 248.16806258796336 0.08171159774065018
105.0486935091617 354.5854430786757 132.82616341298922 385.92022603774507 0.08169063180685043
66.25743070608586 378.8845288340698 145.06509018274508 453.13106981404246 0.08168604224920273
483.0922459287772 390.19387438985524 526.8167384755509 447.8191518595638 0.08165449649095535
184.8849266286182 421.3138486659224 191.4181451913178 429.4752793211553 0.08163949102163315
352.8134284521388 369.9151271506358 357.7519065764165 376.69648824215795 0.08160746842622757
279.71739207209146 369.82128688720155 285.7846050542924 378.1714902577553 0.08158104121685028
480.17545310736153 408.96957918611326 492.3221618459737 425.38686218724604 0.08151465654373169
447.1339578823981 401.58599885001644 455.511798795296 411.3650568117958 0.08151395618915558
202.82674319749492 397.7880651120925 230.69585845237236 426.632923404012 0.08150269091129303
296.4992087458385 422.2991867530412 304.70836847035713 431.5500914473485 0.08147896826267242
465.9155356829383 419.3583149040169 476.5152371028461 433.8824922192424 0.08145758509635925
74.3504448057065 395.63651203530935 81.72406203848041 404.0585863280071 0.08144433051347733
381.02820672223396 367.798264003748 389.9137148954844 378.95203517465416 0.08142105489969254
369.03500741960147 348.0410837148333 393.6834372488531 378.13479321397114 0.08138846606016159
578.0705602011928 358.6043501605382 619.2110598144776 410.58559973254546 0.08130434900522232
443.49927366264717 384.46001091236843 451.8982415980636 396.24596242334974 0.08126384764909744
184.13851810475282 393.0169992771903 191.3386355686768 402.5186937363749 0.08117475360631943
430.18029503072887 374.1420202480081 440.5359048493904 386.3458291147599 0.08112401515245438
29.833623628265617 363.59385861893463 48.211262591683635 384.38964354218666 0.08112042397260666
565.533850601191 150.0847150336226 578.1321029646571 171.11490331665178 0.08103259652853012
407.4650046929222 351.17798214333794 412.88949846413834 358.1129601939637 0.08101488649845123
417.6416251759712 351.2244491685094 442.74636506845815 383.22275582986117 0.08097410202026367
-0.6958037233233713 434.50309499033403 17.246515016318128 455.69954078379857 0.08092524111270905
329.0348863187455 448.80399207097435 352.76472874300936 478.0370794731124 0.08091149479150772
358.1018055952705 238.61346492998555 363.9718040254894 246.8354358216906 0.08090300112962723
135.4026823645658 392.5118878415618 183.16059191776654 440.1164406786912 0.0808628499507904
343.81886520878 290.6198003479102 367.9197643939309 318.5057126756401 0.08084752410650253
53.79655391029117 394.33996430789114 63.51747799607226 405.47301757707214 0.08084546029567719
216.35864224693105 416.4674416986192 238.25069913932688 439.2909107729117 0.0807926133275032
160.97756440403322 413.24857515988896 169.38593506334615 423.89855199181574 0.08077679574489594
617.8802788947844 315.01737180146625 666.7571510922941 376.6801742067803 0.080742746591568
393.2761783747517 423.6884658513834 400.3186925233745 433.93326827688435 0.08069633692502975
100.70590593140206 384.1771212101216 125.61031421865647 410.8196091150444 0.08068834245204926
810.1332702131085 317.5879908119583 849.9136268559881 368.6800793401111 0.0806145891547203
510.51456548651356 460.29890098251667 515.212790229068 466.8664624664518 0.08058115839958191
398.1954403720914 344.34175723037697 403.99121825715764 351.4282448423944 0.0805448666214943
391.48834244518173 429.183720816118 402.0430981145595 444.65638231413095 0.08053728193044662
194.4432237340167 397.3465171693749 200.55126497263518 405.1346867482868 0.08051124215126038
208.5497749799333 378.4784338694293 228.42243889184533 402.55303942289225 0.08047429472208023
542.0842307208218 396.8925282440122 547.6019258421665 404.55347236477166 0.08044042438268661
346.0644965274559 425.91898542570334 360.13351153587143 443.86055319457347 0.08042201399803162
329.084471728596 373.9604484055262 335.3257683645982 383.4988155007357 0.08037808537483215
629.5197295653355 44.52509889836453 639.5325204712609 56.6700857144066 0.080337755382061
209.95970917494682 405.0299117485959 216.83052937032448 413.7178111783981 0.08029122650623322
193.64978610149342 413.971907641131 199.52274429143142 421.56246911036004 0.08025912940502167
687.9732865014795 443.7070079072973 722.9591344059397 488.4556261823951 0.08024777472019196
250.47231019029257 372.214130008828 257.26856375550545 381.2932099605011 0.08024347573518753
360.83496603019034 430.28317658739763 366.4695661887313 438.0884768274418 0.08012907952070236
177.77369637793004 394.01479789427276 235.7479731317308 453.77131689932054 0.08011973649263382
253.15812923267552 396.61624287801857 258.0738375610301 403.45817088723476 0.08002793788909912
412.60580763319615 353.6490347518458 418.6393547210735 361.3057295700471 0.08002335578203201
125.70945063134964 153.67176314080368 156.5228104743293 193.98853077924986 0.08002005517482758
155.2207809977481 147.574322515626 200.55254031383728 209.45316306943738 0.07992374151945114
203.70107358884988 433.97715018448616 212.02190664466633 443.6887202400547 0.07988797128200531
193.8686380126493 423.92274498615143 203.12399505619078 434.3646032559689 0.07985460758209229
256.43830247226157 406.97068940783174 262.4048628882969 414.6470624503836 0.07985317707061768
680.2742425568165 399.4045580578539 704.5861925229897 436.0012655645893 0.079842209815979
390.05033968659575 439.1791005662956 395.1475902702411 446.21256746590336 0.07975582033395767
80.32558602194729 227.05481896214113 111.24600154101068 268.00129864468136 0.07971533387899399
306.6423166861008 451.15268788168817 333.75487293724865 485.00292206724856 0.0797135978937149
523.4085083007263 405.9318810491246 529.3842295855886 415.2496127736807 0.07970504462718964
46.51583270263625 337.0377519214941 88.4823768638566 386.3526749438509 0.07968796044588089
275.8882934157918 366.30212661943324 283.8102422641828 376.12545477826467 0.0796198919415474
79.06626183804107 359.4077347454923 103.5952918716368 386.5943830620023 0.07956317067146301
162.4802493601353 421.17435154296277 171.09934455281967 431.7157521045178 0.07947654277086258
141.6080781527578 399.7164249307919 149.0001570208854 408.4852361361678 0.07939755171537399
171.2106270213684 424.5463545608341 179.7450350857033 434.7645247012942 0.07936782389879227
402.1862093894245 352.2252024988386 407.6553439348511 359.5290307345346 0.07933042198419571
398.4451440670752 423.648693276974 410.15057054922573 439.8716922969629 0.07924199849367142
304.92120020887177 316.98690619409257 326.0696766773506 346.06025709570554 0.07923147082328796
526.4645569194244 400.71654005866156 533.3173419704843 410.6543720332737 0.07919737696647644
61.17978948122311 167.87193825707828 94.01914907886733 214.5087836547527 0.0791822299361229
465.2674768694423 437.136472187956 472.541071624534 448.45752107275086 0.07918102294206619
303.452397834088 298.8387613762132 326.43578805628056 326.61902585754797 0.07911127805709839
519.5494003590851 401.27917198107417 526.2244394860767 411.35967234934736 0.07907776534557343
337.73028567350906 421.4582300447366 351.0277179746436 438.95082553947765 0.07904843986034393
672.6201522852808 253.32013130504092 750.3305523822148 351.4720047917125 0.07898584008216858
345.51303646961475 367.26891282222243 352.0797560468636 376.00738344165467 0.07893401384353638
41.013299253635566 122.20892521310418 61.243644053674544 167.6185943177579 0.07886943966150284
659.6685429718209 419.4600054025274 680.8975631279443 449.51959949998667 0.07882160693407059
204.1931835426875 403.210030093393 211.7620100475023 412.59224713825137 0.0788058266043663
155.59488805275225 426.1746179965962 165.92770589173128 437.7733627779095 0.07877450436353683
125.7316833564747 406.4377964169454 150.1452310620631 430.7527299053967 0.07874258607625961
447.43344411882543 342.7590593178231 483.48616583034607 390.34430671698186 0.07874243706464767
148.44760011017982 399.87747246544916 155.86650442741742 408.79977644230803 0.07873114943504333
304.9652743129571 368.08354397351127 313.9406679887694 380.0215979715668 0.07871745526790619
242.19930796141347 344.55678832378953 272.2266139898597 382.25942696701145 0.07871270924806595
394.20274116005334 366.50486734464045 401.3679578647979 376.1879634452054 0.07871247828006744
161.36341604691484 366.0085372326452 195.84452351907154 403.28779662838986 0.07866643369197845
183.95523567558618 383.7810464946212 207.87288562495885 409.46049616294744 0.0786469429731369
149.41514402758216 334.35034881667247 185.2814051287958 376.76151914432205 0.07863309234380722
-5.963666977232658 418.1109184541324 29.15544830937696 464.29595058045106 0.07861211895942688
164.1128682021504 405.9891564126208 171.68347472013798 415.73125133847725 0.07856809347867966
259.1784518674582 381.0716976149828 263.84846971957154 387.5177486902338 0.07853894680738449
67.44538586252597 387.40248213695867 78.36374594908622 399.8857201010646 0.07839776575565338
19.470251933205578 426.3291661923984 33.67993609214573 443.0632312221406 0.0783112496137619
3.0755495595461633 446.95535175512697 20.02204255593325 466.9223648787829 0.07829765230417252
383.37269420282854 413.7720642994379 388.9498781600973 421.65805935227684 0.07824694365262985
435.1585692489334 421.4634548431951 443.7509204103385 433.32936486780113 0.0782187208533287
521.1028769003977 418.78856737232 528.0735734555103 430.03144782587304 0.0782066285610199
402.35994980807556 368.9649751697155 409.24350390254875 378.1368259145586 0.07814348489046097
218.9326847410729 411.88110092122724 225.13879366422213 419.8749425860529 0.07812818884849548
161.0970812727133 387.52980176417606 168.78988614241746 397.3512988326852 0.07812583446502686
212.36973255510006 410.98284676384804 218.55482735265943 419.10398369892727 0.07811948657035828
528.5720805147292 389.4626385645687 534.8162316595963 398.37198281683754 0.07809247821569443
172.12226473868282 388.32529970515867 180.3622829618249 399.4137999380795 0.07807964831590652
-69.15398504741256 534.0974131204572 164.6954988964551 799.5816823665057 0.0780646800994873
524.0811617757279 399.55244512032436 552.8505994058079 436.79017045177636 0.07806272804737091
506.4104681340178 371.57408709617835 512.5448815633147 381.30481857702347 0.07804328203201294
151.59986806247298 378.3538585836104 159.59064178290964 388.7805970636298 0.07802727818489075
48.79573895751145 184.88163857631238 75.29072726631921 221.09731677227606 0.07801450788974762
700.004281631886 393.3059802964981 741.3294162076246 443.84998131307276 0.07799870520830154
978.840302144067 339.38178064720006 1011.6025808566699 378.7800628396571 0.07799457758665085
456.4592159651222 389.1130603305283 465.0917639098868 400.7790673612677 0.07793165743350983
525.8644490087408 357.0994804671438 552.5536297070169 392.88248448587666 0.0779213160276413
633.6580084118636 63.32687334390188 642.7782479608633 74.2275503643202 0.07783540338277817
123.3167475844149 360.3902879844314 161.27752367984127 399.8278079291919 0.07783277332782745
540.1210081924127 -4.3677822139427 571.2968182409171 30.966155422822606 0.07781607657670975
226.56228003990455 400.9146434518293 233.3647952193263 409.559660362829 0.07778239995241165
382.55039898004367 440.1709413338634 387.424767597227 446.6924960436944 0.07773363590240479
434.8475861092233 427.81001753276263 446.5813985778047 444.5070195879737 0.07772404700517654
-5.606822625254992 348.8124358268859 17.256384134146032 381.18697465748164 0.07771463692188263
387.1867509934319 430.83169814334747 393.301249797937 439.5062253064969 0.07765959948301315
963.8744011306915 305.38758460252603 1007.4881061246663 364.21678569054956 0.07762795686721802
271.36936372446854 420.06479306889327 277.90249402228164 427.79298598972315 0.0774259939789772
232.26799683585233 390.7647651814008 238.5049521378657 399.27511348434683 0.07741910219192505
242.96933441568262 382.9141862126846 249.62909346501152 391.88014759327945 0.0774131789803505
35.02709189806706 424.34908494833314 48.79327278274554 440.50850453453046 0.07726334035396576
486.1714706362196 440.94051379126626 495.3163764702123 454.1048807220952 0.07725604623556137
72.12399476455928 384.6439260192907 78.64590516626723 392.58499628271795 0.07712915539741516
720.3994935200583 357.96057130209203 735.8329408542786 379.0627189282264 0.07712538540363312
6.562950038185139 381.52369135540215 13.941270313825138 392.30845880005404 0.07710402458906174
388.670479013756 327.6979680701518 417.7255166513393 364.26663852676324 0.07709243893623352
652.9279746983527 327.5585107214041 687.9428368357244 373.1788830989979 0.07708891481161118
270.0633994592081 415.9043681886981 276.80423451918176 423.6593278697496 0.07707124948501587
142.8245682170781 379.12573484999166 149.8369312563614 388.48380358819645 0.07705443352460861
1010.0169346105864 339.28215033994957 1053.670361531016 399.4683597094337 0.07692356407642365
424.8255863300312 421.2049310322452 451.8314074801085 459.5062711139333 0.07690807431936264
137.99400610502192 383.74398962448385 164.47567714454777 412.73083523812886 0.07684797793626785
192.73664774071423 394.16664474001425 198.52241187525033 401.84288141615195 0.07680720835924149
406.7247135288098 441.1906566526643 419.50945892774126 458.7635435280003 0.07680319249629974
55.579607844392584 292.9210667368562 90.40872002004932 339.34779267336376 0.07672706246376038
550.8559504364315 108.61647216693079 558.0138405543233 121.28486175609258 0.07670959830284119
31.822350373848845 378.78006443849324 42.51495823282225 391.4451209859218 0.07670757174491882
83.4356764694019 325.63205536689713 114.64277676863492 362.9525675355277 0.07667963206768036
0.021900330984789836 497.0636414510444 5.986509827369358 505.47279454896545 0.07665863633155823
413.4228411348644 408.8866047713444 420.65938064339053 418.9241928380041 0.07660195231437683
427.0453675454849 439.79538947722557 433.9156949396651 449.6836139122587 0.0765928253531456
544.5784984956376 403.8367993545497 552.2351036876427 414.7722540946154 0.07658318430185318
549.7120405432134 400.83649081641073 556.7866760741421 410.7450424821822 0.07658077031373978
313.57274987223303 375.8041955797635 320.5841421275598 385.9653915687062 0.07658065110445023
36.80333255741152 373.0725963755819 48.65555590491939 388.77835796128596 0.07655318081378937
94.35712453897825 272.3329224540418 126.0237935277051 311.1376115457626 0.07653497904539108
613.2647795699636 368.66354881621265 660.7579843216726 425.6900248871618 0.07652305066585541
952.389649936071 378.84709865986946 976.5610423117615 410.1871740734272 0.07638237625360489
16.214429119846045 99.6932065819359 42.435847580824614 156.25513253798349 0.07609163224697113
247.27423542747619 419.6299827534687 257.2423777215451 431.4367043373788 0.07604634761810303
743.1426135744215 408.65830368894393 769.2455361407406 441.93795811085477 0.07603764533996582
193.86582159359116 386.73010606800943 201.32618846114303 397.34583669365486 0.0760330781340599
841.1688918414784 238.84399393136874 917.3403703434736 338.9099008113057 0.07601267099380493
405.31513124810317 346.9448473787741 410.8872512883628 353.9590234581629 0.07599705457687378
397.04814598505 441.50688083544435 411.40493048165075 461.77851309190544 0.0759928971529007
47.092251812551154 388.32935851162097 55.13709434813552 397.962368071331 0.07597720623016357
72.18324742055316 401.9597312378002 79.61446050215598 410.49312321149773 0.07597027719020844
56.08256574176272 420.1926535558324 74.24830194071485 441.7345270865356 0.07593482732772827
204.22303112911135 417.5456908169168 211.55382812238545 426.76185013160216 0.07582096755504608
412.48126405934585 365.7974304013724 419.6271563810053 374.75882381931456 0.07574226707220078
482.94721702197234 396.78742750569126 488.8515960254593 405.5552159825788 0.07561864703893661
418.6806777086705 448.8008650749932 427.47685197475386 460.84209492906166 0.07557069510221481
437.7566263872621 440.6060630123919 445.4590504130455 451.58074340641656 0.07556457072496414
480.69290503444495 400.94596900364763 487.3845310539821 410.67349721190743 0.07553999125957489
200.40839586450255 412.0418626107278 207.9577819783338 421.438254562999 0.07552926242351532
487.50328752505584 374.04618577562434 497.00261391382406 387.777037979614 0.07552482187747955
173.3641592504796 349.1400452441705 208.93704318635193 389.34849549887133 0.07549735903739929
203.92067112527093 350.4441140984482 229.35865514414996 381.70743917611435 0.075490802526474
151.73474131614134 417.5358609567395 160.4443054580204 428.3782004462778 0.07548775523900986
1020.620165546689 395.74261561921054 1059.8792024827148 449.51830799180055 0.07536700367927551
383.54004097512995 355.5597879222796 394.5932545069404 369.4234668493821 0.07532195746898651
423.783088367079 376.96076885298913 431.4507922992841 387.4905195193495 0.07531452924013138
201.6807660118476 388.9673363515291 211.09878832382833 400.48881622917264 0.07526775449514389
177.90116906776848 131.84030905711222 189.38858418415285 147.79650753634687 0.07515750825405121
108.04438644604784 380.75440478116843 113.45109552934868 387.92007355864996 0.0751490592956543
449.1861129625204 377.4226703313523 458.1318602793695 390.3639312366652 0.07510611414909363
294.62729982780075 366.31499069287014 304.72842583212736 377.2047768386216 0.07501127570867538
111.96310400343519 407.1880133564737 118.96547391430259 415.6988839381325 0.07490391284227371
539.8900224796835 365.61555382071737 579.0080358107283 417.4437557956867 0.07486514747142792
98.190856645805 404.96989967690956 103.6608821847102 411.6604451420221 0.0748433917760849
220.66334781950462 458.4894476200628 278.38168524196976 502.74511602859576 0.07479669898748398
525.970566251629 408.22037969141206 534.3364268199465 420.9253996764732 0.07478970289230347
180.76419253562284 430.9385462164952 186.16282799545388 436.8574798977347 0.07476449757814407
374.3498706243785 428.8435494362576 387.36386239409376 446.1163807105348 0.07475360482931137
103.47409478517108 404.59210236223754 110.52387283951877 412.77235681205343 0.07472725957632065
374.8699099676461 362.4710046318221 382.8206897294797 372.72508823980434 0.07469017058610916
555.5617305423748 396.6275698085208 561.701794211768 404.75028343170976 0.07459136843681335
535.6453627044737 381.0161094635873 542.2020151788187 391.7339248137187 0.07458367943763733
236.7600531452303 382.21659806969546 242.89584809774894 390.7659089945574 0.0744771659374237
894.6808617267877 371.6135640983909 906.8422677924831 388.4444848358569 0.07447652518749237
164.85361960681712 417.6617188700681 203.23283319641203 455.33141672290014 0.07439903169870377
303.8521426741937 376.71017472531156 310.63960095085923 385.2638623646401 0.07439873367547989
223.00657956455908 412.54516130466345 229.64609308208645 421.01341953843615 0.07439357787370682
159.474893436716 360.9365280244109 168.00393143066225 371.5767139173177 0.0743768960237503
200.91139229427966 426.5378854424127 205.47474767362712 432.4276952027747 0.07430749386548996
27.236383053208254 198.6600632041177 66.71205307342257 255.5200933905762 0.07430262863636017
414.0838266310507 348.7541010401615 419.4895568535929 355.3297866830605 0.07427540421485901
433.90459093280384 325.37494994575763 470.08534593789324 373.35062437492803 0.07424786686897278
-6.250724427600127 274.02699014306506 23.262552362774873 316.2955580151424 0.07424081116914749
694.11017303831 302.93531636075323 727.6692385772949 343.0562288928729 0.07412050664424896
79.09216951165246 417.2104314822823 95.10201465587114 437.3095776344824 0.07409285008907318
244.7164220822871 364.5682044718317 253.26917488067556 374.8117236129593 0.07409194111824036
381.0184736834068 354.659146866965 389.13471557885526 365.38795151037095 0.07407741248607635
205.115170402165 428.41103756929914 211.80350278426357 436.5051767929062 0.07401401549577713
1056.8604900319863 343.8170588383051 1086.4101099852764 387.9707297499629 0.07395341247320175
742.4812115020725 184.77428405521528 1038.2607639553032 560.161107655808 0.07394319772720337
283.24591243969246 412.8420131643 319.44029334472185 456.56852527122874 0.07393772155046463
62.204892819032786 203.3227043197361 92.14515324542745 247.71022502394263 0.07393743097782135
229.22083890120007 407.3443306195633 236.8167625562086 416.55577283478056 0.07391750067472458
378.14619559322125 432.22536269390395 383.97958101670247 439.6703898699623 0.07387292385101318
109.12349126426447 316.3684798121108 149.53754145001164 363.60836336443947 0.07386374473571777
8.555725292803528 462.0109065016905 24.04047193318493 477.5732126054295 0.07386286556720734
420.65606621520163 371.2784572861075 427.78941865082874 380.58238038925333 0.07379452139139175
159.97425639500602 399.1408127783698 168.27381355066163 409.84726979227446 0.07378567010164261
924.4740145870254 377.5519641032609 948.4860917744334 409.4434971531677 0.07378149777650833
243.33200593114262 392.0648058368153 250.05577955461158 401.0705240233364 0.07376473397016525
-0.9293258844507543 297.16899774445926 7.462266406526104 309.5969209375694 0.07358203083276749
470.5731752510045 423.1639349763404 483.8631664385869 439.7274266429281 0.07346894592046738
233.02344163628834 399.8034668795727 240.7637409709946 409.2835108307405 0.07344290614128113
238.99061238098 404.92766296984223 246.42295332587844 413.56504330247475 0.0734177902340889
-5.131528769712085 206.35065604441667 219.43770136411163 497.2830681420634 0.07338377833366394
250.4878212882227 405.17739339231167 257.471181624719 414.10818324707236 0.07338258624076843
520.2641211182562 430.8029856514414 527.1076184062807 441.71592715009024 0.07326524704694748
353.7549815235789 433.7253946250295 375.10599402453494 461.1048968277305 0.07323836535215378
394.9190846208737 347.5923399670266 401.30589159579966 355.8444192026802 0.07319450378417969
25.499642307507862 248.52484288158212 59.33997066093319 297.2849791976771 0.07316593080759048
-8.218911228374004 201.8790487013976 44.88129239181743 277.8972400180092 0.07316378504037857
452.81542061059713 427.0684655060498 464.28932519831903 442.7114161141967 0.0730842873454094
879.8510742994044 386.7640964822797 891.4483488089959 401.59540848677875 0.07298901677131653
138.3581755114261 195.53112018196438 178.17260040756722 250.3190152834295 0.07296702265739441
77.45869486577985 369.3261956439936 122.92130983367201 416.0333320629851 0.07288670539855957
675.0684804958067 410.2974218093972 688.2690652029726 432.9797764992657 0.07285690307617188
285.7829659511252 365.50672435739176 294.0147305171281 375.7970681379865 0.07285413146018982
64.16564513626496 401.8128532632643 72.21322796496347 411.36790095122404 0.07284151017665863
193.1383227298506 298.4498030699889 231.51227581649792 341.28702799327954 0.07281308621168137
