602.4811117516542 332.3997915378214 627.4627951552848 363.2886742601076 0.9997099041938782
530.543002390841 348.45238443312314 553.9643868892449 376.66304867942694 0.9996497631072998
8.379596229354952 295.27469197216135 22.31017820850741 317.48156298611735 0.638262152671814
858.7835745102932 323.4195183123995 875.7054033128072 342.214683153804 0.36378607153892517
90.32031817974901 14.345391447050993 169.79340522263928 98.94464379322318 0.2884314954280853
788.7025831683557 349.6473053958969 825.6716572833232 396.901812265287 0.25744301080703735
707.7946679026304 350.3175006208985 716.1784164218833 367.64073845625416 0.2509256899356842
262.2968530163746 204.11730572238986 270.76552009326747 214.80168981613343 0.16148138046264648
419.80814175570885 304.59227307892303 494.74837407698345 386.9714197044561 0.15619000792503357
869.0059008382087 319.18169063613146 883.2582076197406 338.1251453234949 0.14996089041233063
520.7401315930784 328.7725353973645 538.0218821351039 351.88288475157304 0.14835874736309052
817.9589539832248 343.9316888289049 826.007459546887 356.1653792732176 0.13675162196159363
773.7184339930509 349.28720270245225 788.0736264944372 370.4099274689317 0.13542598485946655
823.8438547292276 336.40593645694605 837.0306208665286 354.5055381627788 0.13458091020584106
126.24192274498759 31.604430453930465 148.9071661640859 57.172099643122706 0.1291869580745697
1052.2316030850698 289.72382652701526 1064.90041292952 304.82249835191095 0.12837746739387512
756.7054423506416 348.80096957262435 772.2846217472052 370.29191564591605 0.12656192481517792
802.5387692199015 346.4006694093275 811.5188597806529 359.6373702089097 0.11670804023742676
784.5065005750896 354.87630472745934 798.2860378679962 378.0513840019364 0.1164923906326294
790.175197448401 343.4433113891112 801.009058952939 359.16872538641655 0.1115870401263237
748.5024190399926 355.45051971230214 761.520427047846 375.38183211983346 0.11064483225345612
479.9273189952991 341.63179838475384 496.70721833774445 365.8871469264464 0.11023193597793579
775.3068868320238 371.3316746080183 792.3159337360443 393.6285705141895 0.10791059583425522
536.2550727628734 321.24675904588474 559.7678055146496 353.2859905289321 0.10770364105701447
833.8145884612517 335.124381827076 847.8524166682439 352.5271356768458 0.1052732914686203
809.7751586506371 347.5196239885721 817.7845663473182 359.2247986115432 0.10176219791173935
815.2756656420298 333.9194607290349 823.7892379130423 345.5122729092228 0.10125074535608292
152.1251287097235 12.366376081854748 244.83519697783777 115.09680092009305 0.10075581073760986
339.482486856761 154.00591242716476 346.48840953227983 165.0289817057093 0.09965445846319199
782.3445216866093 337.45201300841137 793.2336652258886 352.24903471881504 0.09960393607616425
794.7784734278855 361.54792504742886 805.0389213029778 376.64918484803235 0.09950361400842667
796.9806917974762 329.4707924405618 812.4386130089532 347.8379725824787 0.09925028681755066
346.24505455864727 162.25801837046097 353.2461670069462 172.89315202293764 0.09904562681913376
774.963153620305 386.1491292794751 797.6230379337924 417.3990765452228 0.09903180599212646
790.0526162282629 335.04601725283044 797.5390904127162 345.1290140995771 0.09808223694562912
444.27712945052855 352.7169905015877 451.2802901295507 361.61193785785554 0.09780971705913544
1055.7868556958965 268.74222280797255 1067.7657512465148 284.3589187962905 0.09766814112663269
809.9985130341036 336.4920340449605 816.263902686751 345.66171118590836 0.09728088974952698
443.6380160277979 342.3863285733394 462.11596271656606 366.8086383554948 0.09721139818429947
695.5238716309929 373.4854250296422 720.2684001974261 411.4265791783995 0.09707207977771759
855.0836524892807 337.79799876504643 882.4600015674669 371.4417852759441 0.09654911607503891
1053.3128029508332 333.040685313695 1057.9564879186241 338.40632863996524 0.09606339037418365
92.01402720408315 223.13310325061676 99.64744552980628 231.61897583279685 0.09575339406728745
814.8706787933072 353.30223927640975 828.6983863468354 374.34095119133434 0.09420794248580933
199.50957135980462 284.21203466882855 237.92876665806844 344.4953120042262 0.09372399002313614
797.0223357157003 376.7851556273987 813.2682563191321 398.05407751673823 0.09339991211891174
827.7494081324954 351.9497779860321 843.6014001017551 375.35665533870826 0.09329945594072342
310.233798961315 165.66823967580117 327.32043713899725 186.65302831683888 0.09282836318016052
798.7050997496294 328.9147942598211 805.4544519800659 338.21333719013853 0.09232383221387863
762.9967594759937 364.5229127572174 780.6504472020306 386.06136751884844 0.09220174700021744
349.5907574913542 170.18644965603568 359.8291652313658 186.70483429528755 0.0921720564365387
426.2195058303791 354.22871445707955 432.31982773872056 361.966319442875 0.09187180548906326
1070.2627611569208 281.9015136811218 1080.8367621356726 299.1198701601841 0.09174757450819016
183.47928082996486 113.94219173710528 226.19741156414145 166.12442971170356 0.09172781556844711
441.4598774118833 365.4822651290931 445.5824852762702 370.58960207411945 0.09151371568441391
51.842926265671665 299.17948241235183 63.256894810028214 315.9605903797406 0.0914362370967865
1045.3787980263655 281.7796527769812 1054.4550144980408 292.8998231344655 0.0912117063999176
604.193118899998 262.5559995870962 612.6466423254005 271.05977904725484 0.09119419753551483
807.6599650776086 356.2339514372632 817.5548210587192 371.00648497497934 0.09059882164001465
803.3724756323834 336.6258691544436 811.2181337164999 347.8533337782501 0.09043478220701218
456.88988681055014 352.6074774882809 462.01366662676196 359.80567860855626 0.08973612636327744
745.3934324626199 365.52044967727323 763.04551574122 390.9469552037758 0.08918512612581253
822.1647955809863 353.9361594900591 830.337582662046 369.78287641981836 0.08884679526090622
886.6944297535259 506.813377929357 905.5430447201389 525.0205256690359 0.08856029808521271
30.818194079588814 346.86650523508354 34.68315730485791 352.28661427847544 0.08813702315092087
906.5415434758976 458.50287787498644 939.3315898433636 498.6028662162718 0.08797888457775116
1055.0060691601532 366.7565054259013 1064.0159828248634 377.18257801327167 0.08795411884784698
-6.636556398402937 275.84908955985094 14.061352071536556 304.88893751516866 0.08787544071674347
770.6797580310862 317.7243297363268 798.3526237667078 354.6271806176476 0.08786138147115707
216.76325364875433 327.64090542121295 244.63152275434885 368.46503913424584 0.0876360759139061
719.5588982939312 374.00860364933493 723.5092265300088 380.487448819738 0.0876028761267662
746.957171573489 310.6540884618377 775.8155059187199 350.0355873653094 0.08760013431310654
450.4730750203415 373.89942088275353 454.39710040907005 378.9209306746173 0.08747246116399765
829.1192770499069 308.1916179220309 858.2858770787146 345.7755632649938 0.0869697853922844
1074.8418517164828 332.45249757368356 1080.9291962462773 341.4927421822484 0.08675166964530945
428.1352317348727 361.50047587388593 433.63350268791714 368.1995560805623 0.0866752341389656
155.35936578251642 249.97591239453445 201.65424373295005 327.92937308543327 0.08651506155729294
793.4218506069291 312.58102210300007 818.4493057539227 343.9336516993651 0.08635841310024261
67.69945753215507 267.74290342470937 109.75548264901953 333.80842324990726 0.08616647869348526
435.1238588520573 372.3903377545688 452.09991471043486 394.95700322124634 0.0860830619931221
460.4428828274959 352.2132332155055 469.8642034391779 366.09987848952613 0.0859491378068924
31.61691862185726 286.3957158504848 57.19160811099358 321.9529985607553 0.08594333380460739
865.5716752979613 490.0960490963291 876.0707371020634 502.7280790676859 0.08585022389888763
160.24091188085688 103.93565225727066 200.59274376518667 147.51767288175236 0.08575370907783508
345.1924918331767 154.51979724465758 352.18261815950643 164.63056418481276 0.08574913442134857
451.57362572295983 361.27038230847927 457.2987274190044 368.3098457372236 0.08567725867033005
799.7356847930704 363.427973170337 808.6103505667357 375.5678025137189 0.08518459647893906
806.14198213004 387.7519242139089 826.469245872196 413.70965433671347 0.08511851727962494
1074.5465172951465 322.8588043407123 1081.3593225794336 333.1385680621643 0.08502189815044403
335.3096032787185 166.9000714202019 348.3237671939242 186.51710797844893 0.08498050272464752
467.47657607901243 316.92107781526386 487.15344487409106 339.47329149504634 0.08495218306779861
342.5508064619816 177.18023428789476 401.7914553956219 250.1894578977967 0.08493632078170776
753.3112941178484 367.40235397610434 769.7554133410152 390.2068919942527 0.08493372052907944
454.7996693220206 344.431578653654 460.6887081312936 351.89209010574416 0.08492293208837509
1064.9434448758789 308.7439663122953 1082.5668804594925 332.2444259915696 0.08470512181520462
1041.4727081933406 331.32582862623644 1046.0821705654514 337.31870268974524 0.08465813100337982
746.2430160539857 336.9525791418012 759.6617057063905 356.59416452789833 0.084473617374897
806.6574536202947 332.1585543438596 813.0593421510396 341.1762458696429 0.0844639241695404
342.9231086581382 172.43265739630542 349.9614800217956 183.7540836952427 0.08440478891134262
386.14748122525276 170.87793558515185 403.70821254147694 195.1075679954171 0.08430612087249756
117.95934483721202 103.84072862826811 154.65702312447294 146.8864797642906 0.08422505855560303
360.4222532932992 179.89353552611925 374.83159750929156 201.57832760830462 0.08417996019124985
755.9537299285474 389.50090725256507 775.0458049569178 415.72210354752985 0.0841095894575119
217.47897315515186 243.3963181488927 256.0984515080552 302.22142514198947 0.08408074826002121
273.53987273558533 394.41772234795104 292.5466461136712 416.2358218953545 0.08381826430559158
1047.7825610059472 330.69951272145056 1052.6839750802578 336.8298880608365 0.08368480950593948
384.4998480105042 276.2591952396978 422.320059896015 326.5752429201267 0.08364243805408478
258.796086432634 475.70731880432965 312.24212497032096 538.1668862267644 0.08340588212013245
349.26141215871024 146.69183098530826 365.28951892962954 168.34196658100413 0.08333823829889297
780.8084873893506 330.86005109287447 789.612348796709 342.0026458596889 0.0832519605755806
64.65764468629753 297.44985496001516 81.75223015566772 320.7949219422785 0.08316618204116821
730.0321879018156 384.61846411175077 747.7062384580895 409.98441568853195 0.08309686928987503
94.56320465649345 378.63703050125304 176.21435905904542 500.2794773778571 0.08306607604026794
348.6831078087674 180.11145543129618 354.9339218216487 190.5133129573026 0.08289045095443726
1027.026731094495 293.3702696701737 1036.7686335971325 306.11351141317976 0.08288992941379547
732.3929994758283 355.5989659162742 750.1528968880167 380.7020166636032 0.08282622694969177
463.40828995315815 362.9440967028151 477.55842666586835 381.303118315494 0.082821786403656
62.312322800777046 324.1383748952204 75.52606984649547 341.20477406899676 0.0826936811208725
704.7273721357354 399.8278271527641 726.7941958380306 432.17330211469465 0.0825696811079979
109.00304057820976 450.93058881850004 148.70521828632644 505.7743160960255 0.08249393105506897
811.6405915887967 305.38022541323085 833.6654931273456 333.77296737069736 0.08241526037454605
166.33767061114756 367.4666649620697 218.18850581888037 439.4317332599536 0.08228103071451187
448.1458725217872 377.6144093175318 466.12810157161476 401.34244805781765 0.08219144493341446
59.20575918398027 206.722908193355 98.35579786783057 261.1469628718314 0.08216395974159241
319.4620227864438 145.6623762927441 336.27646976751373 166.63039438466933 0.08192253112792969
30.06814435561465 301.2682630952829 65.8244085453047 360.4388903841813 0.08186284452676773
45.123283978317815 348.2685867778441 88.2370250736135 418.57856394343764 0.08185212314128876
1065.2575903191596 267.09002314945735 1075.3479864690637 282.14867133626046 0.08182790875434875
518.8206290060521 363.31375119689284 546.7343183423084 402.90989408264926 0.08179382979869843
762.4949283801574 336.14107056281483 777.8612169415512 353.2384985572796 0.08160484582185745
20.86455345314742 297.4650254476469 30.94973437906596 312.9382406107893 0.08150936663150787
761.7061890124731 276.23279400214307 803.0729244717545 327.30207250503867 0.08147560060024261
704.4061925309584 359.23783243781975 720.4224678916432 384.46329213330625 0.08140946924686432
21.986917136815794 273.47068999133097 36.03990081353508 291.9398247704592 0.08138041198253632
262.52611558066025 187.52143513545832 332.56919625986154 280.2227282466667 0.08137916028499603
894.2008187665754 352.73530771268867 924.7514767252446 393.5776549236111 0.08127279579639435
124.15714296631941 -1.0899029804362306 137.78617755640295 11.593056349943 0.08125290274620056
1041.8930939018594 341.9136104051002 1049.7697841287065 353.3566693642482 0.08123649656772614
223.2537502175824 157.55610255494554 256.85627180010954 198.64494672928274 0.08121348172426224
787.5088429992891 352.4672055539959 797.0326171840195 366.3329045386718 0.08116142451763153
336.526455094342 217.2202341311861 361.8897057637345 260.03204570050235 0.08107650279998779
1043.870270000199 334.37069500444886 1048.9176620465944 340.5547973340994 0.0810139998793602
807.4962800433464 365.2583532232563 823.0032266081367 387.6184139939972 0.08089568465948105
676.0840457659887 326.0012390983297 695.7643601423841 350.2793578905729 0.08078989386558533
461.41375167025586 329.0620179146026 477.6642592874249 350.37830515156 0.08073022961616516
49.17231204844078 280.8020230204884 59.25621855298532 293.9096068935191 0.08064541220664978
808.0349073095888 327.1611662817868 814.5837640503192 336.20369141251786 0.0804516077041626
1038.525958928254 336.23751615020245 1044.280229330392 343.93535121772356 0.08038591593503952
844.4427986848294 332.6911888671162 858.9037412812768 350.6837006431095 0.08012814074754715
1037.5013167405075 292.7249859963355 1048.8165605845095 306.4204766245939 0.0800023078918457
65.38712786278816 219.7032518663556 75.56473832145873 232.79044889798857 0.07999196648597717
147.62552642421147 403.83280316689246 202.91111450357798 475.60792644747323 0.07984708249568939
1038.046636454584 332.5087134051859 1042.3719406177556 337.7958299193648 0.07976174354553223
79.75478206090786 238.62791632456862 114.19133540280552 288.2489874565821 0.07970961183309555
50.01021440542954 305.73322762563413 55.63982988412181 314.9295515009832 0.07961221784353256
430.0517238847949 346.8482594384952 448.1554922951945 369.12593105137665 0.07960809022188187
1044.038841830662 290.58678336929484 1050.798353704917 298.87586032766546 0.07953831553459167
719.7787974331477 329.18434126994157 747.6253594592141 366.8546543154252 0.07948892563581467
790.6482852163441 373.93245728620434 801.6010196854784 388.013933069231 0.07944473624229431
134.91410754553024 302.10245573882736 168.02057073005219 355.6292840527539 0.07942702621221542
220.89530864682882 111.56080906332357 250.82701897940356 154.2991644784619 0.07932280749082565
436.0252978705073 370.08463848031784 440.6354847353139 376.11866761774985 0.07931353896856308
1052.532454477829 277.748324522972 1059.7024743004015 286.1893674042891 0.07912898063659668
1039.0091074386055 292.50014296230523 1046.117166114813 300.75560865400524 0.07905597239732742
871.6424981725621 504.00221666892776 880.1908314908842 514.0271519902313 0.07901077717542648
96.10085472402922 325.30128616963736 140.18313734245515 400.70387661141723 0.07898236811161041
645.9694283814742 353.9010189544226 692.4465027528364 416.0657007854588 0.07896978408098221
362.981867405535 155.83639595749253 385.1138912162241 186.8310932219767 0.07891438156366348
723.6051997410241 365.2073266574846 742.5302037209757 392.68816357151985 0.07891128957271576
1046.6426110609839 273.4301248923635 1057.1209247974302 287.0461322861109 0.07889602333307266
-4.066845554273042 299.9716714091851 8.197979750991886 318.21110397655343 0.07886309921741486
448.4090865855178 367.5175538940499 456.5726220411484 378.0282919770205 0.07868298888206482
742.4971676514282 382.50069013967766 759.3379786473487 406.5712390225863 0.0786682665348053
176.67027623708455 302.1837545091281 236.23700249008445 394.282724854829 0.07850263267755508
1053.2964346294627 336.1550014011123 1061.112404871759 346.4788411813295 0.07848787307739258
-1.5867677645299019 275.52893248657756 6.798875647130257 286.8790030160724 0.0784275010228157
490.0850901777596 296.1046438918765 518.295417789781 335.3264354240355 0.0783040001988411
80.23220826256046 619.4534925701203 190.0489515536354 732.5366590781032 0.07822960615158081
444.0009048351424 360.4691698044988 449.0907512924453 367.19941956266075 0.07814665883779526
324.9673930444557 188.4834742096042 343.66520131922675 216.50419048999737 0.07812056690454483
1043.4339714353698 278.0148347125533 1049.4225796660496 284.96680746409896 0.07806367427110672
166.27991456663403 56.47059644937463 171.63252157273484 63.00070424933073 0.07798652350902557
156.83515928484113 327.37477411599076 195.40610419723146 387.0872062750044 0.07781028002500534
814.8086860876394 366.6792759408127 849.6126145407572 413.4228092920254 0.07779248803853989
76.50615428866256 242.72718158355275 129.33653082938991 329.81759616718256 0.0777553841471672
824.2426965891563 325.49231611960795 833.64659098076 338.19803006866715 0.07773768156766891
-11.754827157266508 314.5697426576485 30.913947571642698 385.2665588255835 0.07770417630672455
255.92374215967186 30.23837861651127 350.72899806829923 132.89728176981595 0.07754737883806229
150.36133730533737 60.81087735934647 172.87441135016073 87.0247360521477 0.07753528654575348
61.58198149105535 273.9829956479599 79.09591428223399 299.14785206158433 0.07750112563371658
859.0469683010516 296.1068856736543 884.8153098974085 330.34541991431405 0.07743790000677109
745.423121861338 359.1337647681429 753.6389644190477 373.150944211159 0.07743718475103378
1030.239386192558 334.5568226510968 1035.243327515143 341.8041969191804 0.07727353274822235
1051.8590064422444 325.4968894189953 1059.0506197071547 334.4684937288619 0.07721079140901566
424.0503545109854 378.6354648646727 444.96635594698614 408.71605576897434 0.07718989998102188
43.68470892399964 441.3345240879538 98.44381261668893 518.3106822479928 0.07711037993431091
26.01931875347518 305.9307964060705 40.424125669387045 327.2953186919085 0.07709360122680664
748.3595394358572 363.11907742284757 775.111145654619 404.0415875648227 0.07705376297235489
116.19927110207203 199.850562634568 156.48133802933071 255.7761878923428 0.07698261737823486
832.0235959048882 413.90288712442634 1218.038972401758 867.899749003875 0.07697764039039612
517.1532313507103 318.37161658437253 532.8850173378585 336.27030022558944 0.07694657146930695
341.0352076613157 142.59102736843715 350.8249214537868 156.5012300279425 0.07691608369350433
113.92419333849134 236.0667802142353 164.4293772934135 314.970300177205 0.07691262662410736
13.930169192929318 313.7596869502855 31.977796692982206 340.6941749057622 0.07683735340833664
338.9513389161725 182.91190644389837 348.23026898256825 199.1143380765231 0.07683631032705307
1055.2167075247353 282.601217252037 1065.5817618629253 294.18135615797513 0.07679420709609985
1059.5709721885144 327.7401372078214 1067.4681923833311 337.5681653453794 0.07677232474088669
66.21864289346107 259.99286614192516 82.00414947995002 281.42490468913985 0.07675604522228241
47.73418486381838 271.01022403528066 56.00721367305974 282.05367516432574 0.07674388587474823
843.5214741385387 355.94875752355983 867.3298807456042 387.39217235800203 0.07672231644392014
1032.4975418262895 343.0691469946079 1039.1960565640816 353.5692799228531 0.07668238133192062
366.0855973457738 144.57059436251248 378.84246719070956 163.49897591025845 0.0766131654381752
419.56499561033297 336.2929212393591 437.77295759037736 359.1322704842358 0.07653677463531494
1048.6639496386858 267.80186632234717 1055.9256218379521 276.97408986313684 0.07650598883628845
861.9453620106189 521.8790263482044 869.2648617749081 529.9588212416708 0.07648342847824097
294.38659117523173 468.53508597446233 319.89079264568085 497.44383371088423 0.07641053199768066
1036.096614641196 323.7113041566021 1043.3256951103815 332.983817297098 0.07639046758413315
456.3153529959019 371.8079639826551 465.29224860117165 383.532541010282 0.07638271152973175
8.149321532297662 277.8450448331913 14.696752595389869 286.31088920873594 0.07622204720973969
1064.7317265906074 339.8238171995643 1070.9870538528323 348.57810315186236 0.07615233212709427
60.35555574307073 242.71033366519978 71.03677588439098 256.6900616745251 0.07601714879274368
793.4849957648247 390.8825466547411 814.9802654777742 422.6940557572101 0.07598600536584854
792.6939130562737 325.04539829089504 800.1804335294836 334.44359618677265 0.07598365843296051
100.15171597254984 51.737373915330714 123.02844948151346 80.73877023373093 0.07597338408231735
28.476348474467127 422.5119356691156 60.73460381584363 464.5227177709902 0.0759541317820549
720.9422228391227 343.2878062360818 735.5827577496216 365.66211833472704 0.07589991390705109
724.8970959775269 283.0545258490783 757.0735896863151 325.3302508690703 0.07587005198001862
148.9031821983439 135.2782091332107 181.3366816821165 175.84641752693994 0.07582343369722366
3.385955562296326 251.8817164838582 26.17533568516434 283.7511440578514 0.07582341879606247
347.7807280668446 188.91334492717536 355.15764855764434 201.11131147006168 0.07578235119581223
214.39799527543104 472.92083609897975 263.5964501156292 533.1142920428703 0.0756671354174614
14.648056747339595 334.7328438300556 22.145938946495264 343.92942381768006 0.07560967653989792
460.2429176066394 345.8281872535531 464.81834233089546 352.3532323311836 0.07559245824813843
240.75415199829996 307.62435986446263 284.30590701196746 372.19886849149583 0.07557874172925949
787.2065417142579 330.60879524807143 794.3594127973438 339.92953765650293 0.0755399763584137
13.500588579150245 324.87594325855775 22.74960381856657 336.73291190322465 0.07548370212316513
891.0567067795808 480.39278716483045 905.183136155152 497.7486543613623 0.07545319199562073
848.3083126972998 336.82718785432286 866.6084054169979 358.3320649503886 0.07544563710689545
-2.9593074871072678 374.7961956507421 13.481713396129592 402.8304209367616 0.07542858272790909
1057.7578114971586 332.86878868508455 1063.6998117644002 339.8556984357305 0.07541181892156601
868.3268291749031 427.6295529094361 913.7192106384355 482.95928535438435 0.07537942379713058
346.1604028442703 204.4465700516722 362.5362582235262 232.2203729701269 0.07537807524204254
869.7214059071225 332.5816735627981 904.6035856637498 371.03646507011405 0.0753418356180191
869.3223422685827 355.1575336709819 893.2177009222112 388.170005687705 0.07525148242712021
356.6093892382008 173.7355339391973 362.7599191762342 184.2229706516035 0.07519828528165817
1.0546385100256506 324.6886846206719 7.866125492954948 335.4466556650412 0.07505486160516739
29.037998924018968 299.9125711279659 37.75121578077544 313.2691261155871 0.07504171878099442
1027.0779950033382 275.02457240626256 1037.9465386163051 289.46734675472646 0.0750398263335228
456.17540528843796 364.7375526477418 462.6198749722335 372.3152398168308 0.07499563694000244
106.98694236044435 7.347721144118047 138.4523607918429 41.57374913241881 0.07498963922262192
400.21367362040337 234.88037948053656 440.8295210597929 285.2449689455859 0.07495428621768951
691.0861365193078 352.023660495841 704.4779227140021 370.98256282370716 0.07492070645093918
208.75534277040555 364.86618399581704 257.2352854905525 429.1955789549101 0.07489912956953049
545.1124919231713 396.0956423065046 570.990890681423 435.0592556140618 0.07489607483148575
468.15663367559875 374.8124764186043 484.03219925224164 396.6231790604835 0.07488870620727539
16.271525828123334 358.40376720805267 44.7755764492159 404.301661642203 0.07484672218561172
744.3977703366278 394.51832962599894 784.5000837162056 447.8837223043374 0.07479561120271683
296.34600997104405 302.8698599221662 343.4767625503184 363.8828339939612 0.07477481663227081
70.60386220539154 313.58902560603553 102.19702794441098 365.30754504205834 0.07474153488874435
120.6908001951891 452.7980810065948 131.15781240468732 466.8578001323783 0.0747053399682045
1061.8814047041635 346.9129660783878 1069.8062147540556 358.92606057695195 0.07463707774877548
189.14764354743704 415.69137367807656 244.46859320085628 487.9641872565479 0.0746099129319191
736.4227485252967 338.7857985283297 753.4917317540272 362.10958628027754 0.07460339367389679
396.56423993175974 166.94057101571042 427.4191074338363 207.78969948943652 0.07457519322633743
471.377387565643 349.6551642924835 483.33201385966834 367.3281208730219 0.07457438111305237
1046.9645808537857 242.85527617241274 1086.0189643595393 299.3317873637253 0.0744568407535553
831.5846944817345 318.763308893861 844.223954826881 334.5344738169056 0.07436097413301468
1045.3487278582677 301.1897074047301 1054.9376637584671 312.6941287361916 0.07429809868335724
443.4822370102675 334.5065042300194 452.7475238243782 345.9574318506004 0.07429784536361694
883.3690815630729 306.22285456939795 912.6113414172268 342.38164970430773 0.07420645654201508
1048.0859319229476 335.0228998359528 1054.1668563442113 342.2944149772486 0.07420192658901215
448.0988628510127 351.9927162702934 455.6126847915656 361.76008745673096 0.07418082654476166
830.260364849023 330.19246794390216 838.6581827777595 340.79364609511254 0.07411905378103256
19.813892671120442 361.9881821819839 89.54905766533393 471.89694450736334 0.07408726960420609
55.49479859849107 266.96992851331805 66.6941773432663 281.8943414231131 0.07406972348690033
49.925213537334024 294.73132279462243 54.91112954420498 301.0032888247603 0.07398313283920288
51.85250204303722 253.11334089052318 67.05365957428243 273.17124544658805 0.07398251444101334
1038.9711081784026 284.52113557370274 1046.7232074957092 293.43254398235894 0.07392098009586334
95.41379735923964 213.97756679183087 115.57647544207062 238.6301545171251 0.07385212928056717
19.30170729114651 311.7260655865261 26.661882834726974 322.0631255244366 0.07385142892599106
362.63873907810824 251.0675104194183 399.2533628487926 303.7889541924702 0.07377283275127411
1070.4725126839714 264.76135930686723 1080.772592566641 282.01897145205817 0.07375144958496094
430.8181470141193 370.45389538352555 435.6587557355858 376.4096556373092 0.07366287708282471
287.69548332109736 146.47497954792692 308.3570727438474 169.30341155719805 0.07365088909864426
394.0259314992497 368.3825901681963 406.4757282258107 384.58648192337273 0.07355531305074692
807.2342356626159 408.30033301313057 840.0071382522831 447.46271229821093 0.07355368882417679
1036.9931517649663 268.2438800590826 1045.4231901948444 278.5235716092063 0.07347225397825241
557.4734484915577 427.1879325549913 581.6106276586073 459.5796344430642 0.07330658286809921
982.7314385755926 105.8266372798434 1007.6317011694988 131.25371070391736 0.07327642291784286
908.5584795016381 389.66633812726917 931.1816847486131 418.28995984581445 0.07316093891859055
-61.539980945130964 542.554542271576 135.33132339897747 780.5146404497991 0.0731554627418518
506.57713303483945 394.1570460479924 538.9791969181562 441.27322061496903 0.07314448058605194
347.24485660492167 303.7999768834689 387.36441057129974 359.72081956183877 0.07313930988311768
38.38238675792568 302.38911248078034 47.234431267028164 315.6722949499733 0.07305590808391571
1045.7447545586442 267.7928827343624 1052.442084153862 275.79846247636465 0.0730435699224472
-9.206042236303162 236.87788615910452 18.564094445253478 277.8427919458455 0.07303965091705322
188.52327377974137 219.65149832761344 233.38956020649962 285.25299782251193 0.07301463931798935
296.0204867887059 376.04460331879494 336.71971125210393 425.6809257146711 0.07299594581127167
139.697262268857 39.298456123732365 148.30424009930215 48.71003395330655 0.07293248921632767
8.10140006594584 274.56338308913 22.92379698532646 292.75539551985065 0.07288061827421188
121.65198976282436 74.90062938738618 140.9408553960864 98.31590243415948 0.07285323739051819
445.03333207848965 368.7756582196749 449.4845750501893 374.63705145151886 0.07271789014339447
368.1629961318965 191.92513211805107 387.53045031889104 220.77548411915816 0.07269585877656937
447.11262070666277 344.55354408581377 451.9474074749018 350.7729577293223 0.07261989265680313
468.4562070663599 352.9178461701214 477.0875817363461 365.31233974397037 0.07250501215457916
844.1163194726194 297.16125678089077 866.7286812862641 325.111913246387 0.07247567921876907
138.8439833277675 478.0058796265499 193.15399871290677 540.6820339220573 0.07245117425918579
261.05087226683145 334.97887746544234 298.6430087971327 394.4133190965323 0.0724073052406311
610.2850253986087 374.09753561052105 650.6751124084537 434.92298408064875 0.07240389287471771
390.0657462315811 141.03054838023291 412.6752722164461 172.20582660050025 0.07239313423633575
147.52044846506215 49.5772046285051 165.32351698097617 70.08961862511904 0.07236623764038086
218.7544546894717 214.37121520257517 261.1105980511162 274.72487063593945 0.07236530631780624
406.00176667985124 284.3271102113999 448.7462387127838 335.6741258488814 0.07235783338546753
18.688952380459877 283.98165073503225 26.944922673581694 295.3321106188358 0.07231698930263519
1033.6194325170864 304.1414497281022 1058.8287547329157 338.7383134187889 0.07229220122098923
770.9456887756202 338.7955327559565 781.9718346951004 352.89989232907845 0.07223986834287643
898.648476032855 472.59137102639045 907.5098835832127 483.589866914506 0.07222983241081238
36.46306625696146 256.2367267286848 53.40679695348318 276.99381766439217 0.0720968246459961
405.13266756523063 356.4016156677846 425.19890185489766 381.0176465425626 0.07207883894443512
448.2075265164093 321.34411674265135 468.05384694361084 345.4825919935509 0.07200136035680771
505.75170066230424 271.9197371264513 536.9587738975667 312.8504383712322 0.07198444753885269
1062.0623153906192 282.5808747205793 1072.8637782503872 298.08180140008136 0.07195910811424255
154.12470410562736 137.44618531839646 210.79310127612086 205.9351802660041 0.07190407812595367
117.93357510318158 382.2399472818411 149.36871517917828 431.444943431095 0.07180646806955338
482.6987746331921 363.90196127620135 495.313715746797 381.2569243367836 0.0718061551451683
40.52745668644749 274.0631896790883 52.1629391333212 290.15661681054337 0.07180126756429672
101.30754219252803 209.8936087107866 191.81325715517227 355.73863650190987 0.07180018723011017
145.25643947507587 6.2556427077122265 188.82259217413613 58.98224389365002 0.07178866863250732
412.3584192187722 384.11193802683187 431.6969943991786 410.6517370126528 0.07173636555671692
1038.2965748358956 23.16108829184596 1096.764984378767 97.77859945625184 0.07171855121850967
1064.2840629793739 338.62332956526524 1082.1504120916584 361.73907660064845 0.07169309258460999
439.26655370882634 360.49401089917177 444.00761559861434 366.5429630383372 0.07169211655855179
813.7851630185185 324.9003717610926 821.2786138049246 335.7306779155486 0.07162486761808395
97.58459401166907 138.06197910451488 144.66840840166634 199.15781999120054 0.07154285162687302
313.35583283553973 423.9843671602831 356.362753148819 474.16956669973143 0.07149151712656021
836.7298898079831 347.1472637367299 848.9514256895068 364.4992355956791 0.07147364318370819
70.69563338234965 14.224727678747506 96.62110076960978 45.454296907443535 0.07134263962507248
250.05378768095025 301.2166918503365 316.447695280812 390.08427955413885 0.07131559401750565
815.9705444785506 377.38393104279925 830.5348613267277 397.9781962520653 0.07131551206111908
1026.074441643056 653.835566296653 1107.5267120414449 745.4013242450446 0.07130260020494461
35.084804910385486 214.64738788908662 57.01182349374466 246.19967003999037 0.07128855586051941
68.65978908511244 6.032192148040003 124.06023127499407 66.20470129506249 0.07124341279268265
196.153688955994 96.81657048549934 221.68118970066138 128.98404073013805 0.07121781259775162
392.32238204473015 312.6893182425449 423.1547237429135 353.67974829302057 0.0712098553776741
1033.7443219296208 330.149765963205 1038.031163157354 336.08696323307225 0.071184903383255
349.8873353393898 141.9789147975327 359.11244624797445 154.62147344178217 0.07117536664009094
272.6169820137144 168.06956335648817 286.9718281541759 187.15851186942876 0.07108364999294281
1047.518389851565 340.16861987793385 1056.2068081855634 352.00296286225466 0.0710396021604538
435.20078361415545 363.5105018686149 440.1645720047796 369.42758812837735 0.07097142189741135
353.71147412306385 183.30021830970233 362.72256263488714 197.79148455792358 0.07096868008375168
1059.8756624123162 305.2547607090132 1068.7445869324993 316.1950795790069 0.07086538523435593
55.666371690636886 290.0843409794824 63.208661931970866 299.9698947547324 0.07083494961261749
834.60833332272 395.29688056842883 898.5191698855996 469.0039807009326 0.0708341971039772
1033.5004816724365 281.9118313304079 1042.156181454048 291.9013713040077 0.07077319920063019
386.72765362001934 189.5098331043541 409.50656140800083 220.32329367437814 0.07072778791189194
27.11393713905615 260.83126288745774 53.21592118066692 292.9358307058757 0.07063063234090805
344.045897099577 264.0435130111116 370.9924099072288 303.29692312129623 0.07055709511041641
45.51808827839786 299.53999660635566 51.939712986711086 308.72855997006474 0.07048800587654114
902.7632037430296 493.3177149417664 925.2653472675242 517.7318608386897 0.07045621424913406
718.0495284310169 370.0089030548385 727.0234562478506 384.9167670471548 0.07033853232860565
148.0638297292284 171.46176874098435 189.85214243775806 228.06464868014882 0.07033006101846695
254.8703916990867 256.16067714140473 297.74633972846465 310.01189248225046 0.07029051333665848
21.240135243158615 290.5136552025461 28.490563041596296 300.04766762965704 0.07024425268173218
-6.914677621999051 278.4022372805944 31.49522684416853 343.36105434644776 0.07019846886396408
77.08752860698705 225.71611122753592 82.63487579682707 233.1303127483194 0.07015302777290344
350.91605304555617 354.14520556714683 391.59462403189184 415.16698657081287 0.07014256715774536
129.71225245849945 -1.654307998862739 154.80759964054377 25.06362594849838 0.07007788866758347
907.6726940161188 466.85981827118053 919.1983089367862 479.40434052287935 0.07005608081817627
350.9430688449315 554.6188042501075 457.9077673179767 667.4782352550282 0.0700530856847763
821.9509871315154 316.0813340855501 830.5845702116753 328.3428732636542 0.06998924911022186
1029.1007408135338 326.2189936616353 1035.25050527439 335.646719913852 0.06996563822031021
7.608681704410742 285.0117228165836 16.544538904844448 297.1349958684816 0.06991272419691086
419.3034821007867 371.3435042486228 438.2032291724018 395.64166359663045 0.06984763592481613
168.7642508406794 -6.657418248458873 211.1404108946907 40.5095715245382 0.0698288157582283
1058.1964585505975 260.7910807038759 1065.6195083442142 270.442728573518 0.0698024183511734
51.7350001587254 311.2604867352256 61.91058017324222 327.65462742068524 0.06973037123680115
122.24804789426281 415.24142175764666 153.14692419202433 455.2132847428823 0.06971688568592072
454.8012713120851 361.75561834042566 495.66557357431896 423.1608676219741 0.06970573216676712
634.1072178536997 223.22023077129504 676.7584063666325 278.87318208118603 0.06968511641025543
892.2997598016921 334.27283859346653 921.8280205612506 369.7169210792504 0.06962596625089645
853.9976694029194 249.76112536135082 891.50102181781 303.57721944032073 0.06957823783159256
699.6773382209002 330.7102249746554 714.9194967309587 348.8106565847353 0.06957696378231049
4.495042371847532 325.3696153974712 11.892303833663169 336.5710525021659 0.06957684457302094
21.808773235923297 328.55969779655305 35.74620056870973 348.073812200265 0.06951793283224106
335.0145061349165 140.14901642574446 342.75777677271816 150.3562378239133 0.0694449245929718
860.3711691361548 387.5024597518891 902.7193277530644 434.17418078697995 0.06943118572235107
954.3376029333468 123.11685478348925 976.090530371854 145.12382128183157 0.0694081038236618
25.66555102969129 325.2358107329071 33.62589282623293 338.84021654894417 0.06939679384231567
103.95254642185726 438.86320925487775 114.45134697245106 452.42157553241157 0.06938447058200836
1043.7605245955835 313.8568564537678 1089.0842300700217 375.8648316726201 0.06934915482997894
355.5130626747488 127.3274920619021 372.38862444989934 149.25082938171585 0.06911946833133698
336.5142435656736 166.18920154242238 342.1936885698933 174.50324769802614 0.06908446550369263
835.2896883930468 383.6003790634321 871.0318595259854 429.8223266387263 0.06905276328325272
876.2806615091135 318.59857010096283 890.6327511986735 338.70408884308307 0.06896305829286575
86.52421722321674 431.000053583073 111.60251401981053 462.68559577185334 0.06893548369407654
14.898711539294952 274.8589792088673 22.30948298497349 284.5732160511134 0.06892061233520508
679.3518218668654 186.35406136000358 718.5888627224925 235.37336777812607 0.06882931292057037
1029.197969022195 357.08557619965444 1037.351756542296 368.435541478959 0.06878681480884552
191.56384668151114 65.96876628419686 215.9313923473699 95.86893288741129 0.06878611445426941
322.99406343134285 209.17952040752954 342.49900357997547 239.37403345833098 0.06878499686717987
444.4460381358803 348.7279519365885 448.92753543565874 354.202270696142 0.06877297908067703
870.8592876520468 -38.706818600723835 1219.9911291706028 367.8705737557623 0.06866727024316788
463.7088920481509 393.4347163907847 476.2621038336866 411.43783682857054 0.06861787289381027
720.0503790035528 368.6702571754478 723.2900918918476 374.14787612551737 0.06859888881444931
170.30858482455497 176.6935053274932 249.18855799814474 289.49638491656043 0.06857582926750183
549.1536291471496 312.9714334314046 557.2770030029294 321.72713369281604 0.06856322288513184
57.25051896927905 423.214751929113 89.32858728392598 460.94251698556457 0.06854415684938431
236.01372070155915 414.9201684082638 272.8763278103686 458.5801875413048 0.06845466047525406
-11.170378983070105 -19.370414816580105 69.78426119929318 74.82018779467518 0.06839379668235779
350.42808280699046 399.8505706506554 383.2939536815673 447.36902761726014 0.0683596059679985
292.16152617801754 483.36105293034086 348.2179840689315 544.2112196487103 0.06825335323810577
843.414483304235 323.5121038608993 854.9972178050433 338.5277527205113 0.06817404180765152
1051.544260090402 261.6823745065264 1058.6080449397498 270.2232982289656 0.06815207749605179
166.70581182053715 90.68877482052655 187.18417761841704 118.24724072920812 0.0680917501449585
84.37568102531294 41.08009792260174 104.05974333646336 66.00191483051854 0.06800088286399841
139.23456754569514 28.30415963290451 150.18538420234603 39.98859763511891 0.06797685474157333
372.479333371709 178.63536539633918 388.04492087502547 200.39867193590476 0.06793346256017685
15.45247271287863 180.483038757574 85.41660424556218 290.43584819289725 0.0678533986210823
74.25509952723404 94.81538206711724 125.55399086961062 158.67969382654806 0.06779642403125763
1026.5492868768783 309.58080482467574 1038.0356078112861 328.3956102375672 0.06776328384876251
27.423956699556065 290.0415753058067 35.49800458731496 302.42478297423776 0.06772518903017044
1067.1321602586 338.0826735204701 1073.1389649743294 346.4813641362156 0.0676983967423439
270.33076772352393 487.39343908632617 288.8870767482631 507.3991337032563 0.06768012791872025
-13.935663688155199 404.6463434160532 37.97408582266706 483.93575685579634 0.06747539341449738
201.41366554821965 334.64590335072995 295.1117101431846 461.07367683270945 0.06744597852230072
898.9068789914614 274.162115094946 945.2394017851083 331.47864241495205 0.06742299348115921
1051.5950365661415 306.1803683685046 1059.93561248311 316.35857232092866 0.06740725785493851
16.087515806807293 213.73571917462354 50.84009814945898 267.43955071095024 0.0674026757478714
896.1936461059199 420.4296057375756 945.0875365646474 476.54407064349914 0.0673503503203392
122.49089998453964 448.1334475678067 127.70700865890606 454.8158037999079 0.0673283189535141
1070.2676916039854 254.30357307066197 1079.2904858913423 268.0669088440211 0.06716421246528625
-71.8137334900851 121.98440144205564 202.37753955210582 523.7466548370991 0.0670706108212471
829.3411325082311 270.24398499947114 861.0659492620102 312.1245680675353 0.06706584244966507
542.010235845386 235.44571548485524 582.4632178488056 285.18863262064076 0.06697629392147064
806.9282971417389 248.84869171962916 862.3627885054257 316.861772528324 0.06691068410873413
109.46772633650815 414.91430139141346 136.90647506682416 450.20824818667364 0.0668775662779808
15.18988834809232 222.2784758355984 36.81467864741401 255.25714781577233 0.06683932989835739
395.50466041214656 378.5113707045129 415.06231027337225 409.6127042264782 0.06676046550273895
63.332591006490986 160.6005588588257 101.09592527142327 216.30778685260879 0.06674923747777939
994.7885934266966 288.7269596653039 1017.5293781501938 320.86642553637705 0.06670884042978287
741.1996794213034 387.55612851056685 749.3313096451566 399.1142273196224 0.0666443407535553
737.3805682972684 369.60951309878556 747.1367915389147 385.717133712667 0.06657148152589798
1009.8070284711173 249.9159503878095 1057.3896883063248 318.136499270676 0.06655784696340561
1060.7824211720097 374.7692477567145 1071.9398104541326 387.8569287624892 0.06649059802293777
850.202770298211 316.65992176579584 861.9723412036778 332.1203669502916 0.06646973639726639
773.4263971240355 419.3310337124673 802.3775051227291 457.51826958214383 0.06642161309719086
312.46132755993557 128.00115093967827 335.81665798135333 159.00568922574962 0.06637219339609146
6.512650095324375 315.3499849066555 14.530790877964703 327.65793975717327 0.06620525568723679
1045.5631227227418 328.8078226075719 1049.390034587078 333.90396030841845 0.06611005961894989
1028.7220895777248 286.7313777475534 1035.74301364727 295.2503655366817 0.06610853970050812
390.43116999695627 192.04934849248244 442.86028612544214 264.6603862919841 0.06609515100717545
246.59475738954833 391.442364690615 320.643019453135 481.0815782722865 0.06597647070884705
75.7523487344018 389.92867581156594 111.3209123350502 444.27371789877026 0.0659291073679924
1043.9036854020874 310.43990853673 1051.463854960025 319.756899657456 0.0657895877957344
673.0390774741942 278.31229267494155 721.7536266494366 338.6316892588659 0.0657823458313942
473.56007143027875 372.58284873484047 481.88489980200353 384.00396291276127 0.06560946255922318
1000.1463095232427 314.09537341755123 1043.3598407023328 373.8821117012381 0.06560805439949036
163.85787281501794 69.13474245987136 170.52189961868882 76.29285669611225 0.06552307307720184
211.38641818543087 27.095245478057222 226.48442357029992 51.64660576741366 0.06550458073616028
18.311862210275155 318.1625483699839 26.03433839702436 327.5224982411088 0.06543570756912231
311.9158336422225 444.604540856891 328.08452197345565 461.5099660172734 0.0653887614607811
148.86299409535133 38.65407140281123 161.00327086838396 53.81485773270583 0.06535632908344269
191.1937418086121 51.36768584052424 204.85912632707922 69.03127921164725 0.06529547274112701
461.6929691358006 284.60693998923256 493.9039336218877 325.2554434460792 0.06509402394294739
1045.943834712765 366.2273175833675 1056.1512776810785 378.78060351467616 0.06506415456533432
12.886727879892446 341.29002776647104 19.695152595637445 350.274051101996 0.06499020755290985
494.5145659166958 346.917269836599 507.34551292387465 365.9158500596474 0.06496366858482361
433.08274907249785 330.71815118910587 459.37920842342686 364.78066743476984 0.0648961141705513
59.69395206874661 297.1923999455481 66.32755924735912 306.37525998820996 0.06489400565624237
1071.866079535501 298.4884191172873 1080.6379253858647 313.4869375631977 0.0648377388715744
929.7826261558755 538.3992179791662 1146.3605676306902 774.2369229702593 0.06470344960689545
363.1615648728681 132.0460708758252 389.8546195335023 168.32265141077767 0.0646955668926239
65.37748980684937 65.26998690633832 96.27052412167859 105.19145159102573 0.06468209624290466
61.876285931094905 8.834112633308385 72.51092076190784 21.62752582730549 0.06466542929410934
169.95078146772764 118.38518658596392 179.23922585432945 130.33878017492967 0.06461305171251297
272.7685556898679 309.2361394644547 353.4232040728105 423.9330866422858 0.0646059438586235
797.3351566669858 272.7839935202599 831.7419592006012 321.0960383395365 0.06453908979892731
291.67722988691105 423.79547343754047 345.7896422383512 488.262437458697 0.06450702995061874
54.808906869917784 299.2210810800466 61.470788818647875 308.31539086160416 0.06444225460290909
-0.7500669774518129 360.8135020769128 5.661092353303834 369.5620823781622 0.06443947553634644
112.83153627386832 67.89882541236459 131.9158775652872 90.6188053773743 0.06441585719585419
50.293696501913146 53.5568150020645 61.57368222586298 68.23122348343227 0.06431388854980469
1053.4931050478651 348.050178745472 1061.462604222607 359.8751916885049 0.06428949534893036
15.164017465184909 261.8293948518273 25.68887055249159 274.4638256109547 0.06425616145133972
1026.6093239468373 -26.47689044690737 1093.7381949705 51.4499926450119 0.06416469067335129
719.9985936333384 390.240414719403 730.0592330820087 406.50750822759846 0.0641574040055275
316.3742308635965 310.2744367211788 365.31170209622127 376.978680569936 0.06406072527170181
908.8993128403825 357.4736714925675 964.5159980359128 428.2141851063904 0.06401074677705765
62.02587586390064 281.93634049409656 71.40300564974072 296.44190701109835 0.06399773061275482
1.6515385300833278 367.57675600918776 10.563042908669281 380.81966277056256 0.06387291103601456
26.29042406507404 312.17214899844464 33.3465396358276 322.48087110493384 0.06385651975870132
371.04889982275 311.07313415101214 403.63744777000863 360.438095144277 0.06381624937057495
737.961505125234 292.64536554066274 760.6812516389375 324.9196681058071 0.06378637999296188
1060.149571102188 358.2724752903508 1071.5158262000803 371.8204495583552 0.0637640580534935
-2.9820780353069014 283.1119840560431 5.633321361835719 295.2248204478072 0.06369036436080933
445.71552272164206 239.93435180480643 486.56542465656463 295.2271749834381 0.0635773092508316
1011.9138239127766 292.9482297675737 1028.7403244708971 317.4667369890071 0.06355863809585571
275.069211226734 441.97447859054665 294.8317860804971 463.4559754183621 0.06353851407766342
795.9009050034422 244.67180107934306 835.7221389927768 296.4143179567389 0.06350001692771912
793.0709529186754 309.0540586277837 876.0116896387892 407.0597691654239 0.06346075981855392
811.9222065702011 399.29231155217207 827.9095526961445 419.6434770012609 0.0633826032280922
723.2971090113548 364.6364113181129 733.1644900929799 379.88101799527243 0.06337489187717438
332.33650348970116 127.45403740678033 345.270437305813 144.9777083995451 0.06335581094026566
181.6339549234425 40.19776583606677 195.11421839350513 57.72317495622585 0.06333993375301361
396.824776229723 406.0537823208599 405.33132135302384 417.54546381578336 0.06321458518505096
234.0612881949128 138.15075672745826 293.57245065610425 213.93882692350374 0.06317958980798721
713.322925703082 347.26279816937694 722.1092580836097 362.7185600770201 0.06316579133272171
808.0316189522277 315.18378711822373 816.3304983076105 327.56201489435915 0.06313230097293854
139.64438325668974 91.85290148660437 163.82446009153753 123.77448505913831 0.06307979673147202
191.74403310154628 -0.18258681856689804 199.7045415130742 9.019430806315118 0.06307957321405411
493.1349333010254 326.62452727179533 507.7704814561618 348.37857150538616 0.06305097788572311
80.53604772946382 80.0092343181584 104.69376671567025 112.68580570099876 0.06294120848178864
43.23572207580181 312.43542754661354 52.28430152690614 326.71567458967013 0.0629352480173111
484.5733969591306 378.93458040694173 495.4290316413683 395.618101048236 0.06293504685163498
1043.411622969579 268.8933061124526 1049.0019495002718 275.66363142582674 0.06291519850492477
169.85799702784396 73.82607203007778 183.1495779078787 88.58554113987238 0.062883660197258
72.20072062221352 256.49782361706013 78.86544680843579 264.83637928298555 0.06287992000579834
680.6575224974509 344.02946180901375 695.1077521740114 363.51348443335496 0.06282757967710495
38.92614173585309 287.59924768380307 47.75398160194576 300.67310936408546 0.06279866397380829
472.2117189437439 389.90086842766704 480.03417390735945 401.22852001538234 0.06272498518228531
7.283214022024891 270.2023130776156 14.66776087878557 278.7737481928431 0.06271994113922119
957.2256886598965 315.25768145484903 1000.3056748518696 370.29018248680694 0.06266727298498154
46.36913413748636 38.20540415537621 56.39464512783802 50.78311113162311 0.06258832663297653
455.8253046384226 369.26469149579805 469.10878620903446 386.7887394194527 0.06258697062730789
278.36971203111995 473.4919797067201 295.4289605731648 493.0172194680721 0.06258223205804825
768.3889496973139 324.69831462178223 779.6959331627521 338.8482803392333 0.062499601393938065
3.7170443030574964 341.6388324663709 10.642605351313236 351.547542323918 0.062369175255298615
509.0302667375843 323.4302411091321 521.8655564649031 342.9319141833746 0.06230957433581352
63.94075861892459 250.35063451565654 72.50555356077366 261.4535442300598 0.062268707901239395
534.154404325329 317.5182624791803 548.6778149825865 335.91061358255814 0.062215227633714676
143.18194610848232 48.75466724993594 157.11352039650833 64.99833300860536 0.06218082830309868
184.2841317740946 506.73150434860884 205.83149982420235 530.5564297926359 0.06205722689628601
331.9819028058004 156.263943445957 339.6269017437602 167.09950977761687 0.06198759377002716
92.27005367338066 254.68743102740007 99.56722570789483 264.2072448857147 0.06197679042816162
799.0808329900593 319.04916707006777 807.2437623154121 329.89296916037176 0.06186894327402115
141.08247640505175 196.89608714507673 170.99909863312777 245.05710451483543 0.06177569925785065
-11.874950293359188 186.55878692659678 32.71976195867865 255.43991685535485 0.06176396831870079
32.47314923390391 273.170848979546 42.5935712195546 286.9791348520302 0.061655834317207336
244.51584877465547 206.82171186250042 252.73685918109683 217.6492497624964 0.06157822534441948
703.8381782914106 314.0333401777224 728.9886379685324 354.2515859809075 0.06149930879473686
508.59707095277037 461.6130543278865 544.0034685783232 510.28018714198015 0.061422884464263916
63.23459659595832 312.7451655954748 70.6732294162472 322.763535524319 0.06141524389386177
205.99083501158478 30.009883279043304 216.41151335703208 45.71320532902128 0.061381056904792786
851.9807571628158 365.21133281746626 893.5306920541386 414.1594506582147 0.06126916781067848
671.6325801245407 230.1512250328604 714.0727348845471 283.4162495329223 0.06126650422811508
22.46051917030338 336.81373182382384 28.946289904419622 346.2047173390588 0.06124413013458252
387.3664773231901 322.22540918799234 394.1667272773571 332.6774726128627 0.061072297394275665
359.5734600733349 176.53904785624735 367.10745146665516 188.32269088258542 0.061034154146909714
135.4945410455233 69.22902760894365 153.94988281169833 89.77208811190705 0.06095384433865547
939.2297115815354 263.8478474250461 1039.4362093277825 393.2527822789903 0.060832679271698
955.7959313125853 359.5133361445511 1013.4404898860711 425.4757065720179 0.06080767512321472
212.20581710648366 56.1988913817909 222.7178730040294 71.27505911887557 0.06079732999205589
918.5929377017898 315.0401308874015 955.1814975435001 360.08255966067634 0.06072279438376427
13.630118711285867 315.47620837988035 22.282572717431812 329.2780018372483 0.06068188324570656
161.60385954611633 36.74402228972057 175.97222949533253 55.55499274557156 0.06060484051704407
309.48521148803536 459.401580109265 325.79350320205657 475.3375119563979 0.06060340255498886
168.6905593385189 52.42220214976981 184.28053619090787 71.37583238415749 0.06046432629227638
72.86213348569893 304.27132193152823 80.0008318059069 314.71035384824165 0.060446932911872864
49.76101114181164 -10.545130303340908 84.42033970170506 26.388455163052715 0.060446374118328094
44.41666450316058 308.29429869188647 51.3167058634039 318.13666039345685 0.0604424886405468
3.555545404411024 359.1030196285414 12.743089098222457 371.9992860359038 0.06040413677692413
319.0321312992714 488.33558860929344 344.01656300227245 519.6927378803668 0.06038922071456909
936.2148648980884 359.23463488546696 966.4772969789083 397.28000212487905 0.0603785365819931
250.5162986334942 96.67789254985799 295.70046199303636 152.88132067088577 0.06031797081232071
1038.0423060516125 277.0947619061338 1044.2693015023285 284.45235652939954 0.06005171686410904
742.3145174245996 215.26945352296525 785.1011320798342 270.1138348107896 0.06003985553979874
952.2349779767377 282.68575636012446 984.2998774987435 329.69232391354535 0.05985364690423012
46.494293803518815 74.30110216312889 59.54379318230868 92.23867666604704 0.059849806129932404
106.24993313259935 336.04629201615523 111.75536975896551 343.0281632507491 0.05979321897029877
233.78804138505797 194.65950555473873 245.5906135339988 210.54003848216234 0.05970974639058113
61.133390257746434 302.6355478489533 68.92226031715788 314.01566505659883 0.05969866365194321
471.8507164053455 328.91786795183 487.27156599051114 351.8518357443944 0.059677399694919586
37.59714964976945 34.77266017649842 49.22760848913125 50.2540363735222 0.059627097100019455
278.9008152545977 408.4484997614966 301.8190810672071 437.4092500876402 0.05962397903203964
139.38975571713726 99.47462037001424 148.75502416352208 110.52846274352419 0.05937293916940689
137.86338058448777 537.8002601188 316.0823633521129 734.5806796884648 0.059351395815610886
180.532236920801 75.0976901667699 193.15071045620817 89.54342007087028 0.059206824749708176
39.28064410824224 46.89214675927539 50.959113232264485 62.31213440663551 0.059139054268598557
1045.6850974817453 320.8676353320461 1053.671442791694 331.0596221575253 0.05911979824304581
34.06316811164224 319.74405635592643 45.73416415247778 337.9486567645018 0.05902307108044624
919.4575671277423 401.14849881059695 965.9226707002553 451.16531226120446 0.05889851227402687
975.8315161114665 199.3388027153198 1032.0465205532175 287.0184422865691 0.05874457210302353
664.3618520806742 323.34133481133625 679.1123422046293 341.1793490211405 0.05871248617768288
58.12884480884282 63.76568148722778 70.0932806775279 79.70578302160429 0.05866696685552597
257.40632611364964 213.34717987667932 266.69581761939685 225.789498414114 0.05859772115945816
919.4547196169219 245.21228987452832 958.2490609831061 305.79354720226394 0.0585695318877697
305.7699820686333 200.58677683300954 381.6497897026724 314.92777618532574 0.05852542445063591
250.2744527377651 172.32267204782778 270.94299792025106 199.3513719721386 0.05841509625315666
780.8629909980809 315.7305336867289 791.8333068602739 330.1779392736348 0.05838077515363693
147.17999478266194 25.04772537666394 158.73562144580475 38.72439455370394 0.058287736028432846
712.9452847141786 327.81234464159206 725.2679418843846 343.7876006793959 0.058048758655786514
734.2694341368998 456.8618355397219 780.1146426294072 518.3457362011903 0.05782567337155342
899.8493426308512 313.4336226336006 911.9513814858149 325.9484060525313 0.057822514325380325
99.11474536067459 522.4283820448107 125.68080400693736 556.4526337950911 0.05779293552041054
137.067838927912 257.805346469432 143.73636201482586 268.1926468675109 0.05771566182374954
-21.203358858304345 68.15694530106522 59.453507422524424 195.86462468287374 0.05769375339150429
886.1647809444944 270.5364034428657 1092.917658562797 514.1050054527132 0.057672321796417236
524.6803426940688 579.1417689339098 641.1158998313414 711.1533337842042 0.05755656585097313
296.33762600060857 381.4305071619448 388.7983738060781 485.72043138464244 0.057447366416454315
129.70967796036385 53.176460479143444 140.08030814390503 66.16294788764232 0.05733051151037216
888.0290359313983 221.15222790305373 936.0376529883922 292.68792196191197 0.057307396084070206
1072.8707778239402 340.78451330109965 1082.741746934606 355.53101222870123 0.05717988312244415
971.5603885707416 267.1757389192472 1009.545853789746 320.7772840810895 0.057102300226688385
1044.5129784482945 261.85830062597626 1051.589075350345 270.00556365942117 0.05702375993132591
539.427151571989 298.5878206481681 554.7356221967297 314.7282547083653 0.05685828998684883
520.210085337691 296.2855950617886 620.0839293687668 434.94873872604904 0.05680718272924423
675.8380261594837 355.4201243381432 689.3367382146082 374.19392659430275 0.056612227112054825
183.37539293183266 85.61893572954185 200.34668147552483 106.1763304806788 0.05657411366701126
990.4635179747946 344.50059163275 1007.8799681282951 369.1827303597707 0.05653417482972145
-2.548562912841072 -3.1521177739914106 8.311827796499486 8.491647800316825 0.05644294619560242
58.7246705079865 86.62106373217443 72.90503170014486 106.59321037741299 0.056440092623233795
117.62170626751052 459.7594789389079 132.84882175311742 482.39758152972354 0.056350961327552795
192.59043962403825 167.0536149395554 214.17878030708934 196.13624468502556 0.056223999708890915
217.14921494182397 71.0740965234397 242.99026884040794 105.49280001290025 0.05604802444577217
366.9958654632341 316.3338568102996 374.4784261867525 327.0376633681026 0.0560467392206192
846.6270822987495 191.76173784207455 924.3380531931842 296.60476296170776 0.055709514766931534
814.0979570228187 311.4458352260047 822.477356215748 324.11813791916603 0.05566276237368584
703.547937616011 297.4879643586574 734.142180805548 337.95632254278587 0.0556386299431324
776.392439619306 531.1316271088408 956.1582399654899 722.4745397029428 0.05563515052199364
236.89160823785363 440.4169712369106 338.9182454628929 554.8522091157746 0.05552271381020546
120.44004440643417 548.1558683691113 226.8529211773079 666.4753480432827 0.0551670640707016
771.5830220691115 180.76988397785433 813.4732552112691 235.00067777705937 0.05514144524931908
111.40302291155614 335.0935272858241 118.33489911410199 344.05517844015253 0.05510714650154114
785.0189775281966 451.2388300211582 830.495088487984 513.0626820914283 0.05502179637551308
360.8681481468525 336.80174357972015 373.9795105927119 358.0678666981938 0.05492021515965462
939.3666403843367 248.54377082670308 970.9141769219352 297.69379844180696 0.05450810119509697
172.35336006436498 354.63360914979705 179.82327924151957 365.0971087790906 0.05448957905173302
550.1385149940019 338.94694793623745 564.3919215736328 360.621289911324 0.05447801202535629
208.14455706039448 172.32744461574777 272.96467648234955 264.4429051205209 0.05443919077515602
56.74699919374427 33.922818230144216 86.33725813834667 71.46950972909897 0.05391163378953934
386.64884207147725 354.8282782337745 393.63895795532494 365.08236591849555 0.053883399814367294
1016.3969373643706 283.4329527850542 1028.2584800431553 300.3054299219781 0.05382304638624191
142.27750415730932 -5.719527592626459 163.06169432487394 14.578153424317998 0.05379093065857887
554.9745895535507 308.6587312732613 565.7737581273336 321.895808783325 0.05350960046052933
887.8548764173834 314.09132876903413 899.8791864251126 329.5050569289274 0.05344075709581375
983.8402456606944 301.5131321274627 998.907282429145 325.642737280671 0.053344715386629105
509.15437077863265 295.6093984319552 532.2151053526577 324.1972033758714 0.05331034958362579
964.479557261283 -54.71690704050047 1119.1337825894798 123.52362188650739 0.05288037285208702
605.6676653601811 166.08107854739794 648.696237696298 220.11534313287075 0.051601484417915344
173.7212692131351 342.9089068746207 180.8476572677351 353.577239278586 0.050982195883989334
