713.9679204671664 474.59802530050024 751.3861240945317 510.8717687784965 0.5618919730186462
768.0678373942143 584.8317217589607 791.3760638244286 611.1928333069618 0.1861708015203476
569.7674643028072 439.8526323411301 577.4101590302873 449.217115881339 0.1772843301296234
300.36101806268607 341.284246258126 317.5798039400447 360.27018781205055 0.1729566752910614
648.3003699753355 452.38022800605165 670.1729398966108 476.8540045619391 0.15551598370075226
-8.356706307443057 311.1067350309657 310.96408042661716 668.9407720114414 0.13676564395427704
789.8247889749892 470.87155843318726 808.9648611065364 490.7790435467826 0.13490118086338043
690.9706371511301 453.04577150797047 713.2405939240224 476.9948418577791 0.1338472217321396
802.0169972145145 473.15490872564993 847.5120097598658 511.13507385569903 0.1329094022512436
544.6678428015771 473.5413369311511 554.8585824383539 487.0858662207279 0.12779513001441956
514.3674931901113 449.13626680073907 522.4013320866014 459.3844145011476 0.12747377157211304
150.28466332996794 293.3379004377459 212.63622528577667 356.1431283084558 0.1257195621728897
458.5806005946369 407.64719535966873 488.6098147517443 447.9639778837234 0.1256980001926422
740.5596802113317 461.611184209998 763.2852266213839 484.1536560320929 0.12162040919065475
296.44300633092615 350.380131636028 303.66250463474483 361.21561662800593 0.11860266327857971
535.7257052743818 452.9241505373232 542.8035009052398 462.4895569766653 0.11810395866632462
927.6144034110525 454.62742896302865 941.3134616786351 471.1652737810791 0.11755220592021942
534.550942239794 444.9408912567356 539.7188790892579 451.64553299507793 0.11706870794296265
232.76297162017718 351.3479776426863 243.1215969737267 363.9700465826416 0.11566577106714249
832.8246369025853 500.0104344881948 875.5721042803355 546.3717212798932 0.11439207941293716
256.23747143057983 360.186314333845 266.6041246900002 372.0031961709332 0.11420919001102448
696.1632966037746 505.5747691684784 737.6656394992503 549.7017310222707 0.11360124498605728
533.4403783322869 429.2081632681098 563.41891598152 468.4166182802119 0.11216461658477783
846.2384443670029 495.6769103350889 857.051341454863 508.42118638465166 0.1111411601305008
515.3622700213698 453.6702969400183 530.8049937560751 475.83953575564544 0.11052701622247696
608.9637932979651 443.0466800872852 614.3457954946368 449.95588853477 0.11034554243087769
604.2320221566946 439.56368162658583 608.7364996455891 445.07413235575126 0.11028296500444412
104.7513949278316 329.8500478970249 151.277005106029 381.2738371890263 0.10984659940004349
673.0083146229206 446.38361290878385 696.2253544129487 472.06339301871594 0.10979611426591873
617.0636829351172 443.6833707272976 632.839740156561 463.20349331430424 0.10964368283748627
633.1832155206517 444.1253945078933 652.5439644362702 468.49606733145976 0.10918916761875153
766.0228791206157 564.0380150326231 786.948224344557 585.7634153538869 0.1088930144906044
216.32994831022853 310.08295876826605 254.3537875905875 358.78072426346773 0.10854104161262512
525.5376963707814 431.80875327536114 536.3662370621294 445.69110078173895 0.10851562023162842
113.33993416481067 594.5412525858349 226.54471243650028 707.9905131901771 0.10847166925668716
527.7600182084998 452.5985222513435 535.4284214808511 462.9138403831233 0.10802065581083298
554.1887489212278 456.7763842125612 593.2876817224618 510.5290915359292 0.10761016607284546
518.7041167617739 452.781469956076 555.4944374706528 500.95157193659526 0.1075131818652153
595.9881821435882 428.91003997283144 602.2328004217816 436.5988943375548 0.10749863088130951
597.3597400612587 438.11980552417543 602.1210628115514 444.1328315022315 0.10724733769893646
866.027688115962 482.7409889245318 887.2687077830567 501.4558408676159 0.10648655146360397
115.1972495011296 351.4070396191898 127.28490636305541 366.27620537800334 0.10632458329200745
470.96005564543844 425.0275399132227 516.1097553480757 483.53082958941116 0.10620013624429703
656.5766893022534 475.3084603956574 692.6863408948908 517.1527566213387 0.1060929074883461
507.9626868915472 433.45373346494745 522.0596615852799 451.11861551048105 0.10587496310472488
725.7211361800115 464.978435381717 742.8394900332419 481.81953041410185 0.10556939244270325
628.9257404364201 431.35751305926277 647.7633721466012 455.85211658700354 0.10533159971237183
804.5644432186401 488.8032144427518 813.4805002273011 499.39238672494474 0.10507060587406158
224.73453492181994 339.7276791943207 251.0935588801162 371.66635889864415 0.10446655005216599
581.5633756257523 414.79413772544274 600.6512959514331 439.61606139660205 0.10423272848129272
565.0571830780086 423.58311550053094 579.3869216250562 442.4788932052571 0.10417374223470688
250.4389732474888 335.9475759448745 271.1663436566547 361.7403861413158 0.1041637733578682
647.0163575818724 469.8994080458032 666.3384195246028 491.8570711670836 0.10411965847015381
559.5466118509295 428.18226181915594 565.6728746465946 435.6483056401139 0.10399263352155685
613.5137105716734 450.2947932698161 619.2710962586498 457.8579968036403 0.103840172290802
602.1052414416712 445.265334457493 608.936194264185 453.72959495641203 0.1036737859249115
811.5698267322537 453.0231771401888 828.7128616456762 464.66620619897276 0.10359281301498413
710.1174552557052 468.045121956504 726.1940165790522 486.0796281635454 0.10357427597045898
810.3194861486339 459.6497419476582 846.8844668530186 483.0943459535228 0.10344349592924118
668.2399041019203 464.6012478773 687.359737052655 487.44326914462073 0.10334901511669159
521.6780918008039 443.59949903967123 529.3826601737571 453.28162536500145 0.10307290405035019
186.49923263603628 463.5882791034136 238.12307524088894 499.1894923568848 0.10279269516468048
419.87201885484086 432.37796774856594 461.76007701999424 480.96994139802445 0.10274668782949448
774.4169298912642 469.1176259121664 791.2799579429831 488.2382173961868 0.10273241251707077
855.0515410469819 499.3029164283034 900.2293558361662 553.8445849510499 0.10258211195468903
695.995285331858 491.5091447429583 716.734461769118 513.8427718272418 0.10248109698295593
601.3610119095819 437.01857044779655 605.2411678911773 442.23981101965126 0.10226394236087799
844.770706204003 514.1233122363543 855.5801168811645 527.1170120713086 0.10224599391222
763.7112344431062 491.70547226515646 801.2562087458298 533.2648166161764 0.10220833867788315
512.8946567165679 409.7031082191794 531.2657215784928 433.48919806920634 0.10176270455121994
506.51505426198804 447.12272929642006 515.0307263017826 458.5044517506507 0.10152087360620499
826.3584239577758 481.8105247335653 844.2701953426428 491.62542792007207 0.10138235986232758
748.3399133875214 464.1949210011297 778.7915637467142 494.30292462370574 0.10137943923473358
831.8369707122903 451.7637984465686 855.9919181480396 466.52189675653864 0.1013629287481308
215.3546736123659 462.5699127714266 318.4285854820349 538.8856977599149 0.10127460956573486
881.6247547203501 476.4787110428684 916.573569432492 514.262073946006 0.10122422128915787
588.0318390099196 451.1672372808231 598.2686246466783 464.109326246344 0.10105489939451218
678.082684576805 489.9132822681599 693.3048608229584 508.57121243775407 0.10101059824228287
493.42759567694446 439.61380938061467 498.9415047757408 446.8956420957151 0.10093160718679428
681.9888592220597 38.277257966912025 764.8348112684276 129.6793093173497 0.10088033229112625
732.594634252786 439.4120972603449 759.456709227791 464.48039426070136 0.10062266886234283
541.6017548050462 433.04480467126064 549.8715353423596 443.56192780619 0.10055505484342575
570.7359658116457 493.322173493529 604.2241936025733 537.791705040745 0.10050584375858307
156.67410035475456 484.9539455456869 200.94784726723236 522.6256824679616 0.10041429102420807
134.34057429583092 548.3184245113836 247.50777777296793 622.4963180841701 0.10033512860536575
586.7852359783071 434.1343735450965 594.589451533918 443.51687779836595 0.10019310563802719
787.6376595958563 449.7248821903236 812.0179730509822 469.70534617865843 0.09998232126235962
615.9304400348992 434.99963174750417 622.1936849394501 442.87928665052954 0.09962673485279083
548.2939294029935 387.00804551532457 580.1394836149312 425.59392328857945 0.09928866475820541
602.2651961754888 431.0507617186398 606.3071793151715 436.27242001294957 0.09924311935901642
635.970972076562 462.59750819743533 653.1935982844051 483.812486401202 0.09921034425497055
610.2818981978006 437.13523899850765 614.6872091306236 442.6045905277458 0.09895236045122147
477.87893321116206 436.1132513503251 487.0482625140082 447.5564909082428 0.09895219653844833
531.8465500635411 404.0285605535609 541.2880977269317 416.1928486642445 0.09894977509975433
600.4678997373994 427.113050988396 617.2988970679729 447.93335657204943 0.098765529692173
120.97276049950453 453.3410028019285 146.00989608165392 484.66899733154435 0.09859880059957504
542.049128066127 445.3644423830264 549.3688173926998 454.67033061067303 0.09859053045511246
606.0227923073605 430.0189531461725 610.7491115572279 436.03149292836844 0.0983932614326477
599.8024685112902 481.0478463412758 643.7399316808919 540.0189263013137 0.09836331754922867
273.18835247499317 382.8927767969802 310.80425327703017 422.050361710618 0.0981806218624115
646.883938627483 430.2059221251181 662.146881506872 449.1683407292176 0.09812343120574951
591.7778184493412 434.3597838679994 596.3219380278659 440.00660773460726 0.09805621951818466
172.73565331007924 406.5770964481665 258.6368683411252 479.1314638444025 0.09786049276590347
616.7457588606052 463.111754854859 630.1191730330843 480.69029904524484 0.097723089158535
595.7994597592973 447.23553583728983 603.5755059267349 456.70857603520733 0.0976235568523407
218.86887268211953 355.339358509446 229.53412189257085 369.4164545786063 0.09755846858024597
727.2000771165282 503.2839692567596 769.1791464109723 548.7552505256884 0.0973302498459816
496.410456470063 447.29217357132217 505.86239611201484 460.81820995378456 0.09713967144489288
588.235762256455 397.50751263510904 616.1267878608393 435.4319760309997 0.0967584177851677
477.6809151482169 425.010185684814 487.40877550644166 437.1892696029433 0.09672599285840988
8.53004203309726 354.19043989291 13.14196520980125 359.48938321892234 0.09671356528997421
574.8368639621784 433.0865177570167 588.5511252584142 449.6233405120228 0.0966995432972908
175.3712631056553 353.05821760838205 197.23035898214758 379.42413011327494 0.09663806110620499
680.8255893480472 426.8449681754536 698.8094278534878 446.7859020469761 0.09630335122346878
686.4427149686303 471.64274070768823 705.5511221130685 492.02807754560865 0.09595177322626114
395.857015808694 373.68881165767357 399.05973400109656 377.9040124546719 0.09591688215732574
470.5384659755431 386.85181345732553 482.3386874170043 399.77699740730594 0.09570927172899246
532.2382101914085 460.12146788981426 540.1280944798569 470.7732917304931 0.09536443650722504
271.55630837616053 194.19066926701439 306.9555538644526 254.8096759372641 0.09510968625545502
137.4464920996406 437.2199346894345 211.0941802743632 494.9655550258317 0.09510945528745651
543.0827306492303 452.38145436262306 551.59872555484 463.64795318522073 0.0950893834233284
538.1116517259625 418.67615793951643 555.6576625121792 440.86505176876864 0.09499187767505646
139.42954456658973 360.3758657925481 173.84323756802988 397.7570845442204 0.09491454809904099
632.4251690870603 504.346294661025 681.5721227934805 564.8451787554219 0.09489617496728897
81.13242976158303 515.2635582025912 155.83647574291248 580.3387661073446 0.09479906409978867
470.1526167246906 436.809163182029 476.61192189036797 445.1599501907656 0.09477150440216064
800.6484021016793 450.89955824223347 811.8253812502713 461.2815380028977 0.0947352722287178
562.9598409896847 503.7950675785717 578.206009181537 523.0905076305131 0.09471011161804199
777.4657114172143 545.0703763209216 826.3931635330185 600.1640914689883 0.09450814127922058
526.5480507141039 396.22006701880105 550.8979688880536 427.7975815588707 0.09443901479244232
677.8988815948247 529.5329442583818 722.2093733953353 575.8037719939081 0.09431449323892593
481.6004957376782 406.95794206426797 500.59432200860135 432.60523056736815 0.09430697560310364
593.9990179376219 449.67884000058723 611.7961901130546 471.6764198190714 0.09424062073230743
615.8189715162557 441.57065427195425 622.217565897992 449.1432280814245 0.09423128515481949
505.8179214351027 459.33400752960966 516.3832044619264 473.72707398891447 0.09406445175409317
959.7502827383374 449.5624578478336 964.8449362475288 455.9464847500629 0.09401759505271912
579.6747569926715 499.40505045132124 584.4491410357524 505.86211054369534 0.09396860003471375
542.6505330333323 467.35771889849735 560.7807027122533 492.1016663122377 0.09395800530910492
621.0604047237468 451.1603724018541 627.0786804133357 458.3493796538921 0.09393574297428131
841.4881063467332 485.1718919170742 854.0621255145068 495.56041096834366 0.09388411045074463
467.3721183868683 418.3341772022658 478.7031644282895 434.6386324838925 0.09379762411117554
552.0757271157836 436.05202338659564 560.4633516796393 446.19446314903956 0.09370987117290497
559.35488576282 435.3928434519789 570.9223742540061 449.8509327220981 0.0936947837471962
686.7175664708178 431.80382721959467 707.5006606911572 455.4094068626062 0.09355007112026215
598.7707279557088 348.0690619253169 604.7036705787929 355.86478127290366 0.09353026002645493
527.3068799663598 466.21236236598213 536.120962028943 477.85127849194276 0.09344252198934555
535.7604620421234 436.9851491897645 543.0788760630577 446.8946417462515 0.09338613599538803
139.55827737638995 307.98354387874434 163.6867654454054 337.17292643208634 0.09337890893220901
56.587480327806766 609.9733814376042 151.29832377234504 708.7959701567544 0.09331213682889938
265.85415252994284 356.03421111376616 271.6709305751881 362.91933904338697 0.0931389257311821
925.5343552050624 466.03143910866726 955.4399259478098 502.27026088316353 0.09312475472688675
658.9178391773809 425.412652108753 684.4779027788669 456.28905954132097 0.09301760792732239
902.0873854124649 433.3587033640384 925.3640062558167 460.351617824317 0.09300421178340912
585.1873904132043 342.09231535570746 590.4006102537609 347.88248777733554 0.09299145638942719
479.83597803945645 446.16522994476793 488.82572118603923 458.779623593585 0.09298434853553772
711.8506703553865 446.2515841816057 731.9983993597642 466.25155637877873 0.09291873872280121
599.945463583045 471.53433541950807 615.869627237755 492.45047668367846 0.09282466024160385
799.600190679584 499.88305681093544 813.2841403280971 517.0648568939903 0.0928221195936203
766.1419584780014 455.3369466091445 788.9379622427372 476.2456340655515 0.09277138113975525
247.6008932369873 345.7676271280926 253.79758629798857 353.83437960180277 0.09275330603122711
845.5921929708816 464.99590525679974 871.8494214021006 485.63660737847624 0.0927073061466217
417.52209122804067 369.58514017220733 422.81341824175814 376.24181245184093 0.09263868629932404
612.8163714393461 417.1717658633648 635.3152426788724 446.26828887302713 0.09259448200464249
102.68877616900178 411.42734007732304 159.71486230030123 463.3846402083369 0.09256954491138458
856.6896780737153 495.2139733829749 869.9718580390426 509.95954287905096 0.09250566363334656
183.7889131290579 308.37820408626936 204.5918910207988 335.8958159456721 0.09250349551439285
278.2180832670319 306.2430128205892 314.7652632016079 351.56115281074995 0.09219322353601456
875.4558497577013 442.31187092777185 929.1339270593306 499.6193879530938 0.09217161685228348
234.53488549103525 338.5303198678568 241.77748448917953 347.55760567101186 0.0919969230890274
509.7419158242131 397.5445221883574 525.6251249917863 418.5333759287927 0.09191285818815231
272.97977858609187 343.4431278652594 287.19954036870547 360.8712403128298 0.09187968820333481
249.54466379609158 407.40806372252536 261.0693627960717 420.9793007174931 0.09186647832393646
150.3213542945403 348.4408587494399 167.5613542938194 369.0979377217449 0.09156308323144913
874.2381261146554 498.7055815304647 885.7301683233259 510.8082452930664 0.09154408425092697
308.8060693628625 339.9858604723516 351.9438244543637 391.01084140071794 0.09143535047769547
945.0507266947708 440.9856286604641 959.6768340610494 460.47394374468763 0.09139527380466461
294.3780601648051 330.6183387145666 306.3887472028303 345.26515741162876 0.09135296940803528
580.7686146221641 507.04054520734235 587.2690617829106 515.862267183093 0.09133980423212051
266.1937422553667 356.64419100019666 279.52229677905564 372.76902535361097 0.09129729121923447
617.6758263325061 429.44581959001806 622.5023948931866 435.62437948136045 0.09124394506216049
190.6483898971442 335.0662997885872 222.97987652268603 375.0947205590517 0.09123994410037994
97.5948898276601 345.7979254166093 114.57559756028246 365.31490056263533 0.09122571349143982
842.4428534824207 452.3674131957853 867.7286628191753 470.3259952003375 0.09120867401361465
929.275649354371 414.9115339546298 941.1066713327607 428.22419892895374 0.09118971228599548
566.9811093985022 429.51781365171104 572.315444751451 436.1755108846919 0.09115835279226303
593.4142561102803 395.77713573931754 608.2227206049145 416.1579907707824 0.09112539887428284
307.91889641684855 353.4476071442539 316.9645764605798 363.4811141654932 0.09110024571418762
157.4487587917349 352.1489748516992 222.7557497364298 418.8700535785678 0.09102441370487213
817.1282817681239 498.58852470200014 831.611613628681 511.4836840927485 0.09095414727926254
232.87509463041042 429.6856715760576 279.2656634644919 467.52592629939164 0.09089521318674088
571.9470885600738 448.7348268043644 587.013917759665 468.9465538875066 0.090891532599926
574.030938100816 406.01409094897235 580.7227216273429 414.8198622885768 0.09088563919067383
217.14749848431097 602.6923258495295 318.21821719081925 706.9197338183521 0.09086118638515472
506.8528582572957 439.3437954936165 544.8669150809542 489.5662801593588 0.09085287153720856
146.06759701000948 405.4093242113163 188.80220044695213 442.9048924638358 0.09074241667985916
191.3472123547671 457.02150379411904 213.2107783470548 474.36242134684505 0.09058842808008194
495.08474357826213 400.26160367451985 512.2307118150335 423.17442220825274 0.0904984250664711
157.46486208572867 306.56056882678314 164.51324467926162 315.1459968570997 0.09046579897403717
648.9290145682712 401.80856970623324 678.0071535647279 439.7408731323756 0.0903717502951622
232.4436661002682 261.9058993061379 274.1498670165818 316.1343460881917 0.09034211188554764
542.0749817628744 391.157680743287 554.9551627732001 405.9417338754161 0.09031271934509277
428.72582210680196 390.23977840376585 442.08803166810304 409.08765730742306 0.09030365198850632
227.8064376763201 359.56234195063587 235.38015333230402 370.0107811497395 0.09021483361721039
961.6180024715273 440.9441275156553 967.5785550138493 448.350514031486 0.09015551954507828
890.3288945077818 500.48824200097283 955.4243040030324 582.2882392409905 0.09010706841945648
1010.0686193518478 449.88368203522015 1030.2881133484389 485.547229262426 0.09001382440328598
290.496860107676 357.4213828544585 305.84048490235676 377.7602551630209 0.08997724205255508
240.78259662157006 354.7298568078514 250.09061174955116 365.7185494019766 0.0899721086025238
536.8418180904431 465.0758428257935 547.6688961380612 479.7287101876107 0.08991767466068268
24.116404138021153 193.99235759420043 93.72708181760952 268.37272170979793 0.08991537988185883
561.618083507801 403.2781238997433 587.3817096470422 437.75057271508655 0.08984104543924332
607.9052577186263 395.7939398024347 626.6629174164681 421.5922275780328 0.08981485664844513
539.060781487768 442.4195933071774 545.1347128704084 449.8907248511038 0.0898030549287796
313.4103061056637 337.3523259743771 325.00789600009966 351.14192934409215 0.08979148417711258
592.9908747845845 429.498883905774 596.9533938286295 434.4751916055395 0.08978616446256638
588.9593735844463 460.22380072497555 608.1882248451793 484.7810025597735 0.08978540450334549
982.9063027720414 451.98906966624395 988.8579939118897 459.929558511992 0.08975318819284439
316.7602360175168 353.765305968847 328.2232409322302 367.3572223558428 0.0896519273519516
765.5207211268893 523.0301362928094 799.7514174614569 562.1410225238452 0.08964790403842926
256.23992205051053 369.2514596933947 275.459360626698 391.6229391741517 0.08955258131027222
756.9934279458834 579.7138187069368 772.5381220580553 598.5873350699167 0.08946543186903
724.3901141775017 540.4809506860015 772.356630820936 595.493503747466 0.089361272752285
289.1647386621 341.5586245977399 299.75682276244424 355.4935693714525 0.08933998644351959
514.716516018581 464.0981635866513 520.2587036371249 471.79817354217033 0.08933791518211365
167.8204134279965 383.8337163164515 202.64893213983075 420.477660694752 0.08933628350496292
751.2637154802544 436.66196288960543 773.8049248525673 455.85753652721644 0.08930685371160507
603.169214878963 426.84697654269655 607.9319605105538 433.0394543890741 0.08918208628892899
115.45973114292099 301.0192626216347 142.44284986062797 330.4409781817094 0.08916326612234116
914.3269654863402 481.6909708883413 932.3539455584203 504.06667384891745 0.08909859508275986
478.54977176900246 470.8227390521921 513.2621835766067 509.4490870053324 0.08909110724925995
487.59760278325905 451.9224621574156 496.6135802613031 465.32246065340644 0.08892547339200974
272.5385111411046 463.0961776456023 324.96389474126545 505.4820946743822 0.08891923725605011
559.5241190664556 403.59810925333187 565.6182382886038 411.00089043121454 0.08876292407512665
183.23270209486674 346.8188496204638 201.6256587447821 368.77947894357555 0.0887010395526886
635.8305507726848 419.9013002623953 649.231061641196 436.2595478396215 0.08862791955471039
280.793993675191 333.3581025033446 292.36089138934636 348.6699912509906 0.08859356492757797
410.1511704261654 374.5796394532324 413.520611065981 378.9029008759579 0.08858446776866913
569.7354725986354 501.6504211377648 574.5710437320145 507.1768205154846 0.08853019028902054
521.2934050778277 451.20919369129774 527.4038420536612 459.40470713368285 0.08845153450965881
618.0979401640051 470.8506224621051 641.6668616662816 503.82560431684044 0.08844831585884094
285.4023288603572 350.2939999110434 295.73958903495543 363.77627868121704 0.08837684243917465
525.7415507608133 421.6567022486255 534.658022599837 433.2379961254716 0.08826936036348343
494.69378843701696 485.4873347258922 543.263362758965 537.9742049703957 0.08818166702985764
899.7177770267358 521.9649254863058 906.5401419624857 531.768733644337 0.08814457803964615
869.182265211276 444.11323466076493 894.3627990743868 468.54069646632956 0.0880822017788887
864.8441076480651 507.25738430186226 875.8849804120634 521.8491365911891 0.08806279301643372
204.68423706803102 501.02338732124946 291.66205437547177 576.3884026101906 0.08787250518798828
598.1315619133942 429.22337303460085 601.7410586350849 434.0821372602222 0.08785243332386017
695.608602858301 481.7787158657575 708.2071807130336 494.91293763919333 0.08784733712673187
583.9405661491621 425.09977112102257 588.3005164638645 431.04907114141224 0.08784110844135284
704.4172782685628 474.0329871152407 714.2779578667108 486.11948390914137 0.08772720396518707
93.2132329358127 311.4079964121339 139.2218218251379 358.27963164412114 0.08768834173679352
965.7960831632737 445.4715971432912 972.0258349433799 453.27729305964453 0.08764457702636719
313.7529109397558 393.5471936019641 386.17764839767676 467.2990757224753 0.08764281123876572
248.22348416920298 387.11156374647464 325.68304064191415 453.1820621008254 0.08758693188428879
833.8365149633297 495.8942718762194 847.2657873918077 509.3058154694059 0.087580606341362
210.68824104806632 190.57742752228353 253.17074103246648 256.0989052447853 0.08745874464511871
498.55202601501696 430.39695554034176 509.86514770087035 445.11640788139925 0.08721628785133362
952.5817519302487 420.93569158023394 1001.1967925995975 483.97319268699465 0.08720526099205017
441.32986858711706 371.34442016812415 446.5610400505728 378.1517183123612 0.08710397034883499
495.66696203626447 412.0315658498604 519.8735200222892 442.9519427867631 0.08694082498550415
703.1343762188221 445.318375366139 743.0207770699251 488.2772371803571 0.08692102134227753
-62.5528906568342 566.7092134992034 125.0990775880649 781.3891454207409 0.08677313476800919
300.429014931536 362.59698287431354 310.7698926511451 375.6032011330566 0.08675604313611984
252.41391982085582 356.4210809412426 259.4981603775997 365.28671324981815 0.08656217157840729
827.9043055060159 543.7090036839425 860.5718830575784 586.5174669479917 0.08640529960393906
179.3435151888376 429.9352136262686 215.43143747697846 460.92146262802805 0.08637238293886185
480.53819269540725 382.6103651889292 500.25890077760715 406.5756065400184 0.08633818477392197
83.01170493731406 464.71327708712926 154.53145759019807 532.3094047833916 0.08631892502307892
554.2131507986228 404.31757023540627 560.052927455983 411.6155119019512 0.08631179481744766
588.196740388092 430.2412576797342 592.519588984311 435.60962609295666 0.0862448513507843
627.495814944111 442.21761938888454 633.0450502460787 448.7824300770088 0.08616650849580765
216.04684631795763 156.32205534134266 253.51191271910622 211.82533405754154 0.08615700900554657
609.0619217753411 435.17444874741517 613.2444027751012 440.3842086516486 0.08614269644021988
622.2122587849613 546.1059186321761 682.6792242105178 610.3673901469656 0.08600001037120819
591.5989411969524 337.3225059261105 596.4644870475882 342.9238682922565 0.08593595772981644
848.5770411348071 484.0177289612907 865.1543864690698 499.3064515060322 0.08590022474527359
855.0429988422094 599.0332642521698 872.0263108127933 623.3862571923895 0.08567669242620468
205.126026857703 369.2784235063704 231.76810941203507 400.77007128106567 0.08531716465950012
555.1417281065909 434.03003825775016 560.1561846553158 440.2787790580973 0.08491093665361404
593.2563520928643 425.0869941159386 597.6791230810861 430.72448662822706 0.08444194495677948
201.54287503112815 354.51698470195953 213.33605480065003 369.94948792058443 0.0844060406088829
277.4524620270621 353.429366829353 286.46920661810094 365.11198173135404 0.08432723581790924
201.1075409035562 23.11051251942421 290.7032718458958 126.11493951336985 0.08430679142475128
709.7925185843482 420.8339149657862 734.6391468199272 447.3742095296672 0.08379384130239487
135.05157182441565 355.45101440517755 147.16122888980902 368.99395301892207 0.083768330514431
910.9870776046574 443.1764392169465 915.5966065443372 448.83151405663733 0.08372309803962708
905.1580737486778 417.9872991383362 953.2455038180879 471.7061686137925 0.08370336890220642
109.9212325351163 433.9001144830396 143.46195684497383 460.11171534362376 0.08360398560762405
441.7702897439586 359.67188974676225 445.3958818103718 364.4387269712675 0.08360060304403305
422.2233451560634 365.6623876864924 426.9046668092814 371.66310510624146 0.08355724811553955
240.17163629549697 362.54261197747354 254.06451756147086 379.0799463360323 0.08346470445394516
504.19921913967227 377.1291338162725 532.3206886090201 410.5912986831778 0.08331117779016495
580.6755342831186 427.79070769126685 584.930383336774 433.66349608602167 0.08311852067708969
977.1621126255378 435.6560603187715 985.6211411677504 446.12073171268065 0.08309505879878998
586.4596097498767 426.1028940324862 591.3278177647593 432.3312553938203 0.08281238377094269
588.0627366847098 438.95508004822045 598.990139540522 452.59760843912454 0.08275286853313446
718.4710766826432 573.3511942414137 774.8239471611565 634.807796214167 0.082482248544693
854.2192840247893 511.5917581201117 866.2887785656827 526.5302830677003 0.08246927708387375
425.6206847235374 369.3171557104184 431.17104336096634 376.26475686699547 0.08218637108802795
160.64139418827386 326.8207053273852 184.11657658748703 357.06771618818016 0.08211137354373932
549.8694049187754 406.9452229189159 554.0957172156337 412.1350534140558 0.08209843188524246
462.31614636680206 375.03756794920673 465.96119151272126 379.77625813151695 0.08194724470376968
214.27218795522575 372.5975626727921 255.65436286682404 419.2958267441367 0.08187621086835861
145.69982053434913 366.4648580132004 160.85665745746925 383.98118902397664 0.08142001926898956
563.6103373199775 439.6567354695371 569.952263460376 447.51428162217155 0.08140956610441208
538.5123761188928 415.9160525392876 544.5558989970489 423.67398585870995 0.08133062720298767
544.3480087250925 416.30314096920296 550.8054109217827 424.00997971730555 0.08127795159816742
598.3293978878202 434.1185854780744 603.4685889268526 440.76569379811485 0.08125345408916473
421.5505874791064 361.49916768770856 424.8326179649497 365.6844823078224 0.08122564107179642
622.3298622192899 394.22448215873993 645.8801183659237 426.460228084541 0.08114728331565857
411.62458825682273 384.9816221388117 415.6068723498088 389.96186646418306 0.08112774044275284
962.6356733861279 485.09798879541853 984.8504239251008 511.94918297976926 0.08110611885786057
471.97005990075286 390.6066003144763 490.96813519868084 414.26542214078864 0.08093669265508652
871.5220762573596 542.1838738696364 897.9658222799507 578.498452540035 0.08081162720918655
957.1241160152775 440.14800868141623 969.9185825012178 455.93356495252414 0.0807008296251297
164.57017283019624 346.8236001322476 180.05847299206664 365.5521861738473 0.0806562602519989
444.53259809721305 357.13919581431594 450.25965579585437 363.92563137669066 0.08052091300487518
539.4848555666324 407.2114622408496 545.3023337008314 414.7670913102621 0.08050797879695892
565.2583043135911 404.4731293500346 571.5253559512144 412.2585087445742 0.08048787713050842
397.6551099661535 371.61218952587825 402.2165648855067 377.30577503075915 0.08044380694627762
658.5130283305763 571.5438266327089 720.6773058185187 634.5491123424739 0.08040204644203186
560.137766061196 446.75755610988926 571.8439937729421 460.9924992327978 0.08038365840911865
502.623453315752 437.81145633636345 507.60501266895767 444.1931561466406 0.0803622230887413
831.1938284640228 504.3220830676769 844.1819385109471 519.4667436792103 0.08036183565855026
415.61165373225384 383.61371180499225 420.47442502774885 389.6093395918887 0.08033592998981476
242.4359772645582 330.34624154850803 255.27126858930828 347.64380370520837 0.0803091749548912
429.12830013483403 368.6830763698691 433.9494639393449 374.70297267963485 0.0802120789885521
599.9633600745725 425.1101311775258 604.8709617478601 431.5055015749253 0.08019915968179703
543.4617727755501 394.6164174498953 548.9599430369531 401.0536794325701 0.08008468151092529
519.2236978432886 457.78544747299964 526.2909020164457 467.05454732342633 0.0800754725933075
915.3981547865747 454.9430582135232 920.9520975622719 462.19096585013665 0.07994390279054642
981.6688437896211 437.9068736977931 987.9920920131167 446.26883008955053 0.07966848462820053
965.764756590477 459.91323852658985 979.8027667272189 476.7942135416095 0.07966257631778717
571.6737932404835 425.48139595983906 577.4662905654304 432.58861570989956 0.07959327846765518
91.23371333769654 374.71205938288927 141.93361770139634 424.8054768350301 0.0795086920261383
545.8319567512193 402.3370346708125 550.7281917549602 408.4229062674826 0.07946457713842392
445.82864356462477 405.72672399550225 501.5977869294925 474.6370428883926 0.07919344305992126
889.2098828076513 423.84333611335524 921.6425605488676 456.49280454697765 0.07917854189872742
347.1173616531634 531.4232263386098 594.9365731967072 792.1393274945376 0.07914333045482635
578.937601344741 417.4385796023577 586.7130082773452 428.0902942150371 0.07911054790019989
428.6396768416089 362.0199036128399 433.68743280333916 368.1888034056502 0.07903970777988434
671.2398464268863 404.38903131453884 695.4712003138319 434.3813636718803 0.07900875061750412
436.8411396043845 359.67506947578187 441.54439229309514 365.5670904845438 0.07900574803352356
254.16159259581806 166.79905867279433 305.06265257863697 248.28908615961547 0.07887519150972366
517.1341919219199 430.84003340113924 527.2436196789912 444.48631044275055 0.07885013520717621
442.94006370367003 365.73042596052954 447.76453426001314 371.91776843375783 0.07884927093982697
745.9585959710572 481.5765882901676 763.1039021707511 499.8090208716723 0.07875211536884308
242.856400724826 407.74781449084753 268.5305617617093 434.7608812368585 0.0787176862359047
445.12022930335235 469.56322464959567 501.0214462942301 530.6309084191059 0.07871688902378082
603.0165356731053 480.2756532326713 857.3798492311971 747.607657075206 0.07871377468109131
227.45501095315282 372.28405587389017 249.63356394230283 400.5700234766298 0.07870156317949295
127.5751893269319 280.40531180435437 161.66800574353942 318.8378829321203 0.07857951521873474
568.0257547760201 425.23955387338793 572.3450564481255 431.0176432084982 0.07843722403049469
256.93020650464365 301.24900568190446 291.3829078990592 343.3119791058126 0.07842656224966049
104.90961604111318 366.13552680228645 119.69697667597134 383.99796487133955 0.07841917872428894
588.2203265710656 422.6602951869564 592.737492494608 428.5057119750767 0.07840896397829056
945.4308349350578 515.4085278191177 997.1414433082739 591.4055585803331 0.07832743227481842
197.6451896962734 286.1574218585583 234.11846103069763 337.5564271441158 0.07831697911024094
240.19774420702143 338.94106829141936 248.7162364089508 350.4467216557424 0.07827939838171005
555.1553334161557 425.8631850714162 561.1434915362761 432.974518782185 0.07810525596141815
413.7962424831531 377.4889347073698 417.80645235087593 382.64489451117123 0.07795489579439163
442.1927508495996 376.75581890113847 447.8657844054675 383.8258420662672 0.07786170393228531
424.64108783967043 358.5843846737814 429.1782431402424 364.56288079969914 0.07782544195652008
299.0041984596377 349.07431884628886 500.1511986758765 557.348984284716 0.07776100188493729
413.19208032732706 383.89561656793126 456.7400352369443 441.6508850068124 0.07763928920030594
794.9380849249847 492.9091912059003 842.8952793799605 538.5956189844729 0.07760913670063019
185.07108394730074 373.4249610666663 203.17462493923568 394.85425938578715 0.0775931179523468
417.1051038373656 357.20275182979367 421.2736401986216 362.8598950307314 0.07756661623716354
611.246784665438 429.44737652177616 616.0884029279988 435.75457860971227 0.07756523787975311
222.95435649238948 481.5972037013931 258.01288405048325 506.03585337247927 0.07755731046199799
140.1300868003366 246.49134313583963 198.11939268516647 310.02632456549907 0.0774502083659172
553.4210896692385 411.32367559833045 558.8297569056158 418.37500097272067 0.07728360593318939
428.4016653936926 357.24692945478046 433.95816185691353 364.10639724170915 0.07717766612768173
839.048413201294 525.2102446827569 852.7908982556503 542.8156335373999 0.0771443322300911
479.0913812713407 391.4608956924379 485.19506567265586 399.1208899484692 0.07698600739240646
553.8888692577873 419.7944964855015 558.9422410711289 425.9948025927629 0.07695993036031723
502.1494072792266 532.2761688921323 572.4289224485103 599.9643074031426 0.07687395811080933
680.4014835590353 508.99905887943123 702.6733073886857 534.0528904577743 0.07687085121870041
302.20247524688824 334.5217591432085 310.2601278123097 344.3226973509213 0.07678089290857315
322.1060377487459 324.0505255115821 383.4817430151185 395.20411002376795 0.07665950059890747
558.0715688426366 366.9817054446333 593.3898753937551 407.92733923853257 0.07651574909687042
818.4506463919813 521.3547473707087 844.4752148266996 551.4152967532945 0.0764513611793518
403.7852495525332 371.34147351930386 408.33255233862246 377.02625121825145 0.07641661912202835
586.5848549975017 520.519727751456 635.8594036354336 580.6677052264532 0.0763917863368988
580.6922885601427 406.16900710354594 586.3335421398954 413.975810667974 0.07637965679168701
431.01606457224386 363.76317899417626 436.2283757038384 370.0359872272798 0.07626611739397049
275.25172062203967 368.08967264193575 288.826649284925 385.3687843074797 0.07625944912433624
219.13066770381567 349.10574290174077 225.5649837948684 358.39224294303216 0.07620049268007278
325.63433358825023 344.75681806523306 336.6916902443207 357.80597029501564 0.07611560821533203
433.2925135302467 360.8411937747072 437.3796556324459 366.379485662934 0.07605614513158798
436.38259053304455 365.9711352357801 442.1998682380542 373.350823302964 0.07591941207647324
457.4550504326844 361.1743175534337 461.51808796571737 366.2582177213605 0.0758802592754364
448.5341251468052 361.6183802315384 453.22803764138865 367.47481603362667 0.07587431371212006
705.8848458441526 515.5735018728926 722.131339134206 535.2797780804403 0.07577411830425262
560.7784036674215 423.4029418313627 564.9703401468864 428.5540562445988 0.07565277069807053
264.45219761790315 87.68130211065699 565.3326790401513 402.65802896586223 0.0756208673119545
144.9207066005288 506.5593176918804 199.75280200246996 555.0942504943627 0.07555727660655975
866.619135078529 577.8931497310554 895.7193249590199 613.5373974537193 0.07536260783672333
806.737630320015 539.7387876338422 824.7739359371801 560.0265873992802 0.07532297819852829
621.0266236797426 432.79716512323466 627.5951260800978 440.7862521269419 0.07526762038469315
419.4161743217817 355.9706968864804 425.5366467006397 363.4827960288049 0.07510366290807724
168.66934994591813 365.2785718185967 186.5698259568028 385.7819438396175 0.07495438307523727
566.1205744782003 414.26694688673723 572.4011690938479 422.55492997495526 0.0747455358505249
454.2250510174553 346.0050318436763 700.5582666134535 613.8584033539262 0.07471039146184921
-4.206737949716177 -4.1988216162114815 7.308851360701506 9.008420862077717 0.07458969950675964
627.369852983975 455.2540747538861 640.0513005537305 472.22307753003145 0.0745619609951973
605.2228917635281 424.40773440465614 611.7502880477967 432.62830960702496 0.07448036223649979
137.74875192127126 379.2313079221075 153.3185840665665 397.9368355475142 0.07445456832647324
446.15429776874856 368.57329428659244 451.9486499160215 375.9451692868505 0.07441215962171555
155.84436009663747 320.4377976496675 164.67902381967284 330.9619561793168 0.07416173815727234
226.96010560762824 344.7533484071611 234.92616125034067 355.32037997234136 0.07415875792503357
451.3705077748535 358.6491946328299 455.6199102662251 363.8812838388794 0.0741586834192276
760.6431522241245 502.0378818504061 779.0712509873127 524.0886269907633 0.07408613711595535
170.78580730827676 306.03079690728964 177.176413284738 314.29880725402916 0.07401218265295029
51.92921275008355 54.223387449017956 262.1147236046202 291.2548621203143 0.07397683709859848
568.7404890932173 418.16001977816944 575.7122679729924 427.3272777365027 0.07395074516534805
437.4082471788732 355.7700774149363 442.95176176864106 362.5546182855589 0.07391753792762756
228.2403609444453 397.4202117527875 250.5740347495726 423.7955627629882 0.07384311407804489
124.45419764510979 367.7883298180645 135.98171016107813 380.594531687935 0.07375717908143997
564.4311936690241 426.933508312259 571.0273275233136 434.8968563282808 0.07370728999376297
520.2008111616567 480.23708178143494 570.8795980369924 542.6382030388575 0.0736033245921135
209.70203328862075 343.2716960987109 216.77326691118733 352.45255590025107 0.07335297018289566
132.14378220413192 304.76264929765614 140.83052524286566 315.5241699473027 0.07328912615776062
198.82682332601698 516.7207978890011 252.30068769254342 560.1662750365792 0.07304666936397552
921.5899884797554 533.4005331166373 1158.4128280638001 803.3172444423927 0.07300898432731628
118.4323898028911 376.8404719358647 133.06166339367172 394.6813150197081 0.0728471428155899
618.7088316882056 439.4484846948292 627.734856280633 451.39953410075236 0.07266809791326523
798.7374223475341 368.1603508740465 1220.0944327924426 868.5622616314055 0.07207083702087402
283.7740388317477 448.6735025108906 336.6122895549621 486.27846137985466 0.07199711352586746
588.4593024808007 407.53057157436814 595.1209134659765 415.8967070118741 0.07194758206605911
126.94071131847267 350.3183082800772 135.8114445225393 361.6561062573021 0.07188411802053452
136.8533038373559 368.958877324026 147.15344596955637 381.2446201521387 0.0718296468257904
154.8461894648323 331.6639792295468 163.21225855733934 341.94999130298334 0.071694016456604
273.0246145551008 105.32126687306425 289.3537544927499 130.58328560926603 0.07166555523872375
646.2786376046683 436.86020474050974 695.3616966052583 491.09355678814677 0.07090002298355103
266.0048920804274 382.8359953043426 284.57583699990295 404.6829483433363 0.07086464017629623
432.24274216286324 354.79311420769744 438.29352766901764 362.29319471681504 0.07081180810928345
141.4462582731543 335.55389310397163 154.97362916501373 352.08670281913965 0.0707915723323822
250.36773007485408 395.95546884093477 259.5098529927496 407.16245466316605 0.07060308009386063
756.2620855152694 466.8477689436434 794.6303000262109 503.2947666459262 0.07038469612598419
995.9074608636548 448.46185987445637 1002.3163449383177 457.74541403594975 0.07030948996543884
282.2364721388921 359.82874466480257 293.78954434925095 374.49356951837046 0.07029940187931061
457.3451621936953 357.93359920869455 462.6863988816474 364.2336765098292 0.07025279849767685
777.699828016581 97.93426620387001 1013.1010013294384 359.0845037855894 0.07021702080965042
235.4274067636794 329.6461863746267 242.7816160573078 339.4113122735003 0.06986631453037262
-4.987433787986593 330.2157096309762 31.886375748568444 377.0356480907289 0.06983813643455505
269.16483613949043 407.58644758719157 274.68002962605374 414.37073120572 0.06979692727327347
772.5374856145096 429.1875002122867 820.1522799763586 473.34530202791655 0.0693385973572731
594.1946989618643 407.1621643866909 600.1728798590137 415.2051778423 0.06929183006286621
589.3789593330148 428.8005474840086 632.5178111698741 483.1835644694915 0.06917326152324677
714.7378931663553 402.095882549851 751.5159317734667 443.11125052106684 0.06882080435752869
597.2241052915241 407.66751239073056 603.8140479120888 416.390655929999 0.06880884617567062
546.0606583764273 396.89518377402146 594.303562736544 455.35352408998295 0.06875766813755035
164.21006373801956 302.97417494323724 171.1445915960392 311.68108039128333 0.0683995708823204
441.9598978972576 351.77937778654154 447.83943695353906 358.77089808670223 0.06835412979125977
455.0150265810505 368.97678364382926 460.1011851596768 375.6869088265694 0.06828294694423676
450.13826913653844 353.7160856084621 455.6980457316297 360.3613079613815 0.0682009682059288
732.799526537136 429.9100482925938 779.1221230642275 473.9080973600099 0.0681992769241333
559.0964890059944 411.7711253151323 565.1127487334472 419.7733310193969 0.06786266714334488
417.34947712973354 364.343078912753 422.44101122000137 370.8277247381382 0.06754939258098602
86.73540283814155 326.34588253708387 209.85564045145063 444.39514244328353 0.06753858923912048
624.1721521307846 176.2919618706865 840.4869695105882 402.8696557553819 0.06747236847877502
834.803199251889 336.04732696838533 1041.5932356501123 571.5825939849068 0.06745216250419617
546.3005259302806 439.3539809671499 555.0106562041118 449.62782627111636 0.06736563891172409
423.5029323928818 354.6921204205099 430.1618982257564 362.76782018200964 0.06731027364730835
76.66406191065502 412.2455355699501 120.71339400830561 448.5977938504654 0.06727249175310135
497.04929281853936 414.4138954564259 502.9769467468039 422.2653963107616 0.0672517642378807
684.4735437498842 455.6964535040701 694.3258583852277 466.980075487441 0.06722712516784668
226.91547640402734 336.14663761485974 234.71519471678482 346.2129466686482 0.06719199568033218
850.4590562515658 593.620836854614 877.0551032303666 629.674457975561 0.06715400516986847
532.008027489127 414.45594327689963 541.0898061646825 425.6741331962732 0.06681989133358002
686.3948836285504 555.5797073047084 736.455932059671 610.6913606628261 0.0667625293135643
436.05319014191093 375.8663310239966 442.5971110573639 384.4372513013147 0.06672145426273346
30.555853252866545 283.66507015073523 105.52643582678799 369.2505687418273 0.06670507788658142
650.9855378596682 430.5145496580176 658.408175191931 439.4562183610545 0.06670457869768143
164.5207874772848 319.7809581157722 172.72524872639002 330.12612435159673 0.0666910707950592
407.78989191492775 380.16140292181814 413.1831245257362 386.7243335571461 0.06667862832546234
885.5989963374245 -119.39478370320373 1238.1096348501758 273.8401958195443 0.06667641550302505
259.9579443630758 394.7314104479149 272.12364955911323 408.89622585942834 0.06656569242477417
143.32010365759817 350.4234832543809 153.22763832266506 362.25666697013475 0.0665527880191803
563.614431132782 434.6537131352222 570.9840515863373 443.34785654147294 0.06652498245239258
152.61183214274288 338.36792573059114 159.8399363860347 347.30450262633775 0.06649373471736908
246.5601916641993 432.704565616502 262.2026893045598 448.6319304635113 0.06633933633565903
85.65034543531826 367.3234710694848 104.25045944696687 386.0313117438546 0.06609974801540375
650.1554438219308 363.04563082170586 690.4643882637205 406.8154667400151 0.06599605083465576
71.76934177267157 267.20375167075184 120.03581512206142 318.20843933970434 0.06586409360170364
445.71418622935454 375.7742628320347 452.72871897398124 385.12196372461267 0.06498949974775314
220.659246786084 342.11142554860515 228.35029992676607 352.0004179559135 0.06487561762332916
610.6087945532043 400.8349540882841 651.9676489079924 460.2821196081518 0.0647430494427681
550.65852297468 456.4510832040392 559.6494941806776 470.264656006436 0.06471709161996841
272.5178046495779 352.5097914930179 278.63824014634366 360.43384257383866 0.06450967490673065
843.669582845101 507.0768959180271 944.7746551830077 631.0712242608846 0.06438536942005157
450.35661778856155 367.08815878755695 456.64958374984246 375.3939737999756 0.06433817744255066
392.6583470987719 385.7390452000233 398.5929944230071 392.6865555451348 0.06410490721464157
934.7769312565721 -69.31626300217877 1144.8846584496162 162.942647907823 0.06392207741737366
213.41392194128215 333.89184661099904 219.39471252129573 342.06778109373795 0.06373727321624756
411.7734944889285 346.9579712727118 417.57883405426236 354.12405008487985 0.06373436003923416
439.3591771277512 379.8981942331338 445.2852424454866 387.56537433215846 0.06332685053348541
92.83836864670026 381.1872319238187 115.53727164271287 406.4342245543856 0.0631023496389389
261.53378624988335 346.7083607698518 268.6806001399169 355.542212892159 0.0629923865199089
623.1407035644464 424.4916993935353 630.5314401195193 434.7262786876293 0.06293919682502747
183.5794205936635 472.25184943470146 205.6672613761402 494.8154203928198 0.06287313252687454
992.6577978480899 462.95657953094207 1001.4689092368867 474.7986111726019 0.06285681575536728
190.75355692941164 490.16499839126755 217.40638684617107 513.5485214001405 0.06247784197330475
1009.2544533960498 409.2048628577946 1083.2695995399392 519.7131264295963 0.06235742196440697
591.6668798482028 383.1004792273681 597.0498072630326 389.2927581578942 0.0622374601662159
611.4981959439294 424.91450264379785 618.2344605744063 433.34598876108214 0.062158919870853424
434.96816967145094 343.20274219683284 869.1932321510327 835.0494705880672 0.06188612058758736
-19.411167609645858 401.4185827879415 84.49978123631806 514.392728793388 0.06108463555574417
792.3343328189131 557.6509003985129 845.5149388080971 617.049639095731 0.060927800834178925
166.2575825763691 576.4630393801893 206.0758430808034 595.9436535128369 0.060278747230768204
682.6291637934091 358.8260602654257 737.6085646722214 418.40038611030246 0.059871137142181396
225.49747214815696 310.5528569982867 342.40521385032525 427.77867618259677 0.0595986545085907
544.8188476420981 329.8032993660413 595.7584070096492 373.3219795567076 0.0592489130795002
847.9277235737906 549.7048664576965 859.1294755671447 565.7815882613853 0.058765046298503876
213.68982752286377 456.9442119605362 234.40344641095106 475.4667068043916 0.05860956013202667
76.80249338138229 37.43402906987894 88.53021974164899 49.882853531828545 0.058476246893405914
835.1371969373089 425.18110944107644 885.361215392181 476.12435395738163 0.058415062725543976
-47.78264524734637 -58.25495012372846 138.7785708536522 141.78469571556218 0.05823221430182457
951.6278786039092 583.7309662998106 973.1519918085573 614.0060209222145 0.05806108936667442
-21.453975243316783 271.6666980660898 109.9019128367942 424.6340951826985 0.05799999460577965
405.3951259686831 384.791130959542 412.0257004102651 392.6857374991252 0.05792961269617081
874.2346900463604 417.782964020484 882.150479722814 428.26047852775577 0.05761440470814705
115.23021590099971 339.3315061577599 125.90819696014837 352.37106553335923 0.05726207047700882
592.4599623066055 388.306602170881 600.4197059076712 397.82634106047954 0.05722132325172424
726.0321504777062 378.937248687705 814.6368343758966 472.2960537014196 0.05707516893744469
840.6423844855224 602.0743810833692 907.8058762601188 685.3993837256262 0.05659729987382889
604.8919307835544 407.8865012128103 615.5231610953894 422.12971539643013 0.056568387895822525
623.6942522815386 601.7823749605787 664.8577708391283 645.0991057336935 0.05655435472726822
175.71168218041274 440.03884101782995 195.81637730136046 456.77838716914374 0.05645888298749924
637.5812734672462 427.17173447955054 645.1128193240083 436.1660526833717 0.05638628825545311
404.369721477589 374.24710032414356 411.90891730085764 383.1624191876127 0.05635444447398186
83.32673395161721 50.27370469228713 101.08517229948797 69.61764666622912 0.056233108043670654
152.72536355233342 442.2023370636621 174.10224417052984 458.1701256297401 0.05598874390125275
641.7684371028728 392.3166453342961 650.2941991482226 403.97205836759815 0.05568329244852066
869.9821257504449 558.1084948475414 881.0958927794009 573.0082519650033 0.055277783423662186
8.522655606184316 -4.923271649003221 22.309201917795406 9.169329095694357 0.05519998073577881
783.0014478720384 586.349300454096 834.4752942672123 644.7338908688846 0.05501936376094818
891.7114742524927 680.8641415227847 940.5512596780272 735.0809977085692 0.054740093648433685
598.017126347823 432.22295090872984 607.8408764259688 443.949762521059 0.05462022125720978
600.9064583327206 388.05834155575263 609.0126451200052 397.82190591747496 0.05452129617333412
-19.73477302413247 -34.58176927359247 88.67652174501404 86.16245125864614 0.05418919771909714
383.9137435385267 710.743891887844 400.6985116496014 726.9346326235673 0.05348089709877968
167.08585884427768 455.7911221632263 188.17979643785705 474.50169860011425 0.05317716300487518
429.56499247882095 378.00380312212184 437.9832888711767 388.6717038621811 0.05291403457522392
671.450254249426 618.5882232356055 793.1011102566039 743.4431028101948 0.05276985466480255
128.71441512797443 52.17197956485836 139.1973893878827 64.89830190399533 0.05276808887720108
84.58290803130097 73.99695774368001 98.10943550151835 87.99757497892712 0.05242619290947914
481.48998944726736 305.9691052945967 554.1253998832951 364.1885541523183 0.05217248946428299
622.685617868835 392.176155174718 633.3571439250233 407.06201552876246 0.051414769142866135
842.7659366918175 374.8616951142385 901.9280877674831 444.06787926410465 0.051180399954319
