875.7558939774538 391.9409047773854 913.8674315652881 437.728009282968 0.9999449253082275
528.2436807162289 382.40097955801645 553.4848930147804 414.86228402537967 0.999573290348053
434.66853172785744 366.3985867252499 461.27822300277194 399.6949561714441 0.9980189800262451
486.65912201531336 407.5199509523047 496.6527004506571 420.15791315233344 0.9841997623443604
790.1386496456187 366.81493155811893 821.9726759813555 413.88038794673315 0.9798299074172974
816.0546708552354 391.4319648849814 826.7490445891111 405.9595138232635 0.4315702021121979
353.732305476133 418.259436203053 359.55977674506903 426.09138191942895 0.4135386347770691
288.88503109287996 411.04081269881885 296.5837471481625 419.8792222091372 0.32214704155921936
200.62448392085162 614.6482544370862 204.73713080170086 619.6069466245839 0.2548448145389557
333.9921966368903 412.82345385247095 337.3291726867645 417.20897584407095 0.2153884768486023
837.9878538260751 409.94095733936945 865.0560526052974 444.34221703870935 0.20935742557048798
370.6094200337492 416.5277051822465 375.6276908749392 423.0322879418979 0.1538984626531601
117.64625879693988 433.36255354100047 163.8396643890785 484.7969627400686 0.15101337432861328
234.89898769094032 421.56133635437374 240.09511301735517 427.5613723413964 0.149733304977417
703.9080184963992 399.15614540476236 709.9583298196872 407.49654536480796 0.14648093283176422
934.6613256029163 387.85970146841095 946.2465915036721 403.1425847929196 0.14099526405334473
350.72243401611007 413.182768593903 354.8712735481955 418.4446222595587 0.1392943263053894
257.43171985414875 423.97305113287905 265.44951941993367 430.8042393505164 0.13870349526405334
215.68663781842787 416.67674796088016 221.5031304244865 424.01608716760404 0.13782356679439545
198.0158897940201 551.7827285145498 244.46511329638562 595.9557708816799 0.13052336871623993
338.9635791373601 414.83994836018445 342.68233771732963 419.75676053099517 0.1301998794078827
184.88201125600767 600.6241460210814 189.39901996360646 605.854486362874 0.1296183317899704
338.815893545362 420.921056846984 342.51228538587975 425.94681296992695 0.128167524933815
192.29364225558177 607.032218455348 196.73451182427735 612.772786699752 0.12657010555267334
336.1165574659482 559.3593576014598 416.7836761476239 653.5766186745768 0.12477049976587296
371.2114920790315 412.3628313747863 375.1054542996912 417.20750479963965 0.12451151013374329
707.0017707416453 394.2146961464091 711.6812738977842 400.68910659750526 0.12372583895921707
202.6476615382713 606.1290431784289 267.4531445656927 661.9053029979862 0.12323051691055298
255.71391101765084 416.5298240774579 263.11129455621153 424.4501776830056 0.12270139157772064
257.0173156984416 462.7443191649234 277.54684463360616 484.22071621036145 0.12216072529554367
247.2444738471801 433.58321185605394 259.9006387581359 444.6866021942827 0.12203510850667953
66.9878099841674 506.5214167217069 77.82845131964773 518.5749997225943 0.12145507335662842
240.89743646104816 517.2087438760896 281.3575769107542 556.9521813861604 0.12053446471691132
684.4817136994741 385.6651159605779 690.7319237200549 393.30024341880795 0.12007850408554077
69.82039024053815 467.28521099946755 113.7246784234474 518.7975908764784 0.12001101672649384
232.27958916007802 435.44699117767794 237.5616076247709 440.95431684040665 0.11936049163341522
215.29427049734556 476.76359619895806 256.92780345531224 518.6948039564961 0.11930391192436218
248.20813109976052 411.53566330589865 251.6837561595778 415.81371690593255 0.11906110495328903
36.079334314630465 502.43121549623106 47.70293110176283 515.7946239495052 0.11884931474924088
254.12380206829096 567.1583085554885 302.1867224871837 620.1044518980608 0.1186772957444191
156.59474692905866 448.398243222816 191.8263994635967 489.6036916327966 0.11844423413276672
131.5541949477275 309.88395430927176 158.01011453928083 341.70261703275855 0.1176360622048378
266.69961013326775 414.65080641934173 274.7485767982923 423.8928022467957 0.11745084822177887
247.46618508156945 416.76211490462987 254.6679035071817 424.9469929279252 0.11733856052160263
327.36076658388856 421.6551072010556 331.5575888848098 427.0451471410452 0.11726527661085129
145.33119156184378 474.33115558003715 198.40419893225922 535.871292475834 0.11717326939105988
255.49903915272884 443.6962248266689 265.96833300433696 453.09622592020656 0.11707501113414764
4.693801854159105 474.992725699678 17.4366463996369 491.7087727151623 0.11704686284065247
295.4423467678591 411.1606157809583 302.5636612691812 419.8013777295077 0.11685574799776077
170.58542265670155 458.8458730274059 210.55756867249414 506.6738235683815 0.11660650372505188
234.20147528238567 414.71742987345516 239.53303361120248 421.1487033514212 0.11649409681558609
189.57082821983334 331.25839588851704 199.37683458714534 344.68330192091366 0.116347536444664
49.715872664860946 494.02369476650966 62.52016466640958 508.5905403690672 0.115432508289814
187.5540264344692 454.2651680685215 221.60416695979313 494.8769093565958 0.11494366079568863
234.39718645903585 426.793670851562 241.13586898078606 433.92791932311803 0.11420615762472153
231.6634639941249 421.80272353830617 236.12211128936832 426.8021589887009 0.11392154544591904
160.78404956155075 609.1920624493683 169.87036621152936 618.0285391795929 0.11380624026060104
324.99017253145666 414.78187091068355 328.87600456987826 419.67706676560493 0.11368823051452637
270.76073492949934 443.66725375372744 283.0752018163648 457.40327492295506 0.1136455312371254
235.189333006477 441.7437733295266 242.06467366971287 449.2182035987317 0.11364127695560455
719.2952786324647 404.4329352782092 728.0586597609724 416.6981473437468 0.11351143568754196
266.65096959195745 424.5467905031324 274.70867593204673 433.0746470168817 0.1132432222366333
75.07207432578605 499.7513461315271 87.66045819745881 513.4236357843066 0.11322496086359024
206.28579900922165 616.8055179785914 210.3375540800579 621.6845992964842 0.11298539489507675
281.8314630700095 418.0815185721659 289.06029928869987 426.88757976046725 0.11295650899410248
226.22186969905206 412.0426349618074 231.41314198296556 419.14084975615737 0.11294141411781311
386.7291822996335 409.21545026586176 391.18620104222373 415.0997737537405 0.11286886036396027
306.04606124940483 420.2072228083618 313.54975088244487 429.5856329713315 0.11267367750406265
248.8006535431967 426.18436658852227 256.6151775048692 433.98787463494153 0.11241322010755539
257.9690397706598 433.27103589735 269.76567756090526 444.932302468862 0.11231554299592972
227.11285008748283 428.64897499186935 233.83598584823335 435.7798654232648 0.11228494346141815
62.28890146427215 513.978120243892 89.87012092239253 544.0349698301147 0.11228484660387039
344.8420172269581 411.44156540393834 348.21398516989603 416.0446201790499 0.11224134266376495
85.65614108476551 486.3473037627016 94.41445228654604 496.4599010668569 0.11201730370521545
239.84920532140325 416.03368479099754 247.2810327331426 424.2687110140316 0.11197181791067123
285.5502405294773 394.7412751494853 299.17841538120626 412.26075986563507 0.11135324835777283
26.787740635835107 497.40321688064785 38.37032480763077 512.0562770446481 0.11058294773101807
240.458834195597 433.33643247285653 252.09922475335605 444.84894532019354 0.11058187484741211
274.2162415723148 423.33565608061645 284.3907142171629 434.8098579713078 0.11032325774431229
219.48417179506464 433.61502631045465 251.7406172805191 465.9342268265132 0.1101963222026825
205.9059658417754 493.70006374916653 262.9463808234558 557.0159227123429 0.10987620800733566
290.6961699314283 401.98794110651454 297.0260411079915 409.6456065480494 0.10967479646205902
947.2047711515651 417.19436756070667 970.9720968623277 450.0541160157115 0.10959842056035995
700.7401522970816 412.8237986040568 707.7568109455981 422.1834122534385 0.10956640541553497
266.19344426127236 432.3591592282889 275.2211627684713 441.3724558952293 0.10929764807224274
181.16937073418418 417.24190618099686 201.20633593800426 438.9011958618213 0.1091555655002594
258.68075873772096 407.96721572967226 267.47217045317984 417.9579982519674 0.10876129567623138
186.23584742661976 423.25319356203624 226.10019224802065 467.58912327271776 0.10865413397550583
329.1209623090307 411.2239112808545 332.76192190715335 416.035693182608 0.10865302383899689
367.89191236308034 412.85278298885817 371.7850178242079 417.8249040574029 0.10851868987083435
358.5753061618309 413.76589074254554 363.0857693778772 419.4048785375652 0.10795008391141891
161.53805457833496 364.1118354392364 203.84004614351142 417.5307666576702 0.10774858295917511
316.6822073846292 415.72483511659055 322.12315008357376 422.751383901805 0.10767601430416107
73.95576525525719 479.4538976473886 85.61326505553018 492.84070622629736 0.10763922333717346
374.7418554016833 411.8286263023674 378.6739526249954 416.949524105214 0.10762663930654526
321.3746333905457 414.2561645021505 324.11306533873517 417.8132019666737 0.10762045532464981
149.58647371835198 392.4807447455408 184.89820291614387 436.12189998672983 0.1075122207403183
41.124676597902265 510.9819071974117 55.794516708423735 528.3350831310956 0.10720191895961761
364.9860468485908 416.0471924502448 369.62819098512847 422.2664017290874 0.1070527732372284
382.21071172196326 410.87656877315544 386.3901835586099 416.7013045983398 0.10674882680177689
672.6682704328388 390.53587235188957 679.7175172967682 400.06948179254147 0.10672245919704437
66.6244147947725 402.49008257708374 70.99685391905771 412.4341616681033 0.10667561739683151
298.5601851625641 417.1168637195419 304.9908217442732 424.85005998650365 0.106653593480587
237.1050281499303 434.0431541668973 242.32419033827267 439.3349309549518 0.10662850737571716
248.44103731718053 447.2391962176877 259.5889023722445 458.05873498446476 0.10658334195613861
278.63359410887205 572.394021228298 290.5311973986282 586.4339463696742 0.10657798498868942
324.9351158979718 410.7294864363366 328.02308342608336 414.692567771519 0.10650449991226196
226.33483975981906 420.2315635927729 230.66534318006254 425.8492137963758 0.1064952164888382
652.3043827538229 135.19449221934772 675.3858910830173 181.20080446249543 0.10647165775299072
94.03555478626836 407.9990723105985 129.70181712350396 456.13199361927497 0.10622701793909073
258.48030248251956 430.2189627293885 266.572974119882 438.30301624660785 0.1062043234705925
226.49044111046302 445.63098216050395 238.98288252923854 457.79860485804267 0.10619456321001053
240.08849380549827 427.17833149718444 245.95807298386302 433.7508187431496 0.10610561817884445
347.73327155407856 412.41111125649616 351.1514494557906 417.10627200039784 0.10606686770915985
359.8007854086716 418.9607228314801 364.64913106680234 425.2071871982513 0.10604898631572723
250.1286144324162 408.934464250312 256.9326836982269 417.0553412419531 0.10588990151882172
304.68411812750765 416.88384291463416 309.3972964798695 422.5801172205131 0.10574739426374435
701.4151095198547 405.4781949699881 708.2146292562201 414.5502833924369 0.10533589124679565
113.38383454120118 467.53221049317716 136.13650704733053 493.86542124870624 0.10531147569417953
374.8163028712637 416.0277337251775 378.61382577786463 421.30995978326996 0.1053067296743393
314.1315832894719 412.4246065125741 317.5056567743093 416.90358102046446 0.10530488938093185
274.88101315737634 415.06209180299373 282.1862288681039 423.63831372134115 0.10528086125850677
280.0665193585979 434.4035992032572 287.6030840826548 443.26281987821915 0.10526131838560104
106.0132726602105 536.5509435097794 159.57464321844284 604.1018556765426 0.10521408170461655
763.1831767368334 379.1746954239791 792.1684698443079 415.50772282889767 0.10516558587551117
233.06480770976353 575.8424532419197 251.6994421172472 596.3506979942829 0.10516403615474701
933.2026030524777 378.42616947780255 962.0937933056001 414.9297925835842 0.10511361807584763
70.82112970037325 394.5641228158465 110.60920248280192 455.0276613949467 0.10503290593624115
280.75416733500555 408.4925048197313 288.17047512714134 417.8087061703276 0.10495191067457199
296.9712019592633 401.22906809245313 304.99288225147416 411.1840620164265 0.10486459732055664
76.90311039684859 488.8529857628685 89.48575064902295 502.93321879346735 0.1048184335231781
138.08106426256882 490.8558004180408 206.83857964023935 575.2998085770006 0.10481079667806625
59.75101240937654 489.4551335480191 71.01276803746471 501.80389667657613 0.10467928647994995
335.0716143582806 406.3738987725627 338.46379236737835 411.0990894221348 0.10448308289051056
213.21942578274997 425.0291307185507 220.59683888884092 433.91301491322895 0.10445239394903183
44.07029728729299 488.4313358986522 54.68457423428467 500.42193886133265 0.10408058762550354
316.8831091457682 414.7688167950405 319.8605123471615 418.773529739644 0.1040794625878334
327.4623867748668 417.68588752025283 330.9599851456324 422.259736393495 0.10375961661338806
79.68914342783366 473.64557960498104 90.49447378930527 485.9565726368766 0.1037105917930603
223.68962738989703 425.68737435228275 228.30402088746712 431.0756386803172 0.10365753620862961
379.0885795893928 415.59292904618724 383.53837153938036 421.94500572805106 0.10361502319574356
309.68111993184465 410.13417281359386 314.915138996903 416.8675913032127 0.10353220999240875
58.353146105809685 506.3088145115361 67.96221449872635 516.8520982075637 0.10349281132221222
273.14210622107197 409.61766123542 279.1395600989402 416.8007677355228 0.10341504961252213
312.81134230166845 423.83401236223335 322.03355477376994 435.56127941481634 0.10340536385774612
72.07442149354816 435.6944857482061 101.5425910420505 475.8632870406807 0.10338375717401505
339.7412973960085 408.97170391833737 343.2436461638706 413.81438814201493 0.10335744917392731
66.08719725854164 488.7406960609859 77.6480433045814 501.9022131933711 0.10300029814243317
321.50384389327047 420.8924918060883 327.1145242419284 428.26175822740987 0.1028236672282219
695.8286932500072 396.12038434565466 701.7582936286914 404.68543733054025 0.10278652608394623
134.9420861834998 389.1687328367087 159.9993537586306 421.5611578369755 0.10264942049980164
241.7124374614756 440.9105767773884 250.62597961346978 450.04809289025684 0.10263242572546005
236.81050933452318 412.05446001386343 242.3107475200937 418.57435208044564 0.10258357971906662
293.0223187311151 423.10899246182527 301.22566608162083 432.4483682486709 0.1025376096367836
226.84385896980123 439.41303164501073 235.57420491290767 447.9546373832393 0.10246369242668152
302.6628130946495 435.70111638534433 312.2818971551181 448.21287940278205 0.10225969552993774
201.49614084458727 411.68110768368456 217.05887021647715 430.00171600865804 0.10224591195583344
351.0482756594002 424.7067958260748 356.33139373085635 431.6174623967428 0.1021028682589531
193.3448831033247 622.2365793622097 202.11855743929837 632.5436291268068 0.10194762796163559
279.87289420407706 458.8081371597688 296.25176918031525 480.31739521253513 0.10188964754343033
359.61093351592433 422.9875691444204 371.31351502751545 438.9092098669395 0.10188698768615723
62.16577221066033 499.5736363595695 70.97943135681042 509.60785197275607 0.10168680548667908
86.51011186133475 493.3885845982801 101.49209405397909 510.41532090433657 0.10157275944948196
330.76794309978453 432.32282826895766 340.11467536918707 444.40588400540315 0.10155291110277176
240.28633220914548 422.45311745729003 246.1906318970152 429.56690350031045 0.10145694017410278
286.1729456751706 551.377222816811 327.2535029886983 595.7612883539772 0.10134377330541611
86.14930941528296 487.5330851733376 148.84008863993148 563.014481238944 0.10132087022066116
215.93682289874408 435.63978880243474 224.35169748644674 444.7634081582429 0.10116893798112869
128.69894730189364 573.7708971334483 230.36340527347406 684.919920126073 0.10114838927984238
713.4948282891548 397.8170355934679 718.4863464403991 404.72356552660585 0.10109370946884155
339.3660788551295 422.2993446346315 348.44066757653195 433.8904506366404 0.10109332203865051
217.6397118968923 543.815711767316 284.15743658087234 617.155259723945 0.10101771354675293
254.32115467383508 440.02211246644015 300.7862853187244 497.911509146087 0.10099191218614578
246.78742495977747 421.9870472193616 252.4183069879131 428.502387986602 0.10092678666114807
255.4215866973778 404.0945621031499 261.2553822239741 411.2176979519558 0.10088750720024109
203.17853309944056 609.1332454073724 207.32920066550886 614.2852269863561 0.10066545009613037
367.8345585182503 420.0672505300127 377.7897129110797 434.33100279518806 0.10039263963699341
306.4177692754011 426.90008522104245 315.5880457785383 438.9918327734784 0.10031313449144363
161.1989776436503 550.0953943727467 218.70920406886785 609.2086549798137 0.1001376286149025
266.497304727868 478.83824966272846 288.43739266608725 503.17057635311835 0.09989790618419647
323.8338712641997 417.76918229742796 327.43863844737893 422.559935477854 0.09988225996494293
336.19743256824614 403.3760866729454 340.4814353679151 409.6143982879976 0.09986716508865356
220.36974695644503 429.4695445102197 226.9887754376323 437.0820513443944 0.0998314693570137
649.8626974464873 1.8977942857994532 657.4384753542475 15.737866079830129 0.09980802237987518
338.59522657214615 400.17476865264433 342.4676178054031 405.55105662491496 0.09973737597465515
182.93252009814879 400.04608423959206 200.8634605586606 422.22951606705203 0.09973457455635071
105.43992897882747 472.88536900957536 110.45869205610771 479.5625017002629 0.09972930699586868
118.14872847483913 343.5769272194153 153.0469069311776 392.91567472407183 0.09972472488880157
274.3912801123299 499.24535329599576 313.8004689487022 546.4320238617076 0.09932304173707962
68.73300370667216 492.1271573335463 82.50845769143571 507.83352435281114 0.09921132773160934
330.98636461834724 408.9132384423005 334.25621411262983 413.3238465802672 0.09920540452003479
262.74276712759445 421.13438644963924 268.7034608129774 427.6634433194882 0.09911642968654633
50.48368280985151 514.886596198549 60.44410610907758 526.5403757219716 0.09907526522874832
378.3779126309061 411.93501634053547 381.9171078304213 416.7960721842162 0.09897897392511368
210.46172335708067 407.8501696739977 242.32742112648322 443.2710109398773 0.09893111139535904
324.84620747581585 424.8787138228031 332.01389892478056 433.99676562711227 0.09891245514154434
265.17636505119384 610.2917494277833 315.3347860395372 664.05688695972 0.09888821095228195
226.69103354176448 435.3527826765132 233.33306388587184 441.8110343601912 0.0988539457321167
100.61363939861589 484.4668301456554 112.2432034412226 497.8162435670561 0.09880927950143814
332.10638840500604 416.4035243550606 336.97218078928495 422.7225602287476 0.09878969192504883
241.17920267115682 408.6977261540251 247.78534532559678 416.4580076791825 0.09875763207674026
53.456477040540534 518.284517049182 66.54326041149069 534.0376280001708 0.09871893376111984
265.4471107632849 440.6193746587769 275.2813916961772 449.6075800878297 0.09863542765378952
270.8758569618829 461.7641864659735 280.7981022013927 474.4847387800409 0.09840495139360428
213.26527476970983 444.8146523416678 220.61465516379658 453.2852993737445 0.09836889803409576
310.72337651296033 415.9352267943361 315.1785374142416 421.57319930419493 0.09836801141500473
284.74318558972396 426.44027945182154 295.43605852148676 438.6606185409586 0.09836167097091675
358.1542183208892 403.562508588124 364.5543967147151 412.32054201306556 0.09830000251531601
141.52559192403717 295.4165994398868 159.01332167236768 314.7441997344625 0.09823474287986755
92.57929276262743 483.3541916588355 100.67786827590508 492.37004089482815 0.09816671907901764
21.36413431768208 502.7250919603328 31.72325362716664 516.6851860835253 0.09816211462020874
348.4478319679798 436.25413514761266 355.82513866220773 445.48261582894384 0.0981142595410347
329.940079448506 419.46515858977324 338.04235770281264 429.7979657698349 0.09795934706926346
21.5803413257149 492.8855902846987 31.197501619506458 505.49443651282684 0.09792053699493408
353.88764844738563 412.7010452254611 358.4714071415958 418.4645198508519 0.09785997867584229
45.17456537503228 439.48552072092184 102.3178311829666 515.0394253778632 0.09780021011829376
227.86374677285463 422.41864687322743 233.62782562421364 429.1466862301975 0.0977877825498581
364.94707718074756 412.7053468156689 369.38091892428355 418.8165012551003 0.09773951768875122
181.08127924305106 496.8802439828057 218.19099754311256 538.1360018382072 0.09765110164880753
254.45500438805564 385.259716181484 283.3320302467912 418.840940251503 0.09751684963703156
198.69538174735095 610.5010670316636 202.96216117521803 615.858004100736 0.0975167378783226
206.6534077376098 598.8492858490522 222.31702117784158 614.485994570299 0.09749986231327057
114.39081289367223 399.22380903517893 137.37849752638496 428.1594598411171 0.09748690575361252
710.9632392332264 394.94769364378664 716.1285295285608 401.662756752453 0.09746414422988892
114.2371751994283 296.2322842879819 134.0313368815948 316.74389965695633 0.09736436605453491
272.5647212316628 417.09906921074355 275.917565936691 421.3179987944588 0.09721172600984573
233.9743056763378 409.648430747921 238.48442870057045 414.73725278465616 0.09702669084072113
700.2877003571522 396.8239736165082 705.4708823243832 404.0833169997124 0.09682115912437439
33.065540350437715 489.66041569752673 46.22082219561698 504.69449950780995 0.09679718315601349
225.94909442716437 411.5160696402952 235.59555549024392 422.00697051273266 0.09677717089653015
300.9373545199178 383.0492173817664 323.8068494962945 409.58478392042144 0.09677335619926453
47.417714685363286 474.2883545774823 63.642426106390495 493.864269994484 0.09666401147842407
347.4301586089693 421.3155165405571 354.15897029137614 430.13826984578367 0.09644050151109695
94.26962690151827 464.48771385566744 103.26201233097301 475.4344893181058 0.09630794078111649
327.52381196810495 409.07148516362076 330.46032451180326 412.9850066679679 0.09628085047006607
240.16402314329935 448.7617279295518 252.06377463448447 460.96727074319136 0.09625045955181122
348.82065425385946 449.3878279121648 360.9441385479173 463.5468862429943 0.09614230692386627
329.59014715648124 416.4335042475092 333.1616368652782 421.04860025460744 0.09608780592679977
245.91701781318133 414.37071932182914 250.0870378772974 419.6472615576371 0.09606011211872101
380.72201369281635 406.79844448934654 384.6437656984445 412.37744442426714 0.09595082700252533
81.41880805604306 353.95477714229764 113.13744868563347 407.4429480117508 0.09581147879362106
201.35316193654265 405.9160044694696 206.88064008735938 412.9651759975505 0.09577909857034683
331.91889330274057 406.8679364348838 335.7717840543161 412.23555907017845 0.0957396924495697
701.4222508367423 393.8952681476482 706.1673297419559 400.6082004913389 0.09570407122373581
207.9858701032023 617.3753469218587 217.37158657819828 627.4518987757267 0.09564890712499619
386.1968154460468 395.2466486194058 400.86987153248674 414.25838834354016 0.09558971226215363
230.15340322242798 409.1621078521768 234.64501931077493 414.87689930681125 0.09557299315929413
196.37803176724125 597.1915972407022 205.94647866481245 608.1605318011156 0.09549187123775482
297.30654690523414 468.9504530487123 346.8442669109327 520.8824783561146 0.09541113674640656
67.63532290280142 478.7524910406203 77.17699545408689 490.0274730553427 0.09540662914514542
916.5702602924712 391.6356710011922 935.1419010858908 417.08982301058677 0.09534625709056854
367.3733771579856 404.6948274077182 376.4530717873468 417.0797265033476 0.09528326988220215
186.3947886893805 333.96721029665764 192.92618632002808 343.371665203436 0.0952480211853981
953.0239487021279 380.72438513782754 965.4527991494709 398.14257077433683 0.09517664462327957
215.35420141789928 411.72307487824185 219.73753103812362 417.5728960878177 0.09517496824264526
207.6533986413035 388.3558145107439 228.03864784051115 413.19915943475377 0.09511972218751907
349.74188541486006 407.79263438214434 353.61473174460673 413.11661441068634 0.09510785341262817
319.54166094978376 410.0285541526326 329.5333275098069 421.7385472361725 0.09490460157394409
257.2633090860145 505.5006186050872 319.23799569429247 578.1590071571629 0.0948900580406189
85.50149411657019 506.3936803669732 97.96310166658674 519.8891787067201 0.09488843381404877
704.3099233952879 410.727675681344 710.6762724160807 419.04772210241293 0.0948878675699234
197.32700220125471 425.92852975166636 212.12844478269983 443.390586004271 0.09486288577318192
711.1677898861153 399.7095767767457 719.9960325642508 412.19084891808734 0.09484982490539551
207.85899302146328 365.2948483243522 253.226160100563 420.8372660551096 0.09484703838825226
342.00023320869275 415.3963804753856 348.56819608202795 424.421892918915 0.09482520818710327
339.479129595116 401.90553944735274 348.628246654854 414.09195949492516 0.09458646923303604
239.1000596224879 457.4130817471772 251.04711280756587 468.86292110640585 0.09455715119838715
681.2703448340425 417.07564223077594 688.662176564177 424.88331977750954 0.09450070559978485
335.97493127755496 417.1819832392057 340.2842968548114 422.96587114695143 0.09437568485736847
726.9885897844732 393.1521361768373 745.2165479088252 416.802593720842 0.09430322796106339
65.78679203758927 530.7950154222096 117.88458889045569 595.4142716144935 0.09429803490638733
236.42152752202486 403.685144228135 243.19115893769376 411.36585606544423 0.09428862482309341
221.4145347800916 470.62209229023205 244.94346417608207 493.26471573157363 0.0942491739988327
315.1538095124463 406.2986480889188 321.2380173708651 414.4065128448091 0.09420612454414368
207.25762909782677 438.50879303133155 216.00825627481572 448.3958733415798 0.09413941204547882
364.7595293173913 392.033937626642 374.4196089715236 407.69910572915006 0.0941011905670166
722.7225790755764 420.3917827975178 729.0977952987994 428.4923102874551 0.09398914128541946
381.32051351303846 414.68323971011324 392.5324116880352 429.3784315117156 0.09389835596084595
332.28467636440354 430.50071016650105 362.14000499519733 466.2174922486571 0.09385775029659271
123.40470916432636 293.8350797604133 150.2370799645943 321.7962107858643 0.09385645389556885
311.728543825406 428.2057056223579 322.7757565442521 442.20672427637163 0.09377678483724594
742.5218255439115 370.84294860479184 765.2710921189893 404.00389655075355 0.09373769164085388
36.58600682305358 480.9568945700443 48.104305890473746 495.3139484017031 0.09368997067213058
3.9909612765028233 490.3152856546024 20.1685251668951 516.8772740191936 0.09345034509897232
291.433528296696 402.3523219889273 318.1872685210149 432.71085198069204 0.09337668865919113
220.17493554917175 419.8912739273016 225.05713314147695 426.02068741990354 0.093159981071949
218.40996664974048 423.29122750073014 224.60809091188935 430.97743778076693 0.09315996617078781
360.78360600323333 406.77974032480256 368.44252305085934 416.5327548797612 0.09315335005521774
221.52828741029344 434.6896427838201 228.78889769249292 442.7273929092608 0.09221503138542175
364.6112527881134 394.51879713711065 389.8996634325119 428.3992016130848 0.09220992028713226
89.91004310593695 467.8583383798953 108.18572132231805 490.33343631630913 0.0921969786286354
253.14582157479364 449.84694635215146 268.0634717358869 465.1255652237955 0.09208621084690094
-7.337757907262138 470.1826673171926 28.201185543356033 527.3555208285684 0.0918644517660141
153.8035909828819 305.5956564125123 176.34969955824565 334.69717734852026 0.09174513816833496
374.28725809981916 421.6076106858033 385.21532410093624 436.8764173337601 0.09169701486825943
187.05255891968312 321.3000719355658 194.85900421752086 330.74694102063887 0.0915980115532875
25.045213785804744 476.71568988192627 37.53149223912418 492.97628366494814 0.0914558693766594
363.0877621779245 434.02248828885774 385.70702543369174 465.4246975263378 0.09119873493909836
330.80362441678625 413.0365704526399 334.9432082040653 418.4869229792959 0.09112254530191422
346.67694157492855 416.04170778525713 352.2837692390486 423.40168496335855 0.0910140797495842
343.0300712928924 402.23934644799925 365.674303936545 430.44545625015775 0.09096869081258774
168.0964601752867 389.2073391681218 179.18802894929829 403.26879894377515 0.09088876098394394
263.6126454792339 451.2937527201337 276.30599539101553 464.07919819661447 0.09070374071598053
970.8108270648833 393.5381760321714 988.5781955118312 424.1624563874574 0.09070225059986115
712.9678749622195 428.7957922159999 736.9479814369713 464.0021952490177 0.0905696377158165
717.4692634107887 413.3194287724243 723.8429991917529 421.47931543898426 0.0905497744679451
162.8003137868227 314.85661627904955 218.32388597936506 387.0350092231092 0.09051536023616791
60.38204572481142 476.0685706850964 74.35774180370888 492.6256918209872 0.09007630497217178
270.7929031853636 384.06338837419264 290.25619822400574 406.9144525700813 0.08988725394010544
372.0218110209562 395.78203415646533 380.41595061164855 408.220046386106 0.08988572657108307
351.9013721985456 406.81972573051627 358.53158430871383 415.8320820932698 0.08977106958627701
32.7728601702391 518.6075921766832 50.13388268204131 538.2861570905318 0.08968270570039749
315.4861166409995 514.4163175726377 385.5662766685313 599.4698580000705 0.08965735882520676
185.14903401504571 301.0916954178312 207.30225555137238 330.08074589967606 0.08962833136320114
239.94938144936643 397.81892053634846 275.80923324003635 438.3744760795727 0.0895928293466568
348.7815202964074 429.6116127436894 354.05451825477456 436.00104854206967 0.08956854790449142
230.9264663058171 436.4217607148339 240.03769754455465 446.87969419811776 0.08954059332609177
169.769156538487 376.389221180824 176.37996471363806 384.4441699014682 0.08951642364263535
290.3244208101398 421.0107100544807 308.0974229713965 443.3457887741577 0.08928575366735458
156.1952788023741 329.90626966716354 180.24411077094203 361.7204163396461 0.08925488591194153
337.06323071013287 431.40029933084116 342.2268302328095 438.28629034180204 0.08915942907333374
244.33360416833523 464.5555336130526 259.3010902343238 479.99946950370236 0.088993139564991
318.942891584747 427.0688419429797 330.05062322558587 441.3310872026018 0.08897478878498077
229.7041753431522 385.91862023075106 256.00444041081727 416.19310001174017 0.08890219777822495
273.33323849761393 425.9605825318243 291.1124831676896 447.5012953965516 0.08876187354326248
335.82592850281725 437.2865630990186 348.08200454697624 451.33869748489764 0.0885838195681572
218.50932820322058 411.37029910880455 224.36226117527536 418.8148655991235 0.0884987860918045
719.0648115468109 395.8041979202603 726.0609123026486 404.971763212616 0.08845673501491547
112.83064133100152 378.4716181136388 159.36507765995427 438.81648191613044 0.08836480230093002
253.70777827598477 439.56646784795834 260.17510408261023 446.1389888516603 0.08819791674613953
349.51481878923215 424.5755187326523 364.03284981426566 444.54361239891097 0.0881451889872551
320.43918953486576 405.01119442285125 325.6482397695506 412.2270982192704 0.08813606202602386
117.44482642929911 474.3592826715838 122.68116739609789 480.85405129010223 0.08812160789966583
318.55610578364013 395.67704068649493 346.1814616139375 429.6124244045998 0.08803374320268631
359.4889327663517 436.53675901667845 370.5249211478951 450.34645063667614 0.08795975893735886
79.20968084273059 509.4625842574109 99.20801584979809 532.3227546215647 0.08780831843614578
802.75096227987 408.6094070712099 832.5468912781058 452.2297258674502 0.08774245530366898
249.03900113786094 445.5237558803238 256.24254189237195 452.4100323030118 0.08746477961540222
151.63553791557686 355.4645521975326 171.76454077266365 382.05837602471195 0.08741769194602966
28.237335316465373 509.8750698448697 44.299254039591716 530.0140298016497 0.08737631142139435
686.8731639318272 401.30337257634744 691.5372866788695 407.6967964688351 0.08728592097759247
366.8193888865958 439.8997175645128 380.13086631547594 456.6806234101503 0.08724822103977203
731.9176571449244 389.8915524114767 739.6210904790811 400.10246787390787 0.08716931194067001
708.136943283257 404.7565349314211 714.6917683837661 413.54233393415086 0.08677291870117188
342.1682629161169 431.97116986218305 347.9132839322326 439.39954834942915 0.08668438345193863
338.58469575954456 320.05231695337693 392.14617183663574 388.5460672901672 0.08643417060375214
264.3868849989837 510.98602326089537 290.17896848669625 544.1795344175786 0.08638811111450195
100.36181348822454 303.8710914684624 125.72123244454434 335.04963275751635 0.08631458133459091
65.14862966442051 443.8233583150314 85.27249887961511 472.1989546393021 0.08630289882421494
665.1733255197578 416.3381985083221 696.6868654619444 460.9884546856999 0.08628181368112564
200.692488383326 319.58752532593724 221.22897808485843 345.49192337838844 0.08621549606323242
677.5076730856626 407.02451327755324 687.6233416641215 419.34072602519205 0.08620376884937286
110.31147003004644 481.92250681992437 125.7416769655049 500.24011185467674 0.08616539090871811
274.31516808625236 420.09055157496573 279.20232405730343 426.05739147621637 0.08611246198415756
54.453005084032576 533.0220494093209 72.21007286077062 552.0123398333235 0.08597360551357269
693.6430832078926 371.8513109042835 718.33525238073 402.27776041605335 0.08597049117088318
712.4231864199184 364.1669287971504 747.3602970872569 411.6935623589657 0.08590491861104965
308.9748663485051 404.47972657457746 315.7658079640345 413.5500693907178 0.0855511724948883
287.264880202971 438.7197057611466 302.62859473631397 457.7133721350173 0.08539696782827377
565.073610182639 418.3541965560316 573.1981098064822 429.72619315516704 0.08531977236270905
169.67898510348215 368.2850029973569 177.8420284049262 378.0567314230381 0.08527618646621704
344.92481397789584 435.9365374211641 349.84776497141524 442.21118477925125 0.08524711430072784
300.62862362907526 408.23999491840493 307.16496759396387 416.576709709445 0.08521723002195358
159.5340109812359 432.2278422597982 187.2564590026895 465.4802610545425 0.08502276241779327
176.43728139003258 374.2725828654961 183.7077370569551 384.1760513010314 0.0849093571305275
823.835075178708 438.5147269949318 859.9484928927446 490.3756245841982 0.08487369120121002
46.83199969863193 534.2407135547586 60.72198248203022 549.500596101189 0.08481539040803909
304.25043125522757 407.37760038547583 310.98255540432694 415.9511853338913 0.08477220684289932
350.0019222611381 403.76328356297205 355.57818773157214 411.71879438996194 0.08470189571380615
242.31586229464864 573.6284447712894 337.4007034469773 677.4373903637588 0.08462527394294739
30.457428994121425 462.84920888286973 49.896423170492696 487.2716075807595 0.08456747233867645
98.95908783314304 504.609489532714 112.5005293675005 521.2408956719817 0.08455121517181396
231.08998986593295 403.44958841179175 236.95234156536532 410.9292127328249 0.08450271189212799
725.328156905118 373.6464339885681 774.8157585445852 438.1557804786802 0.08442575484514236
296.1748221397301 447.63937626026967 320.724540316169 477.85603873111916 0.08439543098211288
153.97488166372204 420.7301699390037 176.75099228213267 446.6633397811928 0.08429602533578873
836.1916547122332 368.00566360214754 863.5963789001091 405.9664055150426 0.0842343121767044
252.5768505863747 401.949640286523 289.37994241333223 444.5559542300542 0.0841720774769783
301.51610967366594 433.3037525667792 307.74882404135394 441.26804652263536 0.08407808840274811
212.8919296789354 371.2481142223808 236.75084847874092 401.96947438226795 0.08399713039398193
213.05349669456237 436.7277431149638 218.77242082116248 443.36519640774947 0.08383218199014664
12.070281873463921 457.3225791657676 28.908310776009436 480.3698203633539 0.08378394693136215
203.44885539991722 445.5642444064546 215.265802614775 459.27667217675423 0.08377356827259064
180.18163051964908 324.1600321548044 200.22681893118772 351.7500297946253 0.08369777351617813
222.83359596204238 457.9423739680232 235.3220378525111 470.09485580838407 0.0836963802576065
703.3196534647057 416.4130871181687 714.708536563336 432.17672318643014 0.08367899060249329
355.4802261148619 388.90679188865874 365.51352684276964 402.60633503468625 0.083465576171875
311.341702013783 417.3306806341587 318.6762670588284 426.8439080704382 0.08330557495355606
181.7729023829083 390.1208723981433 192.07431442444155 403.2821554541514 0.083040751516819
714.9580687990848 426.5552763832624 725.8777249237498 440.65046651174816 0.08290431648492813
44.714101124404856 451.00472145143846 61.211127881473736 474.2959692697475 0.08290274441242218
272.5298812956828 403.8703712290981 278.1239292079446 411.06818425108213 0.08278651535511017
130.33723577793512 333.4468548599332 149.49291195482022 359.30389123494416 0.0827622190117836
735.3736345083639 410.66609224306796 767.5696280849712 451.2342256200792 0.08274614810943604
689.7328258029646 408.9244358604624 696.5146605830301 417.5911114126844 0.08274022489786148
179.6512456230853 367.8723873215101 193.2036290347278 385.4539494640677 0.08270197361707687
718.9957845826274 357.58907549838955 737.485605862035 382.59762321447613 0.08251658082008362
195.44505022939543 317.69734729160524 202.51151709679127 326.9686256486117 0.08249657601118088
695.091270358859 388.7784500261124 728.3589427602797 430.57951190496755 0.08239671587944031
216.10266355504731 450.1542585889153 223.48239117640108 458.46387906739676 0.08231567591428757
197.639918760132 335.1376645564365 205.2962577636691 346.3982283311687 0.08229871839284897
385.75634830181554 403.5054336595701 390.0243093173567 409.2916368743029 0.08221375197172165
358.9615820604613 364.8396968345732 387.69492105450627 402.7087717003427 0.0821499451994896
12.214027249593155 508.5843036194675 28.79344227734905 532.6288105645807 0.08213382959365845
65.52764553196802 518.5041226873103 84.54265322416019 537.9006610205777 0.08210588246583939
140.13235382562775 588.1347877216842 193.97953861720137 642.8315925303624 0.08187641948461533
325.15159952907317 407.8975881744351 331.69242893703137 416.44672881501964 0.08187595009803772
699.169248555685 332.6495247950219 748.7719590576392 399.80087385726074 0.08186857402324677
187.70190220019575 345.6507417033524 194.18501402712369 354.0873653504635 0.08185828477144241
353.6484758715257 402.09887878484494 358.79410391837416 409.22846380550493 0.08170890808105469
340.59591277863444 431.8090869096349 349.26700131707224 443.7260351242043 0.0816187784075737
330.188337807216 427.70105478198764 336.186650709278 435.1331568504775 0.08154722303152084
274.6879433088694 452.9354402513589 285.483747529056 467.4421958777017 0.08119724690914154
269.0451932434229 408.47124390189765 273.41864260989473 414.08257057591027 0.0811925008893013
27.539547696617774 389.9861515476892 69.96378994054405 462.4963871250081 0.0811728686094284
720.2083818534426 442.70588988800415 754.5904453927265 492.85694099984204 0.08116738498210907
180.2604076782634 429.35560149416085 203.2426920414279 455.18074819865404 0.08115331083536148
102.56725976753083 333.7664182683738 127.02372475256499 370.73575014853856 0.08114192634820938
198.86002988868327 400.4301300169957 210.50713345581084 415.5192930118132 0.08108961582183838
632.7154167755737 519.1876185741036 674.5087875721379 567.4433467446956 0.08107966184616089
299.00620422839364 361.66314260092395 332.394886646636 400.8871436237705 0.08105436712503433
377.85691386195504 401.2960207751941 388.1562202386776 416.479238633411 0.08101735264062881
269.2854397016998 421.4846298864284 274.72467900423635 427.8383762734095 0.08073049038648605
286.8524158631986 477.50507349720766 310.6282794820897 506.1008933343818 0.08067429810762405
68.67737081001708 466.72305233824403 86.45872236413267 489.0391843910179 0.08063353598117828
369.4501471163108 539.2283231044123 417.3368626366449 601.769344317821 0.0805540382862091
265.82394685359645 439.3782394114087 380.1730668362077 573.2912635846186 0.08039256930351257
746.9482004766168 440.51416138132413 777.7440327828418 482.481073078647 0.08031110465526581
375.232305809159 404.2903701146007 380.5016076899029 411.89182329256863 0.08019931614398956
55.26576689195894 377.3208313144992 83.37307891515536 431.12604205870184 0.08012305200099945
105.38455936284257 493.88802601342223 122.19005476069096 514.376647258296 0.08002093434333801
103.729278261551 377.81754980726237 125.36931149618184 410.8566300972423 0.07995928823947906
275.3989898939806 376.3540977564207 316.93963150051326 425.853950472613 0.0798790380358696
212.27634982749728 324.61236782826904 218.08208851616428 333.16992957417284 0.07983720302581787
309.7647424509454 436.15990154528504 343.4345494364951 475.6266602591051 0.07983630150556564
110.33739741245141 459.94671647846195 123.08935155557873 474.97913259900605 0.0797145888209343
286.922104866117 418.38038809364076 294.998015783276 428.4946001493362 0.07964083552360535
270.30771838539187 485.9517572603081 284.9949169993213 503.1087782160676 0.07954233884811401
453.4257712867204 568.9305504215502 543.3561684372058 665.7345747297928 0.07943371683359146
272.4047984166824 356.18746397524905 304.3796128069147 394.82893588196356 0.0793345719575882
296.0436764715417 394.4627187036953 305.3318882395525 405.477652981593 0.0793219655752182
690.274253074116 387.49122564044154 696.1448609194008 395.14846872473953 0.07911177724599838
149.75197962345072 276.9151439541607 177.59516910005402 311.57334673549104 0.07906416058540344
815.1765925993576 368.3761567429621 841.2452876636771 405.3385818844467 0.07902981340885162
248.91411744077035 404.6718713586084 254.74852291514426 411.98534813272937 0.07897762954235077
637.1695668898244 381.83775153695774 680.8682949946378 436.4506899176143 0.07889483124017715
328.9067595687215 369.5906254759644 353.20687050046445 400.7216131753887 0.07879780977964401
690.1656206820458 491.7755304841483 734.0242997053018 550.2389848763771 0.07872658967971802
13.52625658637849 473.8230693767894 77.16101351453455 569.4353640601688 0.07867938280105591
-7.094728091027794 445.8379546891831 15.179158942689346 479.9375780743282 0.07867693901062012
191.69974385806074 308.9988133061709 199.74371793129006 318.76724981391556 0.07864248007535934
629.9917295264814 115.64925041764933 1029.5135132725902 604.4212751840081 0.07862794399261475
689.8960714449775 397.5270603158584 696.5604972903302 406.44290557736275 0.07857035845518112
16.595948819549836 470.34834674904977 27.894586963202137 485.3554557851452 0.07842815667390823
92.02528163577966 447.4699076500489 111.17857010462112 472.0149876489511 0.07840908318758011
357.1764976161857 455.16506230518604 393.12353644799555 502.4841694021 0.07833045721054077
697.340957027421 388.1214827892056 702.9920114726921 395.39089816918965 0.07818236947059631
387.3525151204276 402.53671194947384 420.5158360400813 443.9098597501097 0.0781533494591713
609.0630473237059 549.8628483460452 718.7130226205933 684.9880562224375 0.07799413055181503
263.57918554075036 405.71236432401014 268.71359491557274 412.1043106679209 0.0779932513833046
139.90570883558328 357.49289893187057 147.5309424616968 367.91056447143865 0.07795324921607971
178.75145685244044 318.086044724103 187.5352712277031 330.42005300324024 0.07791665196418762
230.7036979387555 355.7353152071185 262.7978712696946 394.73670058673997 0.07786206901073456
713.5582992465752 457.69439698711506 744.9591875059842 501.05755770894774 0.07781043648719788
283.9732612376027 397.86428928828974 291.3897479490893 407.6866326909326 0.07779508829116821
135.56495410607513 405.8906407909942 139.49593982191826 410.69682173156815 0.07768552750349045
377.8907397607611 427.03946618862057 390.9334550927777 444.4071821659092 0.07757049053907394
88.8950239724853 412.3041365962002 95.46777694966205 421.2499394347935 0.07750970870256424
210.00093106711776 346.5935538403559 235.50857246605867 380.56678169171295 0.07742047309875488
304.7983516490189 400.5874012539976 310.62937546487353 407.9369743198819 0.077328622341156
701.2087979275173 385.4913459454979 707.4926757453708 393.5736724639805 0.07732008397579193
166.58943568859374 355.61656602946994 177.9645419544511 370.05796646790935 0.0773187205195427
199.4976564500471 390.88198428277394 208.54614313244346 403.34348202067275 0.07728307694196701
362.29767497888633 374.2109901343619 370.79204193429223 385.5981484524289 0.07724780589342117
384.45410450915716 419.12858748956836 396.04830942586335 434.89186880260297 0.07723438739776611
696.1037611400141 397.2251969076512 703.9355423360008 408.05159339302236 0.07717490196228027
347.19211501027706 399.0891222890474 352.7179220232551 407.1166684845941 0.07716313004493713
274.85750770620183 397.47170306591687 283.31177074277406 407.8187676286869 0.07715969532728195
17.602321722804586 523.510041337598 31.613795934648156 543.2770007471879 0.07715621590614319
106.97437728492656 441.33325055838617 124.29215191625259 459.8425331560888 0.07702367007732391
264.97043701791887 410.6691385366886 271.16540695555057 418.0505006516658 0.07701878249645233
66.14514133362981 311.0849014567318 98.21763347067734 361.43112281179805 0.07700105011463165
410.51582974088114 391.96655656919086 452.3817143181387 443.1047021345116 0.07699935883283615
278.9413147628849 403.2050154870575 285.42925848340127 411.28758003672056 0.07693935930728912
264.52924546352557 398.66171389315554 269.4258553401805 405.19402446204526 0.07685434073209763
136.95831681567478 499.75092573000285 160.7626461478926 526.216567014266 0.07682356983423233
122.10821266849106 487.0229896424788 145.7832482391918 514.2953852387157 0.07679995149374008
189.47534442842738 314.5846470091989 195.7076985207527 322.17330887027293 0.07664410769939423
180.81537239763563 346.27653196443197 187.1002357486922 355.4105673849266 0.07663951814174652
506.2120131295112 385.93971429554983 528.6884457001506 417.87850289740527 0.07649815082550049
962.890423501541 388.79014437047675 972.8149964562971 405.47395215148794 0.07648427039384842
198.25412744287644 325.67190533602917 205.10891714032635 335.45471098529873 0.07643218338489532
122.47899983878773 402.0446112671429 127.83729686244175 408.44807519677227 0.07635574787855148
222.01475147637132 325.75487573933583 250.63710869082826 360.09882039081964 0.07632472366094589
398.60805726580696 387.96217554786284 416.01261683123715 409.55936316264194 0.07622257620096207
327.0013659408423 397.8559133485123 334.5863051900909 408.3559991374008 0.07620643079280853
52.044326003832346 462.0780631708819 64.65177646246593 479.08534250374834 0.07615461200475693
331.57791659774387 503.87672526960216 377.6297812346488 557.3820456070517 0.07612516731023788
172.15312524503082 352.75005876593593 183.11784321824038 367.1974431948801 0.07610223442316055
134.280437879714 443.6486223340184 152.8607320848992 460.9391339707444 0.07601775228977203
773.3105848292787 412.39683495573183 806.828667730353 457.438209050621 0.0759827271103859
198.69143591983715 340.8204187057528 213.73427711778595 361.791628673029 0.07594199478626251
243.8276778101206 481.3964096551693 260.5789411014953 500.92678976434263 0.0758974626660347
311.3573915987375 397.3678953904868 319.0895040840378 407.50095156558706 0.07574553787708282
-14.863494438617108 365.5473001884637 43.818344826083724 467.0490360731555 0.07574120908975601
304.1028757326119 392.1670645377596 309.47931962435035 398.53095438430904 0.07557722926139832
473.3102131718588 428.04134105906365 527.8071399485742 497.5302923409134 0.0755540058016777
403.6096654641174 299.97078349990755 466.4787650948226 382.71725119713045 0.07553113251924515
58.140555001214565 422.9306906691898 80.02128019101815 458.54193998031496 0.07533784210681915
461.87521730406286 366.99282401865446 490.5224862537966 403.27806701246044 0.07529380917549133
724.7524457416366 484.7447675919055 804.3436294519464 592.4455593683182 0.07514560967683792
395.13710521890835 419.789514659395 407.94759227212586 438.0885208573353 0.0751328319311142
556.6808505442683 349.1673831150199 604.3123725126117 409.6518759185786 0.07496126741170883
918.0428603307046 346.87322910869494 955.6488683610163 397.96791334407357 0.07494071871042252
363.9517369750214 601.992072198866 483.47579990951675 725.0545886433604 0.07485505193471909
144.89468318505294 387.31860044847497 148.8185633228918 392.19834018611925 0.0748174637556076
191.05781339440114 349.55057735639315 198.15949770207945 359.3335896438643 0.07480831444263458
790.5463416816374 464.226661533564 818.7635140632628 505.6505174645997 0.0746484100818634
-2.7324010093701134 473.9231666367129 7.272631949034062 489.03030147117937 0.07461633533239365
198.9647446758693 312.6846545138112 206.17430862393448 322.03303969060767 0.074550099670887
336.4431184228271 392.28323402357245 341.45950002720303 399.0775889662381 0.07449917495250702
377.5805199386635 382.2765142596084 388.87187335766083 398.01935324879486 0.07449329644441605
257.4556616383513 357.23394121041486 289.7130813420981 397.5809212502085 0.07435930520296097
111.59649243103246 426.4614498689141 123.67480944535707 438.8834448420723 0.0743156298995018
118.94152455811417 397.07955879140286 124.13767242429162 403.4609650486325 0.07430814206600189
210.85032476685865 412.80235389977094 216.83758247678603 420.96581776476955 0.07426965236663818
279.4888166556954 388.80789595726753 288.66091210825886 399.2007110452493 0.07426325976848602
605.5979613265328 313.3271404005788 653.8464625421583 376.65277577046794 0.0742487758398056
260.0415101228448 404.08452079483294 265.3579230062759 410.7112147868837 0.07403087615966797
1033.4662802140458 344.57095093907753 1071.8057872991833 405.0497432483555 0.07390163838863373
476.5376153388111 333.0680196193861 556.6807885975395 433.2212925125197 0.07371900975704193
619.4942304286602 501.4943166406867 651.8591975609316 542.4176627278565 0.07367530465126038
310.2455161702568 392.0390185794884 316.6865185254058 399.92665092701714 0.07356355339288712
110.77074757628674 336.1354560318217 116.46816766973363 343.8513344625264 0.07335668802261353
706.2535934295198 408.7486173066061 732.9470269648547 443.952957942522 0.07323484867811203
581.7960130731979 524.1000947867165 622.1578289701866 573.5571670814934 0.07319916784763336
514.0377039129088 514.7538601928885 591.5310957700674 604.0213975708625 0.07313515990972519
306.8845471935032 386.0987833816942 362.3141046287806 451.70688594617116 0.072905533015728
495.14878989018575 618.4316119460901 622.9406425623588 764.288310941134 0.07285766303539276
484.52789771880913 422.96624449888606 578.1793149573418 547.1632388548757 0.07263875752687454
68.37196678614593 530.9296259117481 91.26789123926424 558.2638837376163 0.07262039184570312
322.48596826214344 395.60035072407163 329.8123153650678 405.8220039880425 0.07249188423156738
387.27874475251326 379.1491867395981 398.603302325085 394.0959991053576 0.0721823126077652
540.7382336804424 399.8399018039657 590.8200482210029 471.8466702253353 0.07193142920732498
819.1197932011402 314.4659135886226 865.2586603992445 377.3422214072466 0.07191069424152374
892.7587822577127 435.6704262678556 924.0120636044916 474.24564441495517 0.07170268148183823
411.0004503107294 496.06618371396127 504.0429477662539 595.6436220846177 0.0711367055773735
366.9823705183244 379.5039051647402 376.1842637699076 393.193632569444 0.07092594355344772
192.92191405561118 355.2626898293534 201.79561330999206 367.7332523486643 0.07088246196508408
340.5962081512699 392.66410961485605 347.81471495341464 403.08428447542695 0.07079906761646271
288.60712280924645 390.19140735560524 296.95333395207325 400.10292324295517 0.07069704681634903
1002.1198883076264 371.8886553864213 1026.1467936963543 408.83427404832395 0.07043275237083435
985.6551332895735 400.40537676464515 1010.9319576020607 439.3360687647314 0.07026316970586777
148.4076653244463 406.0378884098209 153.47921953129412 412.1470927978464 0.07009982317686081
750.6515308865245 273.2657803582335 829.8532512753177 375.50018104016175 0.07007192075252533
178.87561067765645 357.4666500502317 187.03225120492317 369.01536239611 0.0700305700302124
126.81328637510288 399.7472968058292 133.10546045602985 407.2527775325923 0.06974681466817856
114.95224602662141 502.2080316656199 132.60992710920047 523.0482615740549 0.0697295069694519
448.88734465600464 401.83670389617555 489.0316261477074 450.76476193634903 0.06972069293260574
379.18271660985727 346.6590010986439 417.9091731339203 399.0941320800586 0.06969752907752991
278.58246022723625 306.1649497257466 330.52193069920827 365.6551177405911 0.06954693794250488
168.01933722295578 371.7212533639471 174.676722250806 380.6778163499871 0.06952156126499176
409.54141298613655 370.20784394925937 422.8507918056618 389.88561335930996 0.06951175630092621
297.8045421250024 391.67660948569755 306.0168545426017 400.74873587698266 0.0695105716586113
384.8895471755261 423.8144859435976 429.5516399300601 477.5097667092618 0.06939548254013062
-50.22914406254957 580.2454179316826 107.43607746452423 768.4372479175851 0.06919467449188232
383.80934546156595 467.1263705446667 419.23349990897515 509.70009714915966 0.0691668838262558
834.1589329379552 400.33576480355515 849.8885030192524 419.8896489701736 0.0690435990691185
585.834070842456 388.42970831800886 633.9671915219964 453.8984861812962 0.06877797096967697
125.59480031305057 356.5125106194292 131.65165617843303 364.89291744441107 0.06877458095550537
928.5179020483026 419.79872951229885 950.3792605347509 449.6131712432756 0.06861201673746109
966.4654093623357 425.3321429206756 987.90033017905 459.43691973423927 0.06857181340456009
655.4334811938245 506.01230592451304 684.4839233642393 546.2914752204113 0.06845454126596451
342.61734576285835 389.06524100131793 349.67707670801065 398.884635406111 0.06843515485525131
307.9666774205923 339.1425430345263 339.4443029453283 378.74326018696644 0.06836122274398804
774.2138631820707 307.10331381490204 811.7791081336213 357.1844817891709 0.06832875311374664
747.7954204343188 318.0738970037054 784.0912682143363 365.27331907289386 0.06822450459003448
133.1271971217101 397.11081073864295 139.52596110968994 404.760520920845 0.06808920204639435
669.0183719681776 449.1090529101517 708.1399124807599 500.3981932530008 0.0680774673819542
284.1007002646812 448.5178851398887 295.68004910406006 463.8263974206262 0.06801324337720871
946.6376512941727 327.6926857156361 995.9261925888966 397.79094651411253 0.06799903512001038
249.61459950072862 485.0371581582435 270.19172654120405 510.48959063665103 0.06796985119581223
687.4623581635567 407.2245088485472 699.1064937882551 423.2688308264063 0.0679057165980339
825.056019092366 525.2687554234498 859.2743955669534 581.1039677640969 0.06788195669651031
731.4604156615885 362.1510518260657 844.3158131498041 524.2753492459481 0.06776894629001617
325.1812872582281 327.3068877315057 362.4848288781198 376.5929357346172 0.06770291179418564
28.70887438181867 462.203896940702 36.644485947114696 473.8532820973597 0.06763442605733871
626.5337212652494 437.85552306890384 682.6704989029786 508.84756545737866 0.06761540472507477
347.99650093225273 386.4648691806538 355.3925108406369 396.45345244321004 0.0675814151763916
28.338213057733636 547.4091609086975 116.79844113337508 663.1280711394373 0.06730987876653671
197.05732463194798 309.75776702729087 213.80666821810436 330.25714203826647 0.06727242469787598
385.3269750248552 372.4104451027059 393.0467238364428 383.05953215914775 0.06707221269607544
208.95345043460387 618.0618764847541 344.34262858864133 761.2823595461399 0.06701014935970306
315.1564070380777 388.42004856063994 322.22373596097674 397.1308748332494 0.06694275140762329
213.03549321371878 280.16725427018025 274.30350393596405 351.4972662133165 0.06687670946121216
184.99005634073006 359.7261554524344 192.42905016408787 370.21943187120564 0.06676609814167023
684.7872710735428 249.2827089373601 758.1823192072748 346.45593346745835 0.06672833114862442
-2.5336995663125728 455.89985037895815 6.596143662617256 471.22639946446304 0.06672079861164093
592.3447820449935 486.7719047266897 626.181747317306 529.357730149578 0.06670096516609192
623.5699703059388 40.03250899759887 630.779907654636 49.71500738947119 0.06668828427791595
666.5762343886198 533.2997087143718 702.2616521920212 588.3226283067895 0.06666263937950134
932.0055019260142 526.4536881468638 1167.8816496293389 808.9161026034277 0.06663776934146881
539.6996315907662 257.42751640676863 617.3643254895095 359.89754966177827 0.06658002734184265
119.07147061716736 390.7131967502305 124.82536394865365 398.4631672674095 0.06634549051523209
161.5136112255093 377.2702290875907 167.9411487575721 385.7593712008901 0.06622005254030228
985.4014821577792 366.5359124275392 1009.0801978980946 403.7522060990805 0.06616953015327454
495.09775680879204 545.2697968734852 544.6695538458604 593.3413576619929 0.06613735109567642
668.4874494552417 339.4611199204492 704.4871836745464 386.2477939030582 0.06596679985523224
432.9925888675749 645.6081893697472 531.3236870250314 754.1917485795104 0.06586255133152008
790.1596675124252 566.3284614322856 886.9553416684312 705.0271580322476 0.06564092636108398
333.6531476466043 389.44400582512907 342.50513425290205 401.8029566709988 0.06539162993431091
519.2901893922815 414.0267518445925 545.6595148307504 447.9861778201213 0.06531661748886108
624.6771436169001 550.9682503464733 671.8980771360059 605.951788147397 0.06528791785240173
716.3554267910255 634.3884354455206 812.2659431553927 757.1653363998412 0.06492568552494049
324.74849934588036 389.41392351879097 331.50523767841173 398.7436603927636 0.06489090621471405
255.86462735581043 391.8092784974698 264.5070717692756 402.47167387327795 0.0646558552980423
811.2290489275258 293.154116540735 844.9682148773294 337.00180734839313 0.06460690498352051
81.74247485201151 398.0970512146288 90.33123144294836 412.09812419704036 0.06434877216815948
935.0377820903211 361.79296574726465 949.949262489137 377.02139982887036 0.06403715908527374
678.2018756103713 419.0936985055509 691.7728307289334 437.6992912264876 0.0640077292919159
267.4099934516334 315.058417207783 301.1513865490985 356.4957650352819 0.06397069245576859
194.07207644507346 303.7967007661152 200.91761144140835 312.550476411277 0.06386275589466095
949.341003333163 393.77919157768247 963.1337108762758 414.52572909258896 0.06382320076227188
397.2467503524014 511.00766704095463 459.7189477686947 573.5130662939315 0.06367209553718567
924.4108265801796 246.63503253595482 1031.0356227377572 391.8212136072545 0.06339841336011887
379.2310680814327 440.2742089989645 391.2019291354581 455.41736998974864 0.06279122829437256
540.9785934557083 474.0893720453385 592.0123881151507 538.8246843629232 0.06275205314159393
-13.699736474199987 308.4133883475348 37.13163832571445 400.7769265382642 0.06262974441051483
79.96546135051047 409.7840941921673 88.40405688303204 422.1736590404779 0.0626087561249733
836.6539240997245 470.1445950676509 947.6460548278384 619.7838442387771 0.06258650124073029
5.012774677628431 456.806112572987 14.397633627431986 471.2390157588843 0.06248153746128082
825.1856685509304 394.0365128288956 837.3479297333968 411.7974909031478 0.0624099001288414
938.7919127054996 374.7034870406103 951.8643070470314 391.31618732517336 0.06237592548131943
328.3071461828032 257.2394515220163 409.32992780105667 352.92556034689215 0.06220237538218498
123.78263282908189 387.4091464613975 131.42817478474348 396.8919066580618 0.0620117224752903
469.6797051799078 230.52538289976565 546.0133161961503 329.70695105632984 0.061947062611579895
498.0416283912294 411.5670930195004 510.1127294665993 427.0534905164976 0.06158347800374031
399.37897572878154 402.6084201093334 414.89731164640574 423.2558177046447 0.06143351271748543
266.2217904988969 394.8057641372512 277.92953995399336 407.78971082761535 0.06106758117675781
-16.270037185819376 242.19786974330583 196.41835819687313 517.9722552864597 0.060745399445295334
677.3564973622159 -1.5828199958422613 685.9275903119928 8.07217621709862 0.06065509468317032
590.7184599780063 576.9989507795317 628.2040417116543 627.7213579344101 0.06049593538045883
613.6585105136452 444.2229655035701 642.8370752387631 484.06266067971245 0.06011544540524483
927.5392978260666 402.27076822675554 943.3016483474873 426.94788488556 0.05998796969652176
827.1944612959686 409.73114258280845 842.0996230869531 430.60637654902365 0.05995011329650879
352.406742943552 374.69630346810385 363.0591535653562 388.51204822332465 0.05993589013814926
835.9524781811493 228.887668995216 885.7741939787292 291.9870819763134 0.05971987172961235
246.5835132632097 391.557064984389 255.09199881330514 402.14762442910285 0.05901489779353142
937.9506511428501 -73.82817642094808 1153.8084204812637 168.44624406552992 0.058854762464761734
378.2548543988076 364.20874668016586 387.2666398248733 377.090155545309 0.05869638919830322
196.04401438769594 297.6496869746718 403.53781906375895 523.8605509832373 0.058620791882276535
174.5904196181762 244.538801091591 225.66036298795555 307.58119390206343 0.05847553908824921
863.3296339402144 289.58935712207375 912.4563019605564 352.86774779955596 0.05813814699649811
862.7619506940817 426.8514353696438 894.4596936336985 466.7073175597571 0.05790434032678604
709.9781857793703 382.0123250592948 718.6737420215552 393.74561007958494 0.05763685330748558
858.1816760198509 400.2522047399949 875.6047183705177 426.7983321166258 0.05760246142745018
418.0176063481837 450.08843039399136 457.60845671008315 497.995606035236 0.0574490949511528
904.8521916172547 296.1427920655516 954.0411122811385 364.3776801590736 0.05719085782766342
586.9397358779025 450.7801840131191 634.5981566359353 513.6704540247343 0.05686989799141884
515.3969117545272 557.1669920103039 607.6603328645674 679.500813215654 0.05682933330535889
544.0928179905872 559.1927561245838 629.4825187374909 660.2172983592333 0.056704457849264145
717.3799554727832 378.31773168512694 727.3430360605627 391.96463778829775 0.056512583047151566
862.3634196428084 595.6736164323675 960.268822671503 728.1820161030247 0.05627259612083435
846.9903435394845 394.901712184917 863.0469299200116 416.71712937298304 0.055896371603012085
324.08889143748013 378.81376484510804 333.24688813519793 391.9224875512283 0.054113131016492844
393.44334079707795 332.1314171784165 423.3655121612204 370.2903394793965 0.05387808755040169
30.810336782802853 284.8599556592696 85.00200189348905 366.1759720713205 0.0538691021502018
1005.452483450899 221.39225691144438 1105.2886819266444 376.5744375657613 0.05328333005309105
553.3272700545623 402.2487296305087 566.252012295434 422.2757536991116 0.053260687738657
546.0092891519561 367.69143784502796 561.1518981105771 388.05037837132255 0.05274755507707596
477.6726175541283 372.1065883114674 502.570711839695 405.7772321122239 0.05265679582953453
360.032931078414 283.6716684460946 402.1222078188008 333.7281456524055 0.051626019179821014
