214.47205050571142 354.9986712460561 254.8512322731408 402.7429297036369 0.9998811483383179
312.9919073722599 320.6049094346433 428.6994776337489 479.46668602509595 0.9998711347579956
679.5604864241714 468.5923317786284 698.7928654326693 491.22367950196656 0.9983510971069336
25.315229772264196 382.06216257374155 47.400258617982466 424.62836244384465 0.936514675617218
965.390327009605 228.89004999745254 972.5276262265174 237.88621597865753 0.254818856716156
991.4118582385286 196.09856797551333 999.8726399016876 206.779615476784 0.2291087806224823
701.2655864496824 474.4399210420625 719.1279306292947 497.54568507410573 0.2103813886642456
598.1117403572081 453.3324127279428 625.7904114660677 497.0042788904239 0.18682222068309784
1002.4032973031358 181.82463013474134 1011.1176212222387 192.47566205929257 0.17258606851100922
-1.2215021789080558 400.25110410611035 21.07188486312015 440.85255800418736 0.17140954732894897
957.6040529080431 238.39019941106017 963.7714123504928 246.63346967231064 0.17104986310005188
1026.0711062349214 151.38619459771928 1040.6993827260417 167.85199922517222 0.16536866128444672
973.4706242617116 219.49604336766646 979.5091903057631 227.40867491660404 0.15563125908374786
914.9993150770792 232.18819372034898 1112.2561654697274 490.0705222537846 0.15147148072719574
596.8116479746226 435.8938250697309 627.3979575555525 475.9772611131002 0.15101486444473267
47.36296113372346 389.4102231791756 79.68587921043735 433.4566851603888 0.14299634099006653
198.11793641265476 470.0858933603969 279.983754726685 557.426060424215 0.1428501009941101
981.8346155410918 208.0148339252626 990.6342755954842 218.92713453696962 0.14098072052001953
1066.978485599508 118.55492050007527 1079.00605232552 133.60117535570637 0.13654915988445282
102.8661427185714 573.984139798955 199.78953888835443 677.7289704309223 0.13093532621860504
993.6109424374846 223.693219011716 1003.9091515958335 236.53223127210646 0.1278039664030075
984.553881087307 234.7176875472949 993.5462315697357 245.9959818569952 0.12631826102733612
975.455700946822 225.75292134471283 985.3429177083876 238.11376829484226 0.1256651133298874
1012.9017370951565 168.15640306089423 1024.4512051161487 181.95206127427002 0.1256236582994461
949.8539568595975 246.89423391665068 955.425940256098 254.2695076551197 0.12456825375556946
907.6152313906666 297.35925006520563 966.0681992880543 364.51544814673935 0.12247351557016373
977.0619775193279 242.31665935081222 986.9340742997233 254.9632315605624 0.1202024593949318
962.2257062587793 240.30729936477002 969.4756250854291 249.5022508931624 0.11990649253129959
987.3612558107988 223.26364010112462 993.7319586257854 231.12994168730327 0.1195911169052124
606.227619907495 421.47305526946303 627.4009096051453 445.1068113546462 0.11790880560874939
978.766687093116 215.59613120115696 988.8990339854886 228.38185539638218 0.11749904602766037
659.2144818624284 474.38658971677233 670.531677806458 489.71737965360256 0.11679864674806595
976.4087239796177 236.44073085850587 983.503389836511 245.49826063172546 0.11568540334701538
1042.9545239582928 132.108664588416 1055.4234172913257 147.3178585852366 0.11486975103616714
988.5601847454664 214.67877499270494 996.8129881272914 225.07765363442363 0.11454561352729797
1009.5160046236778 179.73118741350416 1019.1914545005709 191.05762675127707 0.11407385766506195
998.862785378234 192.71854497994184 1009.8410381094759 206.68600295897443 0.11295204609632492
968.313110209613 240.79702108997031 976.3992118551043 251.160810480164 0.11256434768438339
998.0210528029112 216.62922089738277 1004.9270200930174 225.18009425064255 0.11140990257263184
1002.664487603131 225.63639190744559 1012.88053244651 238.48894624128476 0.11124026775360107
983.1111508364658 197.90779852829417 992.810717569081 209.71036277580785 0.1110418513417244
998.752223953728 205.24602728367415 1007.5248377880474 216.1311623789723 0.11092402040958405
971.4655830291878 195.40179419252738 980.642092530246 207.0469318246464 0.11083385348320007
989.2582295508408 235.7279579632321 1000.5949278571909 250.32802777171642 0.11083085089921951
1023.1804965793331 170.8110222083256 1035.079883899045 185.5635951326905 0.11007115244865417
964.6370491371242 194.1178986922889 972.6125701336118 204.84355249015053 0.10991452634334564
990.1836170912542 186.68389105145297 998.4718383905921 196.9775927380664 0.10967960953712463
947.0577239980161 227.5784116615832 955.9425295398776 238.8467273640307 0.10900155454874039
1025.91786727476 187.96167950358355 1037.1052830334122 202.58332053780305 0.10890305787324905
963.3558621113244 217.08765185990504 970.3097586517932 226.18804779423394 0.10858915746212006
1011.093125669088 199.80149403181377 1022.754358740768 215.59244791423757 0.10845663398504257
975.8347505032169 183.06308298548862 984.7382450851043 194.79150660278464 0.10835431516170502
970.8015173129393 209.84906477394662 978.0346959744826 219.0505506402616 0.10832978785037994
593.0061986805036 425.9258416939227 612.0105002236451 447.1781483276068 0.10819027572870255
957.7481773988275 204.51344008469695 965.0717847593778 214.61031340737728 0.10815698653459549
968.9509891331556 223.67621501938686 980.065223234242 237.82040750424423 0.10797610133886337
1008.4184975113615 197.34324122921765 1015.3554769565368 206.37026588042525 0.10778004676103592
94.36741396346584 399.0409743868357 119.45983405741444 427.22620459965265 0.1076652780175209
945.6380293412641 206.96685985859068 955.1659271231028 220.2046257387814 0.10764985531568527
952.5520977739864 219.88124891593353 962.4728696508046 232.53168846859523 0.10764528810977936
954.0235365591501 245.32811895874238 962.1265245870638 255.55133361571245 0.10760241001844406
1003.3521204056501 213.45055402686424 1013.1672159827486 226.0432159006822 0.10748010873794556
980.1849037427062 191.245437911323 988.2862381229396 201.7964474047728 0.10730550438165665
622.154910333672 449.49500420508207 639.4770243310151 472.52961682455606 0.10727448016405106
945.2585039625022 217.01400759683986 953.4003379923021 227.98152693181478 0.10706391930580139
626.2607575853514 473.7204708501268 653.4765137980899 510.768588506178 0.10672658681869507
967.8752523280856 250.5940495124889 978.0961947698886 264.0864793892029 0.10671436786651611
985.5795306297696 182.5249689623926 991.9039664412918 190.78733361189654 0.10660568624734879
1016.0654889718617 190.30931427896792 1026.0231197960802 202.66379402018305 0.10654143989086151
994.9138158517785 172.94156081890793 1003.1041740534151 183.39950021868347 0.10647418349981308
938.1491074227929 223.72682348831432 945.4884012087998 234.0897492614353 0.10630808770656586
1056.5097377119014 114.83843226175298 1069.2041453284555 130.83686255027285 0.1061050221323967
940.6501668195532 238.2744649755042 949.0785925944734 249.0032962387554 0.10593970119953156
977.7697823917496 173.4316804426881 987.2365603838377 185.85588080895457 0.10555070638656616
972.1858520531609 188.3285040525284 977.986773844357 196.31518101570666 0.10549209266901016
-2.147203412546571 380.67461727654154 22.198330230509335 420.9183733985049 0.10548193752765656
634.9398751716537 445.5751390095441 646.4302193231398 461.5313624595886 0.10546024888753891
1036.3920093419335 179.3799803126137 1046.7546313540495 192.48311894943566 0.10538528114557266
1003.2674518877674 165.77984160228343 1013.6196261409677 178.5642204373624 0.10496136546134949
982.3900603579755 229.16405434152443 988.1075426073534 236.6173195279909 0.10494263470172882
1038.6709023611568 150.6087354929372 1053.0542809109172 168.60646394569108 0.10492665320634842
72.5643234650648 377.2981051091092 96.13593342253571 411.71151023488744 0.1046886220574379
951.4686239768806 211.03432357752735 959.5223447421116 222.10860866613115 0.10455245524644852
1024.7963464779168 163.79764054520945 1033.5601505938923 174.75679560771644 0.10438596457242966
969.1604137951 203.60401834986558 975.627308967678 212.18658859754626 0.10434703528881073
939.6803606866887 213.12460651110067 948.5746047233993 225.59401976038555 0.10433902591466904
958.7342859192621 218.26879613005485 964.7088303340246 226.1154320769861 0.10429311543703079
931.7963527217298 225.8080044319649 940.2388973759686 237.90693428148367 0.10406535863876343
1020.0334823189017 181.47565821120583 1027.1186966196858 189.97850184126884 0.10388227552175522
949.1722349374081 240.11723221209581 954.934368480787 247.90586945324077 0.1032896488904953
961.3001884826836 207.80027921646135 970.5795917620678 219.51935668320397 0.10326813906431198
933.5330525589195 212.84278417147473 942.4847093984704 225.60340763385742 0.10317645967006683
681.7129083579539 446.45515367223226 692.7310124534953 459.4879664711802 0.10310368239879608
632.4998621281766 419.5298901823684 649.4049588872541 440.34451311962243 0.1030898317694664
987.1609076481163 172.38108049102328 995.5498974458923 183.26346718080134 0.10244836658239365
1046.4916485559916 150.46044269980322 1068.3966834109985 177.57211902985875 0.10222087800502777
935.8490796859481 200.9900103786267 945.0553010685633 213.8751083589249 0.10195722430944443
1065.8870101900734 145.65456498116444 1079.7999616492446 165.69094859728781 0.10192687064409256
955.8988909429729 193.27588275856925 964.7172811657226 205.37753359222972 0.10109324008226395
937.8444804384625 260.0115896551447 946.9746932688487 271.6571247219769 0.10053596645593643
946.2126268659001 251.23648575804657 956.2910649238751 263.9464300117816 0.10024793446063995
649.608774666138 451.81788993122615 665.9346188087682 473.697839516055 0.09999239444732666
670.1922374559173 461.52388604336664 682.3427266528148 479.411951441812 0.09974774718284607
1031.4182316673339 166.5340084297842 1043.7680434313272 180.58274595949058 0.09974382817745209
928.8257879019015 218.04450176848576 937.0578851989955 230.2141232940283 0.09972267597913742
935.21094993576 245.088457783979 944.3838485223547 257.0262821303981 0.09958353638648987
1011.5295384947067 157.3548960061961 1023.2078822088235 170.9038964927121 0.09949647635221481
90.82056568887802 368.1716357160199 113.83589470628111 398.2759003773016 0.09941401332616806
906.3278903462074 233.07406617315635 970.3346500877064 303.31549030119373 0.09939250349998474
43.31934496012166 419.8052684864748 76.91851684416334 464.9140823547108 0.09893737733364105
997.9675219228147 164.351053611025 1005.6149306174616 174.29253849232828 0.0987202450633049
999.6863994697359 238.65104715325037 1011.1932151676962 253.16669625987214 0.09867029637098312
637.2071542556879 475.3085058455284 656.6322731016602 500.8024979964044 0.09847385436296463
83.29754133419297 388.4550072132789 103.49103698868522 416.57496111912155 0.09843759983778
976.930703756659 209.7913340075992 982.3396069228454 216.84683664959078 0.09843447059392929
991.2594222252873 205.6067258677253 1000.9866740690129 217.55819636929604 0.09831186383962631
940.6350317877065 231.56482620956936 948.0974095062368 241.6283119442522 0.09820040315389633
1015.7024779649007 145.97408859182042 1026.9407674713552 159.80444317480033 0.0980355516076088
934.7144019500665 235.67886461735205 942.5334567626035 246.37189931473236 0.09791940450668335
949.9655063569671 196.56960830046373 958.4993142885128 208.4232914230559 0.09785293787717819
928.5756745827424 237.3776708863269 937.0394673789798 249.37453088783087 0.0977766364812851
625.3059678140062 428.05211855969696 638.7894164067505 445.61806936237775 0.09735741466283798
969.0943726680996 175.11976409258912 978.1163273294886 187.33735374357664 0.09735335409641266
645.2468770257043 467.9428417007636 656.5611183610318 484.18435584918103 0.09687098860740662
667.7028630046235 460.3920652658827 676.2730115123328 470.8991970412206 0.09669820964336395
702.7457062554874 447.0510829137239 717.2815937610126 465.47683083565676 0.09664600342512131
960.0679175989371 182.13093700300988 970.8312553185616 197.01279340819744 0.09663133323192596
1044.2902301639963 184.0733408004477 1061.3298886195898 206.47892122199076 0.09651127457618713
167.6866307743893 632.3402426570975 273.2461521043586 739.4211887793977 0.09649591147899628
1030.1823729104447 131.0157872106791 1042.541412642289 146.12938969989045 0.09640192240476608
948.9602716390763 184.3082354405475 958.5590886689455 197.415222354701 0.09623675048351288
959.6702213423124 258.7094665624147 969.176365234673 271.3217061120453 0.09617800265550613
639.1689155001744 455.767027897677 652.7254683466523 475.01894386752394 0.09608156234025955
1011.5398458724225 186.43668780909357 1021.5396931861759 199.33839890591747 0.09597943723201752
1013.1226648853277 216.0249948432812 1026.0830613477679 233.81070670773653 0.09588563442230225
994.551804168239 184.52899707187123 1004.8432685967929 196.90578862000933 0.09585947543382645
969.3601720579386 224.32867459145203 975.0215298080506 231.407424837784 0.09569665789604187
990.8795013203058 244.05910068953628 1002.2590296473018 258.77212102461993 0.09566076099872589
667.1683353377787 435.6085721884925 681.2415859031387 452.7586929156044 0.09549428522586823
941.4289006872332 195.44240822316334 949.8150475918778 207.06202812131457 0.09529324620962143
942.4581429922769 247.95477964984013 948.8941733648031 256.16052628712555 0.0951666310429573
988.8648170467355 161.09391463176783 998.8980712703545 174.07615390963332 0.09490514546632767
1061.0208838749193 157.8496939681049 1085.0702730996038 192.1048957109518 0.0946066826581955
925.8801020683177 227.34200542695928 933.8229156184583 239.14865887795602 0.09451773017644882
959.9638360687737 231.4106203087857 965.4489862816931 238.50136985469427 0.09381861984729767
1018.129744757331 205.95842978357643 1029.3204589241468 221.80373440698438 0.09375867992639542
987.2953149061423 229.58272638687288 992.9180769888657 236.77369361309258 0.09367100149393082
671.9714054276408 485.4551746097282 686.2857590194775 505.1214799923727 0.09325079619884491
977.5131702302739 161.8286223664289 988.2955306693229 176.4274363114742 0.09302352368831635
964.5907176539166 236.26706854458365 970.6190904575988 244.0045844409259 0.09298410266637802
117.79791529879571 416.492063269202 139.14851005621713 444.99806425248215 0.09293016791343689
1006.361992158577 157.8554337742769 1013.3156167723077 167.00310119335717 0.09272027015686035
1043.6349609736376 167.47587034895574 1056.9678877944577 184.8109766939312 0.09234683215618134
1051.9222740831626 135.77393425920235 1066.1499595911391 156.11716835336458 0.09212535619735718
1045.786568005106 116.08976851536603 1057.7461872641513 131.63750312058016 0.09201489388942719
932.4840828231111 267.0288653984696 940.8372825944007 277.8928628643985 0.09195320308208466
579.1148687217993 444.80552226902347 601.1348699665434 473.8960597250519 0.09168457984924316
999.2499435303249 141.1074265023668 1017.0184293167391 163.06775486700224 0.0916408821940422
655.5928907424503 441.3463328839181 667.9162619662211 458.05528957311407 0.09158660471439362
972.8101171575095 257.1352214386506 982.8913265406155 271.1046016736755 0.0914125069975853
1033.564441922073 192.90523047691005 1047.4060505958892 212.1512767851015 0.09104503691196442
956.5048634543184 171.81570560547937 966.6135849057459 185.75577281829925 0.09072865545749664
871.7395546753078 341.6712981256539 949.6501846134474 432.4356110692043 0.09037154167890549
1066.2138053520052 121.44134156024214 1083.500304009242 143.84076865471022 0.09028103202581406
973.2533096342214 167.93723280936675 980.1135171182824 177.06563834839852 0.09028070420026779
218.0433018095508 451.1641123034129 274.2299095888608 499.1172771028183 0.09010343998670578
609.9356736374529 504.5504315063382 632.7976301665492 533.7617575514008 0.0898972749710083
100.345079898649 379.9405741976592 133.9622517744646 423.6868827312965 0.08987198770046234
-4.543109985296247 324.65220908940836 24.125761683189708 367.92754450139137 0.08969374001026154
261.33018592445615 458.3806750331276 353.66349157541487 564.8019870702544 0.08938734978437424
644.3032624073295 436.76609584716255 656.8494293940453 453.18721186379145 0.08931735903024673
953.1593027587716 369.0065254284755 1020.4752714910421 447.96339001637983 0.0891498401761055
987.6609086851215 148.29827257334608 999.6713036750799 164.54239046646782 0.0891340896487236
1042.7023251761634 209.54122149528845 1068.3263517463336 244.4569633423027 0.08884552121162415
108.05678998415716 433.46933049783 140.6860891608444 477.66698485707053 0.08877384662628174
572.3245007962194 461.67977647458935 605.1470034450041 506.8090130801396 0.08876441419124603
1005.1556081761881 230.76000899793797 1015.3469946115625 244.1124773076745 0.08874731510877609
944.0405019851338 181.91046249886278 954.1241846669261 195.87622099178787 0.08874673396348953
1032.2819529038807 117.8356288216962 1044.6660911510648 133.7578387363147 0.08852192014455795
702.0520974704226 461.8905809658812 716.0929394440476 481.34869669437575 0.0882621705532074
632.3463225752856 462.6995189793756 643.0785176082621 476.91174049429696 0.08811846375465393
615.8641109517804 409.2583311182116 633.2792274364223 427.2611862308861 0.08805425465106964
701.6362184226714 496.78981799208935 711.4340972341254 509.3165746951443 0.08796581625938416
955.1150852194487 231.54327239437455 959.955410096288 238.04997239175884 0.08791053295135498
610.213211514983 446.6831188142214 623.4995235785439 466.6939556530956 0.08787727355957031
1024.2804463058956 212.26501275181704 1043.2568231424327 237.6108599536134 0.08776968717575073
638.6690402818559 428.61988812370254 669.8207237264031 469.70220574546687 0.08762519806623459
657.9374831279703 460.7077174215375 671.6994083083331 478.4068471557017 0.08739618957042694
929.5708301016047 194.67536680390265 939.3939546723425 208.7554514866465 0.08720789104700089
688.780141065896 444.0043412190459 698.9073903469548 456.37166312391685 0.08658378571271896
953.4245937736171 239.13442237730632 958.428033415748 245.8014724708418 0.08653979748487473
1019.4260315373185 133.5187738254649 1033.7697809740896 151.18152437074843 0.08631164580583572
804.7054186868163 435.84117836267825 843.2733964256106 486.5602305510079 0.08599121868610382
713.1914177522044 464.73071080240186 730.7268400017491 487.93168933029574 0.0859869047999382
623.202783930409 471.4686267615284 638.0048781682849 492.88292817111426 0.08576005697250366
102.62701646510651 10.245982364680012 190.95788186584215 104.98898455534868 0.08552313596010208
962.8767757766801 161.09106097830173 973.6559531468072 175.81542164642934 0.08523403853178024
1013.303409593923 232.69961677655573 1023.3277447348387 246.18580902673182 0.08506026864051819
74.92169061873497 407.12754646682816 100.19190058122071 440.1064001085675 0.08487671613693237
108.0932719646002 370.11375909984844 134.05691421767662 404.6119280145265 0.08449061214923859
954.5304985930213 253.61534736951813 962.5770960995449 264.3015971608878 0.08429514616727829
649.5153814239441 486.69495163201896 670.6822901847413 516.496985784649 0.08417747169733047
619.1131768383933 463.1220353794804 627.5751967461704 476.0202010096798 0.08417245000600815
916.7565680211748 151.45287626342605 989.6234766229186 233.5567642475898 0.08402960002422333
681.5656761197724 500.61984742062026 694.4379892800036 516.799746881758 0.08384957164525986
329.8621967008554 152.9948601141137 412.8667764433967 243.05347942139213 0.08361393213272095
1008.593824911148 173.59668040608486 1015.3554021394248 181.78203300446924 0.08343282341957092
-16.420618695604396 275.4615150229258 72.90471612633793 407.4897671801589 0.08338119834661484
935.6122681928415 185.17855685722364 945.445992113078 198.75810930814268 0.08317629247903824
576.0742999077238 418.5868203018406 597.8244533490607 445.21023557198 0.08314236253499985
675.7880462841852 452.831898091695 685.3900361333333 464.62557771983893 0.0830957442522049
984.523905925783 250.67663300760648 996.3459898369262 266.8175254406439 0.08307881653308868
677.4320869658135 513.9087719653492 689.5530375726094 530.4341782188105 0.08299653977155685
661.0832394233591 419.13578584542347 706.6117060095822 478.06158124132185 0.08276677131652832
980.6611002094465 198.5237720500922 986.0736936813021 205.67164490303756 0.08262219280004501
635.6983415179552 503.362382590019 652.6200341540708 524.6084813375514 0.08262002468109131
248.46692557895236 381.79599094374043 302.14533916671945 444.40775720625453 0.08254310488700867
724.1941545551508 478.57793621043004 739.4267991867644 498.3855018711585 0.08235802501440048
675.670036735446 492.9204988475652 697.933888466018 520.1863415461178 0.08235619217157364
689.8989651121051 509.81924513111096 699.810271586341 523.1687305382179 0.08222518861293793
121.08876104834907 391.50667720234134 147.7173569661368 426.66067440026455 0.08217868953943253
591.1268876891628 399.27310058301566 617.0425274639307 427.54575059839965 0.08215480297803879
148.90559776010195 398.56030657241865 188.7281107016016 446.816065955172 0.08212333917617798
647.669480206058 503.7849915762111 661.7360769882736 525.0468240626222 0.08208641409873962
50.520675616770816 331.9048879776097 87.78997342616323 382.0785994539352 0.08200423419475555
1000.7897597957694 174.8562997737655 1006.0548735702492 181.32515977231006 0.08196593821048737
732.4273289167159 343.6489706123485 922.1866588549362 562.892203708976 0.08191616833209991
663.6581480688071 451.19513553134425 673.5115028667512 464.2261009185989 0.08189503103494644
656.9234522083214 499.84634404726745 679.8799317668459 531.1066080587524 0.0818929448723793
16.170307606449114 427.2098925181081 43.60469049453895 469.3996826553778 0.08187567442655563
939.9062569920575 255.20080713154908 944.8528669691973 261.6221194452778 0.08186249434947968
943.0369175286985 167.06346616506798 954.8701919048101 183.46544067112538 0.08178133517503738
923.8220433717105 248.923147028374 931.7297235169113 260.3503989610416 0.08163902908563614
707.0930593921493 502.113199903426 716.1684206094336 514.262054814835 0.08137798309326172
980.0366583458092 274.8021387505284 1015.2944111169501 322.02405247687796 0.08111301809549332
977.5000065161204 202.72450462426525 982.8962364562633 209.96457594131766 0.0810956358909607
673.0990164168185 442.3006230017016 682.2094442819595 453.9038154958123 0.08106556534767151
980.7068639395139 127.52320040166815 1005.3359860585829 159.34461563300334 0.08097458630800247
711.2435704562538 443.54457979041325 757.9894210985726 501.0557384130728 0.08052804321050644
89.52417780655952 432.63789122842724 122.69852250059621 472.20392100615686 0.08025340735912323
652.2289606196006 406.1319170421337 677.47458807627 434.05537362736356 0.08010189980268478
1004.3555604335492 116.04694055656375 1028.4433820528411 146.53857158234769 0.07979156821966171
652.703665703595 427.8457052382222 665.0510590588246 443.53191519456465 0.0795491561293602
926.7757878669336 347.4501805896275 967.2082501288713 400.26660588078886 0.07930874824523926
925.775417898369 528.6789206381468 1161.4204112096368 805.815716304903 0.07896653562784195
594.7049027622141 483.5287414007491 625.9077974850775 528.6958695646466 0.07877522706985474
63.247428507946296 449.58471556067775 99.75200761570026 499.5536168508066 0.07867821305990219
696.7915311886488 507.2140923263151 706.7919788810465 520.2090042147154 0.07856927067041397
718.974922713785 490.84091245246583 728.4533427568336 503.589706120795 0.07836718112230301
1005.6246106810606 238.4200531378187 1018.3459096016207 254.970480184895 0.07821488380432129
16.075619749849988 360.359440894151 34.62576028130839 389.87994593580527 0.0780571922659874
689.6818278599917 494.93369299504167 714.751505334422 525.9023989984933 0.07777227461338043
1060.8103449232322 110.9240913332385 1069.6893672558701 120.34314127499809 0.07756543904542923
687.1460450439687 488.2055750480166 700.8585118700279 505.12637938208763 0.07749509066343307
1001.1888117003098 208.9055033679737 1016.8950251162031 229.3157418876589 0.07729083299636841
950.336316577784 155.72203045837202 962.8156971261739 172.6230933276938 0.07721176743507385
955.8390474790008 235.10114983338408 969.2346007457478 252.4036940551512 0.07702876627445221
1012.5199693935298 259.095835316256 1038.64643873135 298.99983853020046 0.07687067240476608
-14.127941765865685 436.38153831997545 26.348714977522793 504.08328938178926 0.0768335610628128
621.3080882857442 506.8122878488311 645.86096817877 538.7368216103189 0.0768054649233818
128.77539952020928 349.1340269797752 176.3578866737186 406.8438098890025 0.07658702880144119
704.1549538763636 450.3232762320598 725.336029079319 475.7051473943582 0.07629290968179703
586.6382228633616 505.3648087033812 614.1758571903902 544.5373104918178 0.07619663327932358
17.354021918568954 463.1798053608675 57.52588170924647 526.8022321270122 0.07613781094551086
100.52996824059906 414.2347332533898 120.21500730404759 437.11069384437263 0.07601587474346161
645.2161454923586 494.9176707589584 707.707076122086 588.483382356697 0.07596325129270554
683.8059638775103 519.5190997399358 695.7862803886942 535.5072978711473 0.07589772343635559
720.370631111459 454.558146527336 733.3471246053442 470.36363680808233 0.07577977329492569
76.38220522311846 343.32671703419146 102.65352360925095 379.5226053060512 0.07563197612762451
1063.3674021010297 190.17260258565557 1086.1281244466038 224.26128229983755 0.07561953365802765
692.4798707635516 428.54195956344057 717.6343441222041 455.3133685740473 0.07542330026626587
236.53839936905158 314.9162750770229 289.77528270413586 381.6927199671607 0.07539068162441254
195.29556013756826 403.0372308529738 255.86809026620196 474.16774490748537 0.07485390454530716
-3.471537938734413 378.75226476997193 12.44567976346354 405.2530748486678 0.07458842545747757
160.5445049923843 440.00175452246236 211.2768839685588 501.2963332897607 0.0745307058095932
681.5629165504521 449.36713961984117 687.6711793324229 456.47610594261033 0.07419811934232712
573.5935208260559 477.10404547007295 596.7612843435202 508.9971642934718 0.0741141214966774
-34.72010977656699 623.1955265757866 77.20122828310627 757.6583425318566 0.07392445206642151
675.7508735462266 427.2558895154883 689.4750539074888 443.7819747382666 0.07379921525716782
534.0320573849393 398.7756880776777 608.527544304777 490.46897734777224 0.07376683503389359
1027.6846127354947 242.76226439397112 1083.4677527719018 325.0792400228721 0.07357019186019897
624.7307747279704 441.12927271568975 636.8755315945075 455.4087145349899 0.07354725897312164
1007.5401347086136 208.05097981648763 1013.5866393472969 216.19510734692895 0.07336068898439407
15.21625444786944 413.8288410870682 32.622778588655564 444.23510408658865 0.07312218844890594
664.7422994801228 428.584162579219 677.4547004637527 444.4091498893424 0.07293892651796341
621.9565453319428 488.8909105804165 635.7966221826985 506.2713746078497 0.07279129326343536
32.1069620054164 441.9942409941361 57.81409354809197 479.65502714353545 0.07266131043434143
25.588951425965764 319.3092017622849 59.60506980622383 367.59332137686204 0.07259233295917511
652.9369353564541 487.3948596398443 662.1264473524872 501.67722015292634 0.0724470391869545
250.50139963522437 270.2340015392471 346.85592533691045 384.3989804529422 0.072431281208992
703.403493282414 508.2631080576207 718.7964070869892 529.2311837262032 0.07189416140317917
546.2423412171655 453.8635800878792 574.3390223066544 490.9593178838353 0.07175511121749878
674.9978578647474 522.4746221272322 708.1517823367296 567.354146907181 0.0715823546051979
658.6069928200377 361.1366225180094 710.7370071964214 428.32602403058667 0.07131820172071457
563.9723908719295 367.70238587317647 598.2609207240199 412.52487308946394 0.07128368318080902
579.6784414679469 401.4189098174439 599.5997900390464 424.0754296568275 0.07116952538490295
618.8332109417694 369.5873469352437 667.4914393280278 426.2840578284024 0.07112591713666916
936.9862602571765 256.1728566764777 982.0155223626397 319.0864914955832 0.07105401158332825
120.52159603839623 463.54978381697094 149.63234868957844 508.8885597411658 0.07103089988231659
696.0494631353685 522.1628966246749 710.7118730183979 541.1407223297253 0.07073415815830231
96.80447621683463 335.21740756799954 126.1074307503436 376.7874622147961 0.07069537043571472
954.4320532893303 306.81786150841435 995.3993768860164 360.59132150802117 0.07052262872457504
710.0419805293602 496.8408430915393 734.2040410961876 528.0104835107196 0.07025427371263504
92.20192806873412 319.3141636618675 127.78604761328066 370.0562071374901 0.07014992833137512
668.7477173961469 472.95955989516216 677.9524122848094 486.19756660997683 0.06999055296182632
193.2428102290438 530.6638709863389 328.1892605954747 700.6733802869848 0.06989147514104843
670.9370333795154 524.9613633936012 681.0941609335893 538.8141849508703 0.06977406144142151
637.4075614903608 434.15526512250386 645.2271184023286 444.1934033019291 0.06977248936891556
209.10284735146362 265.56928906155275 264.28487198780147 333.8092696951201 0.06969303637742996
919.5509628178002 386.257904317775 989.608299991402 472.4934071810546 0.06959379464387894
714.7661667755901 418.2891329704044 744.2417754824036 452.09608898645797 0.06949640065431595
148.67388406212632 271.8400742596868 194.69926320991357 325.3433549850661 0.06924495846033096
955.6208221174334 356.75845644569563 967.0709487348975 372.61867692532013 0.06918579339981079
964.7113088442247 360.141778904229 974.8314856892963 374.23562603344965 0.06915410608053207
539.160644961017 385.48558605024135 577.6950139848514 432.29252858525643 0.06906815618276596
734.0997552346622 462.51678595977324 787.921132622955 526.9973124766728 0.06900566816329956
7.939906546146956 366.33196583162265 22.986420443031836 389.7777929269774 0.06893333792686462
736.1444061958196 493.38317821760506 754.825941575673 517.9088799772212 0.06885607540607452
653.7526471889678 517.6023625296157 672.4943743364056 545.8291032216272 0.06854116171598434
121.67402921981576 478.27449047273086 161.55055985526502 533.5790568639479 0.06850823760032654
-73.7581802415858 535.9076168100755 142.59730126927818 795.0275631000497 0.06824880093336105
557.6201210982446 437.5407185959985 581.5264570430144 469.03623037355993 0.06808595359325409
205.99267313098906 398.269240680845 232.93237767276887 433.7099931836199 0.0680762231349945
548.0797517748886 490.7194945787733 580.0706244336884 532.8832766659214 0.06795411556959152
163.47534744729106 315.819297711275 220.48813620801144 386.5356824772381 0.06788375228643417
323.9191965741889 526.2900872589014 552.8287373170501 784.7658037139906 0.06787250190973282
933.3795660258005 314.62578764683633 965.8369445069042 355.15022495190976 0.06786809116601944
-3.634714654954842 432.641770333696 19.114878101421144 471.61818763065486 0.06763941049575806
628.8019986197638 397.8095422678336 651.2479015307318 421.41817734395386 0.0668613538146019
91.23701393772724 463.11051421247646 128.67141739822347 521.0714250425452 0.06679089367389679
138.39363502272764 420.1891112607955 161.0237687641082 450.2706184615115 0.066780224442482
-0.6908042308700754 334.4418994624767 8.596940365689559 347.0864478605621 0.06646373122930527
530.7836782958101 419.1021230846609 562.0083132117661 456.94378365507487 0.06641442328691483
106.89148363740861 390.8074788304636 124.7742044806836 410.1158071227015 0.0662870854139328
873.2421414474032 262.19905515062203 924.5906417918928 332.824977909976 0.06625228375196457
28.106608744337915 129.90479186027184 47.66135880171686 155.64819011126693 0.06583292782306671
141.41377006883826 509.4131204549684 223.308284242519 599.05049521717 0.06549755483865738
-4.919583181334429 365.60174678382987 12.571613907607842 392.22175229019706 0.06497739255428314
682.2629179559558 456.0042754776753 693.2106548402213 469.17864649735094 0.06488510221242905
641.7926077511495 478.1764341987819 729.5091500946234 597.6337343374214 0.0646451860666275
693.9307934191861 458.52220367074887 706.0610376269598 474.18498282071823 0.06457381695508957
36.33289600899389 349.0456992878663 68.29010479667942 391.7456367671138 0.06394191086292267
623.5342015662814 539.8097922712027 663.392537735692 601.5453584595027 0.06378132849931717
-55.146303287249296 -59.55423977238719 120.25080559661107 147.7165027719545 0.06367764621973038
940.5896721491008 354.19889476591277 963.9813456689056 387.1014360932779 0.06367596238851547
643.2569189542477 517.8382464614727 654.7404708339958 532.8456540885402 0.06348565220832825
36.66155327212122 381.7477083687843 170.13650676603407 566.4856230874989 0.06337469071149826
143.2731441485012 383.8597689643171 172.9632218330793 421.1168921376096 0.06319548189640045
628.8413293956634 525.525162177259 653.718153333923 560.267596364709 0.06316506862640381
762.4460481886318 537.3777763841593 947.3737535132291 757.0364203717492 0.0630720928311348
734.2341777321559 537.0786431250285 822.2381670034806 641.1856133078564 0.06296879798173904
715.240125834484 56.41003675463566 932.721029526426 302.24696816538824 0.06289735436439514
610.9650809745117 395.2561908607631 627.0096825585907 413.23946872006303 0.06281185895204544
642.498957226726 410.04740002822325 654.894304115007 424.58471803839376 0.0627961978316307
1033.3144988670056 377.104751262725 1087.20608431661 455.1118416682769 0.06254780292510986
13.23562198958869 327.7536937908137 39.90723498156844 366.73211263388043 0.06251982599496841
159.1291633486956 66.695178302508 370.45661798538947 330.0541203981358 0.06246452406048775
712.2566742142584 541.5753354233495 723.1705095504904 558.328895032498 0.062026701867580414
945.2179661791936 363.19179127593566 956.1030116365318 377.8388984383839 0.06188340485095978
685.6724812325346 418.5344944483918 700.298500333888 436.1034609943068 0.061833690851926804
746.5780395853195 497.81014306585814 759.0566416093891 512.894132375996 0.0617411732673645
181.68349114492116 383.7553773639736 211.90142357365855 423.4368615686141 0.06167279928922653
592.1804652253178 378.11370079561885 615.7311081935859 406.14192303478654 0.06164553761482239
570.5856708941292 542.2464618961105 617.7840847762836 607.5895385389036 0.061527788639068604
951.8517100913002 -66.33849196176718 1136.510369876788 160.6545598496611 0.0614403560757637
732.7977844654939 458.4152119722827 747.1571908761812 477.35481730518944 0.06143048033118248
702.7361522957067 537.5649366135726 715.9157347414688 556.4734869395617 0.06122690066695213
722.135765071924 388.91981487372675 751.3795803577209 426.9713102388073 0.061057690531015396
-22.037789030004344 443.8181481977685 71.85963503444832 594.5660933239108 0.06054845452308655
726.563451972273 357.9426461950568 773.6201328149021 423.711956465741 0.06029241159558296
678.6878182903954 408.32618044475146 692.5754731292973 425.4740488883407 0.06015085428953171
709.9387516993187 526.5382303111589 719.9529155276771 541.2742725460852 0.060128286480903625
962.8728313395906 338.3651800159023 975.3843253847871 353.9942321717595 0.05989207699894905
1011.201611459827 -30.340479245721397 1095.9894002785984 70.86335042728507 0.0598907507956028
453.01926942781216 267.96728828712565 566.6564075079784 407.59549784496795 0.05961406230926514
718.7841066046856 523.2466961554587 733.6049208516282 544.4128537526061 0.05941453576087952
602.5131889925212 540.9754480369215 637.7279358118818 590.5467668811181 0.0593651719391346
17.346911850871802 379.19266805612733 29.539145721875578 404.5720742553751 0.059320952743291855
647.0540733361481 424.96025722468147 654.3498569233813 434.92364145964524 0.059230029582977295
740.6720334721243 464.05474449035114 756.7665004810318 485.94844205701554 0.059080757200717926
733.1749006988437 515.8674383592695 753.0788248256848 544.9557729097726 0.058804888278245926
64.91200963600112 259.0476135610253 120.40872394467021 332.4397448948009 0.05878636986017227
144.00983985734965 445.1344712127495 175.75107359763726 485.1331320295142 0.05862341448664665
664.2319303965928 620.7145344389764 768.8846590308688 742.8006416835238 0.05859067291021347
645.4678188132513 525.5294303968644 659.5567031157859 545.82289386588 0.0584016814827919
553.8263021208351 530.9312460595231 597.4019176786308 588.3816232972299 0.057961903512477875
969.5877644970535 343.8955968462299 995.3190242777139 372.75184126954156 0.057926516979932785
725.4964064973219 510.8737764878886 738.6478524732793 528.7971177116973 0.057907406240701675
1016.3777410382653 162.0276277967916 1088.4788211676362 269.75756714858113 0.05769212171435356
731.5029799632863 495.84835451820936 741.4944004560838 509.51602360362307 0.05758129432797432
38.341682618277055 415.6670336458131 52.983890614895245 435.70144152646384 0.05706985667347908
685.4099513181192 532.9788764043908 694.5938675506151 546.3284661124549 0.056905314326286316
942.4821756388807 344.8052918840844 957.8471707703084 364.6409061167274 0.05681299790740013
931.460391194749 371.09912325976114 945.3655522927068 389.7381694957695 0.05679185315966606
155.53029349970882 482.1557862909889 227.25593552170875 558.7670588580374 0.05661618709564209
285.10683325632647 256.75695730795684 334.26658334132094 322.80591258617 0.056418243795633316
665.1221093256731 538.3239094324393 677.9138792458002 556.4414243763921 0.05574078857898712
613.8960653422279 380.0281090313109 632.9095680296073 402.8925963577978 0.055701132863759995
674.2711006100113 537.225480378847 684.8481952595881 553.0697749888851 0.05565670505166054
67.1685395614812 402.27921209022077 81.89345924772998 420.0480290411764 0.05522717162966728
290.7097143947773 382.092389510661 333.35779936953463 434.8072098595523 0.055042725056409836
479.5280186420385 503.3879182615023 595.9953990467815 643.278316500803 0.05496666952967644
728.8382942278201 582.4941213135298 736.3565926272429 591.796576586017 0.05410515516996384
657.0255475973559 420.83828697962065 664.1752044415706 430.325093918938 0.05371135100722313
690.3334299507377 542.2921131017133 699.7222875812632 556.3763223788042 0.05281103029847145
972.9696714628216 359.8177233517189 988.4620250123139 378.40368014304613 0.052548084408044815
737.8189500086219 582.4568254307848 744.8247811945573 591.146324893802 0.05173107236623764
946.1257462205989 -1.4544150305947892 1015.2283567550863 81.0864962451314 0.0502922423183918
