467.14130751723843 412.1986460088688 501.05074997551 451.77882794175196 0.9999853372573853
620.5937617219762 373.49965500657925 652.6739566921136 411.7884363512181 0.9996627569198608
392.494789901579 415.8419391319468 400.93060255166904 427.0548450358637 0.9928146600723267
366.7610603224064 401.5838823496269 374.8884774452589 410.7374807441564 0.9809867739677429
353.71753999479733 414.24698670153646 361.7056609068424 424.4655021273768 0.9473771452903748
642.799021712796 193.9869831216445 647.9638352012488 200.75263958588445 0.5340016484260559
358.14449137917796 424.7624277374814 365.2399955595459 434.19980639846716 0.48975980281829834
632.4150938903222 209.3135640792932 636.8890483818575 215.12804131849907 0.34944939613342285
635.3005925725274 200.25827812523264 640.2091108634719 206.56906697395857 0.2937597632408142
654.080832611514 190.4797372698614 661.1903723518967 198.9514328388928 0.25183993577957153
495.05112052698564 360.3554318702913 523.9602651494245 398.83739720196127 0.2450057715177536
594.1960564334266 235.3938912977043 599.1922180811588 242.0226905884372 0.23231089115142822
597.295271110846 228.59801029352042 601.0267029841855 233.26930817031266 0.2099091112613678
628.9083869705032 205.49959607126794 633.3944907119278 211.09755616530393 0.2037508487701416
650.3990315899554 188.16623217042795 655.8607271406898 195.31368971029005 0.1902003288269043
661.3119950986771 181.97824947804241 669.4473548517053 192.2013547924111 0.1883697509765625
917.3927218438603 378.0847190878823 922.9174781825483 385.2270462040528 0.18013614416122437
1060.628196448143 288.95521707510613 1075.7228417220388 309.1182388755729 0.17367905378341675
659.9045977211945 178.8846065753209 664.737758435793 184.9698534280651 0.17068706452846527
257.50849783264016 518.115003248293 269.0539229238353 534.4379270847018 0.16404178738594055
639.6169285548515 203.648887509361 644.6159823242344 210.18145344532223 0.16054078936576843
391.47062238490787 435.11691878317845 400.11324132232824 447.4292368207207 0.15994161367416382
606.1348173873579 227.5860501220724 610.1567228684368 232.88286454241083 0.1555757075548172
600.9238952956648 232.26866748039475 604.8068505447012 237.2647725114852 0.15437601506710052
384.0091524868084 396.7765500584686 390.1236216580171 405.47228000043674 0.15340183675289154
1049.5555730617607 292.24209548519417 1059.2550155019303 306.5120417068834 0.14961890876293182
647.2765322405991 198.11029120928174 652.4514860870609 204.8695642937081 0.14904429018497467
602.9572093455149 224.3461952913589 606.7036654289496 229.3226719508708 0.14880165457725525
610.3030852260939 220.5559538787239 614.0447528575478 225.38491663248385 0.14485934376716614
613.3860147875566 224.19916841599314 617.0087247842507 228.77433998527826 0.14425994455814362
668.3388135461233 173.46775133026395 678.0755997750606 185.0308933771524 0.14184436202049255
615.3977621974043 216.7501687001003 619.2908277436775 221.7055793797092 0.13553865253925323
322.9277174712369 414.970960582444 331.3200702441814 424.2115021384144 0.13552765548229218
333.30297440857856 517.2638618515532 349.5407424420984 536.5567448941918 0.13522036373615265
585.5393719769347 234.95255432591875 589.6066999403171 240.30838932224248 0.13401269912719727
671.1572418735244 189.1507430003871 680.2222935433555 200.46917521906013 0.13269031047821045
622.6386234979509 210.22479006294802 626.8204204004127 215.7250515935442 0.13143283128738403
591.6974578907756 230.75284879131377 595.6451496688564 235.6266772436504 0.13045048713684082
619.5686215012239 220.94916911794857 623.5188080864104 226.22875887867374 0.12956133484840393
625.6024335845495 214.8812894360405 629.9094430851865 220.43949312275916 0.1288616955280304
666.8834744939901 193.91638032066118 673.2128229508156 201.6342493077054 0.12867581844329834
677.6381766644959 165.48351041829883 686.3282124166541 176.27887013618854 0.1276364028453827
656.500540615754 198.04624971431554 666.3081746660587 210.52557237850104 0.12497571110725403
369.9064376938625 438.83951738226347 380.2829387838068 452.4439859314181 0.12440717965364456
637.1733101293001 215.55360025813172 644.015790498341 224.50598666881666 0.12180839478969574
644.5329560491748 210.9316643414041 652.5035689624832 221.5947951722283 0.12168929725885391
625.9560010385361 226.2328577287476 629.2387766119062 230.45518875689532 0.12146783620119095
985.7171155995375 377.9514628630492 995.8083241387151 389.5257630524468 0.12040330469608307
687.2678859943154 155.95110259110854 696.5687710410504 166.79854677659173 0.11839785426855087
676.442135240954 200.57449457469335 684.3512770488062 211.2516997287243 0.11813864856958389
628.9173762471206 220.573710649423 637.0137344328112 231.40802879375832 0.11715090274810791
959.0316775080747 375.11546097756656 969.8731010320731 389.41146392328716 0.11670435965061188
614.0361304632079 228.14527204680124 617.9687856565236 233.12522826008305 0.11623804271221161
1033.036310989905 427.42206242437004 1041.0686244218628 438.4223446237568 0.11605807393789291
680.6213160526339 174.717636666361 689.84929060015 186.3702228355546 0.11596491932868958
623.8550927492004 205.86012958914446 627.6957581539706 210.94510986999364 0.114467553794384
689.4370442673961 182.69290124903904 697.4778071428103 192.89123927648507 0.11438000947237015
606.4969950480688 222.7713281465145 610.1044240761273 227.51771068847344 0.11396028101444244
674.088163374767 163.84740198581477 680.2676603017588 171.4372244312964 0.11347224563360214
609.7110052006761 201.31837713559494 617.6879323329938 210.9656840574521 0.1134365126490593
619.8708015523698 208.32391715441995 623.2371121991312 212.8497340922452 0.11287714540958405
645.0526872432202 178.87368434001561 652.2980721433049 187.9942228926325 0.11276569962501526
895.729492959531 320.5115176558312 925.9329583518918 367.70383372498344 0.11273151636123657
609.1125011700784 234.25908224552742 616.9736649045593 244.74692891251786 0.11245698481798172
609.8394146433657 216.19974507759667 613.2206682244835 220.65775669766978 0.11180392652750015
666.0105021705738 163.62991150473758 675.1835393551929 174.5204471711458 0.11160803586244583
617.9445540717857 225.56220924640368 621.4453257511198 230.36423775225592 0.11093885451555252
615.1484656424088 210.65262622580576 618.5541323162312 215.10095627769587 0.11043091118335724
289.2849542641459 552.5084029038793 304.00561873688014 570.7190155929165 0.11004187166690826
310.46535139995956 557.1737193362942 337.4894201275328 582.0628104164582 0.10995111614465714
619.8468793903406 212.77738374915012 623.5224293669165 217.61749867869753 0.10984990745782852
656.2541152139999 183.78541570880256 660.9586204874156 189.62677193123804 0.10982935130596161
672.3273475582546 184.2960824774937 677.7322416103665 191.00194948184327 0.1096142902970314
631.9190017309985 202.21322914332785 636.2464665781041 207.82026704292886 0.10953345149755478
605.6344520312192 209.82401497947814 611.6563874440171 217.2262244678601 0.10949604213237762
657.1973643385993 164.41035472333672 665.8733643845075 174.6339493203635 0.1094580665230751
596.2347288959107 224.68144076761303 599.643199475496 229.08447891781896 0.10944569855928421
598.1052511543307 206.95831665434335 606.0968536505736 217.0224244290988 0.10885976999998093
604.4907389927238 219.3550453738183 607.9902775300851 223.808832030515 0.10863015800714493
601.2692988690663 219.95572018290545 604.6947465813811 224.43193366971724 0.10837836563587189
627.9708197615811 188.14424623914385 634.2560759495368 195.9713665391988 0.10836252570152283
637.2676601934277 178.13687946473922 645.9037890296088 188.64781962721304 0.10829682648181915
610.4187475884878 229.00274663872196 614.6126409964252 234.32461309798424 0.10825980454683304
617.4208528511468 195.01585791679926 625.6976341453819 204.96401920723252 0.10778003185987473
639.2925976801602 197.852160888508 643.9348847479349 203.80793359606534 0.10761164128780365
591.8063873211598 211.95748398784625 599.7499585459934 222.13761599267244 0.1071857213973999
599.1667181738759 223.8457618043289 602.5823018574357 228.38666011660146 0.10714960098266602
647.6912401982958 192.30037681297665 652.430951267955 198.52916410070773 0.10694007575511932
644.0716883769961 203.47985544406106 650.9638777448986 212.50077270404404 0.10691536962985992
627.4046660558149 210.58519996202062 631.5438705446759 215.8424315156074 0.10685160756111145
374.9655838611481 421.94535600518407 383.24270350051415 432.888678071 0.10657810419797897
614.7633692376946 185.61407913271088 622.9124838650487 195.694514699109 0.10650404542684555
626.7590691772967 195.73123227574857 632.5540432209259 202.93215727219211 0.10609829425811768
588.9497663228136 226.78837445182376 592.4487890630261 231.5274956653261 0.10564395040273666
619.9058188286032 204.22085652072613 623.8121009874876 209.37134113040418 0.10536959767341614
611.7711159083976 210.23864614051303 615.5928357574783 215.25142004503059 0.10527905821800232
646.2548407179594 170.48521241454122 654.842712588177 180.8984991160675 0.10479360818862915
317.2054115777754 55.373057739447916 400.46851449606254 151.64425982851023 0.10449759662151337
310.9743579271576 528.0228718520126 321.3241330150174 540.9188319318652 0.10424846410751343
606.8750070801821 232.85929527005516 611.126187862518 238.4344714219605 0.10416139662265778
339.590531365323 501.71504692234123 347.4246651123061 511.1074964546209 0.10413037985563278
404.00475215553354 409.06975926830194 413.0258117978248 421.4959131761191 0.10369829088449478
625.9641527193187 200.59884217588063 629.9281011154455 205.89365063634528 0.10351771861314774
336.12245160644943 554.2539591751705 355.1246411151473 576.9444002401988 0.1033342182636261
625.3890060117127 178.22865433159495 633.6176911524074 188.51053404597315 0.10311463475227356
594.3556709198755 221.25421462807907 598.0800913816623 226.06972501526107 0.10178892314434052
324.0219625237497 533.2574499473179 337.43257361956904 546.6918108787474 0.10159283876419067
663.7589487204448 176.33919349631034 668.5256763100841 182.1284402573985 0.10131572186946869
638.4340267687098 187.83529596077213 644.6743813470277 195.81804501542703 0.10106219351291656
651.5812675840059 182.6853987766382 656.021686233949 188.26388173136868 0.10104864090681076
320.5414587613226 544.8386929328786 337.4668790821221 561.974568599741 0.10090711712837219
341.64457136743266 534.6893621358864 351.49931968407594 544.9648974209471 0.10087844729423523
361.7474057225652 409.50413991282693 369.8627696079712 419.6509927772429 0.1008295863866806
633.3161346396781 185.90828718795277 639.122152551608 193.29854621621584 0.10065068304538727
651.9409005498237 195.75484385683978 656.7695561577265 201.85420332948715 0.10030975192785263
322.66737982622163 423.3376366910368 331.7982221253345 435.6066022202383 0.10005772858858109
646.1626135209493 187.24003002800907 650.6392669257193 192.97230232604855 0.0999169796705246
402.41462248475074 397.869320834785 409.70851976577814 408.18135384373807 0.0998181402683258
639.9985152670649 211.1584820177677 644.3059952098034 216.94253026267265 0.099676214158535
272.5357941304069 570.665280704776 285.7138880197065 586.2328003495435 0.09953483194112778
1037.914706834485 374.0665243655879 1047.404551064237 384.6362363890976 0.09859564155340195
296.54302472108463 523.3316723782815 310.7641227543566 541.9990812071085 0.09856589883565903
660.4866559065508 191.4440914896613 665.7785180085169 198.2303986177025 0.09854190051555634
521.6159739814144 367.09925212953885 554.8620840862804 410.991594186544 0.09845694154500961
397.78244198140794 402.20700641802847 404.37106089981813 410.8831320822136 0.0984109416604042
405.807222528742 379.27198665626634 411.08467969774273 386.4622880135432 0.09756392240524292
326.49937198610525 522.464646919204 335.7028179151801 533.0054068802305 0.09655991941690445
634.1791136170323 193.82434143302407 639.3918041746139 200.51488133551226 0.09649951010942459
431.0070414127165 393.08191090604527 441.851332967284 407.5259123663081 0.09640298038721085
929.5058646332832 341.05866617394156 938.0039839920295 351.34206768279773 0.09584593772888184
600.1074779998567 237.5987550821709 604.4124185831296 243.5381105816248 0.09568475186824799
1063.0576596279059 373.8252087836268 1073.6254751081074 385.6790150714171 0.09566183388233185
928.57453984878 374.9919322893636 940.2494255932177 391.87429404504854 0.09550772607326508
349.452757772199 520.8192013321359 360.86711250777665 535.127098818197 0.09524388611316681
643.0592350100147 439.22723768776933 670.6723243418467 474.08741282157945 0.09522959589958191
623.2985416000087 201.65997343372953 627.4069516598144 206.99110032900464 0.0942615270614624
1070.106020509695 283.86878475530057 1083.757228838813 303.2363414401439 0.09424316883087158
314.7752497190066 537.1406699794686 326.81862949012265 550.1727889920485 0.09419693052768707
1034.3547221369854 387.32323091446756 1045.4637503829722 401.80413479925915 0.09417804330587387
388.3648804713506 403.73531484489234 395.9882437399227 413.4500368167862 0.09377250075340271
1038.0341916553757 381.3434220990711 1046.5342511078584 390.5240553100745 0.09367828071117401
970.3187628776628 377.2806040431078 979.8116737464857 390.1630419101292 0.09367719292640686
344.4775832604006 545.6444896902445 353.98416314453294 556.258413324043 0.09339085221290588
336.8688190133619 535.7484254116059 354.06267297760047 553.3270581648877 0.09330027550458908
466.5124077821221 372.923423847571 495.583603592437 406.7589759244399 0.09316930174827576
381.37752749774654 439.11420936860435 392.1064699056562 453.3659959298941 0.09276987612247467
387.2135708100174 8.792231590664395 468.50481104782546 96.30493627414674 0.09275712817907333
363.8891189821757 428.1990564190343 373.3307604263857 439.72896107116975 0.0925433337688446
382.6785391550809 412.5838211809617 391.60651841880065 424.64044684812865 0.09240007400512695
315.0357254284813 578.7396856186227 340.2994905163459 599.7390704124548 0.09231875836849213
927.9492107519094 360.1576122000089 937.5643183967414 372.5002594206248 0.09219308942556381
592.4284009519806 224.43419109475482 595.9255796371044 229.02684624262125 0.09212081134319305
373.5556491498832 393.5589707124248 381.5695604187443 403.62738530906074 0.09182310849428177
357.93536757951387 506.3759075462834 369.68923682112415 519.0376794448542 0.09172527492046356
347.24022429581515 538.2623421229338 354.87869906912874 546.664682829606 0.09127873927354813
263.5724441912429 524.9237229981122 277.8430764869537 542.4926061813818 0.09127286076545715
980.866382691974 245.7371133168918 997.3395511853128 271.5435610604967 0.09114861488342285
927.5437665008327 349.2897700399418 935.8421683436242 359.7635478814132 0.09113699197769165
660.220303922697 173.74144791768225 664.66613572022 179.25955278954135 0.09108922630548477
418.4125518194738 422.12223035853873 436.3790794507075 444.22207149520455 0.09091679751873016
309.17939546701035 0.3580117603686028 409.48344088351445 102.26083675494957 0.09075494855642319
930.9602925439709 371.3002787235099 938.3577886036331 381.0367708856965 0.09061459451913834
591.680022547224 162.7312879720743 656.8775718313484 234.18419007036792 0.0904039666056633
337.8302547885586 413.18892812629815 346.2205853078855 423.5952364582592 0.09020303189754486
360.32561711028654 399.309429082357 367.72433225953824 408.6208314457436 0.09013564884662628
306.527026952482 209.3167215546548 399.9646648404132 311.78037295419614 0.09009061008691788
1061.321673256712 306.3392794075128 1071.814552778586 318.3618924716341 0.0900401771068573
1072.9515556317247 326.87496245570327 1081.797349022356 339.01126298192577 0.09002351015806198
996.1896276429948 280.60119927550045 1054.1984849918267 350.1651505341566 0.08998753130435944
395.56306165893346 390.1761801058018 401.4581072682485 398.2812729795532 0.0899508073925972
304.05788363755136 555.0849971741904 317.99986419734836 571.0776824378165 0.0899115726351738
319.37254835654596 526.6493284209146 329.07999861551355 537.8803773919701 0.08991029858589172
454.1421095365537 392.86147047802115 473.1913013041004 416.52822803018637 0.08981775492429733
936.0984344141566 345.65028400019685 943.1735502326552 355.3695968085159 0.08981124311685562
905.342956867562 237.60759692321946 962.1972343382041 307.059342995691 0.0897233858704567
995.8979240613382 418.0288804221961 1005.8983053570013 432.49935928080623 0.08960583060979843
999.3962044305785 386.03411460113347 1010.6989989054318 399.5682542695331 0.08957867324352264
378.7290877479244 397.9294063099605 384.98395828096113 406.109839316892 0.08949799835681915
369.78684712018224 411.2896373386411 379.03085793992415 423.03247527645226 0.08947806805372238
651.398613190724 384.1789029394998 669.7389405156499 408.82767108929374 0.08943510055541992
527.9001124675601 421.6026024397329 558.339551234715 458.8791986819116 0.08937086164951324
1047.858956456085 318.00218826657857 1065.3339187421905 340.0865160330524 0.08923709392547607
270.38797266192677 546.3476466298118 291.4071228675971 572.1737428274927 0.08921206742525101
868.0841513101351 324.7827395217052 896.8900592370959 374.94020306677425 0.08874108642339706
1060.4774636345937 331.23161506313915 1071.0208315268458 346.4283109188887 0.08865922689437866
302.2777709434191 573.8230903424309 319.02594621947503 590.9333870381489 0.08862408250570297
330.1807600271462 410.88095076899907 338.05869587856625 420.83289875014776 0.08850916475057602
1025.8362138217663 359.19031578620275 1068.1274548063545 405.9203640799436 0.08810840547084808
282.1782869784305 579.7964390221039 335.4473351550188 634.6747828810652 0.08793431520462036
390.85069187659576 392.0281286475137 401.0322983688772 405.15727874167607 0.0878610908985138
615.1104940351488 226.57148361039015 627.5001468676359 242.38149136752813 0.08771280199289322
408.6524497622863 403.0161620008863 420.53841361122915 418.3469400789223 0.08756523579359055
375.8732940575526 404.585093902157 383.5226751166418 413.82236199821125 0.08750242739915848
336.27096527914125 505.70411163544134 348.4847703701364 519.824120733454 0.0872749611735344
914.3295568886604 355.30929015767254 921.7280563975323 365.24104621277087 0.08721429854631424
397.6870356701407 408.29412625143624 405.7576110436638 419.0933734015822 0.08720919489860535
400.81178438879806 392.79505232614963 407.26605576524054 403.0401775848279 0.08718076348304749
362.7201954842186 417.0397641832651 371.73762889178806 428.5020826426667 0.08715872466564178
385.12649147996837 421.98748178845193 392.4706356548068 432.09916295825377 0.0871550664305687
1061.8205464445025 274.440169551827 1072.6024629619667 287.7385779813895 0.08715389668941498
344.26979970452953 413.8710807954702 352.65541061455974 424.6114609646287 0.08711709082126617
404.799344962375 416.0237192547229 421.8665282627208 437.20364087201597 0.08698549121618271
285.95502527947525 569.893481838754 301.24912804811845 587.8799586021288 0.08695119619369507
312.5397118939037 505.0328367648873 330.9960599964768 527.5790690405885 0.08675850927829742
904.4946989606658 356.1145624191942 912.9948679961037 368.46482100338545 0.08669760823249817
347.8884476905502 421.5402150938394 356.73154166983113 433.09159298783715 0.08666259795427322
429.7774660955297 409.47530533717736 446.68417645493497 429.42768836606825 0.08653232455253601
331.14492116204565 419.77652354095545 339.47365932749113 430.5954120196853 0.08651338517665863
352.17634711766743 402.51069191063783 359.5386189807942 411.7157318990207 0.08645711839199066
291.1530048528994 582.4831964350498 308.684166721677 602.083713462825 0.08643896877765656
353.59312006229993 538.2067926750015 361.0018217212056 546.8065561058045 0.0862397700548172
1072.950695039725 267.45107033548084 1084.422115089884 283.4862029174349 0.08621308207511902
304.66789236372523 493.7863035324285 348.0999388444829 546.714241818297 0.08610320091247559
283.4773408859449 533.8299589781269 298.0938522184285 550.5132331566583 0.08605062961578369
914.2157476420539 343.9047175908995 922.6331592085397 354.7162855511097 0.08602070063352585
306.0985533582513 416.4334091487815 312.4529156165287 424.3213292053551 0.08601368218660355
959.2477205555933 306.50138143373965 984.0683768375632 340.7318201601936 0.08565555512905121
334.16899778256925 507.4469924445663 390.6543369811584 566.4612333387657 0.08548720180988312
320.19041027707914 402.8206099693361 329.0707839697563 413.20902495303363 0.08541711419820786
327.77932962874166 514.9717078636195 336.8464908937511 525.3442428664036 0.08540366590023041
380.5935522935729 422.660854712539 387.5492051809562 432.08340344007155 0.08538176864385605
903.7247183950831 342.9680914191999 914.05465531914 356.67849725144174 0.08538148552179337
27.250399123819445 531.8396153532127 104.53974800062728 643.4798848139308 0.08534305542707443
444.1883701219684 427.20384452660824 469.4638996671925 458.4817969064819 0.08527946472167969
311.0457984588035 542.5568892535 320.90625227782505 553.7018103091787 0.08527033030986786
1040.0460975642973 408.54271091641544 1048.8676738192962 419.6812464829654 0.08500973135232925
389.05220058726894 392.13037146389314 395.4356835413092 400.41133248534766 0.0848625972867012
343.63601882345023 381.19439680889116 370.25208161661095 414.5587506920747 0.08482253551483154
1037.4993608782102 292.4678508805637 1050.3799006181957 308.76377153859073 0.08478008955717087
415.4634281159551 403.55053563269695 434.42165315593513 425.1660319421293 0.08472837507724762
270.78876287850466 519.6782061983488 291.0433938591526 543.9963528852837 0.08465282618999481
910.6124310151413 321.4942495695446 919.6145355742651 333.3924777160444 0.08453606069087982
936.3109150446695 358.19227290681135 945.223601277301 370.4251814609808 0.08443354070186615
950.5030497078827 372.21814307846586 961.1723567577529 387.33489713927753 0.08439303934574127
358.27195048879224 543.0891301798365 365.8212154387433 551.5868985035571 0.08437689393758774
385.9077205935029 430.3258842215338 393.5639974916748 440.80710939201276 0.08436013758182526
405.32850625992404 393.75418775018966 416.80612464858854 408.19690773495074 0.08422587066888809
409.0745251434789 428.94297542626515 425.8600759335979 448.8842502378698 0.08421178162097931
1063.485025269604 381.47325639823714 1080.2661723934643 404.5678441345298 0.08406525105237961
530.6414670925745 398.4092532191987 560.3962581946165 436.7731551844154 0.08405563235282898
935.428009772716 322.31519917746147 942.5130845619963 331.694414270554 0.08402136713266373
898.969325832921 376.9685021352388 906.7175039711724 388.68143699056543 0.08392586559057236
369.3485513290118 423.75409820780305 378.0918124462432 435.18400036470524 0.08369901031255722
320.36405685478195 518.3346438492598 329.1557160102696 527.9517030139638 0.08357365429401398
377.4689363700733 432.710253875123 384.01052811194654 442.47464911313836 0.08350521326065063
302.1607254996696 543.9305666708951 313.3845381256373 557.7507744125427 0.08339180797338486
910.2959895453744 317.42638830574856 917.6000046857628 326.08563748046674 0.0832294151186943
297.84353046390964 586.1124272715846 305.22922831832125 595.3254628821563 0.08311856538057327
311.7610722309559 522.0194078077976 318.3296681002353 530.9223522589839 0.08310778439044952
267.45004647233975 494.3375540744305 296.15740481721764 528.4863489396444 0.08309786021709442
356.0670230291261 393.8050355060057 387.45009494702475 432.09412524267293 0.08307360112667084
1061.458698060715 313.1000228677928 1070.9370886264498 323.80137143587416 0.08295686542987823
399.18960294487414 437.67698057400565 411.0592846809797 452.90398587942514 0.08288054168224335
918.4401971757449 369.6586379329434 931.9216258586597 387.9910331646454 0.08272954076528549
929.6685551467585 330.5451651614187 937.2721690829104 340.02335499202866 0.08269451558589935
350.3272197487055 547.485549521214 369.4684598118747 569.4881037916998 0.0825662687420845
1073.0802299326945 312.04487085074913 1083.5098830550085 326.37541863177927 0.08246093988418579
903.3600593901022 284.36082820379073 911.630340372917 295.7029755909051 0.08243850618600845
569.7525741042123 378.1728098997703 592.1710747922554 407.55825453410944 0.08236102759838104
383.6674853588274 383.13128003588565 393.4519896941883 395.4416122135447 0.08221045136451721
621.3260978966483 185.8389679979814 631.8727531916277 198.69443161045643 0.08207163214683533
345.73507852973376 508.70378359903566 356.66933678491097 521.5292425016353 0.08201245963573456
335.49294412699476 439.24900559211085 378.7465650125257 490.78224112564675 0.08183262497186661
332.5198171042465 543.7371604875644 344.6538005436713 555.9332277767082 0.0818314477801323
1051.9219466399231 302.85747477673635 1089.287164635124 352.261455855717 0.08169911801815033
945.0341070631731 330.98568353761635 971.420802284042 369.0956431529035 0.08167754113674164
1001.4226829277478 398.83932257698353 1028.1143522763477 428.63201484272133 0.08166053891181946
401.57435915252336 404.0485061640392 410.388270331081 416.0718960175593 0.081610307097435
695.4215942372232 201.63271242903028 1073.8893394081929 639.1201392920859 0.08146193623542786
377.0000956099 411.5659895080057 384.89746987543435 421.99762547784735 0.08142391592264175
936.6580231899482 330.0660628801343 944.489015460897 341.3645498606213 0.08135300874710083
357.1839198138515 526.5695122219429 366.0392658632532 537.8083941268281 0.08128905296325684
348.5117381586253 503.5984506048016 358.9506323088363 515.9468693897229 0.0812385082244873
314.54691574807964 413.37211507373166 322.52735474813215 422.3700230900673 0.08113172650337219
316.6936904872362 391.2493858767949 344.2438373122259 425.0375453345165 0.08106036484241486
393.5153981858966 382.31543632059015 405.1442946251499 396.75741076301455 0.08089665323495865
1071.1993972781693 374.6151474850724 1080.7998352791615 387.5412393377559 0.08080065250396729
409.66108617005074 376.9051167594147 430.3072111283407 403.0041416619399 0.08077617734670639
340.0346525880928 575.6789496419057 369.32727369201416 605.7709267560612 0.08076683431863785
275.44060413959966 552.4919074174156 344.6966008000764 628.5752140348932 0.08067847788333893
292.1681868655745 541.2600854971533 303.5055638650191 555.35252611555 0.08060299605131149
921.211521495507 316.3889979691924 929.1617571472036 326.97920774850144 0.08048096299171448
1010.5508427254064 389.0531354172198 1019.1177032950765 400.63009987362096 0.08024513721466064
1025.8468626092138 374.6427099254878 1036.7635253160702 387.8806250833042 0.0802384614944458
415.57215093334173 397.8453955652221 428.99506058286534 414.104554154331 0.08014099299907684
440.07624473097513 406.50937260836946 451.8860729440983 421.01935533101226 0.080123670399189
900.3278897618435 337.8881341644021 907.168653265326 347.1997415677954 0.08012107014656067
357.1872594108947 434.7872944214351 366.39773788156526 448.1902920601683 0.0798894464969635
422.90910835447175 390.58033104282214 432.64591638610614 401.6189286083665 0.07988835871219635
363.9094901996651 435.05993961488036 372.18013591002057 446.2827269824317 0.07983846217393875
298.4070091414221 547.3022241961322 306.3049833301604 557.3262823942595 0.07981986552476883
979.4579010299715 228.85926733011334 990.5341943596998 241.52892535929982 0.07978462427854538
283.96542677722607 567.4392812078422 293.30915792808383 578.2815095869339 0.07974334061145782
365.39345860417 526.6996776317625 386.83976000693843 550.7288793728544 0.07972661405801773
939.9241255368456 371.4964608078346 949.2972983138698 384.858968659219 0.0797148123383522
903.4467069024752 325.646426211275 911.4882098495198 336.4681419037499 0.07967937737703323
52.82268628037394 6.224205371819417 311.26027127342365 261.03800792126225 0.0795862227678299
363.9346764362788 391.50269912980474 371.7693990674194 401.6624181698121 0.0795852541923523
1065.4605446112937 284.23493401556266 1074.0129225226508 294.7019132424034 0.07957811653614044
341.22048684971 421.05272114260373 350.09175939380333 432.48180419098975 0.0794866755604744
923.3151711924257 385.659645846391 930.4533122354931 395.610256296419 0.07947459071874619
371.26477111304973 430.9911617593645 378.95755317777235 441.3134243211785 0.07936563342809677
948.6378197504322 298.0978442029154 957.922743905836 311.78077937494464 0.07933776825666428
345.00394686227304 401.9070676249489 352.8165894800281 411.5052096377466 0.07930471748113632
495.8041366853856 414.5152483604759 522.3718048176806 450.72585652925335 0.07923199236392975
985.3820512487488 355.4864054205324 1012.48855270784 386.8428334922223 0.07921545952558517
1053.4643572564237 281.2825204538682 1063.255998110785 294.63096976765866 0.07913427799940109
919.8960307471319 361.81356683596596 929.9525769948149 374.5534131866255 0.07910139858722687
1054.1390221107213 307.13263692515847 1062.9180110238442 317.54572643931004 0.0789283812046051
916.8141302382501 319.1638145410367 924.636840148363 329.57277595104046 0.07883431017398834
556.1109308697822 405.1105771060909 578.2376596947854 432.79467368267217 0.07875175029039383
1044.6359448547678 283.9472888850515 1053.4069698999958 293.9091255427571 0.07870523631572723
304.6664027547202 538.4819438247173 312.6675375688891 548.8988425370771 0.07868951559066772
329.6336838868312 427.1411038060134 339.1853688092913 439.5390081632149 0.07865920662879944
392.7088579866478 361.531211350642 414.4945150053388 389.53912394554214 0.07862671464681625
926.5577131150535 292.06851460671913 953.4716901932918 331.44573541504906 0.078585684299469
901.0940218560439 314.81936823862725 909.9755836803289 326.5216465461197 0.07852073758840561
915.7737566717291 366.9961573638196 921.4315347947935 373.97423639279396 0.07850076258182526
333.84067612106963 421.77118455290923 342.8300078485006 433.30355256126495 0.07846828550100327
1047.308472393835 338.05597753385183 1071.3540935945143 369.5036190012888 0.07846441864967346
978.1181289784914 391.1140239625972 1004.1264437027161 424.50348183889383 0.07844328135251999
1046.120221613453 235.39690208556146 1088.078124981492 296.13021751440994 0.07836097478866577
358.2453840035 470.6711242779831 420.87867624643076 539.3419577818953 0.07826044410467148
1029.1424106730155 409.6077677812478 1037.0179991687003 419.9423449387702 0.07825201749801636
414.7532914981225 441.79706649550366 429.1534615554042 459.5853702480124 0.0782240554690361
319.69935799335036 471.8404547750809 343.99889183446356 504.51913242271513 0.07822351157665253
369.1555721268117 380.24096057054123 402.1857962329917 420.45874263863277 0.07819043844938278
609.4404362832494 341.3005883626122 640.1212599592252 381.2106278665846 0.07815971225500107
419.7314751910373 372.4206402828252 428.9578074826238 385.12699332934767 0.07811793684959412
312.52209927992425 513.5633335610966 319.96377911780854 523.5387302076846 0.07811401784420013
309.08961561717985 407.789769329448 317.02720231061704 416.9611458402756 0.07807531207799911
431.6766241943437 428.23127606366313 450.1661017472146 451.19213320104166 0.07806623727083206
912.7787882131189 336.64155913025144 920.2264202934366 345.87605952541463 0.07805190980434418
923.5463662683974 329.53924097565437 931.5941245856078 340.2217657003402 0.07801690697669983
315.80475624090656 405.3735724454518 323.83790604841334 414.3815458516466 0.0779370591044426
379.5855990972916 391.16815277068105 385.92883086023465 399.4286820840431 0.07789000123739243
934.92665134235 362.2237267211074 964.3979784644595 400.0577910988916 0.07788670808076859
1047.8136737623013 366.33342641897417 1060.8491408938507 381.39682765065476 0.07771741598844528
364.5643870220654 544.5418930870347 371.2249646821801 552.0081798535524 0.07766898721456528
299.03703385173895 565.8540029426971 311.85114573039596 579.5407326207495 0.07759418338537216
251.92313174571694 482.14991995614196 279.28802520838593 518.1176910979917 0.07758546620607376
294.94061816046184 483.835829345011 316.47728715439735 515.0150056229133 0.07758231461048126
235.22046885975408 508.2572169161746 257.4200411156173 537.6392382461347 0.07743596285581589
937.1493075255072 304.5409537650202 946.1278434295313 318.10795088750115 0.07743275910615921
418.2906322738131 361.5622676063665 424.91499150957986 370.9923574885125 0.07740544527769089
884.5044929744221 280.33561408596785 891.029773745866 288.7040305145625 0.07735694944858551
924.0421785994065 344.4822714555058 931.0514675506856 352.74656672321066 0.07730565965175629
324.0446668132467 390.10470595535946 331.5914785872707 400.24360487314635 0.07702410966157913
330.678041731939 399.0549915447606 339.2490912121134 410.11971455959645 0.07691637426614761
1061.6860597031646 303.68484955184 1067.4195837897423 309.90248131422885 0.07690611481666565
478.89962684960807 343.9443914710568 512.9559248077901 383.4043548111064 0.07680478692054749
233.7558477462344 549.2119227525886 281.570732055629 613.2801786921777 0.07680252939462662
403.2270264752457 387.8226577856868 411.24512317673435 399.1627578623798 0.07680132985115051
309.32239025989173 383.53530594408556 318.3981225814611 393.96840616546274 0.07662332057952881
1029.6876094239485 392.27122185361685 1075.4787957548112 455.9847357348758 0.07659987360239029
401.10463018347855 416.0529114900204 407.5602194034783 425.40275118903907 0.07640893012285233
258.5182641177829 563.3702071394183 275.42701794095615 583.9520526103713 0.07639144361019135
1024.8444385821313 387.24272728305715 1037.1976023889792 403.60999567953553 0.07625884562730789
996.0092149537047 358.988548992009 1038.1420238466756 413.7599485411458 0.07620979100465775
368.25641433041534 383.36757370996264 378.95588533019867 396.664981181968 0.0762091875076294
615.516577469804 408.7851072209847 641.0725016579102 441.4728137844649 0.07603587210178375
898.043323207491 326.1016388180395 907.7135440100337 339.8186673701903 0.07603104412555695
1039.0823540822269 441.14536048833554 1043.3687422372254 446.0258691099886 0.07602435350418091
264.6867533764462 549.9505577668906 276.05685989365764 564.2573967656997 0.07601159065961838
940.1828341438005 360.4465551126091 948.5074814998477 372.03020199509575 0.07596632838249207
330.1979747514125 572.8373984121356 345.27178869784024 588.6435965550339 0.07588160037994385
871.444782209611 283.6534132844911 877.8799259952589 291.6555462333684 0.07579828798770905
592.708680351734 381.5883821638727 621.5089977364571 416.7820616381185 0.07575568556785583
1074.3240523382522 294.3080826912812 1082.2024459648744 306.76770022545776 0.07572346925735474
392.41982445985525 444.5761960957924 445.2767959330999 508.13363286961584 0.07564858347177505
464.4298987661316 313.3282730216781 493.6868137860891 349.09437348878066 0.07553350925445557
1015.6654249338543 335.08298350968323 1043.6192989981087 367.331065099411 0.07552650570869446
977.7809814482405 370.0836986754982 987.894984966688 384.1594819014581 0.07551278918981552
940.9329185037839 345.2780516999225 949.8741887295453 357.91521757549106 0.07548193633556366
256.8200430804022 545.393432623299 270.417678979378 563.6926989302721 0.07546079903841019
538.5236521775894 320.2032520880112 564.0460194150821 350.8501670853262 0.07541423290967941
382.02101032776454 459.88286179578716 409.71799806114683 494.1452436656245 0.07538799941539764
1036.4505643792431 453.22717671186206 1042.2339579204456 460.4093056874285 0.07531993091106415
348.3307149009657 402.6048481373212 392.8597948047205 458.3653457666769 0.07522697001695633
1053.255473158236 382.2291383510275 1082.0713981229394 418.0584570310023 0.07520932704210281
396.75802373944265 448.2502423900375 411.60202184517004 466.4268654415334 0.07512778043746948
896.9410428847773 356.94132139682154 908.0084456747944 376.0175587062082 0.07504644989967346
917.5422864559241 383.87095718473336 925.1144705504718 394.595683916628 0.07504628598690033
923.2814671274965 281.2521449956567 941.7529923682265 303.434888008625 0.07503703981637955
273.4765398871486 596.0782689905556 294.5948915585449 620.9722215017854 0.0749393105506897
633.0722028372109 221.2352488056852 636.3275515968334 225.5453756836304 0.07493492215871811
311.182045248092 420.47798066063154 321.1567563247609 433.4550500046315 0.07489077746868134
356.66451730149277 532.8934801967044 370.03139774217436 547.5545374736421 0.07479126006364822
957.6378683363944 252.5762034255471 989.3560523791452 297.36909699334706 0.07473907619714737
318.8397972220303 375.95376832847666 329.7606408776182 389.91368187821104 0.07466346770524979
570.0837220987665 336.471961680994 596.5695185458285 371.19178473368993 0.07462115585803986
294.05455261543284 573.4833306852863 303.28025771850434 584.7042136137287 0.07459285855293274
939.9803832539159 313.72125370841525 948.955269756543 327.7376610311122 0.07457046955823898
382.6593891060476 403.87684160529454 388.6935835001351 412.3161793201124 0.07456459105014801
266.21501021180876 510.9873741849529 277.4572423731684 524.6803644831942 0.07454534620046616
302.31100627994005 517.3203150876509 312.21922199579285 530.5517508521359 0.07452788203954697
411.0024045408794 457.0618083182202 421.5039665856929 471.03163948826483 0.07446757704019547
968.99899743516 334.52051265921267 997.4981365709262 374.5447742696979 0.07445480674505234
916.7935220863372 290.71121911437086 930.0169395446886 308.3933080492319 0.07442376017570496
1046.5575308942111 408.28013308147297 1055.9126940732353 419.9992416983175 0.07435311377048492
345.20725710615244 392.4726309473076 355.15046787497243 404.6734516762234 0.07430577278137207
337.05005628657904 403.69971205577775 345.3591622774231 413.85303229527153 0.07423796504735947
303.5422991389079 589.0227757872119 321.7562053660009 607.139969195526 0.07418204843997955
441.984493734358 384.27660290479173 459.3350490044423 405.55753094212395 0.07408332824707031
911.8830222549935 377.22585818761934 916.8910584953348 384.23256822632544 0.07406540215015411
262.1804621550812 610.424398296813 324.57910557929875 673.4635714890175 0.07403749972581863
1022.1649259078134 420.222953911672 1031.6307389919584 433.48159650579487 0.0740336924791336
425.4340534828821 348.857518569823 452.0716833695749 382.3078062168576 0.07397329807281494
1035.550776858254 445.0361292951694 1040.2706994914015 450.9164516703003 0.07396474480628967
322.94122892412094 596.9306393033547 341.9424084527522 617.0008389319346 0.07396315038204193
997.7206648540744 382.04032179633435 1005.8318880462009 390.22707896912254 0.07391557842493057
671.2015278453644 291.890672086194 765.3036467165318 412.5682187125488 0.07389084249734879
373.8740784534421 513.8925113688869 381.28958000870193 522.4378259161144 0.07383258640766144
1067.2729120125853 343.0916733104638 1085.7102537354133 366.84617394006307 0.0737677589058876
353.5064510609195 492.840918910016 386.74422477893313 530.2480836591751 0.07376251369714737
517.7885287523521 337.1210865960997 547.6037093447638 374.8593645856304 0.07376213371753693
310.9896275977242 599.9672801337387 347.35107124280813 640.160056396516 0.07375243306159973
446.9094210817152 359.1064304920256 476.9460739486019 394.29607905456186 0.07371651381254196
290.2086373113545 514.6611959014774 301.995193391404 530.157361713304 0.07371243089437485
1038.625114212774 325.3117915228614 1050.145842548383 343.652964157175 0.07369614392518997
585.5917069604208 437.20655790643593 614.2656845343362 472.091904168596 0.07369276136159897
376.2628611469099 381.8370461397345 383.34849351476055 390.54377112055784 0.07358691841363907
360.25108293646633 444.912970955369 372.4571232659954 460.63623432035354 0.07356706261634827
910.8428675035065 287.03323809732154 920.0824281187588 300.2469638971258 0.07356490939855576
920.6933156192613 336.7415126226374 928.699307132202 346.7367566061003 0.07348709553480148
1062.1588126555823 323.9207222300614 1070.0309402814523 333.6964137739014 0.0734763965010643
985.5997908729775 295.1606047568465 1008.7778936460844 324.67537585659954 0.07345249503850937
397.4136394363478 421.28063075202635 408.5040659915044 436.91602008392147 0.07340067625045776
897.4550632927649 290.3707695827984 916.5118084753681 319.2284696641072 0.07339771091938019
1057.616056866373 297.0576723754397 1065.0325697325634 306.8620787138162 0.07338817417621613
248.03762174418594 428.11446216947695 300.1415082843186 502.32967808264505 0.07328714430332184
921.3007942240026 327.63617249568046 928.3383513327464 336.8256698659069 0.07328122109174728
1030.3472694365053 365.4501753858744 1041.013624646352 379.03705115096494 0.07327596843242645
1030.4927809994697 444.1801834005322 1036.7943938120807 452.59801256314 0.07316838949918747
301.22938184958525 392.76763953864355 319.7350242061056 416.11267712572686 0.07316501438617706
641.7339304432614 350.94166280847656 667.5011669388379 385.4592714480127 0.07312608510255814
330.05237354844405 303.6504374318282 412.5868918013043 394.7326689115259 0.07304065674543381
280.1980789999211 584.5736629647629 292.5680788081913 599.6617245751447 0.0730145052075386
912.0948417819928 307.6835080267819 920.1892765734664 318.08872565580646 0.07295230776071548
983.642626850649 386.7812808843096 992.1154348616571 397.21177741574587 0.07289911061525345
279.99900510304957 615.2930600587451 292.510573438815 629.7594253453334 0.07280629128217697
409.50245987316345 374.5880134205525 417.5968861527896 385.60281387386004 0.07273532450199127
252.6642913442355 530.3699988112364 270.2270671892908 553.0076075423602 0.07272537052631378
983.535746877339 218.34837713422704 996.8806378231315 233.06545269412604 0.07271799445152283
321.80066051934807 544.7021059640007 380.0497661782622 609.4715957815583 0.07269170135259628
367.900463487152 456.8799414044492 391.5936484532323 488.3711424310726 0.07262418419122696
907.7015425329146 366.21078069508064 914.5270398747016 376.0339033917272 0.07261041551828384
302.829977668121 417.47060225125375 320.68153328628176 441.0185624687625 0.07250883430242538
368.20686820488095 449.309761302079 381.07691511116843 466.15132097768594 0.07249467074871063
335.0232053733861 431.23353661831015 348.4792115993518 448.8455882212861 0.07249201834201813
590.3464779397335 300.6034309127023 629.1298341501569 350.6231834632978 0.07245489209890366
661.9850848851191 289.38898197975345 700.1023985480373 335.15363123357656 0.07232466340065002
355.66190591047206 389.65160123104556 363.11455639499104 399.455978751317 0.07232233136892319
970.754461372631 237.9400127357353 985.6925393088674 256.79074800054974 0.07231184095144272
246.66059335423873 528.7424059562719 262.3919690600278 547.7932147328033 0.07231078296899796
904.955705127183 275.2751770238619 934.3898661153517 318.242507922738 0.07229332625865936
613.6273826873941 430.70102209510253 640.4704017040136 464.1792523131475 0.07213881611824036
951.8694104929103 389.48248903348207 965.714317451286 407.98169611715986 0.072079598903656
980.1598108620746 310.96099476883853 1026.990397992633 365.24629975514796 0.07200461626052856
1034.6523685905331 353.0797732997511 1052.1898006877188 373.3427842914406 0.07191543281078339
328.7713341374999 439.1014260483911 337.3662144134854 449.0407936824529 0.07184174656867981
331.26532536739614 501.6400125661809 340.2318963267379 511.68719005573814 0.07173579931259155
356.8159962560511 358.44971516423584 386.83060815766027 395.6437252456156 0.0716521218419075
262.2347021502907 580.2355855549922 279.8925413748621 602.3159654975958 0.07157718390226364
1012.1639518905902 426.1789814944808 1022.4594944906154 440.1801272109313 0.07153580337762833
371.4550737473816 518.7445645193596 384.6536277944076 533.8500447447245 0.07151757925748825
954.3730202448505 350.25035404005007 979.1508155274946 382.04116879372157 0.071505606174469
882.7715368363135 309.6052501664597 897.486409512883 330.62970732436514 0.07148130983114243
1018.5164584350042 409.44165738229174 1027.688195477637 421.18557607656334 0.07130309194326401
387.04454472741395 447.63724655205925 397.6817701650159 460.95803691975743 0.07127545028924942
473.05680059021057 325.08860114421077 478.92821289820427 333.52249800009 0.07122073322534561
549.596890285396 355.68876610737874 577.027384875319 390.2745706236062 0.07120676338672638
364.6008695873382 384.16941937017236 371.7270222702275 393.4183809657392 0.0712050125002861
410.4852754079667 446.93888726318426 420.1338369234097 459.497173947499 0.07117202132940292
342.4273660104522 486.92556930572147 357.3131654981427 505.49862504541983 0.07115011662244797
949.797049358231 298.4224703014495 967.050444522402 324.15530295688427 0.0710396096110344
885.3491724448709 346.24477422908427 902.7397040167383 375.0468789392307 0.07102075219154358
350.33189571318354 567.6248275616515 370.72595957212695 591.6510877211855 0.07099372148513794
398.83602780511427 431.6749354495577 405.472467332843 441.24793382829483 0.07098133862018585
406.48404053739904 385.0998890128997 414.0318903673921 395.46187278033665 0.07095955312252045
308.7769237501497 437.01332907080354 318.9783141587635 450.42645878702115 0.0708872452378273
913.0392428752824 373.4449583750993 919.8582187264359 383.35195341849663 0.07086595147848129
244.6511176175879 545.0770038908114 260.3235936223521 566.1089876979856 0.07085809856653214
957.5793062249963 274.98565174722 969.4386652315775 290.66205666337197 0.07073717564344406
688.0872690186942 283.91864828729985 737.8243159119792 346.48177725881743 0.07071959227323532
1048.8921126193504 310.2749373052994 1058.2866018142706 322.34375034981235 0.07070339471101761
1045.7636847890803 440.65853619216307 1049.3423076719462 445.1847873459374 0.07068488746881485
909.2555948826943 332.5825189965388 916.2250976039655 342.0482735464118 0.07064927369356155
322.65104367616357 374.803381583216 359.34855879751825 418.32255857046044 0.07063721865415573
936.6489911556398 393.6849940847535 992.1721190991764 463.92616680953216 0.07061200588941574
396.6537579420258 350.5981780647346 405.75151275865187 362.5113197425891 0.0704638659954071
330.12881298389743 379.68719576813794 340.56742578549995 392.67879988161997 0.0704493522644043
962.0342619413061 358.54786708694706 1018.4515188141282 429.4798463769134 0.07043910771608353
319.07117399119915 430.7863765511859 330.3734954740131 445.9476416277361 0.07043729722499847
-123.54492695069736 355.2007513341052 298.82748947375205 866.915152140348 0.07039444148540497
1034.713648540093 437.3734754604139 1040.236551796523 444.841660801486 0.07038795948028564
361.46407179051386 518.2504872897338 371.8069171535998 530.091117108052 0.07038532197475433
968.4764508150708 222.47830444480908 980.4613697985388 235.60308525383786 0.0703851729631424
1001.9198501977281 308.8113268840835 1030.181552512017 342.47431820182857 0.07030290365219116
395.43774715063813 381.55415182592253 401.4627367954319 389.09714190749213 0.07029805332422256
317.0634383595444 393.10206135715873 326.3177397734254 404.6190833611357 0.07027723640203476
386.0803251633735 410.1301774020553 392.79230725684965 418.83641986477437 0.07017560303211212
934.730886610454 382.7820856793696 942.8633130728298 395.19550037651953 0.07015672326087952
958.8746279223946 386.17387792630836 970.4264718734207 401.7283976098305 0.07014033943414688
926.9313498348231 536.0817501727508 1160.8192747419084 801.0978280337217 0.07011325657367706
930.4777712805441 324.9878354418862 938.0131390693755 333.57602535873707 0.07001814991235733
375.6631113151759 449.5539036585468 388.2886921976405 465.93076484316975 0.06996379047632217
996.0594769220946 225.22191282917706 1041.4987586363009 285.40537987867185 0.06995896250009537
1046.389745286367 303.0159630634985 1054.5770426026684 313.65649452600445 0.06992769986391068
428.48227464493016 373.4591917381887 440.6482188271425 389.08220673097327 0.06990305334329605
1047.0081206075452 455.63377157134056 1051.7348630368595 462.5075594998551 0.06986218690872192
1068.281493690949 332.0906179263574 1074.3663593470442 339.98512031505356 0.06986148655414581
389.4981959004658 375.1577530189422 396.958919623963 384.88998782937944 0.06984759867191315
956.2452373309033 293.50376007879873 965.0776317847213 306.5028164101679 0.06977343559265137
400.7200753438685 379.701522669989 406.7317488158128 387.74537757977083 0.06974268704652786
936.63704972648 398.12094617398486 946.6064780939222 412.71004074467925 0.06971686333417892
1062.1363231136088 359.85206569386463 1074.3634406774745 373.46498331856435 0.06970126181840897
870.2483346644448 274.06931298437587 896.430889136172 310.129705449978 0.06967243552207947
335.7911976162344 390.3901126914072 346.9028749281464 404.08805764680125 0.06949043273925781
641.6698168122934 397.30781261682523 671.6309815168722 434.9824690087254 0.06942511349916458
310.08614351616797 378.39244753943973 331.6802677150086 406.2753626565077 0.06942455470561981
327.8168539459045 446.9247286931354 338.0927736011853 459.19373096536646 0.06938838958740234
431.7201235404139 346.38939033477163 441.16028195831865 359.3387664422852 0.0693008303642273
309.98817740724456 393.51666952105893 319.17521281569776 404.651817705454 0.06922207027673721
445.8246302296426 412.8847898134281 459.96582728644614 431.41122904314324 0.06910440325737
303.98004583978576 593.8397442244005 317.1079556735952 608.9737150520624 0.069100022315979
940.363191751604 273.8884303931599 960.0162527384515 302.1740563824173 0.06897491961717606
998.3736667631913 412.7449027486065 1050.2265801507604 472.0991146536586 0.0689719170331955
907.7517429554515 329.93540329667564 950.0506597306332 393.98028967199326 0.06893762946128845
663.2690676189071 410.6843254104237 683.2706683999567 433.60519953529035 0.06891338527202606
565.9849710046237 436.7137261425381 589.164408331569 468.4377514606963 0.06883015483617783
904.5488997469511 376.8980661485461 911.5975662450131 387.106790373565 0.06877373158931732
899.986410051618 277.79093200278305 906.9181548890571 286.8495530534187 0.06873059272766113
302.4255988026947 410.0093120493556 308.84832892318445 418.148955112468 0.06869211792945862
917.4780588870668 306.6053158060424 926.0680393364593 318.23466693113704 0.06869058310985565
-58.93269111538409 568.1653600499991 121.47324907967669 778.5237944161025 0.06859690696001053
1043.3149720300703 447.15827263409926 1047.5879913133908 452.31261012721046 0.06855645775794983
886.6930944365412 290.7790639894039 894.6396982074442 303.23524034699983 0.0685446709394455
697.3849106070812 378.462627685711 726.1623243277511 418.9630776328206 0.06854206323623657
346.1525991553973 432.3976565901555 356.8562294909262 447.06125909008597 0.0685284286737442
996.4407875348752 370.6857637082032 1007.5502463379356 383.24008353437284 0.0685248076915741
943.3978463768218 278.883058617308 954.1341057150609 292.92884874612594 0.06847413629293442
407.710654563244 457.5640231430116 428.0615304134803 484.2859041548945 0.0683952271938324
873.1498884288909 289.0065504771146 904.2004156599562 338.361137733654 0.0683952271938324
1043.5405026336914 370.3671932578938 1052.03122272582 380.3673152476755 0.06817591190338135
492.4776735893913 312.941486393126 515.2147824402267 340.76099768777885 0.06813003867864609
275.03302359125775 540.5949151139234 285.1046803756856 552.8782152729391 0.06812451779842377
390.73567087142175 517.7831724954913 457.6461960379633 590.1974322243066 0.06802371889352798
301.14240201288675 421.81768403258286 308.7382248287208 432.3039546919702 0.06792932003736496
882.2625347115581 403.83924492903526 932.8146107227705 478.9233224250744 0.06786230206489563
929.5301020900622 308.85470368548823 939.5205498989611 322.4338041235983 0.06782948970794678
905.4795374954746 383.73828344922515 915.2884496232821 397.751329416453 0.06774882227182388
-43.52147782394972 175.44102364654668 150.4169402899532 430.7057697239727 0.06771263480186462
413.23747803216224 361.05878564248866 419.6264885476519 370.0249169446546 0.06769122928380966
946.2885603509111 234.6941564445374 960.5843906367712 251.03995138996325 0.06766851991415024
372.0321584834235 545.3565760358425 390.1371719118821 565.0984397881595 0.06745368242263794
641.1089407086158 316.6618935018436 667.2378560443121 349.8924427899726 0.06741944700479507
916.3960047571135 393.5631089396113 932.8406978865136 418.7636796211868 0.06738346815109253
588.4832294917959 269.1817925056308 625.4699862656801 318.67502390641204 0.06733061373233795
283.5171320151166 599.9120486365342 375.098156942073 701.7276537291302 0.06732527911663055
386.2926718621077 451.72241739826933 399.06306474951015 470.12148918405177 0.06731894612312317
1072.9538635510294 279.4445484333374 1081.3429744567954 292.19156533399024 0.06731849908828735
1019.4832308185266 269.3459725945946 1056.0303200382086 315.6671688788173 0.06709364056587219
965.7351958231523 396.50217093385623 977.9688331853757 413.1326302675146 0.06704722344875336
412.7088304743934 379.7960520306829 420.9327938393546 390.6848980112216 0.06691984087228775
1039.9062182665023 437.7171057199222 1046.7856815674754 447.4236525366142 0.06681661307811737
369.38002233205975 376.8609522060231 376.59657628988816 386.4035836037415 0.06677331030368805
941.1326373813037 411.2344222088617 950.4230218540387 426.1112525014564 0.06673267483711243
367.5853866441445 549.679337567075 373.8969658879825 557.0449908500076 0.06641897559165955
369.85533707912975 388.2883398306532 442.6704824810561 473.3268035543909 0.06637468934059143
316.6482204070998 436.163929812877 342.1350888539801 470.34792448847645 0.06626013666391373
865.810189681308 369.804245277881 875.4714743678635 391.37120771543715 0.06625621765851974
321.36779360937913 441.2860762243108 329.37681007119875 452.1450585902213 0.06625084578990936
1029.4474009760497 454.7791742611734 1036.0259781783789 462.95749849089515 0.0662468895316124
301.10511466613633 606.7602404500271 321.3887347384089 629.1946416202695 0.06621447950601578
969.2163404421058 411.78940648658835 983.7903201641305 435.76479053036223 0.06609613448381424
354.919993620791 371.82051131686075 366.62807705228914 386.94008557777425 0.06606210768222809
889.686992521194 283.17216937596004 901.7060030582333 300.34188233436066 0.06591081619262695
-31.052613912335243 625.0334208642244 63.70897970322378 750.3569246934419 0.06573567539453506
994.3992901043024 245.1418279922613 1008.2781531206514 264.63986044403214 0.06567388772964478
911.104468734856 257.0449936433391 933.9094321148317 286.1172404543887 0.06554066389799118
250.43189602560355 571.9430579170041 264.26092645172673 590.838433619326 0.06549448519945145
81.56923539105051 330.040010574114 345.92000507145724 599.5944056584922 0.06536861509084702
301.21790702981036 432.2528211848711 324.45164122367095 464.2435470871443 0.0653361827135086
943.2501000093528 330.940352594254 952.8809665005247 344.69377050457905 0.06527969241142273
356.17997713715454 492.26930100104084 368.65709585781156 506.80255448913977 0.065103679895401
380.7684760157557 378.312222659998 388.31238546915705 387.663062242937 0.06507887691259384
914.2487641970205 63.12845044990786 1145.3888292413421 350.8069371700414 0.06503957509994507
296.5437883377705 512.0027539942395 304.2884653259156 523.6041068384424 0.06502047926187515
422.1595957007686 465.3654147457023 480.1730971914505 535.3255006473171 0.06497500836849213
1021.9388817251685 432.67051749186305 1032.2702137125666 446.8832876601054 0.06493952125310898
990.9501661713774 227.84030919199296 1006.321025325973 245.59304694928176 0.06477505713701248
1043.1470143121103 419.01885514480193 1053.8393784971727 434.19842068895576 0.064661405980587
480.78167301536683 319.84061885859694 507.04416903015573 354.7284720617527 0.06462666392326355
853.7844871504394 340.0303570685139 888.8093368133021 410.4595788492649 0.06457705795764923
953.9866331600458 322.27147341807614 962.7640868147803 337.7305325036558 0.06456919759511948
387.17469075196965 503.240905729688 399.5832185646291 517.9595116249617 0.06444290280342102
943.7422337563497 206.78340735730902 965.8958425984229 230.74520345085514 0.06430977582931519
859.0094720424629 342.88708765001627 870.6376311114243 370.85166405798265 0.06418026238679886
589.6003152593099 407.8294958994151 618.4263278565843 443.1227372497024 0.063665971159935
899.8449003899441 243.46816818428726 918.1398743913333 264.6771011886111 0.06332045793533325
500.6170662148007 434.770942862871 603.1857390439721 565.9026986182269 0.06324386596679688
990.0976099669201 440.440694039034 999.2882538688418 454.1935375765893 0.06317606568336487
1042.5061439372553 317.2117067977672 1052.6234856071144 331.2381506632741 0.06311870366334915
837.690438131023 275.54391304099954 918.8389122355361 394.1283564532474 0.06309483200311661
454.3203006566373 380.0436758846359 467.8360559943086 395.82224694185186 0.06303359568119049
878.4518861944499 271.10745581209125 887.6663861080297 282.7005864068115 0.06299230456352234
301.7737041459706 403.5002340239566 334.70834320267176 444.16704266846716 0.06286419928073883
217.50254755329055 614.1875853298978 327.5412033550396 738.2831137841405 0.062815360724926
298.5546519863999 442.48207765967123 307.0287752156506 454.41189093966057 0.06281490623950958
287.77720053823975 503.31009869172954 298.80246274050546 518.5208468743543 0.06271714717149734
931.967053405408 240.4446592385656 947.8160393506373 257.0403793137031 0.06260529905557632
955.7207973141318 226.36267163908664 968.5169082932321 240.64194111964989 0.062100376933813095
68.03967090882661 438.4140783972752 149.54524321552165 564.9281717177482 0.06206577643752098
610.9590317910995 225.39106439630694 664.0460703822936 287.7085169272395 0.06201561167836189
136.49873165207808 348.3266861344728 221.70687125376355 450.57857555309874 0.06197696924209595
645.6286568764322 512.8115373854047 691.9202297003178 577.4482625765041 0.061931412667036057
338.3318202603851 445.8955436712696 355.90835896721063 468.91704958740013 0.061821043491363525
435.66622567957387 314.06138637618295 466.0962921237497 348.18296184013536 0.06180784851312637
300.07421765815815 451.5573694585632 319.2240665352178 478.9390862153996 0.06155234947800636
897.9050550196018 386.091077855538 905.5558682756904 398.4078665806805 0.061472274363040924
944.6161650843866 468.52530687658503 950.68997744544 476.94827983586134 0.06130091845989227
682.7981105690762 363.1905976275413 707.5902901278604 395.75032554561557 0.06108972802758217
336.615047251662 381.3625401633309 346.9732954803928 393.534619787183 0.06106588616967201
849.9966616927198 292.4246731295963 878.869728967417 348.66071102863884 0.060708653181791306
69.13729475329087 604.284376037658 189.6125629379166 756.6853371937899 0.06031612679362297
465.09891870209657 455.4720449901377 513.6109868175413 511.1191644749526 0.06021672114729881
618.3314421105697 382.3067887429839 724.3040418584699 520.7759863708645 0.059616249054670334
491.1242220690422 397.94696004810015 507.57944724996435 420.5760396847591 0.059136535972356796
1008.3400858439849 455.5597424822696 1024.707087678496 479.08884217583625 0.05875018611550331
868.6671432386627 388.2382520634894 884.3860081339869 414.4384243072733 0.05861523002386093
986.6482425720785 265.78636566144803 1000.7486357916815 287.62053130197813 0.058360956609249115
890.2776489964446 271.5367714137816 900.2776723153019 284.91296763311993 0.05793856829404831
400.4697657329371 560.9377443970842 600.9303182749068 778.9617152119291 0.057846758514642715
949.8535233051891 405.4689408941323 966.6466180386103 431.67755061351033 0.05747785419225693
954.0931204164598 -69.44744553621291 1140.4967868786346 148.44359219216363 0.05727752298116684
317.8083348412027 335.976653458393 361.53312225674705 386.77850740922764 0.0571439303457737
938.8631200749758 267.084096656313 951.1567642072673 282.73756360142966 0.05698631331324577
1073.0543028036734 411.4857266904054 1084.3294334280063 431.3042382370586 0.056892409920692444
982.537590674838 285.4525152012596 994.3689009635752 301.275089870771 0.05677831545472145
-27.45833854135306 -40.70540586654806 85.86637461933556 105.7855861145354 0.05669122189283371
427.973504871649 322.54957155048623 472.864601092399 371.5831558235026 0.05638555809855461
846.1860010160373 358.61708250138787 917.7134618146616 468.48656043806847 0.05627253279089928
860.5504865033336 481.3584930809728 978.8808968860741 625.3812362297156 0.05609770491719246
398.05400371661636 480.5831540874228 439.48240932349756 528.2016406027351 0.055490244179964066
1046.5563339858256 448.90456787556263 1056.4351380985465 464.1787928953586 0.05542594939470291
1016.2904790617392 240.31247015481452 1033.851492590701 265.85576018630167 0.05537070706486702
797.4966143121393 266.6748622518013 856.9691375120756 354.117586626743 0.055354680866003036
464.8572865629217 257.8372522797691 520.7627415564407 321.69640504311354 0.055306870490312576
902.7294852331991 178.5157834524456 948.8077417376007 235.7753794022624 0.05477055907249451
914.7092502519508 225.9595381500989 935.8224466778446 249.31113554518205 0.054651062935590744
814.6378548930654 328.6361160036133 866.4016553346555 407.3610256940325 0.05376556143164635
345.16299399849066 587.2257378583404 454.53037368693276 714.695817234026 0.05372297018766403
884.02991291318 379.3058579524427 897.4031974145471 398.1713008448096 0.05319962650537491
