430.41839875173343 365.1296164210202 440.1457848962911 376.59461823588924 0.9949986934661865
404.01458451245156 364.9686104214811 410.75449073759535 373.0244119542338 0.9460234045982361
90.49366264238698 11.329647002028844 171.62245085342994 95.65259878580997 0.2661542296409607
841.3203388892198 323.7079876009024 881.327883951955 382.1782872005229 0.26518648862838745
714.4078947577643 371.8864449038617 723.2134409635189 384.9606045381393 0.25837305188179016
876.1631287074621 313.3874497009834 919.4089196042744 372.1448424025976 0.22337426245212555
698.6317387171817 353.2452603279841 707.665641069984 366.63412132693134 0.22317025065422058
638.3707641938315 398.3799506193174 644.6799190836903 406.21925524263554 0.19798310101032257
262.1433027677352 204.1128832050372 270.66208187110755 214.6326699139569 0.18865017592906952
536.8885041349066 325.75511782966674 553.6274994268272 347.28856206728074 0.17365698516368866
528.5091170850383 307.3737552961301 555.0975066585479 338.81035132623646 0.1642630696296692
972.7259160211994 58.71839735148526 1070.0557718723194 163.28527192790224 0.14906437695026398
692.2216677047448 361.497661843586 704.2253984244359 375.9110485759027 0.14468392729759216
127.64939630353349 31.197111822614996 150.13542935785807 57.188327782873856 0.13671748340129852
425.76754938873603 354.4028394740399 432.00690494828024 362.03907714490913 0.12852075695991516
1050.7804776430828 288.65363860750995 1065.2883797111251 305.73227766820474 0.1274442970752716
486.970754333043 367.91624637735515 492.7205575052491 375.42434559237245 0.12328759580850601
458.3903684674684 368.28700069251903 464.94098455985613 376.4231870989048 0.12279485911130905
663.184686975771 387.5355956891608 672.4838632055308 403.99096428049904 0.12256170064210892
465.5483944588673 363.4936885131372 472.3114925359466 372.67478567390253 0.12219967693090439
484.0811703230324 351.25320411367784 491.8507425701024 361.7184522152009 0.11882435530424118
1035.5339495907958 323.2883724360421 1065.5745297719186 370.02029519379636 0.11678190529346466
444.61940066978747 353.8451729969381 451.21974339297407 362.1630156649899 0.11522918939590454
467.69419131911997 373.6883519869981 474.763875470931 382.28167406780017 0.11506590247154236
411.3627693420502 365.2155474323058 417.3810368334576 373.078416244098 0.11466749012470245
455.5687716628882 353.8366569203445 462.2307721045006 362.8955338869909 0.11050651222467422
702.6898205028052 377.9550033884928 723.9545666268498 409.2507382494135 0.10954258590936661
188.7713551464722 282.476715145798 229.22780376045407 348.6667499264247 0.108441561460495
419.65570099157554 364.2991189523253 426.3889375330054 373.1805345779269 0.10674049705266953
477.0546693190383 360.1653089812317 485.39276740494466 371.3500118890563 0.10660088807344437
902.3769759165066 318.9782974062347 947.4763723536292 377.4517426201951 0.10647273808717728
688.9714562776894 351.9134272463906 723.127042839036 394.3692164511631 0.10574154555797577
992.880481031129 463.0986313414743 1009.0180109822952 484.41866835813437 0.1054733395576477
471.74435482052553 365.20123141550545 477.7953162826899 373.4290563371294 0.10534116625785828
158.3374117679198 30.09701447968285 236.7431448952143 120.65651335513066 0.10434830188751221
550.1877921197984 316.48896577341725 556.4122171495671 323.05459867342967 0.10379820317029953
396.3345097761879 364.80308071291404 402.9108736039617 372.8939386064653 0.10366462916135788
410.17992586756236 372.67654575592275 417.07737872393244 381.8836622380977 0.10323454439640045
453.09801374214265 370.4948213663148 460.05048961502587 379.70890670493554 0.10314329713582993
470.54005798543704 355.0349343657892 477.9845736208953 364.94324409947166 0.10303469747304916
433.71298762863535 351.66036164048813 440.9001984297533 360.8813548720979 0.1026003360748291
415.8832854951391 363.85445685169515 421.6558650030312 371.84792892083397 0.10244791209697723
340.4527631637748 153.49010788821434 346.46468834391885 162.87976986418826 0.10225092619657516
955.163587298551 473.7235500238369 988.7162731716622 518.1847928226853 0.10101485997438431
678.2392879388518 358.8335674332733 689.4533256721729 373.4955647580689 0.10082638263702393
462.36816778547205 357.7179623768528 468.8111568155936 366.877055652047 0.10014332085847855
463.4043698871795 371.0706259336898 469.9357435571795 379.6100453687087 0.09986332803964615
480.68461549163015 366.7376494846239 487.25379753750957 375.6931388215524 0.09949834644794464
691.6483429520325 367.6329890314599 703.4245155116245 381.546542657425 0.09942647814750671
475.07978046942185 369.0201730921969 482.2239704603878 378.2538140473497 0.09897152334451675
451.1108343663081 362.62707031515475 457.7185400601754 371.1947580099221 0.09816812723875046
843.5535048203491 462.85974351292697 894.699914172736 528.1621058768017 0.09763723611831665
543.2839513208511 316.636859570328 555.2308987663722 329.55285281710366 0.09740253537893295
485.60334630747275 374.80170095030485 493.6595225950426 384.62906947671866 0.09728820621967316
491.27339494436814 366.4059454277004 497.74427975525896 375.6579263552016 0.09704162180423737
1004.070314795925 301.42395529993684 1043.4254432316636 358.0656030185811 0.09666477888822556
668.4968139070512 363.7143730626366 718.9298340539963 433.6129840921325 0.0966227576136589
189.2929100383969 116.65886816727436 236.45426141417514 175.37371212266137 0.09618708491325378
751.9223228095109 324.5841988950269 789.5619716389846 382.85707377740783 0.09618400782346725
783.4716243415279 404.53639986994074 838.3387131601613 475.8847119652895 0.0960216075181961
550.8202558011546 313.46676492900883 557.6842664526073 320.607456032391 0.09591200947761536
470.15907334991863 380.12148278603917 478.57263378665664 391.26084942093536 0.09566602110862732
402.2619496321668 354.06862884492676 408.2647918014614 361.4964194095201 0.09514366090297699
464.9452090225092 349.5856556354694 471.18410621164446 358.2760848580741 0.09512226283550262
836.1348280927182 545.5061589734885 916.8683925169031 633.3626431039273 0.09499017149209976
1054.9664572375204 366.21291343352334 1064.7671297816592 377.7613847256505 0.09494318813085556
526.4000556490572 329.6739574713933 538.6853695370082 345.711679804729 0.09489617496728897
346.5381447339511 162.62585589495035 353.20129910090213 172.50231390827173 0.09487221390008926
469.85743108582375 323.3346151433952 476.1759787016826 331.5676867662095 0.09485243260860443
438.54091476841046 352.6994829774636 445.2934315290451 361.2262806087399 0.09469297528266907
584.3642432192321 261.6010850717209 634.0700503065873 311.4265914376676 0.09456829726696014
879.5848609140116 421.9213871082519 918.4519464373129 470.28239374428216 0.09450463205575943
490.5213933327392 350.0146626244182 498.7344352211951 361.7974875123886 0.09443540126085281
454.75591438602805 343.1729901654533 460.67487724042536 350.9977935960123 0.09428822994232178
604.3025739791537 262.32998286202985 614.1412412522922 271.91972559493513 0.09408733248710632
884.9400695029093 472.0951847335057 924.3174034985582 529.050155474135 0.09383390098810196
552.2597655421226 330.48393883311525 562.209484022073 343.21788200181527 0.09322825819253922
465.7068413168315 338.6032060120655 475.1054153906891 350.5135134848821 0.09305644035339355
501.678235685846 342.7168040176024 517.1167708191967 362.6708658116098 0.09285374730825424
387.97662653393826 327.2452257489155 394.9953626734271 337.1362127670224 0.09256473183631897
487.87101875408064 359.7344316671898 494.8081439081903 369.0056057276925 0.09252738207578659
512.0681263522813 355.92051636952885 523.7750153369919 371.6800165814497 0.09192998707294464
680.4032914574848 333.43629939340605 705.2278897046735 365.705691338493 0.0917777344584465
446.0259041162226 361.6065532272283 453.3266801568363 371.3042585781335 0.09175673872232437
477.7493808606017 314.3063935483978 485.43659121768815 323.40000324518957 0.0917176753282547
483.73337402723644 329.64306246489843 491.1046625739552 340.76227590808463 0.09168781340122223
439.2470443720144 363.3098746523681 447.09735274713603 373.70336905113965 0.09167522937059402
618.725423501705 289.57421422715646 642.1357190426622 319.3583740200495 0.09154406934976578
709.3050091254363 358.28573471204993 719.4373224687617 372.5875126375378 0.09132969379425049
166.6087630743619 250.81269298614197 202.6857539260854 322.0034091804983 0.09127490967512131
211.6792185474937 261.8279765037895 256.3794783639355 329.1868073461448 0.09120950847864151
702.1893517609886 340.22703998953455 716.5575364109212 361.43530316257124 0.09104478359222412
451.06794950613795 353.2836358844992 457.165658898028 361.4190831606294 0.09084656834602356
943.5759868878724 340.02938936299705 1003.0036129320572 410.00923293969856 0.0907873660326004
415.86126756377206 371.9043885441409 423.20761839343817 381.7403495148357 0.09072266519069672
462.3967909816601 352.89832395761545 467.4258699876886 359.77755787039024 0.09055706113576889
670.2045678883011 360.17056134267796 678.8435366852356 374.4773392521275 0.09038820117712021
418.88779402948194 354.40720039098596 425.6809525177811 363.0107345177815 0.09028559923171997
413.46199831247196 357.1705477519551 418.526017358768 363.880729394711 0.09023348987102509
469.87231955865457 387.6496514069806 476.7365232934263 396.276607020672 0.0902143269777298
493.5585860319981 356.11841863636647 503.4472360534076 369.5218276968131 0.09020786732435226
346.686958965042 168.2919478509066 358.9776181327515 188.1646889028965 0.09020767360925674
477.637409389504 374.53311996473747 485.8910870415813 385.0110097927946 0.090005062520504
676.1929030801194 325.5838030941718 691.9782070738113 344.18145059617547 0.0898909941315651
785.8528016917761 367.0097525023658 840.521505761196 438.6231307505577 0.08986501395702362
1044.5602358623553 281.74550376151046 1053.8004743233284 293.1010730299146 0.08974149823188782
975.8408094257883 311.6407923715321 1005.5456854097432 352.9888755918396 0.08964867889881134
1056.0609410243517 269.4110600464388 1066.9561409316057 283.3567330108939 0.08963963389396667
990.441726890743 369.69325957246843 1036.1330795594977 434.529693141279 0.08960072696208954
786.9977207343181 316.6251672649422 837.2465435792229 375.5170993877642 0.08953101187944412
529.217580009209 333.19327630900926 556.9578513709488 365.7415073745586 0.08925865590572357
484.918138234711 360.228182537186 490.85065148024665 368.4743446484861 0.08918272703886032
-4.307747782014912 210.69471402766035 14.253561150529507 244.36860839665917 0.0891224592924118
567.8069377047088 349.4989345728415 580.9857064801301 364.4239516324845 0.08910741657018661
424.2157246718353 366.3578745120961 431.05170383861787 375.1061920832656 0.08885593712329865
471.33817203803414 352.6788336925028 475.995112003413 359.5444981797026 0.08885538578033447
455.19169798927163 377.54891754120024 462.75873905778514 388.3780656018121 0.08867733925580978
419.7647611974265 375.19855579604103 427.9097022375259 386.1352334218501 0.08827211707830429
545.8941629688032 362.07592911128035 586.1889710697707 403.9201976767922 0.0882720947265625
715.2482385875601 360.8921832540069 725.1456367362272 376.2043191944263 0.08821125328540802
459.43161953930814 337.96883437098217 466.7916723690087 348.20961217182935 0.0881970077753067
475.71708400429173 349.154051474725 483.2636183717804 359.2463337171291 0.08806148171424866
310.2768229565372 166.75938588822672 325.9118319264787 185.09308410636376 0.08801483362913132
456.2942758723635 361.71709755074585 463.1680168188087 369.9294940649584 0.08798439055681229
711.0542517347885 385.2693998877667 720.1536684360847 398.7114361802861 0.08797258883714676
498.31992399957556 356.6956481501805 512.3565461170509 373.52928136554834 0.08776583522558212
483.4719545976128 377.8356614586475 491.37425605703226 388.24122650365524 0.08761589229106903
712.3279342757453 402.6048236356762 723.7635391100148 418.5418671199462 0.08759569376707077
340.9414306344859 197.08071513981085 352.25663729121976 215.6167257924114 0.08741647005081177
528.0966915802977 316.2276680008901 540.0259181776494 329.9132966941913 0.08732180297374725
400.0348465354041 371.99704061769773 407.0332685775802 381.32981290254475 0.087232306599617
495.0785978619576 371.3998236695116 502.8398020334518 381.8510714960642 0.08702752739191055
723.9722787570641 382.0506535234997 751.4970802883298 421.0708167142741 0.08695153892040253
455.4742665029471 386.1899699578675 461.27221517200076 395.4131503144742 0.08692546933889389
471.3414667426003 320.41657968274075 494.1400802040335 347.6828530591435 0.08688841015100479
1053.3749664498669 333.22614438041165 1057.9044086330439 338.4346753013343 0.08688001334667206
396.76282018705876 357.0788240964524 403.4740833638785 365.74775763983905 0.08681406825780869
488.20291607843205 339.21594966636405 500.0977121414589 355.6093679180512 0.08676232397556305
529.5820350918575 358.4824450549486 541.8984447956182 374.07506999913744 0.08665251731872559
523.6895794386573 383.37479106140654 537.9437701646249 400.0108085848792 0.08646909892559052
141.43043679017237 269.7233352434162 173.2008763426522 342.9365220877788 0.08640732616186142
460.76855506023753 326.9277538388056 470.9667987264551 339.8889986590502 0.08627750724554062
661.9287389536315 337.188598741358 680.1008151869414 362.41928401032357 0.08618693798780441
542.9971058251949 312.16599659759976 551.778721564862 320.9505106811149 0.08618464320898056
909.3256775922288 377.9217338147938 959.0749841871885 442.24257452332694 0.08618131279945374
512.8772462263695 335.732800398709 527.5035070856351 353.7702970248135 0.08594687283039093
661.467690193951 363.51701627237856 678.0674604721227 386.5725789989376 0.08594172447919846
934.3652169822635 328.06465934828304 982.5830451282969 385.3442676594096 0.08594074845314026
488.95902803900253 380.3159892816326 496.3751098096976 390.15208707551574 0.0858265683054924
703.8394735562642 370.62773755632395 713.0802690477722 383.3373149031809 0.08580945432186127
408.0713884318121 354.25842227723194 414.58979405651485 362.4334865070316 0.08578938245773315
622.7029333368843 342.95953612793534 647.0694652058468 374.7928359663505 0.08571483939886093
521.6193324125244 350.9474820550497 534.5407543177977 366.7081698308403 0.08564107120037079
700.7432444600154 327.70265220376797 718.8730640742696 351.00005179198536 0.0856349915266037
119.40538219479274 247.28616556186867 151.34932289222058 305.8798857731504 0.08542171120643616
462.22922412006034 380.23689264668263 469.5890930822231 390.0854503479742 0.08533478528261185
356.28155830984605 152.01975492088934 377.14956734724046 180.45317695253686 0.08528893440961838
540.1089691098198 347.9191396349381 560.435635979818 370.16202249746715 0.08525251597166061
200.227491726496 366.40671929039064 242.59816804662 425.20171225840886 0.08509429544210434
342.9052048018713 173.09126498815536 349.44576399965945 182.56025795820872 0.08497627824544907
731.2164992554843 327.0224407544055 766.3860510174333 377.0586752539626 0.08491311967372894
1069.467884570518 283.58359300928595 1082.2015067049977 303.2316980586078 0.08440755307674408
479.7976322625897 320.616144987951 488.22112370476873 332.10918002819653 0.08432334661483765
114.08138991602706 104.60285749885861 151.91480111188503 148.6900860172739 0.08426153659820557
676.6777488083773 373.87846191324303 692.0160199884677 394.5190845447256 0.08420360088348389
389.6917722519187 337.27000827754364 414.10606958983834 368.34479628691895 0.0841670110821724
-5.4055941750144205 218.40826258021897 17.690304978371504 259.1807126523863 0.08416325598955154
346.09525683612924 152.49479147755756 352.92361453256905 162.16840356515425 0.08416017889976501
493.00862383300984 323.2315081859166 509.4526587587678 343.1713264095977 0.08411552757024765
1044.0868178290857 370.77470190139417 1087.8506491639014 433.64945119266036 0.08404858410358429
513.9223856224631 318.1786578670065 529.9385322862962 336.26449898717283 0.08403685688972473
335.8097668303078 176.26125924701566 348.5808119838307 195.4767897975946 0.0840088501572609
705.3038859871408 408.78770608184493 738.5573284842994 454.34059088397953 0.08397495001554489
473.103767115882 344.6360648086404 479.23012071902815 352.6931706686434 0.0839700922369957
706.4642699515616 356.76203503997425 714.1508675963915 368.69869056412455 0.08394651114940643
788.7372833763472 118.13406279164016 870.4984281296752 210.69587953859738 0.08387064188718796
505.1417410779075 368.8266592559211 521.727572351205 386.9690536208411 0.08385129272937775
488.0498972012717 335.3239391171815 494.7603559440924 344.3890596500547 0.08384301513433456
615.4201524638739 264.2777953979337 626.7605374014205 274.6703498778423 0.08384069800376892
752.8128928792013 405.07859647476437 791.738441984176 459.0555975319814 0.08382335305213928
461.99745261921396 374.4956466752545 469.0656712368047 383.8268488742412 0.08378654718399048
212.44029068592386 323.22289561291086 251.5228401616814 381.4455011882151 0.08373385667800903
717.593448093392 342.17522202948726 739.9046336093519 374.09195133928864 0.08367892354726791
250.50194214680633 312.2933740064927 294.64756542492006 382.3292276530087 0.08362669497728348
434.13389200364554 344.94493373589467 440.38932130712567 353.3416353272993 0.0835585966706276
480.265872228562 343.30187771645194 488.3000738029231 353.61878189530586 0.08348821103572845
494.99786071279556 381.843712733892 502.5842133220111 392.11814976475443 0.08336159586906433
64.86266795861047 262.0777618185749 109.928683780809 331.3513843471634 0.08334082365036011
400.54020090179523 386.28551340030253 408.2962582664179 396.4178683625992 0.08331631869077682
439.62787534265243 345.6447128837752 447.05767677010573 355.27634959480724 0.08319113403558731
458.8402625890478 346.29536318845646 464.923140376414 354.7779147691614 0.08314228057861328
333.92222752117243 170.44193042305258 400.1874526600731 261.24455527003846 0.08310128003358841
648.2397482647771 363.8294016016399 692.6739384523354 424.71261012607465 0.08310101926326752
434.8624453070762 390.83261608639435 442.96788194285307 401.746684135006 0.08281578868627548
477.2849461156014 384.58644005834594 485.41811878053244 395.7562914309311 0.08271163702011108
414.617761774528 346.9339263712959 421.9234304598107 356.1711282179591 0.08264776319265366
788.270535278278 464.4504052671567 830.5199291284208 518.5042484185966 0.08256562799215317
1063.9049901654496 310.19651750866586 1082.028216132735 334.13731799402865 0.08255483955144882
70.65784680429971 214.69181667693272 110.82874284173954 272.70883184963986 0.0825364738702774
493.17133581534654 386.69207921974754 499.34113489049264 395.43791090848276 0.08250901103019714
209.32588185898436 210.21381686540883 256.97461650577793 279.1856193614745 0.08245691657066345
489.5335336171352 371.2506241495485 519.151205062601 406.3623956666498 0.0823664516210556
722.8384227842162 370.7824585895347 732.2413765648037 384.9726331262402 0.0823536291718483
513.6289821060379 280.6894107285037 570.507605356014 348.79061013909615 0.08219669759273529
721.2490223014396 388.49688836873696 729.6048274480135 400.8024681849539 0.08211294561624527
453.64079234368063 330.3915971609637 462.414915890309 342.1666569445706 0.08209548890590668
495.4284680096951 341.9985707260913 506.5516017464933 355.8953723724503 0.08206520974636078
159.22327337456784 116.39682823645256 196.7679285121059 159.05860880377804 0.08203167468309402
838.6631109922309 410.75013227457094 885.7969623852686 472.04326453293567 0.08202970027923584
291.55456988779554 195.05735014643784 337.29361983589985 259.6111363602955 0.0818466767668724
434.4600985813117 342.5521577361811 458.05226615838114 372.79077179418874 0.08171509206295013
339.13000234075986 157.01649575635955 347.60262297734414 169.3595012493602 0.08161869645118713
273.5956363912125 393.93437471761706 291.62711003405246 413.94743366082207 0.08158348500728607
364.9979223241347 344.7269826172474 370.0942875757791 351.93574835980223 0.08157262951135635
743.2700275041506 373.6043493137579 764.0063642794502 405.5517293853558 0.08157175779342651
122.42383385226495 -1.8585263410364334 140.04061687683367 14.612702972239514 0.08156801015138626
812.8992049075814 346.2722637816295 866.5199283121602 417.8780402127326 0.08146228641271591
483.1580471034428 384.75864577199354 493.30182281859453 398.2436825942908 0.08144348859786987
1021.7854484200631 643.718860667359 1110.5584048447163 746.60177306035 0.08142164349555969
471.3940000744965 329.29505066606924 479.78269576951806 341.2335256889811 0.0813879668712616
741.871142868674 270.9504395389115 787.3570427643122 332.4416878528421 0.08134603500366211
408.8359383218527 380.35075091151066 416.15955329646 390.35540918283914 0.0813056230545044
710.2415396586525 345.12995129427236 723.4927751327018 363.11251996193437 0.08117026090621948
521.2340247532143 364.84697247475276 529.7383102398487 376.1102017317987 0.08108765631914139
1037.7247427892853 335.6816555001625 1043.5950033584074 343.5003448280794 0.08106819540262222
156.84876826531772 374.4635487954951 207.1617867425409 441.52299759283204 0.08104076981544495
-11.480175314882024 152.4957068352631 37.8191603926942 231.54739675517487 0.08100416511297226
389.8227904226038 365.7553419536618 396.1643885598599 373.72424080849305 0.0809890478849411
394.5826939253716 374.7142552009351 401.51042583013714 383.8802447499796 0.08098814636468887
102.5955425661481 8.566327389115918 136.19471715727482 46.236412896121045 0.08097328245639801
545.7380315834785 303.967233844014 558.418138366213 318.18973318193764 0.08092255145311356
459.60090641912444 391.01672538391784 467.4796111197669 402.62043559246825 0.08089223504066467
446.04285784591355 344.7478776811715 451.36264178605586 351.5922917798285 0.08075480908155441
699.0087621062276 378.24775149209813 708.7826393303786 391.5848250297554 0.08075109869241714
486.4148488018641 54.95835136312336 571.7466096652224 145.57778141040637 0.0807507187128067
618.8339793258332 361.36193149873037 653.1501473624464 406.17748222310325 0.0807122215628624
734.7546523559541 413.3685724426052 784.438471765718 481.2669573727988 0.08068879693746567
899.2233609481711 517.9251601766067 949.3699975080133 576.7011173476623 0.08062999695539474
557.6973983004707 313.4081835423955 586.1532328516512 349.91664518197047 0.0805635154247284
447.12772094282127 380.7466222068016 475.9334192473348 419.05119935779885 0.08053599298000336
174.80676000038625 181.50856430431486 213.6259229913724 238.3807078914756 0.08049633353948593
477.1578930093988 381.1080264105816 508.82850660242474 420.130934579777 0.08048070967197418
1047.8844616093768 314.96482171842797 1088.1159227497196 370.4064770718965 0.08031267672777176
431.0214615962968 357.2930058729446 439.090506401695 366.4920890377059 0.08029796928167343
426.41117242603787 375.26613398405595 435.8534923967062 387.44780404536647 0.08001824468374252
722.3419807137446 403.39306617322717 731.1197681968104 416.2652681578689 0.08001082390546799
464.04686422509803 304.4117229074963 484.3730626987579 325.69920543319273 0.08000929653644562
484.64422111547236 347.0309533958552 489.6706953179057 353.8620510589663 0.07991387695074081
135.2477308655314 383.5134403925305 202.39655020723217 474.84768453629505 0.07983187586069107
396.5118466396125 347.69338311189165 403.37013836611266 356.6636867186112 0.07980483770370483
644.6359222639086 351.82349576311697 665.2786047688 380.644990071644 0.07980336993932724
487.6807185072753 301.0223660658905 516.2569534260267 331.7532397680777 0.07978139817714691
422.33659111682385 332.9288938967752 442.4185971441648 360.09816104856753 0.0797324851155281
361.8731191642519 180.23134444126848 375.0400145356751 199.96912446174275 0.07972398400306702
941.070122201188 276.71638851663056 978.4579558304264 323.48964749186433 0.07971759140491486
67.82384995824819 9.25409037131571 97.60907102072896 44.62653444007302 0.07970666885375977
686.1460630041627 371.7241842130641 696.4344133961692 385.43843349108573 0.07965771853923798
994.2380480231437 472.99478847555093 1029.8600320782336 518.5180566729523 0.07963090389966965
177.3243859601349 310.80337104126886 247.47952030891344 416.7413937875973 0.07960456609725952
626.8498528881931 317.42672465067784 676.5063028802986 378.01716188611823 0.0795649066567421
442.89872651647505 372.8769934720813 452.18259080039496 385.09737020199054 0.07949516922235489
298.71047502617483 297.56833422015933 346.2496978604452 361.50144267084727 0.07949395477771759
936.148470098997 491.06329103473564 980.8736635306045 548.737169852895 0.07942048460245132
470.74191958921773 314.91623350654896 478.21062760053155 324.14664415153646 0.07939367741346359
554.7175021637073 285.0219179467656 582.127941262216 318.28103854016274 0.07939021289348602
609.3861965977233 128.9691563385067 697.8727564475371 219.589307177789 0.07935411483049393
261.1529184801099 184.3073181448044 306.8550641095064 243.22947969878373 0.0793478786945343
544.0476740691706 349.58040363799824 553.788244458149 361.6631648487523 0.07932746410369873
260.2394757969583 474.2364361063661 314.2311811281497 538.1612802649765 0.07930099964141846
1070.8987013388062 267.8824663992841 1081.2062602111866 284.88476305968334 0.07929275184869766
555.2735528623049 346.47266071175926 567.767871035755 361.5750091790882 0.0792706161737442
509.68674866280315 324.66658281148074 524.5087122234416 343.9502696710047 0.07923870533704758
654.101775714817 374.9708219532066 666.794571290613 394.33032194056983 0.07902436703443527
456.8461134047173 318.0587304139761 466.9525517156857 330.28160836894347 0.07902197539806366
152.98688476162096 62.61590850613528 172.16781361166127 85.5574994662045 0.0788409486413002
709.8040039444038 127.61547191200438 799.0486292554638 231.28261294341578 0.07879601418972015
691.6976708883138 440.58043090809076 751.734230994822 521.8313937237867 0.07875758409500122
448.18750100063306 345.8913241978761 455.5857392547989 355.7316623763398 0.07872848957777023
421.1278338197334 359.6112818543693 426.070389693255 366.72194229732094 0.07868772000074387
506.31236095260397 310.1625630717372 517.4076141206082 323.96059705889087 0.07859833538532257
954.7420015350762 314.239672211025 981.8251829093178 351.767950427545 0.07847671210765839
474.9860760991879 307.6407141831805 482.3007774266487 316.61339353113163 0.07847330719232559
103.27118800423742 294.97829088445206 140.89464774005856 360.61902703545684 0.07842160016298294
1074.3306346469444 321.3738767711498 1081.1830792577207 331.6184931524888 0.07841261476278305
1049.34550573796 330.8390765364203 1053.8183520244718 336.38908071373817 0.07835834473371506
482.231847408725 318.1498443060929 489.0871291091312 327.0422247054577 0.07829714566469193
222.77953281631667 108.38955206777156 249.8084627464134 148.9526158371982 0.07826221734285355
407.4363218069255 354.031281918822 437.77862396945426 393.4559632464331 0.07824502140283585
455.73447051140556 345.4710358593692 485.35805205646045 381.0001473463374 0.07823314517736435
513.9042778198437 357.9643368468407 551.7663158524215 398.874092173352 0.07822412252426147
382.15483839585306 275.15317153742103 425.62158811132025 332.68509630459823 0.07801312953233719
861.3704366187413 370.7366751037686 926.2159056363082 460.6102234135818 0.07801289856433868
611.4363824748707 250.7086424373773 629.4789983607675 266.1807316224391 0.07795103639364243
384.4290840014719 215.78801585071653 422.7556176384297 271.3371714902973 0.077876515686512
902.4006375640275 444.03315866748954 948.0641646065085 501.015671660073 0.07776579260826111
166.22926025542094 55.9358599308454 171.8249707441729 62.91293007681705 0.07771078497171402
1038.9084494526069 291.3132256323177 1051.1410864369132 306.9194146484599 0.07764218747615814
446.0163091740356 377.79185106150953 455.61101471649727 389.85204921165496 0.07762789726257324
393.4554420689863 285.9303251910378 401.09164332032634 295.5962538084185 0.07760437577962875
352.54837032450297 149.75524813861162 362.1248123628386 162.9326389276452 0.07758540660142899
652.1320467403547 345.5299855224581 670.5232805631111 372.39845419846216 0.07756739109754562
562.4795907241252 375.94153023284963 609.2308532744893 429.67164562300303 0.07756029069423676
790.3908242506812 545.9737121982721 878.3385563202218 652.2633248010405 0.07746662944555283
652.7192577032481 310.4099970850282 686.3790830124548 351.7119518987555 0.07746247202157974
1075.0940589420263 333.47957218402735 1080.6192048658377 341.8075579171382 0.07739295065402985
530.4555506579812 347.23786405987477 541.0471092481254 361.27222418463356 0.07728886604309082
346.5124229438939 255.05218475336554 379.63543548800277 303.93692353354476 0.07722482085227966
946.2947649678323 409.68083011119745 998.1102813641132 470.2974787406559 0.07708948850631714
387.11553870301225 147.7975945626616 407.8894077808662 176.82374734131005 0.07703841477632523
403.84945083543226 218.99636854048498 453.9984819386085 285.22295880689245 0.07684154808521271
392.3124981781698 297.6383395506209 399.4640164364602 309.0075053571737 0.07681591063737869
575.9399907981286 335.7658721006995 616.9114355686603 381.4543707807913 0.07680786401033401
370.7196473279952 150.1845425144627 384.27299312172494 171.3133851225983 0.07677417993545532
905.6509814356149 485.33658933535594 949.277374239416 541.8307274804453 0.07676330208778381
1053.2474674950058 281.5473721755774 1064.3696046775149 295.0325773565946 0.07674412429332733
989.4517884220434 506.9083351995675 1029.9379347573545 556.7203873435591 0.07663580775260925
409.4235216256207 380.31669820672556 426.62513729795035 403.4697431974785 0.07662223279476166
646.8911941459947 395.11815271673464 653.17723492903 403.6655208761757 0.07658477127552032
397.22305345122913 391.8831507627676 403.65440876625007 400.36531707764107 0.07655921578407288
1045.3337699677854 247.09071866914132 1085.8195880660148 307.19007287256716 0.076535165309906
603.8522273789551 270.0158367733866 614.3577462857062 281.22412724953324 0.07649720460176468
347.7980899679347 180.60012150914375 354.81146847826767 191.4157702669074 0.0764029398560524
388.23821582095786 379.16301097573944 398.9725053597737 393.12049938186715 0.07639829069375992
364.7277556762286 338.37476901393205 385.63391550709184 366.3568373715066 0.07636238634586334
961.6625833335446 254.49937496590348 1005.0623476686003 314.88716773195677 0.07630618661642075
831.342447259901 227.73580833107582 904.0477234380679 332.3106579523347 0.07613671571016312
977.1545120463292 390.3956598983359 1040.7802519820193 470.28259025458044 0.07612257450819016
146.11289842501827 24.272141976612847 183.3367896152607 73.05695264261526 0.07609264552593231
566.1086799976877 255.2710215079849 590.8985807709174 280.56544920762036 0.07606831192970276
371.52394430846135 173.4493523990189 389.4642829434646 198.66746658487662 0.07604681700468063
606.91525614182 404.2818130007364 637.0804463962938 444.7206685422801 0.07587392628192902
278.793045859258 122.02811082952059 343.930760209199 194.43983967183868 0.07587236911058426
635.2560944157592 386.0027573317076 641.3561914778842 394.1242171053522 0.07582676410675049
292.6507350678347 243.43461428977423 345.6605946954163 310.54016679121384 0.07579592615365982
1043.450097801973 332.6392967649046 1047.9726302702563 338.4527186376881 0.07575053721666336
403.90071026996026 343.79705627992803 411.17351593459756 353.0082940664136 0.07563326507806778
375.1361181202714 361.7856577163363 386.9782122687714 376.5015113768397 0.07551194727420807
738.0381886885432 389.3561192883223 836.952284494127 534.7582811071825 0.07537602633237839
719.5838965638545 382.6321678260847 726.1920263199753 393.86997650351475 0.07536473870277405
1041.9036094718388 342.028993303337 1050.2188227806498 354.2517976449707 0.07530959695577621
765.8886097732195 363.37450864926507 799.7973152485214 411.6216222996405 0.07527302950620651
1052.806306321343 277.14149763399973 1060.0545834169686 285.7608202552765 0.07523533701896667
591.7808547587023 229.50334872104287 635.3169849752684 278.7944794944058 0.07516399025917053
687.7407107731708 380.86370135823665 699.4488043386145 397.6549220562734 0.07516352087259293
99.75566990299663 52.3848150628375 124.76290548698594 84.94110739358197 0.0750502198934555
383.7193409051773 369.882706379388 390.86941484923744 379.37829092734415 0.07503992319107056
117.7058131144789 183.81561641103323 156.61305312267072 243.59625756675874 0.07499178498983383
1026.9491015841168 292.9925910233152 1038.0731157056655 307.0860914123958 0.07498768717050552
719.177532906041 305.8501796349619 751.9627071254826 351.3725360413802 0.07496972382068634
366.5961533279535 352.28159469535706 373.01012928410944 361.3622729053659 0.07488007843494415
682.684252578175 353.6928972598812 689.4585661067418 362.5641407335514 0.07486780732870102
396.5106225411001 379.99799349827606 406.4664781073044 393.1430781230807 0.07483020424842834
389.32071998936823 332.51780202928427 398.0077147885146 344.64563827850276 0.07480094581842422
89.40785652776363 201.78329374770615 148.2797174509337 291.62339966059614 0.07460813969373703
664.2500236042885 271.3444398813401 714.126743993004 328.4978786926966 0.07459767162799835
314.1436516413563 144.59540664327744 333.9566944599611 169.67542369115674 0.07459674775600433
629.8239155175559 396.7324865155947 637.0979016184946 406.3086958298156 0.07458728551864624
564.4114111008817 360.6928515330941 580.0266851963987 378.2763556819385 0.0745096281170845
642.2052255293031 404.7917290381626 649.7847488011632 414.6353738939369 0.07450650632381439
98.41027933935916 208.6347024764359 120.87817434379582 242.15300403737848 0.07450485974550247
389.0046083304938 392.1310583562023 395.42053244614095 400.8456607150769 0.0745018720626831
695.9096208299594 391.7502207964642 709.0545662848323 408.8227856117626 0.07449432462453842
125.98054002880988 248.5878132951337 180.40279238415775 343.31649134685256 0.07448546588420868
452.9769768128245 337.68965981473195 459.8405080360907 347.2294824606874 0.0744623914361
1004.873729464276 249.40844937756037 1047.2553191159768 309.43849846778846 0.07441650331020355
396.91605067277584 164.70003663895696 426.3446511053077 202.93254444615144 0.07441636919975281
593.3944556421787 293.75686900642455 644.1378009933678 350.4594584454682 0.0744086503982544
516.2168875378761 301.71405628920905 532.3935203404656 319.1788700010539 0.07439012825489044
642.423085103255 272.0117571633746 681.8552776842125 319.5956600363815 0.07437197864055634
624.6442769259529 398.7873509008182 631.2942273196282 407.7650142233065 0.07435718178749084
562.0941564016686 337.8185344458392 574.4956670805233 351.0327299517609 0.07435539364814758
526.915171504678 369.8263914718808 538.9644842721756 383.10707308591543 0.07433944940567017
655.8016734496475 391.63162296075694 663.4909882273539 402.7486065426118 0.07432275265455246
938.7685236081918 435.7626336617392 985.2803615323793 497.2074367795479 0.07428073137998581
121.34491477215909 76.02986727407192 139.37988730233687 98.39476337773213 0.07427752763032913
430.6501738267386 348.86733382151505 436.51178216493463 356.5917777704686 0.0742703452706337
1050.2250244770607 268.1765894992926 1057.594496804259 277.3982038859419 0.07426298409700394
978.4513612921965 463.5096595661056 994.3741971452179 483.57752480714953 0.0742388367652893
330.3894729671323 192.51371460719167 369.8819582459643 261.8003952959966 0.07422590255737305
239.0296989376178 289.79258283798964 312.9167765485546 388.54029136609364 0.07422031462192535
509.2866583126893 366.6432097744333 517.2846993344845 377.01057531138 0.07421282678842545
324.7402059804776 191.37969860326083 344.55023182815523 220.482136366634 0.07421207427978516
415.4185953291737 399.2125954103023 422.9065858535983 408.7152102406444 0.07420261949300766
386.27622195751457 341.8360941565983 392.05304847924333 350.0004121429939 0.07416589558124542
475.12461874897826 336.62865972276524 483.18939260907166 347.33086221953687 0.07408525794744492
387.6541450112901 356.6503912636757 394.0264586572562 365.18765405820733 0.07399501651525497
693.9227537505922 302.0283386632521 726.9914929489789 343.3211833919524 0.07397658377885818
-11.99990895488159 -24.565724840951248 82.4032664056878 81.3595327751382 0.07395658642053604
555.8095849983139 308.76751824327874 564.9682550009207 320.6020974758705 0.07394009083509445
382.7120542426123 381.5669807383866 389.9934387259276 391.41094932797205 0.073933444917202
558.4608814742329 320.3366565625945 569.4931723010795 334.9090416098132 0.07390391081571579
363.53188146999986 336.5138032276525 368.69360167012775 343.3363648152952 0.07386129349470139
1004.3816065782837 255.27818608135672 1088.4393666916822 372.09784135628627 0.07379880547523499
400.26107838146424 406.4699530918755 407.0932195537271 414.8497679922581 0.07378070801496506
1010.8390234775866 451.0839150206241 1037.6196787085573 487.6137759314737 0.07373535633087158
1001.1185018129272 415.4149006290565 1109.673164543575 573.4187200968139 0.07369441539049149
192.74757036000747 -9.094686817902245 224.31195660739579 27.158688746459816 0.07369070500135422
878.4661210309746 475.32753946685807 1235.3858961758517 890.3024903376847 0.07365763932466507
337.9414413612989 142.60096678814253 347.5818906686673 156.09795385494039 0.07352656126022339
382.3602788616064 396.1196973022239 419.4557196395805 445.1793169493082 0.07349070906639099
1014.1413251157636 468.0045973688493 1052.5909622119952 514.7335647227741 0.07342590391635895
424.2475475275676 343.9502826447025 431.30127481644104 353.0974625763981 0.07337097823619843
144.49258250034714 479.1283796399177 159.46759112674235 504.6636782478575 0.07330547273159027
385.55697361419664 350.061594258196 390.34227973646443 356.3670169645994 0.07329851388931274
539.4596023904435 365.9672100444034 553.0143673448734 381.3023600490507 0.07329276204109192
362.9849847446988 378.6409669855625 368.3762818340855 386.45618850254493 0.07328268885612488
139.84041789223286 39.332424749260404 148.2996706751494 48.571786205885296 0.07327667623758316
147.6733046345484 49.62709190140891 165.37486789471825 69.99973686708077 0.073269784450531
489.0917918783381 324.3057107563564 498.8787137071887 337.0398075367274 0.07323423773050308
218.65540162272808 154.27699165626603 240.93713064929207 181.31499584233734 0.07316584885120392
95.46351392267249 153.40598559958653 397.1405064801057 503.4133980124455 0.07311756163835526
724.9332443975231 373.8169101631221 736.8481423193571 391.39069900436095 0.07304629683494568
559.8696143889287 267.3850559052848 578.7241249416007 290.4407044601766 0.0730213075876236
432.6056627011286 334.6633785267858 439.9537990053155 344.57065005268964 0.07300251722335815
411.2489235289369 307.7304502748788 445.6315739616284 351.15920557728504 0.07299359887838364
449.66133505948795 330.0702056919159 457.9133855251499 340.9252669153093 0.0729612484574318
841.8957916547485 588.8216602039086 926.856939952546 686.293259102108 0.0729495957493782
393.3218431618244 396.6584395513358 399.55671208767416 404.7325932489479 0.07293384522199631
625.9933352346128 309.13896627702036 651.3067332821179 342.06727855359645 0.07282274216413498
198.11442578967194 70.42854622645187 222.2802755324494 100.84149700653364 0.0728190690279007
370.5012803120676 363.7692017691365 378.928140920239 375.1559110770674 0.07281569391489029
411.80793476780286 339.03074542366556 432.8883224772227 366.53664679293246 0.07281389087438583
50.600043087504766 198.8088250180052 106.55627897408982 279.4451445157217 0.07277191430330276
598.763624241132 286.7043345394228 607.5203290775302 294.1140945353383 0.07275872677564621
439.59654750049384 328.5918580316027 453.8899732070089 346.73248125499777 0.07272838056087494
639.1555066472639 405.4286486961662 686.1148843494975 466.3314974834763 0.07272762060165405
129.62429925589132 -0.6550539653122849 152.9109593889884 24.541421234633304 0.0727023184299469
211.74820962782042 224.54344982059806 273.9729912464708 313.8708250461581 0.07270163297653198
719.8153155380455 358.533358129304 730.634281087947 374.58923868263923 0.07266758382320404
391.52860908408024 340.5372508046648 398.3591230469773 350.2447805469156 0.0726618766784668
376.21175988576005 369.65266538323436 383.53847840114764 378.55457085421307 0.07264445722103119
381.95735323274465 345.4654692364202 387.6516809785294 352.8108204147803 0.07264330983161926
642.2448893741447 410.8935196239948 649.4568831248386 419.94371183254486 0.07262982428073883
196.75631742549388 98.4923109998118 219.66020734889887 127.48789883924863 0.07262914627790451
1043.6817380694001 278.6007069039499 1049.482153347669 285.2630101958539 0.07262260466814041
534.3973118341004 309.2520039997728 544.6584276585127 319.8706980903135 0.0725884661078453
139.94116964119476 164.35842132007184 180.67304764771677 219.6311306525983 0.07240451127290726
443.43427599591126 326.99936178239193 452.66503820238006 339.0034047285999 0.07238585501909256
1032.8155425297696 343.33566164996466 1040.9603276653402 356.1926447020448 0.07233187556266785
79.61486116676414 283.5791608147147 154.00512997602118 404.3723983611503 0.07232498377561569
822.6666617889925 310.4021938293426 857.5826547002509 350.18101439271874 0.07230614870786667
220.03703912197813 175.74189688531132 263.2276003972176 234.62161806138246 0.07228164374828339
574.7958988368487 274.43005190217593 623.2914352812963 329.52895839895587 0.07216500490903854
472.60477995895565 394.5868389483775 481.06866500690415 406.8104781297024 0.0721622183918953
540.2471106440184 293.5866308427172 559.4014192784135 316.6734581984268 0.07212851196527481
40.39798585563866 159.29042454030898 80.36914602868829 215.19753030236714 0.07209070026874542
774.0817813224894 266.3941914134158 818.5949711674037 323.20809171855734 0.07203592360019684
732.0240566121056 371.10548224170543 744.8273337911935 389.2569743997366 0.07201442867517471
981.8638092337478 103.68187932115235 1009.1062480324787 131.26569616713303 0.07200024276971817
912.3089457108765 286.9467705484993 955.4142757343809 336.1111837535511 0.07190262526273727
445.6302805153223 317.0889775379439 455.7105064873669 329.79603992578876 0.07189054787158966
1040.4742471615791 329.28393564938284 1045.8009712859114 335.8916151355585 0.0718587189912796
1060.2322400956718 373.6785361144281 1072.327144607323 388.1249417910107 0.07183419167995453
563.7659201900286 336.19666433305025 571.7184530249773 345.0126714346792 0.07182629406452179
255.37094381195917 194.96003377081715 313.5785213954098 271.51084938873373 0.07180432975292206
510.6955086292725 398.12403774870904 517.6116138244831 407.0196765946286 0.07174782454967499
399.43115524406403 396.1356565491302 406.87282846160866 405.67262048958224 0.07168769836425781
389.81712270008506 375.8866134284112 398.00994840537265 386.0895531219927 0.07164612412452698
499.8625144214752 396.57862187733815 540.1007750373707 442.81920248045407 0.07164040207862854
559.7025364626578 190.3335748318657 623.3699594236634 260.9450281909646 0.07161326706409454
-69.20520106613091 538.0830186024363 167.84253127069297 801.2122579012383 0.07157090306282043
347.15028542320016 207.20018040658871 363.44661007716024 233.14818861862372 0.0715690478682518
463.3911897596851 334.6936250308217 517.006934506375 396.64648976604593 0.07156112790107727
120.39194219911538 -8.73921017916469 151.2678473375412 22.42465537219477 0.07150399684906006
634.4303146503416 415.056154562232 640.6051113487762 422.75413294332384 0.0714842677116394
633.8208172520443 404.8450411293593 641.2770707934945 414.2727984455723 0.07143889367580414
587.4454367851524 372.54940930291946 611.8578703948536 403.363443877575 0.07135961204767227
392.7723216815565 347.37905804193315 398.05616485493397 353.96458984991676 0.07129667699337006
152.72566286308225 141.93319245435666 212.21087733343563 218.45651872628343 0.07124202698469162
103.21702465378826 360.7390244506907 154.70663915750964 438.85008978633266 0.07123404741287231
536.6162874016795 320.31170998230726 547.1762970795735 331.5505406641045 0.07121796160936356
1047.4124875410726 267.39406123132414 1054.3690991479596 275.93724488915024 0.0712108314037323
486.72441359087753 314.6920772826432 495.114545143103 325.1863464913408 0.07111895829439163
480.169153038033 277.26250955853357 514.4344120951486 311.2539697127522 0.07102818787097931
468.1290522425165 280.56426890277544 492.7993601620403 307.6585476901655 0.07099327445030212
1056.9309111335426 302.95682791480414 1069.0815925496274 318.40083814629304 0.07092823833227158
460.8455050577423 405.5699373743967 468.0384689295406 416.31802067870166 0.07086045295000076
150.4303157175588 -7.481417200941096 200.2027435026677 48.53188644880278 0.07077100872993469
1045.39339985961 300.80323781461254 1055.4800069866421 313.58295945700655 0.07074903696775436
699.914396580161 222.76674605561118 743.5591305826692 275.4242127642426 0.07071381062269211
539.7601885210203 263.28834075770357 572.0370959055672 303.6513302616656 0.07068842649459839
855.5018699624144 267.09773679725834 900.8338723642836 327.5794049624257 0.07063110917806625
702.8006299955528 410.7806936068153 713.4847903561442 423.62563092179624 0.07059812545776367
897.2022583191672 250.36557188055744 945.910777498756 310.5041150430424 0.07056061923503876
501.3853106827032 390.6036739297595 511.33394641583163 403.4790073655483 0.07052062451839447
670.2642213690135 388.63657782455675 697.1632952321675 426.4256392768211 0.070513516664505
879.9050601440358 230.75724172003675 1023.5662654614679 400.3552302720413 0.07036464661359787
477.51988154976357 300.61624944183063 486.046871965139 311.17491505112207 0.07035264372825623
761.1858405935959 342.40668712269576 770.0821437095898 360.2280970195101 0.07030699402093887
514.180168363893 370.3650621383017 521.656322440687 380.95372951723795 0.07028862088918686
394.7020320365768 364.30873918461515 452.05938318864924 436.3883178818278 0.07014795392751694
529.9600885794135 379.75932379476626 563.0680365974221 423.7602988090399 0.0701213851571083
168.61748573460443 116.70713317114286 179.59751851716584 130.61123963259325 0.07005196809768677
638.906456114681 386.544531300013 646.3082854395484 396.91093270314786 0.07001364976167679
445.3787282863954 338.8762284585727 452.13237224147025 347.8431971016724 0.06999381631612778
455.11434127213647 301.62658844532837 470.2464539903645 319.25962509829554 0.06994844228029251
658.1839458472253 398.65404785735427 666.929791234658 410.72128143266946 0.06989997625350952
435.92622833395353 379.16443522607943 444.9652805794102 391.14104959221527 0.06980951875448227
1016.9454626900622 434.1173081510103 1031.8615436846248 455.20433836252994 0.06979243457317352
444.0067408099357 387.6686092048534 453.7707337405875 401.0691689131571 0.06975448131561279
427.75317220138595 345.38373705012856 462.41816773214293 390.0265195616073 0.06974247097969055
993.3941105072805 435.04452000883447 1047.409947345445 503.02321912051315 0.06974073499441147
548.7319004725409 340.2906279800733 557.2260680902815 350.20459585170045 0.06972017884254456
477.8427127704546 269.229650726862 505.3931759267005 299.4209282990162 0.06968595832586288
323.34958939993095 268.52206754105697 403.0198489310062 382.65273336031566 0.06967638432979584
881.4532961091497 178.59397132471057 1101.7993953534149 471.9607828974741 0.0696161687374115
202.06408969309675 465.30090811612956 261.8347305284842 541.1715367462904 0.06942262500524521
651.2862155842175 407.3881070292842 658.9927913195812 417.958232456113 0.0693984404206276
227.04385445301602 179.96149801711002 286.9814678174972 262.177679535105 0.06938046216964722
466.10598969638636 391.6072280668373 473.64348096899073 401.8999745171504 0.06934130936861038
667.6310392372342 416.5167443080864 697.2184806555413 456.71703076155546 0.06931573897600174
410.95945517779296 389.7617497132385 418.24313178131234 399.64611824078753 0.06929875165224075
148.68755276446123 193.47899443226214 205.11037409832701 278.3488240738168 0.06928099691867828
628.8303523189521 384.35628574148893 637.9327802743895 396.44111500503175 0.06919518858194351
619.1172511643746 400.62324198869334 625.870967233479 409.9546388518895 0.06918708235025406
394.7712118500986 312.3558860992956 417.38994918014055 343.62056370401353 0.06910333037376404
429.93262247849964 316.10874510907433 447.287679880751 337.7625966981959 0.06908449530601501
674.8453646851285 308.88740591435436 701.4370167640267 335.8795325541574 0.06908345222473145
211.29986582207627 26.731333584293555 226.57113236503938 51.687500334888675 0.06891398131847382
108.92020374568989 445.7533400707786 151.79026470964033 503.1703354695401 0.06889338791370392
564.711653814138 275.75337078289203 570.2671184895261 283.13524528898574 0.06870534271001816
713.2440988697616 347.56933544291445 719.4100932345667 358.0839755540111 0.06865314394235611
545.2557645806511 282.1741186880298 555.7402279779277 293.9800345082509 0.06864310801029205
569.8409708779321 328.1058455361045 581.2585932149444 341.34365386813374 0.06859300285577774
139.3697568837963 29.988886366348556 149.24674584391383 40.25783084143978 0.06857750564813614
601.8361108153925 321.9171728600862 627.5247097257973 355.50673604701024 0.06857576966285706
-7.493645411391131 49.446496752642695 178.6763098341049 303.3613977859004 0.06844966113567352
527.9361808569049 342.44671376994717 536.6063993007022 353.47482293877425 0.0683622658252716
1054.8402037500343 331.4392905666381 1062.067641355 339.43483236073024 0.06832195073366165
499.96453574665526 378.0933222198245 509.2918540771769 390.2205937375398 0.06831244379281998
420.93168794509495 389.92063483975517 430.1157764796722 401.78929560223384 0.06830469518899918
568.6523502295685 291.04507323286316 585.5763383110516 310.8854716812752 0.0682828426361084
602.9636861137137 162.6260773200714 863.9235286819535 469.50518406696216 0.06828031688928604
164.12777407701333 69.03598004825723 170.6589269134387 76.05008890655776 0.06826535612344742
191.66958127996685 0.04637652176302931 199.68269813336636 9.912191897881797 0.06822941452264786
503.5204730271375 278.73218780841825 529.1680628630295 307.21599253124424 0.06819288432598114
963.1149737974542 501.17896032759825 1045.539737994543 601.1965289913585 0.06810503453016281
587.9052136390637 278.2528950599266 610.9490804811481 300.750606341302 0.06806805729866028
438.40628434788874 283.93403261538305 475.13952650062157 325.2107527120634 0.06803321838378906
379.46980849715095 287.5785367241065 403.28177138145435 322.7955514162514 0.06802384555339813
176.91748898197065 19.72768584480679 203.11211365249338 53.74219191027588 0.06801903247833252
167.9158931231669 95.21228939066609 187.0525932136818 121.0733973036278 0.06801078468561172
1051.612938346087 349.8531465592426 1080.3796015316602 390.9944600156144 0.06800602376461029
404.1767235001733 396.6176208620076 411.64960366362595 406.31471558644006 0.06796687096357346
1058.125594043885 261.18678215399797 1065.5208127096143 270.40008990330927 0.06791423261165619
60.515526781399124 162.31397687698828 88.55799362948325 197.11918187175658 0.06779946386814117
610.3344687266544 273.1646659679127 626.7201340341713 287.4303850602034 0.06779398024082184
459.70576736403524 290.95215364230046 474.35449345047283 308.7131351610638 0.06769309937953949
839.8254306118396 495.05551243785834 904.5233426670577 576.9764931098371 0.06766169518232346
86.46485430346647 146.6160917810884 137.15824963342166 211.90604213255435 0.06763841211795807
798.6715226976789 271.9145409462409 850.643131833188 328.76552530016056 0.06762126833200455
761.6164345973624 232.21705278499837 804.1647126535662 285.72422063725 0.06756221503019333
508.22474457825183 372.7666384960856 517.0163835631329 383.85464544911804 0.0675240308046341
448.4959036262526 397.8321433466181 457.571230787743 411.0193171414972 0.06750716269016266
549.7577570998254 375.3587450709639 768.9510123412188 616.2895135242192 0.0674729272723198
186.8766130814957 206.00798291599278 271.1839727149944 326.53466954344736 0.06743969023227692
637.2019290723791 295.1102006302425 655.4457080986226 319.28609049883005 0.06738428771495819
672.7361135581046 353.89884847146135 679.1022773196559 362.51819025808265 0.06730302423238754
452.9821332319986 324.3203516193055 459.78054611714475 333.3426391541392 0.06724045425653458
691.005166154499 402.9774455259359 701.7020015513864 416.3358915054319 0.06713061779737473
364.74727256817994 362.2066107582135 370.8295966101724 371.14293623455575 0.06711480766534805
504.23046913546534 385.07364770814365 512.5464159096742 395.406323211146 0.06705034524202347
501.8592707269172 442.6892916736434 573.2244712208857 532.732169278618 0.06703881919384003
400.7258579640284 397.83035285452564 416.00794876832157 418.49923177442594 0.06699534505605698
383.89186028322865 361.5272495093284 390.95761288574437 371.2243747488108 0.0669885128736496
631.435344543342 399.7630935634069 657.040605727667 434.28644441909785 0.066871277987957
296.49586183399407 382.0986010209513 350.90888673690506 442.3082882734134 0.06683575361967087
525.4240671442266 368.24653474030714 532.0411726380202 376.5041450541079 0.06673692166805267
734.2660246408096 238.0040466475427 784.0148473787307 298.9894737491816 0.06665420532226562
633.326789337933 391.06476215896976 640.9267984092884 400.920478549263 0.06664954125881195
357.660178534891 385.0520176564901 364.0036036892737 393.5767041252608 0.0665794163942337
676.1115990227859 345.48888810137146 686.6123373253808 359.0816184509737 0.06656914204359055
-12.89046639681639 39.834845227267046 42.41645350702168 128.88971965105753 0.0665174275636673
189.43482271074953 49.65690937404759 203.38694589696658 67.69321255670118 0.06650006771087646
427.1925385653146 392.9556884795676 435.8467463618264 403.9960055646003 0.06649884581565857
148.86297685274377 38.658639042843085 161.10608672987442 54.02302040292335 0.0664963349699974
451.5994849493942 389.370909004516 457.6281559896075 398.3928639515701 0.06648797541856766
478.7353920595285 399.2358318465246 485.26800607083413 408.47861398960265 0.06647677719593048
238.83706475761062 385.58609501964736 289.4208923965582 452.06728914604753 0.06644914299249649
185.48852863786095 131.87741107474977 205.4739556783443 159.795245876849 0.06644241511821747
322.9584790216403 362.7785973526027 582.9050801976709 639.4182308888309 0.06640435755252838
433.84809402231485 341.36601466093265 439.03112584895376 348.54428018859016 0.06640056520700455
18.001753071823703 224.39244304523524 50.98225750374348 270.85992263955984 0.0663861334323883
1049.048171475004 274.96658288839023 1055.9207811675205 283.5626390969474 0.06638452410697937
740.0361240431979 348.385246305325 755.7792866263559 373.54263646696006 0.06638242304325104
561.9824618075407 256.97178215373816 581.7278864205978 280.8909202346354 0.06634219735860825
661.6298770235043 380.2861328994496 668.3761218713829 392.3576101669746 0.06630051136016846
667.7184322228766 398.88614790146073 678.574712380337 414.0355807222566 0.06627535820007324
516.737070909361 380.69711906170767 525.2225846820814 392.3718875363187 0.0662638247013092
437.8845207070046 400.97714194875255 446.64853725166984 413.6564920835719 0.06624248623847961
512.4451047423431 264.68539055944876 543.2835992981961 301.84598719363396 0.06609729677438736
171.08716958084028 82.4560365761706 183.90508422060603 96.46346128301353 0.06603453308343887
488.14739439012635 392.5441474717508 495.64687719182666 402.4843536588295 0.06601237505674362
-1.4763233353419436 189.35764345747086 8.846931801574119 202.7884171569837 0.06599389761686325
664.4922840112471 325.7370315029135 678.1991935849827 342.89349749114376 0.06598632782697678
536.8636786462906 380.23731414456483 547.9777030125075 393.8349587989389 0.06587321311235428
575.5795792574478 431.0411708032748 633.0945923792468 493.64127332984776 0.06583302468061447
652.8503549930709 387.32224289723393 661.6967937944286 399.9473514761261 0.06577879935503006
411.96217828786257 337.3892828364949 421.31383073059465 349.30074335810076 0.06572865694761276
628.3935617522191 407.18088791206634 635.6966470610358 416.48054426964467 0.06555016338825226
625.5568643080567 234.14294572296222 663.2544540960471 283.52061735130894 0.06554795056581497
980.4814868993014 198.85114667926655 1024.695565333077 268.3338125983572 0.06554602086544037
419.9306658585668 335.75026196297296 428.52374053329487 346.75706477961086 0.06553587317466736
69.0695456942678 68.86093790250887 100.39168269537856 110.6145282934307 0.06536922603845596
352.6085122406873 361.93230136963956 374.173154203513 389.82445339085297 0.06523497402667999
358.0276185281247 395.8831787468999 369.5481498487514 412.1979750704766 0.0651339590549469
102.78424585607966 177.9157864173239 181.0071964336239 297.3360806371396 0.06510430574417114
369.74226422699644 377.53221373001406 384.2216940896094 396.64551150261696 0.06508633494377136
408.222550773747 258.5285519598519 438.20196383352203 295.9310391831069 0.06504116952419281
642.5373930952684 416.76018043231016 652.2423650641954 428.8134611478507 0.06500585377216339
760.1510764117572 366.69087137445246 772.2219106359431 388.2166886625295 0.06487790495157242
386.1253198975997 338.0476672091618 390.6674447807045 343.8111418995634 0.0648702085018158
-13.865945279215023 262.6178320281439 69.54430694898537 397.11573569210594 0.06478089094161987
179.225992940307 36.918340489785564 194.8729343996982 57.48373071127122 0.06474868208169937
527.4024339450502 286.3648682434055 540.3895990549646 301.0508380840184 0.06455902755260468
1070.8557349496286 255.4109632680592 1080.766528998535 270.8305061338465 0.06445380300283432
372.9518975784994 47.305949804697526 557.5196492311838 248.98670872305394 0.06440442055463791
647.9996409163501 402.282533791005 656.1060544105113 412.7927271076959 0.06437095254659653
641.2690675392087 294.6871007152155 646.283001931088 301.3454918622147 0.06433016061782837
680.7971690726654 194.16803378442975 731.7342081375015 252.18958889170545 0.06430361419916153
310.7512843869317 443.1665854828468 329.29633988712413 463.15507656101437 0.064052514731884
448.0468122036516 289.9717701453929 459.4023892096844 304.53940187918704 0.06401324272155762
526.5428186197475 375.76538270943786 536.3699944123749 387.92271152267523 0.0639512687921524
143.48531723650137 90.13651379792132 169.85402709524234 125.73669302871554 0.06394386291503906
-10.496995742497187 243.14481864707648 25.856161826713777 302.5015532973535 0.06388813257217407
370.4059332715216 368.12867125832787 412.14048930260975 418.50577381079813 0.0638662651181221
443.42692569305956 303.6958698740669 454.3555917546085 318.18063603796696 0.06383528560400009
52.167012514367634 347.6934989638452 123.68589336352905 454.2226670807934 0.06377473473548889
579.3992423544306 350.6657686927532 592.3053739060728 365.64307993805954 0.06377463787794113
645.5742546629881 384.7851849612297 653.5536737050719 396.5231811341956 0.06376786530017853
884.3493308767307 420.1093292200942 965.0377943295487 527.1556638971655 0.063715361058712
1041.740124666611 424.9697999388432 1089.0142089218052 490.1214918043224 0.06364895403385162
143.2309695086774 48.81205538265834 157.13902322082552 65.05199254290447 0.06364680826663971
468.10917249321386 400.7702409229675 476.1530691725029 411.5946201793081 0.0635182335972786
247.08172700587832 157.80294641860314 284.85055129748554 205.50065293441034 0.06340532749891281
108.87101993503146 132.46820609533577 146.71925563862254 184.47224068524423 0.06339269131422043
731.7408057383474 405.538174682049 742.1052500646873 419.8675320370235 0.06325816363096237
385.43132716710664 317.6766235071784 392.2400343631659 327.48385400857757 0.06322043389081955
449.438434385361 306.3038248340215 499.4465866559984 361.0712160308705 0.06321369111537933
630.8346277027052 199.29590331116253 686.2663869652984 258.86054826943314 0.06294630467891693
23.827744303046053 200.14060102163035 56.45675344314494 248.5114969980371 0.06294090300798416
436.203467560325 325.2607527503534 444.61361124552076 336.3645775744685 0.06274012476205826
323.80827668973313 348.74717265281254 359.1677229563529 398.88003509636445 0.06256390362977982
487.0780622316927 304.22785487307874 496.7563212156981 315.91961421579674 0.06255430728197098
498.39501791159483 302.40479700133506 508.13601555127764 313.86754429195065 0.06251387298107147
706.8328346063113 539.2182191163643 944.8913082586465 788.8345074687097 0.06246049329638481
136.24392536823126 79.08677018045233 151.02400239465092 95.84931100959912 0.06245885789394379
510.4651325249898 387.0344824798801 517.7557428595593 396.801922340587 0.06238015741109848
648.962481779243 379.27273206940356 655.8959162537818 390.11749087250996 0.0623483806848526
829.0583154278734 266.06351448044865 866.9615285537031 311.9704107874736 0.06218903884291649
115.86537648777413 410.4866463963703 304.51624575234115 611.4130791764848 0.06207000091671944
84.9859880512109 129.28334647347995 120.13957784017347 175.46189964101077 0.06202063709497452
646.2992877860914 345.45856882711337 658.3034252362711 364.634414691184 0.06185898929834366
1072.8177405292636 303.36999944638796 1082.8780678632181 319.73772649889946 0.06180091202259064
601.884792656336 412.6165494669021 672.9568277273171 499.97417147494605 0.06166522949934006
140.52519351817165 134.03763238796006 168.7291018170845 172.44310621604592 0.061649907380342484
427.4867629035739 324.6737857624003 435.9987579143008 336.4260314590406 0.06159641966223717
377.11377210614313 325.8314049881504 392.9019102744458 347.3189998756408 0.061400242149829865
549.3681853212541 370.92830804838377 565.0151360994954 389.0399969408615 0.06134095788002014
423.7121616352056 400.9012100698452 432.9212150050769 412.46029354907245 0.06115580350160599
74.63978086978891 116.30777649084277 107.62206170679691 159.36083226984863 0.061069417744874954
934.3604623911541 96.27540027225112 1026.8900554053591 221.45202043210276 0.0610559806227684
371.44047229834894 394.37663916125456 387.3031411276191 415.76860442982866 0.060962047427892685
161.5771452412365 39.462388856368925 175.2614279118221 57.900351303349325 0.06088368594646454
45.15638856848226 217.96539734496173 64.73484189583472 248.46405258577005 0.06078895181417465
129.34466779513457 62.43531188611429 147.78027106687296 84.54472452066182 0.060699138790369034
178.94033444547867 73.47770345260055 191.67061867198993 88.25301462408984 0.06064844876527786
525.9634973096892 226.90959950079758 574.3740388702662 281.2334748309947 0.06056428328156471
138.21368600394393 98.57726996524028 149.1156289304513 111.22544336523472 0.06055557355284691
678.7644884102178 394.0071792550613 690.6288433295422 409.023649223052 0.060506295412778854
515.4875497977249 391.0977200796359 525.1534543723449 403.57032786941744 0.06049778684973717
137.47755524766717 257.7676874099805 143.95360138190713 268.2555541343891 0.06043412536382675
304.47494319252684 450.8062330267452 394.97180436296895 544.9532547863269 0.060180675238370895
1018.3124433605865 134.98015366207943 1094.725493614311 259.4388170544465 0.060147758573293686
366.4516924626941 315.8791415302348 373.0701874894058 324.84881178874326 0.060130804777145386
245.04130912882027 118.37648221202518 274.38780871971966 157.91623366300882 0.060122571885585785
421.5688268938658 330.89188726367087 507.048025818934 454.67147454280706 0.059831470251083374
500.147544528247 401.78020453285137 509.5314732123495 413.78207560859386 0.05981440097093582
1072.0851131220647 345.58160679664195 1084.1437660295285 362.2476683647305 0.05969269201159477
411.3115118653257 323.11266120832363 421.62394012596013 337.3951831885997 0.05959788337349892
623.01901734631 367.8887279842837 640.4400870012399 389.6216362326134 0.05956963077187538
144.90344715478534 106.97819033387178 157.6889612024209 122.61883360235494 0.059446774423122406
367.930065342115 329.39789750493304 375.438618402319 339.7985222490563 0.059292301535606384
538.0572864691857 395.1641480605551 547.5737402076536 407.48874144823935 0.05912264063954353
964.1618228731453 466.154669651374 982.2381659772944 487.39146187543184 0.05910715460777283
876.42424400785 215.16546715164208 930.28847060083 288.1976321099364 0.05879713594913483
1023.0432897587674 353.5174672948171 1048.1612766095561 388.1627513258328 0.058780599385499954
489.5311053990956 234.71848454154545 520.3287425892668 274.4219893789776 0.05846961587667465
713.5617505597905 274.62975302353937 742.406307213316 312.2364950744912 0.0580318346619606
794.0755047729291 221.00631348086236 841.5636065070412 281.58548188207914 0.05731077119708061
197.94166368325693 30.32158613223409 365.09529366224757 211.25922025001321 0.05722581595182419
215.42620707648703 55.426000628087344 227.58448520617702 74.08834378729055 0.05707598105072975
939.793077814943 187.10097635221987 972.6118177373272 236.08270259082897 0.057044725865125656
635.4666676835801 517.791699937374 746.1984248883074 661.1854254982713 0.05673571676015854
463.28160091300583 254.24570107493963 491.27564899783437 292.177180511503 0.056669026613235474
-11.260181414623824 115.88499322226116 26.289149232465224 180.32755588536284 0.056222785264253616
942.4298980745178 -72.35240991341941 1153.3885834407658 168.17525707296508 0.055924590677022934
1033.388971974 296.91985918433045 1059.7801637735377 331.3574529453641 0.05547657608985901
243.61600270804163 539.0947141570934 420.30696102956864 732.7631168113123 0.05538557097315788
41.05191602081428 87.72885459927484 68.87033252177703 128.10037529016554 0.053850553929805756
-18.18004321318253 410.4123104255883 94.54266528234122 567.0393366519819 0.05244136229157448
683.4274393125867 146.64790083203266 717.045535368177 190.76366634425406 0.051989927887916565
