567.6059099190537 355.2816835531889 577.7378573575637 368.09226739982927 0.9977496266365051
529.0238304634355 360.0682023002468 536.6701314730343 370.63152138421583 0.9976309537887573
822.4011308401091 359.97517859259005 834.0043753766035 375.24883384216287 0.9958568215370178
467.4340422952363 365.34764357089455 476.92925226663755 379.89133046870563 0.988342821598053
503.7221703027061 368.25173320538147 513.8711871172147 381.10581359489095 0.9850453734397888
763.6999971956974 341.5128531188004 775.2868855904379 358.61887831029566 0.8916490077972412
732.8913227368888 335.57078222206246 741.8851799804409 353.8131548126851 0.5589123964309692
493.43751632635946 366.7453921892517 501.19735923834435 376.0748390711931 0.558372437953949
483.8824156611211 348.8487269513265 493.2675489733841 361.3785467534503 0.46410179138183594
493.3894461047208 380.11580769074936 501.4605279764757 391.7971392271619 0.447288453578949
805.6231812871342 360.6331717161051 817.2751075402463 376.9518599404227 0.34230929613113403
92.61982761810783 223.2577787930468 99.8704758717388 231.05485813966132 0.29242143034935
97.21593104268432 14.908445887227034 169.09885624751732 89.62475815169401 0.2921644449234009
625.5459897833748 378.37094667420666 632.7091920702741 386.67401789816165 0.2754264175891876
815.0652208331322 363.3904180317956 823.1466872057405 376.5092023404195 0.19978609681129456
859.8626194722699 327.92099110232147 869.3676094675842 339.01178006669727 0.1974877268075943
262.11979682754094 204.0680167502652 270.81145333272866 214.78951433409716 0.18338246643543243
754.4018595123858 344.9289526438432 764.5763097607625 363.5433970203547 0.17692595720291138
437.883325127779 373.5703924504379 446.5515886681091 384.79555756880654 0.1748088151216507
678.4523356652737 351.37583864050424 690.5898368245488 368.8072980619369 0.16984370350837708
824.1088496019648 336.0174981290523 835.5967506011701 349.6535810012928 0.1566845178604126
787.0525225633235 335.7002967557929 797.3828137234065 349.4194676559862 0.15150585770606995
461.42126454926046 352.1883265923678 468.7908400059625 361.83480744171237 0.14023976027965546
446.9851533945938 377.5525003653662 454.72517271175747 388.41135738003453 0.13283300399780273
818.1605842629233 346.1406026381744 828.0223256038817 358.2678828744289 0.13028089702129364
444.59696703417933 353.84914543953255 451.0112182241506 362.1488794930164 0.12642653286457062
813.7460505207466 347.06112451002025 821.4461746675771 357.66709899420096 0.11963478475809097
549.9933358669509 314.36289064967673 557.6431121225014 322.7292909499465 0.11948122829198837
454.16413875335036 365.99848960912715 461.3713280393232 376.07257030891276 0.11924204975366592
423.5133172559006 367.63327201579546 431.2808199717109 378.59252213257344 0.1164146438241005
426.7224718265604 355.0340567278181 432.0353950601033 361.9314219175839 0.11620102822780609
740.8888253436534 338.1778327774847 753.6802299620288 357.970180176947 0.11500416696071625
454.05218661576635 343.5209114063325 460.31421598235414 351.7627726518919 0.11338648945093155
481.27248542153694 361.89615200816047 487.9592002251056 371.2313894014064 0.11280196160078049
1051.6859142571593 287.38230034290353 1064.926370308778 303.0870788324187 0.11243703216314316
429.3781259506354 370.03337483085124 436.4293507482826 379.97448733424 0.11192146688699722
518.3464535326202 356.7475247677519 527.0711801576961 369.4085960960992 0.11128731817007065
849.968758393962 341.1994713240769 857.8865472482387 351.9400762970922 0.11079718917608261
867.5081798394021 355.9563026391721 875.9229843503894 367.07684402732656 0.11033687740564346
853.3810754700438 370.27878054907814 862.7380869096373 382.75003334954977 0.11001355201005936
619.5368206687668 394.3530794361406 627.4137517924296 404.3275409276001 0.10924936830997467
442.6454547318659 365.0706036978608 450.1004697134543 374.8314614374581 0.10809676349163055
486.42817198830335 361.3066410480175 493.6676924372521 370.7982072618863 0.10737763345241547
477.09194506266795 321.85922469082794 486.4092438714602 333.52875493633957 0.10594797879457474
837.2119285163493 336.3165510472063 849.7152620805955 350.7075061219589 0.10551109164953232
676.2859581621467 327.948822701688 691.7896214819395 347.1722154039105 0.10527890175580978
513.7281560210877 355.0755447422283 522.0095613990865 367.3347207675697 0.10504314303398132
521.6604725543043 399.9917193421806 530.1508257023316 409.88516975358436 0.10503552854061127
460.68841463675545 378.58502257406536 471.5368367348431 392.8503975381162 0.10459530353546143
129.17880368870388 33.771998894385035 148.41535070254605 55.909291973517895 0.10437870025634766
422.5007312542438 367.3607601593536 427.5258802611728 374.50796935958545 0.10404718667268753
834.3296940343073 358.18099464385347 844.0796318393163 372.78808331552165 0.10402677953243256
637.7858262181023 397.27750681027965 644.9116806678263 406.06643863191476 0.10339625179767609
473.94708543968 351.9437185224884 481.28391049370117 362.08558719726295 0.10326752066612244
793.1244972245992 375.6437875910112 809.0609623392306 396.7826114255028 0.10310538113117218
481.53267046856416 387.49004305145166 489.4267287536972 398.2757967152191 0.10294955968856812
869.131637304318 327.87568015274167 879.278339928264 340.2307947014427 0.10280149430036545
476.6028109654993 376.30412163697866 485.5047367988754 388.72074586464174 0.10273278504610062
452.4456331143805 353.3876339300305 459.7320337006117 363.2658224892009 0.102647565305233
429.5430928004244 360.87385873179966 436.96709664525076 370.8148633405442 0.10210230201482773
701.5275000911626 338.61882671649045 715.7942534068588 357.8703809982166 0.10178214311599731
531.646093420806 318.2430229733111 562.6034387824933 360.29537518678217 0.10117343068122864
443.317970575151 360.58658642930084 449.3795494461834 368.7338415495171 0.10112595558166504
863.1271756518754 347.4823179280883 873.9543482880117 360.9013102735239 0.10101134330034256
436.0302763525398 365.9100041514087 442.8789229557545 375.0666156773632 0.10088930279016495
437.11337390638 354.37693387239943 444.7314443579826 364.64131581151446 0.10070735961198807
415.17825806148636 369.16145009143895 420.4266274735114 376.3455597178191 0.10067037492990494
446.8183388272342 360.75553534391963 454.2551668102496 370.300657443815 0.100326307117939
859.2948219589264 354.84375577321475 867.9407540329188 366.21063760417326 0.10023153573274612
852.3071035040689 330.1621941184056 859.8085414458851 340.0173940200919 0.09967219084501266
632.1032404733716 375.9233733319868 639.3695055690383 385.00128605151275 0.0996246337890625
102.77287526631048 445.7521854467155 144.38097301879316 505.9949382066772 0.09940283000469208
495.26647603555745 372.558037062302 503.0230294940483 382.847756664503 0.0993945375084877
512.0186531092877 375.3458400837603 521.6649555095378 388.76377174104306 0.09931211173534393
499.2367574342318 349.9110880097343 507.93090710189574 361.3507754713378 0.0986572653055191
521.1636783400987 368.3819509902915 530.7437838386857 382.2158254886271 0.09852144867181778
151.35577621015852 12.294094636156855 244.37811703867948 114.02164227913256 0.09842604398727417
706.5150252106812 368.2865772096086 725.7648727828448 392.9716961186684 0.09797114878892899
457.69349323381084 353.6280908316879 462.9871538659394 361.0958783750838 0.09790021926164627
795.4765734219814 353.63636524336545 808.8499482902829 370.3605570413071 0.09788598120212555
430.80591022535015 376.7085545377432 438.7747284543508 387.8926373395136 0.09775521606206894
834.6147515104711 330.41454817781283 842.6893527176692 339.60483120783834 0.0977371409535408
535.5072014294857 354.08816114900844 543.6203245436379 366.18540186846747 0.09766912460327148
1055.8526522433615 268.3212199705771 1068.13486511124 284.3874658562237 0.09727752953767776
458.3741936885714 321.3868121387408 468.85370145876067 333.81527730466064 0.09707366675138474
621.0266329982411 385.9265989951878 628.8173820774964 395.53938754639523 0.09691590070724487
186.70522551482145 138.1476819294221 230.02951710025457 190.88721025671666 0.09680205583572388
624.718877051563 400.72666671484467 633.3637275497002 410.94585887136344 0.09672420471906662
435.2378714503543 382.3781548783513 443.5487289032948 392.69134913849575 0.0966692641377449
479.94764791472244 397.065319540838 488.9775021311176 409.27087397802126 0.096452496945858
620.7912897413594 379.59946795436207 627.543109568572 388.032596276059 0.09642971307039261
497.30460621056454 358.5796854509569 504.78900682580564 368.3418469301747 0.09633844345808029
859.9611622673682 340.8205633327115 870.4583692212166 353.18735668879674 0.0962774008512497
627.6939952729281 384.9281614387274 636.3043484728124 395.3215322427881 0.09599998593330383
687.1132540957827 334.82513168176587 705.1382488496819 357.9338026269543 0.09598509967327118
196.26308736732437 287.1717621296256 232.83028807267573 344.1606366796663 0.09578675776720047
338.6380553829351 154.2866815971659 345.97927815108824 166.53191968455525 0.09568384289741516
433.3353575110221 355.00309553373484 443.1329824078114 367.4617119716846 0.09566264599561691
535.8746827147247 366.3325241848131 544.8496179968411 380.5928076812126 0.09565011411905289
439.52820424896294 389.3559892417467 446.51942284730364 398.38734116023875 0.09539030492305756
468.57125837330756 322.46852188682493 476.4862880151905 332.4803969448633 0.09523419290781021
482.79736538747954 405.17399269724575 491.52196349944444 416.59337100763315 0.09521815180778503
519.2786791852793 343.64359127858535 528.071293110872 356.8899864889935 0.09511322528123856
868.0582289322427 362.60437771547413 879.0669851064104 377.2806062856683 0.09504891186952591
606.2623728382232 263.9269231336499 615.0572803305876 272.662881185378 0.09503361582756042
702.5415219213616 329.18505264393383 714.53411865604 343.7516083964176 0.0949762836098671
432.4276540821933 385.37381945195193 439.71187244305435 395.31773324740476 0.094780832529068
486.2254937458256 372.0776803365726 494.1028849127308 383.3103434770476 0.09472446888685226
807.6128217470846 348.7691004109447 816.8231556552669 360.30649295657383 0.09453251957893372
459.58420459041554 361.89656253255674 467.7138866388872 373.08486732110595 0.09427519887685776
670.964495817434 353.0277313416362 679.1725134658333 367.66595398273586 0.09425876289606094
477.50408622257635 369.19481306913104 484.62118866838193 379.86577356621694 0.09424055367708206
836.3174167943225 396.0024722073823 845.941146842001 408.18788931537176 0.09421238303184509
423.89311274815833 363.6187792283813 429.3205008729633 370.8964078489561 0.09406106173992157
879.9252851500058 341.59245952464215 891.2194307115358 355.7513777682839 0.09401167929172516
541.7735340617825 355.98953748777376 550.0168654353557 368.8885214880199 0.09382519125938416
461.72678246443024 329.6856258592034 472.09419128186477 342.96091943464353 0.09379223734140396
487.6576461686286 392.1242004584318 496.3659250766586 404.5501482077123 0.09378862380981445
452.166643411983 363.50625345343445 457.71423540859854 370.37867222818306 0.09375790506601334
450.3926483812978 340.8883252543246 460.67600857827404 354.60069216403997 0.09364821016788483
624.2086320567153 362.8777955162175 636.4349744056794 377.46867031789014 0.09325861930847168
637.2682338746471 375.3818416189852 642.3976733482297 381.5183592656561 0.09314297884702682
525.0019153969647 378.53319270799176 533.7522679061765 391.23247491647766 0.09301557391881943
256.83578124514116 472.9345219821617 301.5977196560992 526.5329104579776 0.09292306751012802
855.3166701290376 341.1391927814916 863.70398967133 352.0891082581876 0.09284643828868866
843.6561823004873 327.7241258343144 850.9519050524008 336.8270376955796 0.09238873422145844
853.8143392387121 358.17424518478543 863.6889259890982 372.0128414000246 0.0922769233584404
345.8996628348467 160.75473203293328 352.95168349730534 171.5775496692394 0.09218242019414902
424.80500647074075 359.3901291689253 431.0472147056843 367.99329373543634 0.09217983484268188
458.44532277557937 347.2905584239607 463.20299411792615 353.9589993753534 0.09210281819105148
640.6641327173525 377.3285244933067 648.291937276395 387.42461373968695 0.09203505516052246
817.9663263310583 352.8035833740351 826.7224071689236 364.81765494234696 0.09202459454536438
774.1474036796972 344.21862285639486 787.4817620539368 361.569702965657 0.0918114110827446
533.3935879903619 346.40236473981423 541.2326407851004 358.7607016106971 0.09176448732614517
861.0929965727213 369.12761571171774 871.0718988637593 382.3526564915368 0.09164509177207947
503.08479234126185 381.74081657146917 513.4213836092041 395.62488530601604 0.0916227251291275
877.2390120607218 356.6158177432122 890.7165943930978 373.4433967245765 0.09134252369403839
637.5206461282413 384.4883631993446 644.8543068113538 394.1226788064697 0.0911608636379242
788.0355002231364 353.45350403935225 800.6975763216608 370.82510450226323 0.0911596342921257
488.4646265664819 336.55353260046644 495.09958798203337 345.3207923908254 0.09109550714492798
467.04071726660266 351.26138544833805 473.2171094426883 359.62202289776184 0.09102589637041092
846.0112357740452 358.06470118029176 857.7238861463682 374.2800446904764 0.09090930223464966
716.461047784209 334.01714445689976 730.8205170890403 353.57975704154535 0.0907726064324379
797.0318426943845 338.37565139366626 810.7779443993288 354.6904825480311 0.09061084687709808
553.5555860346437 204.69842966067998 811.8791827591438 501.581049560664 0.09060484170913696
612.9402474981497 378.9917026096527 622.0575749687483 390.0568712037485 0.09051428735256195
347.9239854371692 175.07026476697175 356.94519450576524 188.90391394113365 0.09043045341968536
480.10023068608797 337.89684634008967 488.7481514785805 349.58861597693766 0.09036613255739212
630.1837770433831 393.9904393021058 638.7061937814648 404.44150713526983 0.09031222015619278
414.8483489386559 362.2177110494218 422.2780552602161 372.0382433473193 0.09020500630140305
449.74941151705576 369.51756463207414 456.9087073834155 379.47810476483687 0.09010884910821915
155.94684484577863 248.8372110549758 201.99956560828073 325.96635276535073 0.09007009118795395
432.3960456998723 354.20578686089635 438.7228298173906 363.1234919338894 0.08992374688386917
642.818541418648 355.38941213503244 657.6015258814938 374.3358147119167 0.08987915515899658
440.16329725800153 346.0447433620535 447.80830471374014 356.2546261453678 0.08987745642662048
738.1052283057807 360.66093695852464 754.4878767814737 383.5335851436516 0.0897296592593193
1044.4272336861948 281.5939482390111 1053.7262893279328 292.85600446614075 0.08956116437911987
877.0120394093783 376.6085149374787 888.2283255873414 391.4438604259412 0.08952772617340088
871.0548925214202 341.5592472125748 882.040477936147 354.8514850472012 0.08945945650339127
50.03538179337924 305.090650236036 55.48692945174905 313.9680481244993 0.08940750360488892
772.7035553082654 370.5564626090248 791.9117488278341 395.7256461492959 0.08939461410045624
456.315345019373 328.9883635883788 488.1858366258674 371.0548228133799 0.08935927599668503
816.8523245938763 373.81348707875895 829.2818867516839 390.4364000772026 0.0892619714140892
491.77203943156 357.94186694282564 497.59157243575436 365.9673101488331 0.08922302722930908
514.4920023748458 340.5603299065473 522.9510788401094 353.1951598133921 0.0890425518155098
652.63633466705 345.22733218557244 672.9672169008903 371.47645697074415 0.08899423480033875
805.0420866786525 338.31355030219106 815.9837847297947 351.93519533263805 0.08894824236631393
422.216496007269 378.4908322788936 430.54173865511996 390.0108925462372 0.0887124165892601
312.1006449650868 167.19753745165053 331.7397945847072 189.7458724698009 0.08868759870529175
470.81507498793826 387.33040182789375 479.54104905757595 400.0125772862118 0.08865515142679214
674.5171200834084 364.38666052864505 689.3178175527479 384.904360005352 0.08863767981529236
687.9179625664921 356.1490190553488 698.5992657437432 372.1012786774683 0.08858612924814224
549.7680421385722 357.83239704567507 558.6140366837362 371.4268075731064 0.0884256511926651
212.9454516690337 263.61789137875763 253.51145544303577 325.39103122608594 0.08829262852668762
493.2922354727231 338.56416517417534 501.65495505659635 349.5457023549947 0.0882897824048996
1053.3194814208405 333.31572079549574 1057.8647574876045 338.57883294845203 0.0882406234741211
447.90490389718116 346.7037994410086 454.61293514082854 355.5544266231694 0.0882406160235405
742.7239067619364 413.7451000585822 752.4085541508462 429.4302138617716 0.08813431113958359
694.2433789834516 359.53485853551473 708.6337011043612 379.0595562828391 0.08810557425022125
587.9470396923521 395.58017986635315 595.2280001555529 405.6464802680663 0.08807549625635147
757.9161759342608 376.63991058146775 773.1142963500857 398.55436212184685 0.08804832398891449
657.7985778588537 383.453760260207 669.9813806285155 400.7073242421767 0.0880432203412056
474.98665139982523 360.47019085045736 481.27178354625306 369.7156399342712 0.08793073147535324
668.4920830599808 336.58493921596335 681.9555290546007 354.60599163822053 0.08785565197467804
647.4158695715004 382.56520952983345 655.5763877800043 393.4595627071201 0.08784891664981842
500.5585465488289 377.87955246404715 509.4748865764571 390.0047991546051 0.08779412508010864
841.2536965289298 348.5992446203346 851.893621025412 363.00575533647185 0.08769062161445618
435.0463024257047 346.39118399758433 441.8325953766841 355.80042396046747 0.08767255395650864
400.91300198260046 370.5305763844502 410.04835846152787 382.65146306934923 0.08765222877264023
873.2261689406432 347.27740974606405 884.5218461946283 361.456516332683 0.08763591200113297
511.6798527629449 393.39992212494707 521.6750444651138 406.4460642192074 0.08754612505435944
724.4028547112724 331.11898573478794 735.4109898678165 347.5790328142981 0.0875283032655716
652.1513044281736 370.0545412972085 659.9152544000848 381.6395217307083 0.08748263865709305
538.7398683633518 397.9087866215028 547.4640673397402 408.9540311169647 0.08730081468820572
418.9269209172738 357.9913808841797 426.9041811658921 368.0161238694731 0.0872267559170723
825.4121426539656 325.0154928765552 836.7028031770232 338.25375921062135 0.08721993863582611
448.1226518166057 387.5063373528994 462.06444990601716 406.06481252347027 0.08714540302753448
531.4985312771709 332.240303809652 540.5252369496715 345.31690956749526 0.08712297677993774
712.2130736061857 349.8051242187197 730.8641922917384 373.9679108190679 0.08686701208353043
818.7658395672339 389.56095045901213 829.9821285688397 403.7467053762355 0.08674846589565277
525.8952242377491 340.37415905532515 535.5974161759242 353.74597279367913 0.08668508380651474
528.2709840663726 389.51380488324406 538.1934159622429 402.60614174961296 0.08662255853414536
159.91536554492697 103.85722604501228 200.3487785548184 147.63965977072763 0.08656007051467896
73.2382460733751 262.4425430678167 116.76692604134287 329.5949454599516 0.08648736029863358
684.0271030554268 335.6513052646776 692.2145033940392 345.5024971858958 0.08645502477884293
449.2737890753936 403.7080462957 456.50093878846246 413.70607248999664 0.08643723279237747
647.2997064734377 369.62589198970517 653.6235409134396 378.8842769386698 0.08642438799142838
852.3203169460294 381.67974721317614 862.6401767379804 395.6924420491689 0.08640699833631516
727.9732227360221 371.213235468444 743.8665648625765 393.2861109907445 0.08637715876102448
644.8960390113109 393.23301232656445 651.4513675092657 401.79128374748257 0.0863502249121666
625.946622278941 373.0257840046412 632.3484593858833 380.52869198926703 0.08632675558328629
694.6640703303968 378.42721588881346 712.1262753213639 402.80668054414355 0.08629979193210602
765.0794416492695 357.0156543131674 779.7112807460309 378.8583563252386 0.08627782762050629
641.3453334010467 403.35882486002754 649.7195301006099 414.5521554302396 0.08618690073490143
635.3016500644644 384.72681993361874 641.4337209736389 391.9399822880948 0.08617548644542694
528.8020470976918 416.66298429376917 539.9357466271504 430.39657607542654 0.08603690564632416
1040.2756637977413 291.1079294563125 1048.2911183255394 300.19318961414075 0.08596008270978928
264.63824261369143 179.7686450375188 341.2071058346178 269.7577256757913 0.08593572676181793
432.1992328642951 390.8542332350101 439.90217917598335 401.12032403455515 0.08583296835422516
454.0103863712542 376.00734374315135 461.90658961450896 387.08537457885296 0.08578553795814514
615.9328146971238 369.8501799737131 624.4036740099601 381.4554914775697 0.08575697243213654
1064.047298742083 309.0734158606304 1082.7294794390573 333.6814699420215 0.08573666960000992
717.240954194595 382.3449534067888 738.9094148727575 411.79777137859975 0.08562083542346954
504.9806791607561 333.95980926116806 514.6508065193113 347.1142284705598 0.08555467426776886
419.9817177501271 382.65185641253294 425.3851513791758 390.3711141828437 0.08549608290195465
843.8479539818404 387.0980736384662 866.8888683652461 414.71708081154054 0.08546322584152222
528.0869900843835 405.8011251389614 538.1111388256738 417.5108595750565 0.08537493646144867
636.1487821058253 366.43923576297647 643.9661443350399 376.9782230840267 0.08531466871500015
860.6352769939342 379.9675888559507 870.9734436605062 393.09789464750725 0.085135318338871
582.7861462814462 373.3206355958386 590.7801605349028 384.2254062349832 0.08511225134134293
114.33102123213945 100.94264517626766 150.1765638023723 143.4853124277626 0.08510331064462662
1067.8539868506928 282.7324174697791 1080.9338396809894 301.8352724608601 0.08506592363119125
216.41316127758355 477.8715235087766 265.63206975485383 541.1782173255597 0.08506157249212265
330.40193891223987 318.38371659299685 590.6730833269764 608.6225704403159 0.0850236713886261
479.1452328789939 329.44729176436965 486.6868754748821 340.5544254370405 0.08499472588300705
460.62187412927614 342.92108062618206 467.80513555534645 352.6010534631464 0.08492101728916168
434.57645162741784 342.9746238465399 441.37031480041895 351.8946311149641 0.08492053300142288
866.7306500345599 401.45011249720875 878.4706867922187 415.7735300712239 0.08477543294429779
710.7092110589147 144.2346693020349 800.7069454793717 234.96267479205454 0.0845533236861229
674.820170131258 473.96203914985625 679.2593518057726 479.5507739461596 0.08454961329698563
520.207861142812 323.67197144110173 528.9516885062105 333.89542027196666 0.08454068005084991
452.9074529004904 383.24018220561277 461.57312711854144 394.93788128560277 0.08453667908906937
1070.1187477515205 265.7021793509689 1082.4858508643517 285.47860119592633 0.08444920182228088
648.140125636305 397.52911500377616 656.597567646691 409.2064973749158 0.08441894501447678
45.96585083382295 449.45409596757196 96.36694789305956 519.14983626177 0.08441080898046494
486.15592955266766 412.5845913900314 493.7976643550033 422.93783088068346 0.08431721478700638
464.8034931716738 313.7818300379533 496.22513393842024 349.8602009705833 0.08430483192205429
600.0406067039875 376.32839428938104 607.2018121323039 386.29004044810586 0.08428793400526047
62.6572752712747 218.0592557327631 81.15439317900339 241.81460331680393 0.08417265862226486
661.0888947063055 355.89792740002787 671.4483138324285 371.19358264909533 0.08384594321250916
273.96777602502425 393.81020994249894 291.8586720611948 414.3506940112519 0.08370065689086914
397.6038053887877 364.47870556906923 404.18050037626455 372.7344499802046 0.08367706835269928
472.293524587134 352.35840926704725 476.3718773916977 358.4464314405633 0.08361830562353134
865.2602581465458 336.1609392927432 875.9987873150365 348.34812402714437 0.08360829949378967
430.82198936505534 343.83135648869853 454.5934816093895 375.2464411317903 0.08359203487634659
545.4086683641135 404.48527030411134 555.4289474252106 416.41194040406117 0.08358990401029587
623.5508887786651 375.61829863732737 628.8004306679085 381.92521157398085 0.08354754000902176
847.6930591281455 393.02816643186327 857.1477310370449 405.05007568491146 0.08342456072568893
819.2494776705416 329.3718892012753 828.442157818768 340.7796110841783 0.0833919569849968
835.6710296945735 388.6962892988616 844.3927351848198 399.4713054231846 0.08339062333106995
26.795608162622557 362.34974208478314 80.56797175790359 447.7881033947708 0.08337146043777466
134.55100407078817 409.1221925069874 190.12208119506002 482.4368272419565 0.0833270326256752
540.1359066826456 321.34934665916995 550.6727393592436 334.0606568036618 0.08332420140504837
652.4461384872973 391.27921798069156 661.2707450867055 404.2005796628102 0.08329390734434128
406.9187032789826 363.86293341492006 413.81577424745035 372.9019849747072 0.08324580639600754
388.0388358790388 323.6413418486257 394.83579531172194 333.99725944470106 0.083225317299366
812.984323699056 335.7286027559441 821.7946986809137 347.83609981322184 0.08316956460475922
826.7074073028214 349.9720943037737 836.7207265137657 362.3230257677422 0.08316577970981598
203.50405331391448 330.98865315051455 244.47603233268495 392.87320633960934 0.08316481858491898
634.1951701362349 390.84752206356274 654.6784088202985 413.8059513002524 0.08315787464380264
408.95860259494515 374.6700556245618 418.47013638996145 387.2500418517234 0.08313459157943726
803.3185264948174 377.5913778065236 816.240223185283 395.8688561490517 0.083120197057724
490.6907950491259 347.1764754286254 497.42632442542117 356.87425739102605 0.08301930129528046
416.8236291346536 369.6604897356043 422.996622906338 378.1727982906854 0.08295857161283493
633.7232316990141 366.0610209568396 665.6033549396261 403.24375023249894 0.08289454877376556
545.7785699463351 373.94732040148256 554.4125557056205 387.386285364086 0.08286312967538834
753.3188506234397 361.3873403225846 764.2396141992298 380.3515199451767 0.08284042030572891
824.9089805975548 401.5035481260375 834.7263371748829 413.4208817009712 0.08266662061214447
443.77089007318574 386.37217768921505 451.6778331008742 397.606568710343 0.0826549232006073
498.1268786070527 341.473291947343 507.0946222983145 352.71971513759286 0.08263910561800003
468.10028217003713 341.14126209661435 476.5845034364724 352.4332870294242 0.08261165767908096
791.839899796926 396.3482431764221 808.443782079246 417.5658522708845 0.08260656148195267
570.6661615591934 372.2912523469058 581.2565147735936 387.1758047587751 0.08256835490465164
428.92606701180756 348.5978620196253 435.7919713928025 357.90168167377936 0.08250832557678223
469.3935777305709 400.65807413468093 479.6006262848691 414.4238564612433 0.08249182999134064
112.12074304241402 242.44862327017887 156.07393749327676 315.9216514915824 0.08248493820428848
450.91329015240694 411.9055708077034 458.44024568608955 421.4880110653725 0.0824444517493248
515.3623622670207 317.8129397182906 524.0146152329554 328.9497780012612 0.08243723958730698
1055.4834826739223 366.88444278053106 1064.1666838451986 377.2338875302209 0.08236128091812134
118.15138457067873 198.38361882721446 161.70047120949187 257.92107621351033 0.08228955417871475
448.4522922095782 326.08209252906477 458.9167991351894 339.15664266034736 0.0822613313794136
164.303555825768 367.2172570420201 220.54078360576503 445.44775423688327 0.08222763240337372
460.43757022208337 368.6305070069995 467.37882658876134 379.26370855150236 0.08219525963068008
85.47077468480565 203.51937638312498 103.8505314611004 225.93866175605203 0.08218002319335938
827.9551020209295 372.7512105196157 839.9149803240274 389.54274506344717 0.08211321383714676
486.6130646962233 381.9804454284472 493.84595810643236 391.990065173205 0.08208254724740982
594.0560853024507 265.5600522044194 639.1962121260028 313.99238882036815 0.08203927427530289
256.4145934318588 30.839419184554426 349.71596925590234 132.17174537710642 0.08202648907899857
870.0868670104694 372.8996506247697 881.0730518437178 386.6850761488682 0.08202637732028961
402.05334286408356 353.869860130989 408.8177402734881 362.7222236711272 0.08194347470998764
576.4678951471153 400.18402323892207 583.4746033625984 408.94836032380226 0.08187562227249146
491.8202545799093 404.9797223932691 499.9992021748151 415.9827012971538 0.08186511695384979
852.6930476027694 317.727453536283 864.0977207381102 331.6804694421164 0.08183342963457108
625.9070674821751 409.1926844523267 634.951944165841 420.8194693621623 0.08173605054616928
1026.6968581321535 293.471937868877 1035.849235455652 305.8173756190037 0.08172546327114105
150.41332213307953 321.2244331959913 197.78040455334832 392.4691366583063 0.08169206231832504
744.5058374795673 372.5261249807511 757.1776760573748 392.2459552451978 0.0816003754734993
835.827190899865 313.3590548768272 860.7104599615947 342.2379866464174 0.08158701658248901
406.5291771157285 352.3059427470669 417.5694005560638 366.74741949133346 0.08144789934158325
356.2801707184162 152.02147950545333 377.16070917559284 180.26061631946314 0.08142784982919693
494.9031526972793 335.92824178342016 525.6182438064534 376.8236749788873 0.081315778195858
1073.957973124352 319.2642054266293 1081.3346799177245 330.43291417626085 0.08130361884832382
582.2004668690666 403.94283145069875 590.1331030405507 413.6863583533529 0.08129891753196716
417.75945423114683 390.94140605990026 426.2551771558769 402.40166746894255 0.08128821104764938
540.9040767193326 332.7473880995284 550.8620781518151 346.89898206398635 0.081267349421978
814.1980401692791 302.3699820426283 853.8831772025646 350.50525544765145 0.0812620297074318
452.01830584598713 397.61621249837174 460.285549780406 409.10822719288063 0.0812172219157219
416.3002480727668 384.8352389574194 423.30572147056336 393.91620616977565 0.08117616921663284
842.2090587561449 384.2211499129893 852.0144263734653 396.14043789108945 0.08117419481277466
558.7366629922525 372.3612648850493 567.5578573711432 384.9815217467356 0.08108975738286972
343.48868592156975 174.78603123749568 349.5523809098253 183.72436172111915 0.08106731623411179
607.1064436801234 390.452605181147 620.1898844504485 406.4108934548108 0.08101359009742737
666.0589744913784 325.6833232726743 677.7982502446433 340.52266597527745 0.08097919821739197
1049.4752066616193 330.7632643419338 1053.8879309745503 336.35320622062716 0.08097784966230392
98.42473600743264 140.28374248884006 462.33625557603773 553.9386529641943 0.08097364008426666
831.1705958897655 368.8661381886306 838.9650960414153 380.989011034347 0.08087171614170074
301.1645671045416 295.4887319819512 348.42325836365194 357.1900453671092 0.0807851180434227
71.21448742163489 229.08476078496724 91.91385066650224 255.5401027897737 0.08066761493682861
684.5113561709592 373.1180978707866 698.1936115767164 392.966663178771 0.0806514173746109
409.1001930099602 368.67596137175417 416.50020839958415 378.4330112265749 0.08063384890556335
847.4272011013859 372.7939117796473 856.3768728175946 384.3269322509426 0.08059389889240265
754.5589791253726 355.1448532071617 795.5018875244424 405.8059593970051 0.08058781921863556
158.49136665322646 348.0650271310638 242.10277069907045 465.48743651106855 0.0805797129869461
633.5679412259609 415.6561078468733 640.2356714090073 423.9381003964933 0.08048197627067566
877.1503928189295 331.4761088800223 888.011698338408 344.0751648777545 0.08044688403606415
1041.9714142236812 277.22872872285006 1048.8217998078442 285.2156280618009 0.08043848723173141
689.5787624245784 298.5329849842799 720.3177423111545 334.138538626987 0.08035419136285782
498.92689841455984 388.3301533928244 507.91561290330117 400.96176453563515 0.08029597997665405
382.49990395004664 272.52731420579096 421.5835867824956 323.73430109537577 0.08025794476270676
665.6322369440066 371.30582525852134 682.3019487657477 392.09940423004525 0.08014584332704544
606.9604758404071 402.4439986412048 617.0466879190626 415.69913903378034 0.08011824637651443
442.5058455196472 335.4164297775232 452.47757427445003 347.782603899611 0.08011062443256378
189.95409164693697 306.564135977554 253.2571919900098 402.6080010717903 0.08009691536426544
659.8834475735747 317.3909120185419 712.2330104015759 378.8797829749101 0.08006617426872253
443.2922335815728 405.137358167665 451.4582211947476 416.0449132683157 0.08004464954137802
356.6269943729017 173.93345423430344 362.18585802839584 182.96483403866253 0.0800115093588829
782.0839792590092 361.75186984630807 795.4097601308528 379.6045888190638 0.07984023541212082
856.8645216963108 289.9545807058936 888.365149015864 327.4625104348015 0.07983649522066116
557.6047791058751 374.3942840162434 583.7179424308895 411.10930981770434 0.07981882989406586
61.88308425306686 287.52797594745596 83.39278216702775 316.40389012126684 0.07967741787433624
882.6284106282134 366.5139173188945 899.1117807390774 387.98627568234787 0.07966110855340958
675.7371971167742 303.09289930425894 704.1595680861775 337.90703667738154 0.07961978018283844
101.81956135877509 315.782127161243 152.40982745819784 400.07560344916544 0.07961482554674149
419.4997914081313 351.11642555209437 426.49000448289644 360.204002121662 0.0795876607298851
503.3396441687833 360.80463935694775 510.5884688309739 369.53298900461016 0.07956712692975998
487.4309217648889 319.7919260673938 496.97740972855973 332.27369233167934 0.0795319452881813
423.50845197924923 391.15692240059593 430.2378296004301 400.631618221832 0.0794902890920639
458.5315197903515 385.702173678599 480.989002882977 416.48719397486394 0.07946833968162537
152.23220393803908 61.422419188552276 173.01040659304928 86.54460445859286 0.07945341616868973
1075.2357595790502 333.1491828385743 1080.3288446839963 340.72830093940524 0.07941034436225891
807.3108127695052 323.9536052018051 820.3564284841835 337.9935821312792 0.07939958572387695
839.2724702036604 379.58362957492443 849.121241727805 391.1703188804197 0.07931584119796753
604.321444774303 373.0306855878677 616.7395819843971 387.1967852858331 0.07926441729068756
282.608946331381 477.7073122014855 292.4664404496427 489.51020240108585 0.07925128191709518
145.56341262598747 129.09780316457844 180.2507974689494 170.48508931651534 0.07923807948827744
641.8235230291773 417.49604720884196 651.5631202698379 430.2427162200313 0.07923633605241776
653.1400969807069 404.8593125984735 661.5034455728969 416.97788659304854 0.07921835780143738
1036.0386157084465 295.0151302338547 1049.0678698995844 310.91424854596454 0.07906254380941391
1042.1280584472704 341.7761446353328 1049.3795689225399 352.39654561462413 0.07901328802108765
413.1997575667434 353.0575382096472 451.0182681618626 403.1921665647095 0.07898803800344467
203.01798211214964 104.39943811099484 238.2828858428618 148.87621288122162 0.07897438853979111
626.5610259158133 329.81544734641864 652.7446523597952 364.3320633910719 0.07894688844680786
660.1354887664813 397.00519606848803 673.5353157522203 414.2137566632156 0.07883679121732712
84.53655367510929 235.7982262984983 120.62660813391985 286.694274324964 0.07881638407707214
1048.7364754182054 267.9127762278702 1056.6494714278945 277.9394791459911 0.07879965752363205
669.8887430564649 500.5130617911018 675.7825932032313 507.8945390827948 0.07878947257995605
446.5373169483806 345.18707256735837 451.13993359477195 351.0121956883059 0.07877269387245178
660.9207138079767 368.0437794879918 669.7794173307569 381.33822375727215 0.07876609265804291
1041.6803483129984 331.8317826802863 1045.7152119429559 337.25866254559355 0.07872986048460007
474.89407556154947 337.551189789691 482.58159953539564 347.6038847102872 0.07871529459953308
489.5557984560991 388.53287735891536 496.92652973474264 398.67467272085355 0.07870879769325256
823.4525547732219 319.0138229449816 832.001687746367 330.01528867324873 0.07867150008678436
492.7040907649406 418.6214744762749 499.78857477598183 427.726782707289 0.07866335660219193
166.15840390299903 56.643466722086856 171.78070184263143 63.43396087190471 0.07865706831216812
1050.9136108677772 277.155479816772 1057.9689844633322 285.8348064036168 0.0785629153251648
528.5009992436387 324.62656217055655 537.9608812229736 337.7538931081468 0.07855714857578278
431.5601115296526 331.9911553662151 439.52683253678146 342.9457464370821 0.07855033874511719
482.72563267188445 343.9571701894288 488.3499049506051 351.6567506476897 0.07853240519762039
629.0955082669988 423.9047463270135 636.1618170129799 433.28055365495607 0.07847373932600021
605.6454783511691 384.47001691520114 614.2726176766748 394.9102973706587 0.07843785732984543
485.12919483184515 327.40323257568735 492.1735969766944 337.55496797868426 0.07841454446315765
846.0379622610395 333.38455679883646 853.5063124437854 342.12929695044454 0.07839025557041168
677.3312208957825 480.80764668105405 681.7096430362591 486.2418690968648 0.07822208851575851
820.950037115145 361.95596689818944 861.5381167917058 412.0541105793158 0.07819387316703796
508.1370240795807 319.0254027492944 517.0038227623364 331.1395179381647 0.07817310094833374
800.1056560191225 329.30416166563566 809.7591367231829 341.71765917194864 0.07816474139690399
587.662804506852 384.706502705342 592.2653445195078 390.8523591682637 0.07809612154960632
853.0226408578999 396.341344111226 862.715615182555 408.5266103763813 0.07806175947189331
33.477536690757226 301.10896684917566 88.591196430107 387.37764939599526 0.07805521041154861
350.10610184773753 152.78157676312824 361.4359354975014 168.6446132903882 0.07802796363830566
632.4443167928727 404.368081833239 640.789962736569 414.72612427979345 0.07794588804244995
65.94105987384634 353.459653346151 151.03459323887424 491.13740706302315 0.0779372826218605
537.7792368928383 411.8436930823626 547.4547207025562 423.34508384405297 0.0779157280921936
499.9495044631554 399.7046002685111 510.0083682999927 412.9976597759498 0.0779038593173027
192.36648312520904 222.99544058294404 237.1191300503804 289.3321215034692 0.07786137610673904
613.4014697091709 357.11619227465764 622.5571114404314 369.7674519081851 0.07782064378261566
415.7446755666504 338.49986132075776 433.3989919810067 360.48506967080385 0.0776754766702652
456.5890200981 415.212219297052 465.29101802800625 425.6154228181479 0.0776645690202713
462.7875944112983 393.5675326919226 472.26851602475887 406.1998305853681 0.07765376567840576
675.5826480453644 399.62569556845745 695.7395359153136 429.21068786471795 0.07752532511949539
744.5433350319732 387.9016180816722 759.1983507832407 408.40031563899316 0.07752062380313873
428.04956370210357 384.93030846138726 434.84488127601554 394.15867479383473 0.07750896364450455
542.5164284971663 308.7847320164018 552.1058555906551 319.04269034265826 0.07748507708311081
577.3690578061068 385.9986275834578 585.1373608806394 395.99972516363886 0.0774383470416069
494.02413313231557 327.09266606976394 507.062945782121 343.53084853579765 0.07728240638971329
594.0175100184558 398.11451445134054 602.8324807746777 409.5586137244445 0.07727886736392975
725.2936384801885 351.4772946653034 739.8414631699884 372.6850930933619 0.07724021375179291
852.635904835593 351.9414625374145 860.897031991854 363.52615985643695 0.07720375061035156
539.5746538469017 389.3408634600362 550.0752279310904 402.8603872024781 0.07710385322570801
454.3277117250041 332.4734783170786 463.37138019742173 344.03758094423483 0.07708288729190826
778.6654036781414 139.32203448223498 1026.0500960689021 433.48053212244923 0.0770430713891983
65.51167112586256 313.1959891656348 83.58608684392556 336.5983059582049 0.07696916908025742
624.3976633746724 345.42698452830723 640.3763778704263 366.5174334010296 0.07696513086557388
217.12503671108715 370.52321325689155 265.46569450900284 434.24195069678785 0.07690413296222687
1037.891059047139 335.9582328634852 1043.4353850372916 343.3060981350716 0.07682985067367554
855.032690448395 403.2087338069396 865.3148811312387 415.4803153044649 0.07679202407598495
734.5794421583754 386.4573128514221 748.9524965589928 408.5659591765027 0.07676249742507935
832.6147217741069 562.1194673756256 946.3035628271595 681.9295428111224 0.07668741792440414
559.0230211606198 355.73434623620335 568.4919673037757 369.07327292183237 0.07665139436721802
190.49431314801376 417.4244290766812 237.08361676535407 476.99500898746084 0.0766289159655571
235.59130736052768 312.58337665876576 280.39057393286544 379.64199035725227 0.0766066312789917
662.7488295519116 408.9147426411592 672.6165555176589 422.7143228345477 0.07646436989307404
455.7424433801076 404.28301517144945 467.9562788955782 419.5392992556842 0.0764370709657669
847.7948721057401 317.9368088728793 856.7267974897919 329.8791409284377 0.07640136033296585
151.01611596410592 169.22757122355907 193.722471719468 219.66716974867407 0.07635629922151566
575.2007910792889 408.82876411310326 583.1696417451035 418.92400520979174 0.07632018625736237
620.2517393244685 360.0077109809596 657.2126261765861 407.15177533943586 0.07630059123039246
782.0653188876006 383.4461379155835 798.0707461120552 403.8957799274921 0.07629001140594482
247.86991624842466 302.86948717494363 308.28221306993237 391.007244239408 0.07627594470977783
733.8358514958884 328.4291928624105 784.2773861377963 402.95248553844084 0.07627227902412415
119.91606174909863 453.52726543452286 131.59142549187138 468.9315457168524 0.07625565677881241
521.7613262151862 312.81475453594146 532.7383683846878 324.3417645180676 0.07623220235109329
726.0737779319896 309.45396455456256 747.7117326315093 337.20994520126897 0.07613324373960495
470.84893731618166 308.5039377462319 479.40880573438034 318.4987086157042 0.07610143721103668
475.19593418895386 316.8439620858852 482.95832420664436 325.67419787731984 0.07609931379556656
188.76782959510075 444.728054296965 227.19274589059546 492.8052238355244 0.07608486711978912
752.224363320535 398.4564190562847 773.4017235750256 428.5316158270649 0.07606987655162811
764.6187168819043 290.0313208410594 817.214383566233 352.8346560136631 0.07603871822357178
590.4493342624446 360.10141578631533 598.9954994045202 372.1404325804341 0.07602111250162125
471.71468724994253 344.91337534241165 478.53289746180303 353.5567918291207 0.07600335031747818
650.9799613074894 329.02355825621447 665.7769965751492 349.23980935538435 0.07590634375810623
755.0636038024911 329.48317140258877 766.432920866642 346.8791934821596 0.0758490338921547
706.2708795622761 400.36784327130897 761.7752254136196 471.49969552362194 0.0758405476808548
639.6362444582804 414.15278365596765 646.1378401754213 422.11718059652225 0.07583889365196228
-58.87740482540346 553.6163189044584 133.7007537661497 777.2680239566752 0.07582178711891174
819.7591935423948 396.6626398517135 828.443660693217 407.73451261431137 0.07581400126218796
567.7889038987892 405.8265834138115 575.7830764335346 415.7487722003659 0.07566965371370316
566.1592634747715 259.29147239578555 573.1378339811163 269.8750039428466 0.0755605697631836
833.1389002032935 406.8599311674137 842.825179539603 418.37065997384127 0.07554668933153152
402.10624261710564 383.89340316030706 413.15336938533426 399.66254056991494 0.07551643252372742
99.99053641564016 52.65631068240975 123.60939574144848 83.12430374215784 0.07548139989376068
436.9780220904695 396.8125180712589 446.12477902543924 409.7484340742787 0.07547060400247574
583.6075497599348 330.7243667778129 631.021030533781 391.15660953945536 0.07535512745380402
644.1558941982327 305.004308890961 673.5711865933916 341.22129043645776 0.07531179487705231
338.0477178465303 180.86580640713774 348.6705733620957 195.64622774198568 0.07525205612182617
48.877448178383865 305.77967646343996 62.006973189113296 326.07864743860245 0.0752280205488205
1053.6314586353558 336.2724451828504 1061.8837258389772 347.0042577253848 0.07521061599254608
37.73973096738321 280.38641379866044 58.47549508090564 306.9641073370439 0.07511228322982788
588.6974479406309 380.14363569838565 596.6640859421699 391.06998135133455 0.07504824548959732
517.8040045874653 407.6539311568054 528.7135367143045 420.95175834133687 0.0750441774725914
763.039645446088 396.4896475345632 843.7317485297885 482.81420509636314 0.0749601349234581
614.5081840061075 408.68235474523897 627.1691976500358 425.1655413476097 0.07488391548395157
597.9785349065513 354.39371515602653 605.7934304128391 364.735398554311 0.0748586654663086
982.0844168488211 105.17789108711449 1008.3255770529246 131.26220395401594 0.07485024631023407
477.7138783419877 407.5503172318573 485.2201410925469 418.0169153167842 0.07484698295593262
821.370065574225 314.73757557123514 843.9371257705347 339.1195020058218 0.0748363733291626
551.4572931911625 323.1466915541431 560.5539050634687 335.6575860594215 0.07482470571994781
844.7917741223647 315.0532999024848 895.7194623039518 373.123171900428 0.07476329058408737
106.6983130328908 401.5599915691295 138.89515643431932 446.1697706718537 0.07472379505634308
645.943490374742 341.2673147878703 658.847068335497 359.7417577567612 0.07470186054706573
601.0117612431001 366.41568355509014 608.147020493727 376.0846268687722 0.07469219714403152
886.2413522962842 351.6586908510514 903.4141667383606 372.36824465085283 0.07463560253381729
104.72317979517504 9.563365332004114 137.81803229289076 48.8609414395643 0.07459378242492676
601.9637653909671 391.82737084817717 610.2864340747208 402.86275620878 0.07446735352277756
579.0104675333259 340.439558136392 611.801344622265 378.4455449234241 0.07445736974477768
146.219209753856 463.4842695257444 207.41515397370125 537.2567910536935 0.0743543729186058
227.2259627604764 162.73532033132213 268.4560880399121 214.24167367611838 0.07424411922693253
733.5494568999768 349.89841768158385 746.2981079693077 371.38544221706945 0.07421796768903732
655.988901569057 397.36903208574614 677.3250890876516 426.93806009892165 0.07419437915086746
1046.6365639434755 303.4532766292476 1053.8524579187138 311.3742128255802 0.07411875575780869
191.7034049636015 0.26449087231041274 199.42616825851425 9.159721642308998 0.07409824430942535
788.5637238419555 322.96704383068084 800.9920974323333 338.08816155824206 0.07406534254550934
438.31477120738737 326.4977569995266 448.3591659761181 339.3933314148387 0.07398699223995209
182.62134906604112 215.72586274138354 265.9475883898321 336.6725179328991 0.07397159188985825
444.8150724366787 314.8598513064436 454.82968078002443 326.8558651799334 0.07395119965076447
923.9881093272235 534.576425226717 1167.5501343361639 810.6593781474149 0.0738128051161766
161.1504114311783 132.09599598974336 211.74964158120133 193.64835914538955 0.0737980529665947
1035.5230327399015 269.03738606148784 1046.4376401977338 282.4823688945955 0.07374478131532669
121.40560020512831 76.38762225996389 139.15185942614409 98.2700319549385 0.07368528097867966
797.172073100678 406.39070805633315 813.8816556206344 427.1022523494893 0.07366415858268738
1050.163284347492 300.8867757594157 1062.4902557461924 316.0087578229747 0.07362738251686096
38.03852060148651 215.7022924509327 58.924260059501684 246.12386075173382 0.07361636310815811
1070.6674988991024 255.0920205675106 1080.5129293636287 270.27328503157514 0.07353616505861282
424.06185539331074 343.74084220852916 431.3357373236615 353.38127285418517 0.07353522628545761
82.63120806786301 433.1295607765136 108.15452180791235 465.4895423228127 0.07352552562952042
500.80055404098937 416.39730708495165 511.13965680176096 429.02291022235545 0.07347912341356277
598.4932192885735 533.583176567135 858.8172900985664 803.1233779529938 0.07346292585134506
650.2514027335287 413.5209680776421 659.4201676300198 426.45489016006644 0.07344955950975418
688.9478804018981 392.16535143426427 712.4137633940445 424.4004199959121 0.07344793528318405
224.93828444435374 111.42827362034299 250.57437574982546 151.0795288575313 0.07339636236429214
396.2150358439703 163.87520975524555 424.8552433655679 200.4093302090252 0.07329070568084717
716.5776197582283 317.7412631553014 729.0968297595144 332.9188849525259 0.07323291152715683
641.843773356038 425.75912704467993 654.1584527595745 441.2417557630842 0.07318402826786041
772.11124652637 327.7666741817389 784.0182978944383 342.37479955961635 0.07305913418531418
634.584078341693 356.18519663682855 642.8697030852771 368.4392061866875 0.07291541993618011
810.920139028158 395.93159713558595 821.3500422296659 409.54343428619393 0.07289502024650574
596.2916875743784 378.23452446237627 604.5530730510504 389.68333486212936 0.07285501062870026
575.6362872728923 348.22000768896294 585.3195227420107 361.0622093148732 0.07273232936859131
6.123765788677809 273.2062515563299 33.16409946539585 312.4134467935493 0.07271381467580795
560.3514386362417 344.8558838077558 570.5149114372797 359.31236933739325 0.07271286845207214
57.17229674719345 290.711841981496 64.15289604966404 299.83219786630457 0.07270801067352295
763.9952336897064 324.57107575488993 777.5098938984296 342.1314501879898 0.07265914976596832
19.67415160985658 313.9673053651843 25.54632162945842 321.4139831816366 0.07257040590047836
410.42097207186555 387.8390033602752 417.7388406080091 397.2389062135093 0.07256870716810226
835.8531614211407 316.18903984884304 845.1674908057381 327.77522783703495 0.07253964990377426
678.0955933076601 314.06221986047666 693.285820409088 328.50912495113454 0.07249688357114792
633.6304288214453 391.8019375847831 661.7779830271955 426.3896468498323 0.07249175012111664
544.8379754166695 284.12337901978833 555.1340596562504 295.67124039318594 0.0724477618932724
651.9838906692377 355.85643620037393 660.5851640600089 369.2599509688205 0.07242317497730255
651.4733767521149 385.97180400332707 701.9948072560672 452.3882794017539 0.07238809019327164
615.1432255356069 285.53609839527184 650.9784880228242 331.49061010376903 0.07235240936279297
46.99228720813527 293.960040501756 53.74384757600083 303.10671882004095 0.07231906801462173
534.701004547925 425.05103528463275 547.0144608762274 439.425014574647 0.07216238230466843
556.3047057407443 404.42637905376534 566.2022755690798 416.32548818201036 0.07206356525421143
99.28340975773065 210.31554914434886 186.12296183448282 350.2973402200562 0.07203483581542969
920.5019030457541 -13.131967070173006 1162.2773314915087 267.8622437814117 0.0720175951719284
850.983607712436 382.4042355806069 885.3701666489661 427.6239265689432 0.07200668752193451
462.5277094746927 420.97605259813406 469.9053100539426 429.897708443777 0.07198309153318405
1056.3700526975717 261.6018153428969 1064.4898175695805 272.06146498205993 0.07182419300079346
607.1048966633608 364.50361013656163 616.1428533218053 376.2039214584075 0.0717228427529335
790.8073894066454 334.8138720205411 850.398922795115 409.4564329487312 0.07170423865318298
348.4732294861326 270.99814470688597 394.99409725201355 332.50022165885866 0.07163595408201218
555.1600995107445 375.6815756162138 564.0839505388323 389.5459424530685 0.07162543386220932
841.9508753130788 405.25566386785215 855.3444801592382 420.7957491406607 0.07143719494342804
486.5658451414649 401.1510464846978 534.8357897297691 456.41274164066886 0.07142201066017151
581.6578586152539 359.83018367934517 591.1425002871752 372.95807942482656 0.07137514650821686
548.8897170726817 336.9831039016103 558.5029866491524 350.8698294872508 0.07125947624444962
886.0602490638214 286.25279663286614 930.1178731810639 334.0639945363136 0.07114964723587036
50.41689499972947 284.32981386378725 61.309214406693215 297.9497259129042 0.07101579010486603
890.2184293434088 324.5917214970791 902.1304482526161 339.46332585809273 0.0710119903087616
390.0988514112876 360.4322854847011 397.16586462590175 369.56188278070834 0.07092327624559402
91.18856640250407 141.06300180695203 143.04440490645945 206.74640817576122 0.07092258334159851
548.8841829866878 415.833663994563 559.550532266675 429.5907127321793 0.07087205350399017
605.4016740445832 356.8637292002231 613.057136096374 367.1870903290452 0.07074874639511108
-16.04797595166625 296.18213813379293 41.73803478092314 382.8615496095768 0.07072222232818604
568.336496375102 342.7499263560241 577.6103398832347 354.10442613369287 0.07071404904127121
863.3052081176355 393.1444120281778 873.2702691163872 405.51740243163124 0.07063490152359009
709.2988580853407 395.5565396653322 731.9656609142648 425.87873808778966 0.07058750092983246
546.1012420303906 325.92972620120156 583.0806229190006 373.1754846640434 0.07053952664136887
870.2161859358823 388.3443653448128 880.7583592956665 401.78806199579793 0.07045676559209824
90.03105786313326 228.44584470991444 101.8761148539923 242.63242392658046 0.07045656442642212
653.0725514895058 415.7902353454954 687.5153477531945 463.9008718286429 0.070440374314785
746.743025942547 324.4273326982915 760.4176615553878 344.84494109645755 0.07043497264385223
741.3707586120072 401.4067488008003 750.0698340723823 414.47131160646927 0.07034409791231155
588.7887091802876 408.2935885983768 599.2196265098851 422.1972822859416 0.07019902765750885
270.6111536150309 489.0646952080651 286.78752752921883 506.5789542944374 0.07009164988994598
559.0982573425214 286.2542174698012 604.7518315168231 343.4895787626504 0.07003045082092285
746.6238932054991 300.04847016927795 774.8145405571012 335.97074945737114 0.06997575610876083
65.31892972534902 4.636562982081488 97.5657875649903 43.50834802539817 0.06994196027517319
668.5376196139648 383.86373145913245 687.732998135981 408.4828981437743 0.06984773278236389
191.55000197511373 62.97506103640006 220.13233115929748 98.06163803485134 0.0698305070400238
662.2887522137097 310.99594724636694 674.5953785574072 325.4594603661623 0.06974262744188309
907.2972646794357 316.4242644386955 946.6806128970198 361.9000980730773 0.06971308588981628
1014.1313210166048 279.212998751679 1052.4627487030573 336.3238100458875 0.0696684792637825
1043.0022015806276 227.12850681405837 1088.4937671266107 295.5535203372994 0.06956399232149124
363.81888720201295 533.9237462263372 468.91428129351294 650.8038096257004 0.06956377625465393
631.8951421566506 297.446153615413 653.4253814001761 325.8306233823767 0.0695345550775528
43.72381921991099 189.11192517173373 106.37509940445638 283.8204991582699 0.06952758133411407
882.8811454532922 326.5673304457603 892.9910596780112 338.9668557325222 0.06938185542821884
876.5693372779513 307.54192945365406 908.1502619513648 343.85078286244993 0.06937389820814133
555.3663278099672 393.49696881129023 565.364532109923 406.6664386129434 0.06933896988630295
381.67803274663976 349.6090835119832 407.64136580119805 383.6699752220295 0.06930557638406754
508.8379380431841 308.10963461547345 518.7881107917199 320.5569103059961 0.0692768469452858
192.88618793012003 -8.886662150693104 224.5664903032867 27.151125121725944 0.06927333027124405
639.0070333819086 328.9013767134028 649.1689090937683 344.04401143517947 0.06925714015960693
383.12561830692636 372.5524692835 402.30418749418607 397.64344535899653 0.06921070069074631
526.5280616862149 356.551933400698 555.3073458743578 397.6271563976171 0.06920231133699417
456.2232233770815 422.53893198930234 467.53577777483224 436.8065183320394 0.06917360424995422
1.0410148773087398 373.7329417607006 31.424384043716035 423.35467756950277 0.06911154836416245
387.0111024944049 355.5640545100692 393.24742330164435 364.0988863790969 0.06905952095985413
658.8173338065089 420.23459996147085 668.9794755238602 435.7142297752557 0.06905113905668259
487.60103849463127 534.5722071747066 596.0576710926458 644.4921238283262 0.06887813657522202
865.9246182402122 314.3325836598143 876.7125971558944 328.4344952661773 0.06880564987659454
285.049814407295 321.2063130945898 341.12090762957337 396.24026660409015 0.06879817694425583
716.183847175701 370.959819579063 729.0075057902811 387.7802052148989 0.06879489123821259
621.4049185178741 320.3222007979632 641.8674955920054 347.59823399695557 0.06851346790790558
10.405629878821976 456.9090981534447 93.9706355603531 570.9022658347998 0.06850150972604752
191.1590478273832 95.96325495266363 218.04797953470225 130.46314575932226 0.06840880215167999
482.3196897930015 312.3143377292714 491.3780045539128 323.68576508758093 0.06834438443183899
462.58040344781466 312.42984355054926 472.04567546468064 323.18535488012293 0.06821557879447937
645.7479865317758 269.870587067302 694.1143431946232 326.4960394091605 0.06818266957998276
615.9067703399704 346.433956859244 623.7348557038976 358.28220587247665 0.0681474506855011
899.4100937413679 313.91454270674143 912.2728087360944 326.83284418497146 0.06809071451425552
863.5827471433721 338.8550736228185 924.1529879931622 408.0447948954345 0.06797471642494202
169.0362480675286 92.88778272147782 187.04959999374987 116.85924068550577 0.06797289848327637
816.7497333921422 405.93540097603034 824.6716737775612 415.8192018998536 0.06792467832565308
361.43467625765874 320.79641329959674 387.61884024572424 359.83261669523296 0.06787744909524918
597.9187252345815 411.0234103824145 612.4436805047698 428.6160364309799 0.06784434616565704
223.95054539113488 307.1934981463233 329.7752950934104 452.3904851645118 0.06781282275915146
792.6747787190296 263.833964015994 835.4220180134158 319.097850329099 0.06776532530784607
627.6398205034113 433.7649362316314 635.7965225883127 444.75529506778594 0.06771992146968842
730.7889329733582 416.9379552831323 741.4338180464089 431.3729036094275 0.06743096560239792
120.37286350989712 -8.526154142056455 151.1593401205578 22.098834876710903 0.06737256050109863
18.22096418825458 171.04117987984 94.34064446828562 287.2523254875312 0.06735768169164658
537.6004151930072 386.7403180917773 592.8274297189975 457.5061364855438 0.06726370006799698
-15.110780472257892 289.6262336750281 99.16491310816241 477.33712289426205 0.06714636087417603
61.65212589387477 87.3680860386742 124.67025692852742 165.749894976317 0.06708008795976639
718.7209830362885 270.85509553808 750.2721045697053 313.9204147601669 0.06696389615535736
168.83036300853885 116.96872679420717 179.527651631534 130.54324813337772 0.0669587180018425
401.00435088049466 316.4871522853888 432.776700097959 355.8731165280525 0.06686962395906448
506.9124607245599 286.9743156461349 529.9291916336329 312.6300920672341 0.06647003442049026
172.33713760112178 81.16701666397535 342.0607823478629 293.31179257435826 0.06640578806400299
26.079980713669432 325.5856088753114 33.664254912673805 337.89485602462366 0.06639940291643143
834.5686694892714 412.9478522120272 858.9866909163264 443.4149503240056 0.06639751046895981
498.68088293770495 313.83164069912567 509.2930045053136 326.92929222452074 0.0663791224360466
174.89461353371672 25.39100274710246 198.49281132124642 56.44714310813449 0.06617294251918793
260.8098842082345 471.6853115857117 332.28235458423967 549.6642204233079 0.06616635620594025
828.7657045493953 387.5458139079377 838.6886143861743 399.60788958731894 0.06610353291034698
876.5025745028664 387.0414706192337 899.6859656801379 417.58336760856463 0.06604644656181335
556.2205358333383 307.76336304710964 565.3559129169374 319.32245577477545 0.06594562530517578
529.1993334105124 309.80734799743124 539.3999206475428 320.83205919302225 0.06587576121091843
685.1885450123648 438.6843467839144 694.9900694114357 453.25336481313195 0.06579025089740753
385.98466716135795 337.03304669110327 392.78208277386346 348.0302397467426 0.0657542496919632
345.0288299970855 55.95806070439303 597.0541016896746 334.86137771688664 0.06563638150691986
506.87100834654836 307.81520664433725 563.8755977772829 377.09876177556094 0.06540285795927048
599.8375681379978 339.55064813109885 607.6281634820316 349.0469798796368 0.06512313336133957
922.8811645906153 289.2607163462693 1130.5741318900568 552.8557187774413 0.06498457491397858
617.7009577154879 427.5565694923134 629.3021621808465 440.61564204297565 0.06492949277162552
723.391366524013 252.84913415357138 775.2466473417643 314.4015724557851 0.06487884372472763
578.1405263591404 415.38633466668267 589.0691298769337 431.60661741951094 0.06483166664838791
405.57139259461684 332.4321738657252 419.27656658801004 351.05604252721196 0.06478559225797653
680.7486885036025 427.66335416861125 688.6312976659119 438.62673117091936 0.06471052765846252
170.31968246169305 84.06085648977022 183.3047018340727 98.38491281164535 0.06464478373527527
741.3129739865344 441.19442095319044 751.6900106727029 456.81859138178663 0.06431100517511368
396.41096305880853 406.6116948770195 403.1869222689721 415.4300679783096 0.06428161263465881
248.04032814818316 169.10257241723306 272.1064591297859 200.6195276357907 0.0642179548740387
555.6511367967997 292.5281489295683 564.8888253417111 305.06022255994833 0.06415639817714691
480.618441443381 288.416803523769 504.739917145877 315.60265561604206 0.0641455352306366
71.2466018057755 72.2337671261955 104.83286998630872 115.43005188793872 0.06394632905721664
367.4525648054079 316.957877764158 374.2020590873389 326.3625443858013 0.06374747306108475
-120.34735421622663 345.1750461094785 293.2373738409335 858.9860641244928 0.06371920555830002
569.8104681630233 324.1454804119429 579.6242356491226 337.5178672836421 0.06370310485363007
558.9712493937661 271.64048007870315 568.6286256735859 284.6220883982198 0.06368280947208405
815.3341600557504 319.1695442437826 823.2361335728891 329.80071992936183 0.06357087194919586
956.5063267146174 297.7495102283983 1015.335489898783 374.6341296075123 0.06339482963085175
426.1464089267132 400.8699100022406 435.70573575273363 413.58293867360834 0.06332173198461533
694.0799906699518 440.9845689268606 702.4447298290651 453.1464880509802 0.0632372722029686
906.1191762721674 349.50792248332027 964.0050686569411 420.140786269377 0.06322700530290604
653.6368185530725 436.59223255380607 665.2749456372046 452.03140330396565 0.06293472647666931
396.91542004416124 397.91862481739076 405.1172743326247 408.55502011272813 0.062344133853912354
669.4545857760373 435.7937102951268 680.3215830838149 451.43609761155426 0.061774011701345444
-20.37153002782206 -33.77400894000347 76.49061088817041 78.33799625627661 0.061763908714056015
387.76745526548405 344.9817000277749 395.46143135693774 356.44288171627454 0.06125711277127266
897.0687207526126 254.6699417117886 958.1021281537345 332.3192648832495 0.061221010982990265
145.85636586751153 89.03086236560492 173.35077024891805 125.91778588495391 0.06107693538069725
569.1806832243894 299.2889844687593 580.7792710934242 312.9806242254798 0.06077197194099426
587.3620189304909 329.3605203696084 595.9017918282503 340.5895871804709 0.060715559870004654
678.5444370556359 445.82857424435366 687.3512625407393 458.5056826073392 0.060700252652168274
694.743517585863 410.54003342784665 704.1452443128874 423.1456929676415 0.060166895389556885
516.7374026191304 422.81406958484183 541.7217196235065 455.7715675092341 0.06004570052027702
281.5977705932188 398.2737356809516 374.59982374804946 505.14216119965266 0.05993982404470444
577.5423198025593 328.51534126817313 586.5405750874557 341.07984690760287 0.05964849144220352
260.36235832628165 537.3965068019694 384.0887095664942 675.0370965881565 0.059519700706005096
508.9172452229787 250.63137921510628 544.2788916898197 293.0997226650834 0.05865619331598282
627.8265177594333 204.1812305215035 683.6238743043755 264.2819586906067 0.05533193424344063
43.60326838704089 38.72364412680766 83.99947679118416 88.86162366725199 0.05531651899218559
