421.36419907787916 420.0444071111749 454.39981125328484 463.79239528600766 0.9999905824661255
617.4151374674728 396.9084753703266 656.6813742039701 447.50062311522186 0.9999639987945557
537.6796928119468 435.93996797622333 570.4583272286496 477.2529347969678 0.9999419450759888
156.44886111535956 403.06122422241947 191.30703032625215 448.5246543640811 0.9997716546058655
363.42356092758587 438.87558430327323 369.2793807398944 445.9144331093285 0.9729160666465759
277.0261584090062 438.69541760346857 291.9123715836969 463.0373930091444 0.6797642707824707
361.6810662539314 441.1334597005444 372.1519526208628 455.2379212587032 0.2704153060913086
323.71542808517626 346.737149593586 386.7330438980082 433.84529655134435 0.2262895405292511
363.27515555775227 427.095178406683 386.4841616076059 457.05255695348717 0.17696242034435272
789.363525363226 428.5084201088725 826.1297255897422 487.22595411540937 0.17543651163578033
247.8430738283915 453.419679480499 287.2979437207518 505.5862193121083 0.1706032156944275
554.2243320989779 397.857684417301 579.7969770946471 432.68393190526103 0.15851326286792755
489.8500545727067 350.5327431331629 510.2391593228878 375.9431119117641 0.1580680012702942
341.9119500758564 408.8860389143307 364.03304111265163 440.00792735571133 0.15576161444187164
473.08747542089856 406.8886851684733 508.95925079190005 454.601862788054 0.1387443095445633
461.7544193554392 402.54959682424504 489.20792668743076 440.85308961195614 0.1270190328359604
728.594966601063 455.85597205620905 734.8347327327282 463.62492356348065 0.12546506524085999
326.72958311104804 443.61508564845695 335.5081906051661 454.8303922947725 0.12300806492567062
332.03164406856183 451.67799543429413 353.13365993187045 477.48991231070556 0.11527884751558304
324.81730371351665 449.2407775928018 334.29142373601707 462.24014574557503 0.11175627261400223
338.2199869112737 437.1427371806732 345.62900333905407 445.1450530660111 0.1101222112774849
333.43820839267113 437.2473735130175 339.37651601798257 443.8262444785943 0.10765683650970459
346.8662359749352 437.9689261286152 355.60921691706676 448.49721329594786 0.10617420077323914
248.5754620046006 437.14458456545515 265.7704680976132 461.68477327170746 0.10503093898296356
401.8604194548597 387.40429589347576 437.9519200375498 435.56331491810516 0.10497678071260452
295.45130065676517 495.3704287956524 324.8489721080234 536.538998675193 0.10488855093717575
334.6007672765626 441.7592440528152 343.25146326108336 451.93439043768507 0.10460811853408813
289.1542846801089 435.7156248586127 317.8035031897497 474.0232979009234 0.10376850515604019
295.21083035923584 186.63113909807166 378.3498764585319 278.9031605283618 0.10175694525241852
589.0156898863681 407.16999310888104 618.6313744994756 446.7510877976676 0.1012430265545845
318.63374496690403 431.262695334304 328.469143016386 441.68353993028467 0.10060384124517441
695.1195955497404 447.42468199678297 701.3812749436871 455.7850407876222 0.10049135237932205
325.9621076902612 425.5728250252108 349.6993866931794 453.7371880926333 0.09910473972558975
317.784602001324 462.535193330443 334.0433395341119 486.1236301840674 0.09832354635000229
342.1912292158774 445.33868975372224 351.7990414602937 456.46723020657276 0.09815425425767899
236.26559210916136 169.91005913463513 302.44649573841076 246.80284103267738 0.09772691875696182
388.33524716148116 162.20462998151697 470.1982577723368 258.337795130358 0.09755554050207138
307.8785245082521 429.9699770712494 330.26137860685066 457.8508964659487 0.09647955745458603
321.5427686747074 442.8354513522525 329.45977175225084 452.96867571076564 0.09639140963554382
688.4444063465774 431.93057529990375 719.7711685442188 474.9118676106683 0.09559956192970276
90.33271639667244 79.13679261259237 171.05809644771475 170.72721221024466 0.0955030620098114
324.86758148620453 437.1916896948895 333.12149824605984 446.92679380414233 0.09548017382621765
60.98704338148851 322.201962652966 73.39594293121306 335.82192573343195 0.0941658765077591
252.4068682848771 413.52903487570615 268.7989630727067 434.11169186053894 0.09410332888364792
701.5827825684661 461.2161287281127 711.957651264874 473.5128951962747 0.09370449930429459
654.9371171021562 108.98897505576933 740.3132999665603 204.57611909501904 0.09338343888521194
565.3527444225703 424.386617962 595.1016991483904 464.44943527119585 0.0933125913143158
-7.444882204894393 393.19832116138497 36.0883523282983 452.77642736899156 0.09287133812904358
350.06607765818114 445.1868036351987 365.8589561869186 466.70544733850056 0.09281361103057861
34.646743416334736 263.54291606443263 54.682289757653955 282.9515052555077 0.09246642142534256
457.29190588495294 161.19162603295885 530.3071818303147 244.73670614508694 0.09231336414813995
663.643166034087 10.593303087868492 748.6117812407919 103.7839626703406 0.09182066470384598
640.4872480034956 374.7770981506902 672.9210354349947 417.9737212830733 0.09157884865999222
281.73841761053103 469.0894598084035 302.8119666886207 498.4920485004583 0.09156917035579681
644.5168604368113 494.8123970885891 689.6355044203308 559.1490291284917 0.09148544073104858
186.51165738946057 86.28066773330049 267.117051005687 172.98051624202859 0.09104569256305695
272.5996733316807 206.69195116931735 289.75145518174304 228.11216231202096 0.09065701067447662
524.394396556936 388.35818898642395 548.5106570201464 420.8082817045773 0.09023690968751907
593.8907607769843 367.67994946968815 624.5927534091833 407.67374512079715 0.0901203602552414
444.70333212280946 369.06638380678703 476.14982696343264 407.52609835286484 0.08998751640319824
699.767983767717 298.87639856794465 742.5321984695993 345.3561576994597 0.0898442193865776
304.41785739831954 454.85973298290884 321.16978424372695 477.1611906195559 0.08973178267478943
318.26858298769315 455.24012981382396 327.3532853399833 468.9435864861504 0.08902480453252792
245.05916034116976 457.0687812252139 261.74345299888387 479.6536346130948 0.08900926262140274
695.3651412641938 325.0912344036227 707.957270355056 341.00737489087317 0.08863625675439835
331.69114119820523 428.7423183587002 340.29647614105505 437.89416028330464 0.08830413222312927
353.0437643599011 461.3395954239288 374.34472349402904 489.6337513598231 0.08818352222442627
718.3891981894424 457.05776592487223 724.7048570520237 465.2026464877376 0.08811183273792267
459.3619923962498 433.1839312817525 481.48096223437693 465.8176755359685 0.08788332343101501
333.67315978010146 478.96215282177604 361.95041268060817 518.7028176467574 0.08760951459407806
557.7148009947138 347.4039834409119 587.5726167095797 385.52419884474136 0.08743757754564285
80.98136405812545 218.30699696133257 164.82418705102666 308.22317685596335 0.08729991316795349
11.11608394365832 113.34891332398178 94.30460425423907 208.4077391587109 0.08712257444858551
355.4999891019595 412.5899113147043 375.1467365783642 439.00313769563246 0.087101049721241
593.3570013026579 451.1929306750118 630.423847231472 500.94500555927453 0.08691761642694473
715.9147159751041 446.14928596071024 724.0299519961268 456.91462752675596 0.08676353096961975
506.91953903184515 342.7094812785929 526.91233136395 367.974096083836 0.08655388653278351
478.5061275210599 369.9702495373892 507.21845110163326 403.65492920560916 0.08617933839559555
263.9216400369827 417.13907414374387 281.68897437140487 438.9541714172967 0.08604525029659271
347.3756282283105 429.2308439244694 355.5399914494064 438.6285992578321 0.0859963521361351
241.6177169347471 420.650544819482 258.9564193242163 443.1170665858201 0.08592262119054794
242.9171694187006 395.6560087258481 270.8195083309156 431.6691124723887 0.08581657707691193
315.3807195531163 449.3718030456229 322.2146966022885 458.24246557342076 0.0857921913266182
315.37526409499145 488.49093342317457 343.1370795884365 527.9595363186128 0.0856659784913063
709.5841634707664 324.5933439748718 721.8547338757667 336.8327607218818 0.08540787547826767
348.59319585793594 455.04613752086954 358.7258683983239 469.3599835531652 0.0853588730096817
723.4228323956121 462.1544391068922 731.6480855784584 472.0028760136747 0.08533411473035812
560.8263296309968 13.61151002930701 654.9949763020558 117.43860858933317 0.08524807542562485
289.8287765950009 464.5525321258272 303.4618614309321 485.34250534510767 0.08515738695859909
50.59722924631025 266.0640522283114 61.59081031334206 276.35766316756525 0.0850365087389946
328.5791969696032 477.07290065658793 345.54864569641376 498.8575420425649 0.08502266556024551
46.465005998650646 394.9795744409221 85.1361397857038 445.0096694869091 0.08476721495389938
286.6854140012921 416.18794060041034 307.2794970846327 442.6327070200655 0.08443110436201096
678.5928668931405 377.6064973705972 714.8222744023655 425.2059351877015 0.08432938903570175
726.1524853954372 337.8844100565958 740.0022457396379 351.97820953970415 0.08430112153291702
723.6181565744645 446.49370877439435 732.8846458430401 458.154716817897 0.08394061028957367
339.75078968451817 429.3498496111044 348.15182089545453 438.78280321091114 0.0837181806564331
749.7533943412038 -2.353106493646522 763.4896035182667 11.962334872561835 0.08364643156528473
293.13385760092194 483.1284966430835 312.95861397195347 510.97341500512647 0.08363842219114304
193.8647118012739 516.0484211731393 234.5511108309452 569.7993652055222 0.08362157642841339
957.471793273864 171.29032296702488 966.0460064566349 181.2097123093428 0.0832754448056221
-5.979308723051645 331.5002712288707 32.08838435178043 385.90711531003546 0.0832461565732956
76.73037763762346 386.5959739626066 111.03498945485718 429.9327070231805 0.08301568031311035
227.42696833297484 437.2064063384147 247.31813640984376 463.01426459644654 0.08267821371555328
310.42741572548226 105.70788343326466 384.9590323210863 190.70383458833524 0.08247153460979462
229.27977423519476 467.711692551776 251.11770823645278 495.65602038878876 0.08214879035949707
709.374684751874 447.3116696597509 716.3696832649691 456.74438103795075 0.08211731910705566
429.82554344205596 463.4889807050069 467.2093217873945 513.1788037467797 0.08200113475322723
617.534950290047 325.9998390511105 653.723175325775 371.7447093238526 0.08190280944108963
732.725712124437 455.88597772549787 738.1597389600389 463.02520718042825 0.0818764790892601
486.2638913807983 368.76108952870743 497.61763655221125 382.39356580583177 0.08180268108844757
719.3612863052751 23.792278475381107 793.3586857476932 107.10766089780577 0.08179069310426712
320.31818060467003 459.4912046277045 342.1895939866952 486.9329534960329 0.08177736401557922
753.8201077799956 490.98566912007357 787.1720671302393 533.8598658545391 0.08154325187206268
44.452568651256314 486.9056341246896 71.46242070213387 529.1201390955881 0.08136465400457382
267.08497220675235 433.83660452558513 279.63382652012 450.92352291327865 0.08122452348470688
707.4221905440219 393.37412937256784 742.4550328403717 445.2250634613239 0.08121868968009949
153.21327805645453 48.33013717559066 198.99645456634778 96.41894078029509 0.08121819794178009
356.3657942581079 502.7198593371738 395.27182528284015 559.3603766874463 0.08121069520711899
140.29566539210367 324.5273041794737 173.54032156036985 366.13546311296466 0.08090823888778687
413.54044051011937 250.75820468837193 497.10280338007726 352.00156919448926 0.08083093166351318
110.94970965402021 351.9866740298166 142.40114120778895 391.858969566588 0.08078371733427048
32.39636237199954 286.8088702564401 66.76703128434507 328.94340215755085 0.08069920539855957
529.9730192484732 26.36800582400141 570.658090475498 70.83069746243032 0.08054231107234955
209.5807017211658 384.3140659337508 241.98791709313164 425.0133094833367 0.08045697212219238
511.62622598148147 308.805652486307 552.524396994838 362.4656927352092 0.08034797012805939
303.62685120572786 448.7906899613956 311.79546611464343 461.0578326493083 0.08025210350751877
537.50218237683 359.90161508846415 552.5657435645375 379.59053066723 0.08012805134057999
843.8425872307932 319.5615225273096 863.8401581853575 347.7147099112381 0.0800761878490448
512.8941436525221 365.1177388139343 523.4481852326741 379.03333744310794 0.07995958626270294
45.96490611109736 254.07513210447104 57.8268022903112 264.11832516062583 0.07984735816717148
70.72596240513583 305.8710137685873 92.38840607186118 329.42742223439024 0.07983467727899551
49.58974375743743 250.90354746741386 69.33616960135309 269.26492502530084 0.07977981120347977
523.973699486398 354.5761991228946 539.7846803801144 375.94655783581277 0.07965239137411118
251.5770051280206 476.20613688912005 282.9868483973325 513.4816534183261 0.0795987918972969
270.345133517447 397.38210748941907 300.4036901914631 436.36287733144206 0.07954090088605881
231.7577172750058 406.81583267246384 251.2639316642838 432.6705355418587 0.0794631838798523
791.0517427050181 21.3197688908805 861.7944297001152 97.71637929932133 0.0793018564581871
870.5410453133326 184.46371355733083 944.7111244498894 264.1929776472166 0.07913413643836975
117.1222343585619 406.9036810450437 148.98863971835607 447.0402031823213 0.07908430695533752
504.01315398617595 373.7574305087179 524.9836813562897 399.16578377675586 0.0790238007903099
594.3039788084437 491.7930058708217 644.9943276414066 559.3664434561948 0.07867328077554703
368.7030542735495 143.26865673062832 415.4283224541701 199.61145515554028 0.07859458029270172
475.741643247877 337.8847533977349 496.5117324365733 363.2034117114639 0.0785565972328186
916.6039530163495 81.97976073581559 979.4996298765706 153.14454697981168 0.07854879647493362
187.05855886059325 203.72480862848016 251.45869422843543 271.27648101905527 0.07831314951181412
113.03070147749821 250.68178290987032 137.92715448184538 266.55399586629636 0.07828318327665329
313.3382952883379 512.7580182626074 349.4715730095023 559.3514976831008 0.07821951806545258
288.2056707482982 433.3172643492539 295.8067447538109 445.23752902375645 0.07821149379014969
108.9711301369503 295.9485106912725 138.92448023334046 331.73887681315693 0.0781310647726059
261.9541902913814 396.13376972464613 278.85122060707937 418.2492283785478 0.07811003923416138
307.24538078700374 473.8385675917314 322.9402706943312 495.42919268298215 0.07754704356193542
893.5205447142766 364.4721478073365 921.9957075373128 405.81887979192766 0.07745323330163956
521.5602685478178 332.71303435942536 531.1434971625914 344.497213809977 0.07736337929964066
547.2536686170752 354.66987459717564 560.4328373288935 372.1545298466305 0.0772930234670639
827.8209423000997 414.60490621514083 875.7412758430195 479.8131709326378 0.0772380381822586
182.87048745321977 431.61443300708413 220.5919461884091 479.0407438871305 0.07710596919059753
270.5804694859573 395.7329219344857 292.642059965736 423.55938691407016 0.0769268348813057
300.7713742710321 429.58626448243973 313.5513522691802 447.0961314951271 0.07680657505989075
579.2348135644584 562.1509550043039 597.9954947169075 585.354427775266 0.0767558142542839
76.1061703437046 345.93227738709425 113.317215241874 391.1529174350602 0.07664483785629272
270.6035244057049 490.96774253887156 300.51654762922914 533.2127616210588 0.07663259655237198
101.18270059386982 455.14016369640166 161.26982558975794 535.7754960437587 0.07652124762535095
203.67575137347555 20.4973192507214 298.9280875327959 118.21478706739079 0.07630535215139389
756.0474924579853 420.4002205688088 791.4960884973981 473.5006848816834 0.07620565593242645
47.84014974390026 311.967567656778 59.58396800203591 326.1032493992089 0.07604026049375534
64.04901757340994 248.7498656638799 79.54328762339907 263.390456720403 0.07593727856874466
368.8242019172519 437.17409210526137 374.95870868925266 444.96884638686674 0.07591848820447922
649.4740848328996 332.40629856639845 685.920671788258 375.13166298676344 0.0758538693189621
72.99322061054836 440.8255477307311 103.40971238062379 478.9748442602676 0.07578524202108383
497.1158005020261 326.82369509134037 519.1467845519587 353.4989712352785 0.07577092945575714
374.36344099478833 450.6445210143623 386.3330148062162 466.9704752882995 0.07555920630693436
310.2871989212064 420.6175937456942 325.1762672772736 435.7528197623256 0.07550899684429169
50.480661874392474 278.92431931875075 68.49773618813721 299.81812721657633 0.07543344050645828
518.6632537913732 392.813624123075 528.5435771409557 405.33129456238134 0.07540583610534668
832.9204297301308 500.5426695188025 849.5056746921606 518.534137220747 0.07539684325456619
287.68284307450136 397.1871576421294 307.2315575858646 420.54523552204205 0.07536152005195618
520.8171338545625 61.635079644547204 561.1823735207432 111.77421254549888 0.07522739470005035
737.1244696727729 328.16075640523667 749.7922044090683 340.33265429735354 0.07503274828195572
260.20012813457583 455.28556412903146 276.1497693135025 473.96385152573004 0.07493078708648682
76.8783579298261 281.9845944141397 108.18568838241198 318.07991316991354 0.07485496252775192
138.41597593743552 288.33902574204177 165.73657349131392 323.2493935790686 0.07479647547006607
652.8704258577906 58.6441572768318 687.6933957962486 106.66063191695828 0.07465355098247528
311.16563354126777 395.1840304727032 338.7489466701895 431.34607380103205 0.07450351864099503
356.6380904541342 436.44227703948934 363.67462249209694 445.483955599117 0.0743827372789383
371.7171188342313 445.58675706098774 379.6385318651179 455.6998082208925 0.07428067177534103
182.7255092186402 85.12132335673634 194.2619264982862 99.46809439619425 0.0742182657122612
574.6392367046305 -1.165609569365422 616.7578548816532 43.157224380125335 0.0741858035326004
67.80288598114392 311.16478811825016 108.48420410330375 358.49876295023654 0.07415776699781418
165.2428686442293 345.6925357656133 205.31010390668555 398.37752100113784 0.07405038177967072
49.507712368034746 285.3035755484435 59.117653140830065 296.45887767756403 0.07402215152978897
799.6975081767836 381.7178021168377 807.1058024454336 390.6096830686817 0.07401499152183533
295.5622166390908 401.200896662618 320.7767986178016 432.408531980138 0.07394065707921982
963.1751717161919 194.8645305518776 1050.4818274303404 299.96470047586604 0.0739225298166275
479.37752141737866 211.41103111891573 553.5392887035107 301.19147275162817 0.07382755726575851
547.3341972208234 15.835975582551876 600.0223401072237 72.3791276907127 0.0737789198756218
60.17450330821773 294.06748857908536 75.66973931218747 313.18700041240675 0.07368474453687668
626.7605312622693 67.95396298757585 654.7585580566836 101.17585601132596 0.07352593541145325
299.4450174648113 477.2373845238087 313.2586719208501 496.7767533223453 0.0735238641500473
780.8196673094185 113.7621964813415 805.2694651528583 139.09806914924255 0.07351864129304886
202.48619855556768 68.4616670196298 208.60941704220414 76.43406555822976 0.07344931364059448
92.61807142230951 301.9018481105121 109.4157808470749 321.30661904303986 0.07333274185657501
61.257823825839615 262.0174691171257 79.87693250520809 278.4355604379173 0.07306317985057831
233.1123447372786 508.2593002997203 272.4888571210677 562.4813859566367 0.072904571890831
54.92140076170931 304.0274015013818 70.89552950369453 322.9670121892389 0.07282867282629013
63.88483565709514 335.62778403152504 77.89832101785906 351.3547659843825 0.07281665503978729
773.8905849430923 29.752395586201207 784.4710995126192 45.72024484780456 0.07279583066701889
297.6289212601066 436.2054359473895 305.7267655006887 449.19663451596665 0.0727878138422966
191.32227750184273 292.5051983342087 242.4084187295634 354.26513912442243 0.07264963537454605
74.60044376410679 275.62404308868224 92.7501836251094 294.63303235904533 0.07259926199913025
985.1748629365212 114.0198250543727 1063.6146335504645 195.36518272247852 0.07251619547605515
387.4276447183047 446.25533402516317 393.83989302102526 453.93223957022974 0.07249797135591507
46.623508565444126 295.70675985962833 59.75724727409975 312.01446004038644 0.07248072326183319
74.86017688966312 239.2686583978291 96.15042519834337 258.51003933385937 0.07247649133205414
391.64562477853286 433.8366364886851 399.8771348149178 445.46463408608963 0.07245569676160812
-1.0016250153095272 261.1737776001419 30.368445485801296 301.35953471857783 0.07227291166782379
491.05153818477146 13.62231737367489 539.6215017293681 68.49292594586734 0.07226751744747162
60.535486433109895 313.455859377313 68.79414194513468 323.0123206199345 0.07215723395347595
293.11879467566706 446.67120307514193 306.41324105122663 467.3266899049365 0.07214571535587311
336.33793821477866 290.7536901046102 358.27381401983894 317.9394499738901 0.07213135063648224
101.46646396087333 160.47128089081667 192.3384750680287 254.43892644369694 0.07212425023317337
719.8688529087675 18.04385271838429 732.2492815098279 33.17238485540441 0.0721166655421257
658.4176880438041 281.9136969343391 694.1378140212244 320.21191324674595 0.07202938944101334
761.0939191456094 25.44874153634478 772.8424090553223 41.33333301011452 0.0719199851155281
397.858223630064 423.0905862008866 415.0419251767362 447.9054400976885 0.07190832495689392
769.3900173234601 -1.9865895031418483 812.6917728687833 47.30207359461375 0.07188282161951065
485.7904221832982 391.2958197503949 495.1065779229278 402.0825297979256 0.07176373153924942
802.7548101397222 481.57720145890556 848.1944112903576 541.7765817714721 0.07172214239835739
33.89425086537536 255.37649034929265 48.761525774352 267.6552560573751 0.07170630246400833
209.60450181375936 464.42611491027805 248.98750696866136 513.6291375880231 0.07169599086046219
192.67097819261832 83.48577528949718 203.62665978304324 96.83694001120291 0.07169346511363983
44.55309749098401 272.31083504370247 57.011294903657785 284.1111416717445 0.07157677412033081
394.7144857478472 454.04192305717515 408.83639140255053 470.332996263456 0.07142817974090576
335.42121041791677 448.1936467416156 345.5572637298077 460.3340952223007 0.0713985487818718
72.98853200028312 326.59587335228167 87.76161433755053 342.2804901264227 0.07122571766376495
78.4393546725009 266.19505317852986 91.96394055432131 279.0391712455555 0.07114797830581665
471.88778073324 321.9647507054901 495.84713808698405 350.4666415416183 0.07093323022127151
473.0687001332859 387.47363278153983 482.34011216264696 397.9600400752663 0.0709112286567688
480.62739318245843 218.10322879997454 759.5534120349072 557.1795935777368 0.0708775669336319
104.70911385603654 278.7684930421988 129.18093326509273 306.4699911229453 0.07074262946844101
30.425385671777963 279.2320233232769 47.124895730570415 298.843021878327 0.07068614661693573
386.59842046813117 447.4712189543048 402.036013736177 468.30300526838636 0.07056054472923279
756.7816259504441 191.44986416688488 822.9391004571177 260.52340118336906 0.07053406536579132
266.7092890261583 526.3623601501425 307.5062045007476 579.8912136256811 0.07048246264457703
54.23729000593704 320.7434494395352 62.8374147399982 331.4602864469199 0.07046596705913544
-66.72706312816904 557.2771463336743 124.49722239450205 788.7050928022335 0.07037728279829025
368.23753166542616 398.8663918432965 396.3862904938155 435.6163108584023 0.0703565701842308
90.41273263498684 265.9654601460501 113.85845644618364 285.37473890408313 0.070323146879673
540.4092652828409 324.43971345076574 555.041511709087 343.3569244803273 0.07030182331800461
530.668019474139 322.439485125617 542.3356503655012 337.56540490768344 0.07028324156999588
41.120702040579225 342.30279906553125 82.60843317752332 394.66887481804736 0.07018189132213593
520.6699129285391 372.552824520932 540.4880017808886 397.21164723688753 0.07007920742034912
107.75200741368124 326.7761505183272 124.967359418399 346.1056046965039 0.0699802041053772
702.4316248782134 340.48701975271496 715.0507252083734 355.4795050035814 0.06984539330005646
310.1960338723782 365.3235188375138 339.03469154021775 403.91820734965654 0.06978867948055267
503.4289281330353 395.37317338249755 520.7292791004139 419.4370516190125 0.06969694793224335
61.98900862717835 276.3974028990445 83.34422101153109 298.34271757494344 0.06956297159194946
33.50414193987229 313.5778850146385 46.59677892970109 330.33121993784954 0.06947996467351913
425.53154634526146 12.369630608762847 483.297226686353 76.02214800316663 0.06938915699720383
59.47139433838178 234.11896316460002 76.30947261552896 251.77791663576465 0.06928716599941254
35.600077900860974 292.71983460915817 48.29967884551811 308.73299736076405 0.06921745091676712
222.66930408987125 420.68184295243657 244.00950515951843 448.1230810989322 0.06908956170082092
36.34331642506832 243.630226436443 52.02564675116166 258.5009166993771 0.0690806433558464
85.98446486821908 324.1473586252936 105.55501216971997 346.0206288530989 0.06905969232320786
447.6845742527008 31.01082219439593 546.7557943811324 140.96751717353163 0.06904105842113495
871.7198335443478 486.1112064858306 889.0261627722498 507.30351989071625 0.0689685046672821
369.8157828590981 466.7834940071261 382.96185401104685 484.7134393902578 0.06890148669481277
525.028041698722 127.0705046389987 614.831431467341 239.78039350956922 0.06885462254285812
20.824246744974186 267.25552701036827 36.17936883711218 283.8181078623393 0.06872834265232086
16.12951510686459 502.0441931254045 78.38087765031193 583.0235305483126 0.06861726939678192
149.46262976226163 206.15381945966905 224.24701579690253 290.848286360382 0.06856314092874527
41.74107470783685 229.1762588739978 60.489244152315834 249.20963257206807 0.06848476827144623
368.2375139592987 424.6347548424892 382.119016751537 441.8435339615925 0.06839388608932495
769.9049033047369 534.0738631280544 810.5699120100618 584.2900331389965 0.06825865805149078
507.8077099832462 70.79264484827254 601.3389385250327 182.73021872613967 0.06815174221992493
70.01178338781554 340.9396951891713 146.6872328040918 423.25580446171995 0.06815093010663986
583.3373505525498 288.8293958190468 622.0082294356313 336.6732066112087 0.06813060492277145
541.6301351243367 377.0129931931929 560.8549628489249 401.1202853952981 0.06805574893951416
127.02889991173372 312.43362669891883 152.81749486583936 339.6548340444651 0.0679689347743988
141.55685693926156 437.36713324560003 172.97354497334524 477.1615362923645 0.06795433163642883
470.2282240003394 363.55348136450306 492.8308351288284 388.5667640149425 0.06792032718658447
509.78722973859414 320.4355521324934 521.7828772913861 335.65352899369105 0.06788744777441025
138.2149027195512 332.32770808312694 152.40237381803325 351.0913522973044 0.06782148778438568
778.2720134772587 60.27805310493587 803.4628246773323 93.60051214747077 0.06779467314481735
524.0900673871157 468.93428092848114 550.1249143446511 504.9276581229623 0.06775231659412384
25.793796896379835 295.88635621891194 39.39059891431655 313.14173647102785 0.06772029399871826
95.39267273509546 347.7930520520239 112.34312030556572 368.05408970468596 0.06768530607223511
83.85798130859224 252.74166234639605 103.04511990879287 267.876724032999 0.06748172640800476
543.4299057074402 343.9111953091348 552.5092419081585 356.6031777346754 0.06743379682302475
375.2451548984649 356.3770246377625 423.35756695669164 418.74969932542115 0.06725742667913437
170.21634256139433 0.23790572680926736 221.98260644461826 45.7580885263098 0.06725049763917923
784.4937499552312 331.3484343495714 818.6398268703731 374.0906793241156 0.0672340840101242
252.75471563541478 186.3096917460386 274.4275700484315 213.15564982400107 0.06720060110092163
334.990736687969 368.400312701252 360.81075792025746 404.7879347241369 0.06711920350790024
28.98182507094444 246.46794544256682 95.59457455960589 309.7800472918892 0.06661338359117508
378.43375269305557 458.5359841675975 394.83431446744646 480.17071511565086 0.06648662686347961
-11.435846042793594 476.9669479144782 30.328330680985072 536.4163640156648 0.06641148030757904
56.178244702061 309.26035389395673 63.36163178074668 318.2872852221003 0.06635328382253647
927.7524453227767 529.4312640545804 1163.7849410356469 804.0983596090357 0.06633264571428299
845.8526348516011 501.4338853310824 885.5253293758194 550.61057820158 0.06631043553352356
383.8484983860173 199.57763961960367 442.5606988566611 277.55162370871057 0.06616541743278503
-24.239449305884623 364.80392551802237 53.010194056921215 464.4422011511925 0.0661531537771225
29.955851770325705 227.89586031348114 46.871652730999536 246.98225549709127 0.06604614108800888
370.87617084843976 433.2049237270576 380.54734969417115 444.9169691296422 0.06604212522506714
367.24481914876037 455.073672085865 379.47327889628843 471.0247347507161 0.06601216644048691
171.46845148452755 276.00196910096923 206.173263647759 318.0594938208057 0.06588804721832275
71.49372932045938 322.24976820897945 81.12107790433983 333.42129261575167 0.06577461212873459
286.6214096196718 552.1459134514007 329.43851261337306 606.2679177773002 0.0657602921128273
141.45735925334418 267.94278381606904 165.75735707328516 294.6396387289169 0.06566981226205826
55.60898297006563 245.724683205032 63.79191287546991 254.77959221604817 0.06565908342599869
58.68680960561632 466.91091892323476 82.84348881922001 503.2145892927485 0.06558366864919662
112.98801316069438 343.73114507603367 140.60291410756795 377.97837400171954 0.06557263433933258
946.8816209114857 -65.30009789338116 1140.0100941471885 149.22692450204957 0.06547250598669052
605.2574712374218 96.34620808870633 664.3415717242038 175.3502451664419 0.06546055525541306
359.45708465212175 456.6936380383472 365.9219892883601 466.00062932415847 0.06540441513061523
77.11272208763178 253.21581416318682 87.08600535710639 263.6865855585759 0.06533081829547882
117.24412640832665 257.75816380465744 149.07023409141757 287.0492926349148 0.06522049009799957
285.61847743480564 373.1139449885428 314.83673021764366 410.41937060661445 0.06516823172569275
117.34140061498498 -7.005280317806123 175.7219154818141 45.66924295993647 0.06515083461999893
100.41644419957989 320.60016331236835 113.99713666640052 337.17525840502435 0.0651426836848259
65.81679537247547 276.8328653599477 77.76835990198363 290.6309749015796 0.06507860869169235
46.32776788654876 326.94433852012105 59.27746326441312 342.49523631625084 0.06485044956207275
715.8944412810209 -11.397395117643631 771.6328100637302 45.29056169498846 0.06472133845090866
133.7479786993095 236.07181659666043 165.62463095691723 260.5005824767642 0.06471370905637741
-23.855495327901828 -4.447419349579921 72.17737845868857 110.97373183995555 0.06469999253749847
-32.71806885321049 626.7840914432826 68.42136417170794 747.6884310243582 0.06412907689809799
352.35800299952973 372.3152597062173 377.76733646140684 406.99668421085937 0.06395484507083893
311.4607054432019 442.9050141433169 319.07758504631596 452.5281285014371 0.06381110101938248
816.4381256916502 402.1243570259795 860.4025598152135 458.4554282350234 0.06368625164031982
355.8327325997928 442.7471148887542 361.7703430366264 451.32503893907983 0.06331847608089447
333.5191823905483 341.4944035623555 340.8982980948047 351.43986864498027 0.06325089186429977
373.71848186672344 439.7668492243353 379.08926652333605 446.3037596550776 0.06318893283605576
669.5240120456731 -10.692776107665418 719.286563117992 39.49318969911155 0.0628889724612236
572.4020956205443 385.43486169883386 599.0414906568399 421.09005963128527 0.0628151148557663
63.63343392835925 366.3999157654609 94.7488287715212 404.4936112617713 0.06274698674678802
-9.957629965537574 217.2478250724758 25.779495135495477 265.69258289510356 0.06269765645265579
201.34341352980462 564.243881141526 247.783121741669 624.259210766112 0.0626961961388588
395.5873068038754 456.3645183290066 420.4092803845088 488.67361108808075 0.06264761835336685
57.06753792821876 259.6461800072081 65.11580526729554 267.47259389442496 0.06259237229824066
205.68074641036944 115.3841372795139 236.73244823512286 152.1284969513375 0.0625450387597084
161.58192688725998 274.17302282568477 181.8908762259048 298.7267201596901 0.06253490597009659
286.8315361912552 202.68150459157067 315.67724511122896 238.63724392125317 0.062430188059806824
353.24973101968664 432.44273658416904 361.293245426706 442.7217858858586 0.06216458976268768
111.5115124055051 232.337066092845 134.49812310888566 250.50950645632076 0.06216391921043396
49.07628568576915 334.079822740427 64.88598541597669 353.137816503843 0.062142614275217056
9.100321471456795 278.11212350191914 24.105882842660513 295.2843741782408 0.062134984880685806
19.520848962092696 254.94150997195814 34.086524633725006 270.04499395698235 0.06210171803832054
853.8884729804314 484.92112735398786 869.9756017990869 503.72137558873976 0.062093790620565414
166.2716827012098 98.3782992089154 178.08492159216797 112.47925521207777 0.06209367886185646
208.36260097771725 443.44732528675803 235.55328937381472 476.6164382103025 0.061878882348537445
498.3150535563689 400.88147150856526 523.9410800834924 436.61927005536023 0.061843693256378174
600.9900216734765 592.9707337769274 699.6349537247687 728.6842554624982 0.06174246221780777
52.655113494295776 217.64079418518958 68.14430794972972 236.84416943936776 0.06166313216090202
362.384525958089 431.6922398454537 368.68821142559113 440.0237061192971 0.061640191823244095
22.27586065137934 244.91744390396022 36.860705897997896 260.9163425901528 0.06145142763853073
822.5576653513323 368.9276699991196 842.3287814652499 391.0907909446794 0.06143017113208771
100.04754864290021 245.4763820315919 120.46773079446486 259.93936443777693 0.061373867094516754
415.5256307984188 66.38536133200941 472.0322561593733 127.50546890966218 0.06131914630532265
202.30180023707274 233.96273436052695 271.9816004179402 317.9873552624105 0.061248280107975006
65.67327891672517 318.1832155961157 72.98640879455795 325.55259189188536 0.0612415075302124
91.7018040911126 227.16916124934937 123.00284242459513 252.53874990596654 0.06117597967386246
943.169474463693 169.87061145902481 1143.9705833853288 424.8296525701226 0.0611385777592659
126.19916961017539 327.54174322683446 140.22407368163988 344.02479452821007 0.06093732640147209
290.0565319329473 151.09732461187485 344.63906626526546 213.4942861475668 0.06090637668967247
154.37347079490317 310.89954436023527 171.0875160614138 333.39256393414274 0.06089690700173378
377.83093653172415 446.68842075760716 381.9852433257447 452.10802145804985 0.06089165061712265
528.7605757431486 342.94309463497734 541.9525932367874 359.73649653576075 0.06088890880346298
264.33097907970995 373.8461017090443 292.1543776443202 407.5827004883611 0.06075996905565262
541.0769052658668 363.4264432029526 568.6213867676172 396.39322191614247 0.06069258227944374
170.81551140706716 203.47671399329232 211.4396735675602 239.41946379697578 0.0606241337954998
154.8218516871194 233.8038735215846 202.34132012840658 275.5243857578326 0.06061272323131561
492.0385759003918 384.23568688047567 507.8942897694419 402.646218818973 0.060519736260175705
231.05497495708366 308.2427713535349 284.8094617429982 373.3530147519795 0.06049013510346413
203.57271507278122 414.19788771023497 240.4468413060561 459.4727153670517 0.060488808900117874
68.96443323985051 216.08363125309228 90.02358404487205 238.790418302273 0.06046212837100029
39.276729832864866 336.53573115683855 53.170065944366186 353.5317158386973 0.0603022575378418
191.02493950353133 135.7203900907466 195.89113048521043 141.88139770050427 0.06024616211652756
407.8255263275076 322.7670012235237 434.0859344881275 356.0224222568018 0.06024589762091637
304.273099353339 368.7205582039066 355.2175644537382 433.1072905161974 0.06012890487909317
219.70637024845374 180.04102220444483 251.02056600063435 218.33152571319653 0.06007812172174454
85.44115154816065 299.3607888212953 96.46103119995182 312.44962788366377 0.060000479221343994
11.522093684956017 301.08315396920267 31.014722224526015 324.77870833404376 0.059933897107839584
421.3268712538622 358.0381806927845 457.30482553498774 397.72324199368984 0.05991335213184357
84.53000880279582 208.67284057907835 118.97530496588934 239.32910089758644 0.0597492977976799
434.58145916164494 193.55459779952227 505.79014301446074 290.129819901737 0.059726130217313766
70.27228252907058 313.5204392607864 78.4509851799075 322.8600334508558 0.059725914150476456
607.5142535324828 1.2382299036223898 660.5854873659096 60.616117213731215 0.05968950688838959
260.04575877127246 497.64806437797097 292.2971544936095 544.0655496289994 0.05967438593506813
283.2668347666397 193.68315258578048 296.5064087195377 211.74090464466977 0.05965735763311386
355.3275525390187 305.79142572849685 382.59039471440735 338.2959795708675 0.05962188541889191
483.1520442455309 283.83840401849613 528.3347874109375 345.3292534704328 0.059606850147247314
380.3209101578267 434.5102608805115 392.8283240781818 449.87550795119597 0.0595998577773571
102.68564809588838 144.81098523863642 161.27188463896937 204.89639660078177 0.05959365889430046
969.38711408196 278.8618326985665 1056.6013152928972 380.0043896752381 0.05956026539206505
380.15775984977165 454.44319050976617 384.19003883348995 459.9315248506084 0.05949883162975311
101.09226692714132 260.69866582408366 121.60600342148832 277.6537663757107 0.05945120379328728
1009.4302164894207 369.3830199666017 1080.0145684292163 466.52859752398774 0.05942691117525101
810.021797935465 403.1927667192774 817.1243606016288 412.55010584021153 0.05936548486351967
80.5702461738593 320.1519191595811 87.68148392410627 329.0412216985686 0.05933510139584541
23.53752071722736 313.235676805043 36.82005672216532 330.6815111485823 0.05930845066905022
153.41614623899935 213.02405992257206 183.3001275947842 237.8363020487909 0.05927889049053192
154.78283765754787 523.8023319627549 199.87698752109105 586.3787681904568 0.05925295874476433
100.60310066818889 333.8442355475509 116.40989178378926 353.8632164935875 0.059230268001556396
22.39307366726732 286.58041769605546 34.60409319485851 302.96319401284387 0.059152983129024506
197.58945871495442 100.89880224111032 209.3614155095271 114.89492619899988 0.05914568901062012
343.2030271349646 -49.25780492747202 530.2270365366268 134.41197815905963 0.0591166727244854
308.12789932044836 447.2982737109257 316.13089838850647 458.07661930839964 0.05902948975563049
177.25031444310778 168.37184607540632 214.66233453402918 210.420295117815 0.05902779474854469
273.6352822994246 427.82842563211625 284.13007798347485 440.79850252902924 0.05901651456952095
122.12883722009191 319.95684606769447 132.49249978325113 330.47137559106835 0.05894923582673073
76.4581894099279 336.5061258424123 85.5605210585203 347.39889363350886 0.05891457200050354
16.838040295403992 323.2832774835608 51.32117523643208 370.39182942748556 0.05886662378907204
154.18805085934645 351.1363280971858 180.30749286862874 382.34799350971866 0.05872252583503723
79.55895193607975 -23.432723198970105 177.88256232474583 68.80829967095661 0.05844803526997566
824.0096697639175 334.04339978120237 843.1357993820549 359.0611115821252 0.05842636898159981
358.7744533022969 478.04516086101796 386.59643543044973 515.2838966518973 0.05841030180454254
34.2526993879416 433.20209066339 66.81459359402545 473.84324989339626 0.05832440033555031
335.5514205127155 317.5082132672499 363.89392442342717 349.4448518073686 0.05829561874270439
199.76524756080144 146.06667675425678 235.65776293550397 188.7168945565566 0.05822097137570381
834.8750471718316 318.2670389198861 847.5912683778631 336.1320405076512 0.05821186676621437
441.98735724114886 322.97026886674877 469.8885273692861 354.39509214463004 0.05818077549338341
231.86207936796671 367.1718787379861 267.3100371128119 409.27947005197694 0.05802774429321289
-7.159874840243944 300.9156088081106 21.834527971305945 340.4643143517763 0.05790206417441368
86.54111448723083 315.43486398329463 94.07940796125905 325.4348724682593 0.05771687999367714
296.57452821698575 431.45617479491716 302.8248230587131 440.02979216643234 0.057431697845458984
365.91598013638304 32.9852383559951 462.4977841824009 147.019285449215 0.057412970811128616
850.1995938122224 299.09418185248074 860.0095385604366 313.18066814995336 0.05728725343942642
530.507292068948 215.45653091160366 586.0974534630436 281.8629420122066 0.057208627462387085
751.7583766960424 63.951482760808894 789.1145148400226 109.84807668458757 0.056842971593141556
827.739915375002 356.32967875723165 844.6433792615752 378.61585876881844 0.05669114738702774
860.2277203154448 317.4093705252655 872.5544567108922 335.4619455848459 0.05668632686138153
450.81955994446037 339.85721313062174 486.4584306620999 378.4793956174291 0.056617408990859985
146.4556546248856 183.65764014009656 179.71496298536943 217.027670027545 0.056603576987981796
71.5732131186774 345.88359369025056 88.59035248513511 365.11433360850197 0.05651966109871864
191.07934201463638 478.9633073073347 226.11655615547951 522.5905952477957 0.056502822786569595
126.08789341152138 246.98792719318197 133.00123578027214 253.56416980553342 0.056455668061971664
584.5898522911411 425.2764347344355 600.1719131749012 445.5805794080993 0.05639590695500374
48.93872066956974 548.4120840727445 153.54732897509774 681.4180274985536 0.05606367811560631
837.2644233101711 343.2213523111091 879.6350321950463 398.14197743830783 0.055948834866285324
68.4392522075336 437.14689532143916 83.23205178946067 458.6803366279232 0.055750880390405655
971.2952980617514 388.1429517674014 1028.2262895759254 462.94611678664336 0.05562542751431465
503.6428158646425 91.30929226189548 537.2019742005153 139.30181239004733 0.05560827627778053
787.5468162693232 373.9241270831882 811.3340995774621 398.7889458192264 0.05528549477458
456.2288489292947 260.52851133791904 490.10084649202884 305.87563477206123 0.05496810004115105
221.89760002283228 221.1109145892702 241.81348924178636 246.79841070005259 0.05478639528155327
462.71176188213366 -21.2844034229263 546.496010274449 65.1723470837604 0.054773587733507156
572.8665120300309 432.2117905229787 586.5279686582508 451.42156854813675 0.05445354804396629
843.407530917307 414.20387674603404 850.4136084340323 423.8389037399187 0.05411849170923233
79.80530220583888 290.63340210205786 89.32688437167369 302.66761813458754 0.05411074310541153
807.3095289623536 374.1016195794738 816.6046440218884 385.99536151290744 0.05398973077535629
96.68860850625909 419.6449855013692 133.83959303429242 463.3672131206671 0.05397723987698555
798.2718401036364 390.1840002817498 806.6936753454067 401.8513622908607 0.05397424474358559
92.40377616713859 311.05958462168155 99.49731506168575 320.27625806841286 0.05393415689468384
141.0625909552837 386.4651491939993 166.54748948265063 417.6059994563689 0.05358574911952019
812.7783582345538 313.265591693959 850.7976709380496 359.81460241282593 0.053529150784015656
7.016166657222797 253.32228591505665 22.76380702704562 272.6540453974483 0.05323781445622444
101.58038395082045 285.8581320120248 110.77487243926078 297.1381279205896 0.052741292864084244
112.93634927781005 386.68088016873065 140.3936555049032 422.97685434752765 0.05261347442865372
246.61386460235315 -7.218513241170607 337.7841002274942 78.78016638146121 0.05257101729512215
-12.81399340542912 161.09717943918207 66.60143027113222 265.61506272941597 0.0524442158639431
254.414669516747 353.0626934770525 293.36778875597787 399.05609093430434 0.052280306816101074
799.2086562721681 374.1658593321362 807.7066859765957 384.2530501292094 0.052265141159296036
349.92593372850746 407.4318362481343 359.77984045661697 419.26469788076474 0.05224759876728058
815.8753144450363 384.7831711359717 823.523707354716 395.4250766991362 0.05209454521536827
94.5132672499722 296.50962025352595 103.02858044153115 307.1377681777501 0.051539525389671326
385.35278543991365 422.34016092583863 396.7814212806858 436.50180415595077 0.05138126760721207
911.4879121545127 427.99796957342136 918.7871884734258 437.5825702955964 0.050901997834444046
161.4776972606827 494.66762422434914 196.96790518285556 548.6587995395586 0.050250496715307236
