424.07919445147917 431.89562822366054 434.33618682717184 445.33111312707194 0.9979402422904968
375.069511142547 443.23828488494786 384.5181886371235 455.17055294258034 0.9863720536231995
689.7648397674217 432.0065289842451 698.4375957303936 443.99260972596716 0.9641558527946472
321.9088078267671 449.29797823984416 327.26311284199375 456.2354456719997 0.9367820620536804
295.69963007340607 446.9748149658132 301.45070800956717 454.78950074147826 0.7546751499176025
331.3948072315301 446.85838731453646 336.82655937656216 453.7970477416186 0.5224183201789856
304.4348489942947 449.9841576469026 308.70226873006374 455.8510800130146 0.4089531898498535
278.71636012277355 453.35256931961464 284.7589717424933 461.3498796416393 0.4064160883426666
369.27712419007497 400.14636052080857 376.65655642209003 408.7655140871724 0.280421644449234
89.03657641138034 260.71142258687223 98.61471527723896 274.88345455044026 0.18921013176441193
329.10768570987403 427.06986985250705 334.73707898665907 435.1100582871169 0.1696723997592926
391.9138507337343 447.77972258912615 398.4001850133998 456.45724579264896 0.15996474027633667
532.2203760496569 401.22876317005654 574.8644185847987 455.6752872164959 0.15620093047618866
1073.6342499433952 338.82902895343875 1080.3943922356077 347.72280708926456 0.14883257448673248
956.6311157885385 214.1250215994268 1017.1229792219084 275.69868641106484 0.14688095450401306
461.1712022098378 397.0410532268851 505.3246660332376 446.7551087550161 0.14523354172706604
308.132656831899 453.2044931608917 312.1624840810226 458.77504852611315 0.1323188990354538
340.7164593041106 454.17381631076813 346.86679993423695 463.5090903757439 0.1313331425189972
454.06354100926995 411.47474582531635 516.8849084550892 486.16263091311623 0.12954255938529968
971.6260624880152 257.67223756966945 976.8713143507583 263.889375188455 0.1285773068666458
272.3807680412634 451.0443987431143 279.7372026027379 460.97323112595706 0.12809614837169647
998.6358236737794 264.0053281206426 1003.8063856664904 269.96171199596375 0.1274845153093338
368.49705919237095 406.9768719287341 376.043360283813 418.0454256494144 0.12621665000915527
445.9023324303562 561.1017131994331 548.5389690607283 682.4521561166958 0.12607578933238983
1006.9406695280408 337.09459439105296 1014.8453718076926 344.2990448352938 0.12450182437896729
305.1512067998906 142.7851744349775 652.6046776101188 538.2294428664675 0.12410344183444977
348.0097123828231 443.4011075292978 353.44635250306584 451.38230970427816 0.12373355031013489
295.58413407052916 456.8686849156421 301.1989663188377 463.9684642125604 0.12330798804759979
804.3886836020738 337.69010107367006 843.919903784789 387.9001541538084 0.12259713560342789
961.6828804122773 274.0164387968777 966.7236485220449 279.7869944647164 0.12161538004875183
444.5923570213093 406.0109301367725 462.2483552455611 434.0580634372333 0.12131643295288086
259.946768192169 450.09415956171927 268.0612205169723 461.1872512364211 0.12070058286190033
973.4589449763654 270.72260859614846 978.8873294132914 277.06967266948874 0.12045073509216309
985.9043458251504 267.8775020701653 991.3138067547351 274.060862953417 0.1203027218580246
980.116920569159 271.9391523515503 989.8141538163686 284.2755176080845 0.1194017082452774
329.42340450830784 452.4589627544881 335.9730186551048 461.01375608550154 0.11925727874040604
245.70423404229038 451.717129379992 254.8778142672943 465.48101305883404 0.11864542961120605
982.182532937087 260.57975016855056 990.2535058044809 269.86936060158695 0.11839689314365387
336.89216718134867 441.2739005763189 342.70932815435674 449.47947522739815 0.11807198077440262
1007.9718238124589 234.72308044167977 1013.2360855705965 240.47323451840973 0.11791685968637466
992.8892812588199 270.6401821921642 999.2896680371346 278.5137598128696 0.11734819412231445
960.5908555798676 261.029800705969 965.54905753355 266.8791841157006 0.11632208526134491
268.1384455884317 442.50114211790145 274.83334622288874 450.7948306038024 0.11595173180103302
971.0438478270896 264.05781296544325 978.5183478548814 272.91552088135217 0.11561966687440872
352.4135479361092 456.7964893047475 359.8985608442173 467.44962354848565 0.11492474377155304
284.1106325898775 453.11617766617644 290.1289909416619 460.91943387776956 0.11488787084817886
247.3355419780085 439.9948603754702 255.19124345550136 450.2317189652487 0.11464906483888626
968.3441796302741 247.89012118881246 980.7061170903754 262.93062986125847 0.11453438550233841
238.9577627890026 446.9995151849288 247.59544422906197 459.56930516398097 0.11422683298587799
345.8187116536042 445.158297635723 350.2112737729192 451.4562233319404 0.11399636417627335
326.32432112060064 437.9698281335214 332.1355723001281 446.4863448368137 0.11386613547801971
950.6551896605968 276.39679840086666 955.925602044732 282.71582288651274 0.11355364322662354
984.1275544623287 254.54564686202758 989.5007914715414 260.7206987635418 0.11321046948432922
84.28750701507165 244.97626222650348 93.13312782055142 257.31063178520213 0.11266259849071503
358.3240599323835 447.26245577951426 363.00111253880743 454.43946919252795 0.11261796206235886
483.14870615672413 453.3003708335502 516.0127208963559 499.6381094287107 0.11254666745662689
1010.9727361639127 260.78973873694866 1016.3983333613924 266.8943494731308 0.11220226436853409
1007.5129676479958 248.62254750240487 1017.9935318460065 260.9855473665283 0.11207473278045654
968.0318387033958 277.170904923942 972.8097365243084 282.96498928349826 0.11190894991159439
278.28000673900544 444.5465775019608 285.19030508642965 453.0192429664686 0.11141782253980637
977.5315826552074 270.53631093988855 982.8665075837657 276.9878546679805 0.11139611899852753
359.0204742355994 449.81374573564773 367.1027340136725 460.96720170088923 0.1109638586640358
966.7427080821943 265.0817481336487 972.5296273884081 272.07608438497334 0.11079180985689163
979.1626286659482 246.56758894195525 991.7894557180073 261.0003828394709 0.11071135848760605
981.0287338586305 274.8059975700548 986.3081674246167 281.3921081933715 0.11049109697341919
513.778362028846 145.9578457383642 595.2356593420596 239.76725249635447 0.11039753258228302
974.0511054874546 281.7143477312652 982.9494338161533 292.79447808314904 0.11014289408922195
299.0304743785037 457.5547369371017 305.06081262615504 465.6788308013447 0.1095302477478981
498.12331491045484 414.1712573136088 529.3576410651012 457.51387297128485 0.1092851534485817
296.2253517820961 438.87295144750794 302.33590147059925 447.1582476747531 0.1092332974076271
266.49163501421015 455.9375345780333 273.19413318882783 465.3034605602928 0.10923273861408234
254.99097353259563 453.11435592678146 261.3813168918959 462.5348197675498 0.10905975848436356
949.091804520357 264.4796922673641 953.9291323323059 270.3649515916214 0.10902024060487747
307.2379297484206 440.84487127649476 313.0378042413311 449.6777755814274 0.10901922732591629
466.06336827821195 443.14162440672635 487.4527519064835 469.25595970795393 0.10818944871425629
352.25442057529403 446.24003976489985 358.94445293561876 455.1672555500533 0.10810651630163193
336.68596571601796 452.67440634153365 342.5602933596969 460.7455688029228 0.10804760456085205
987.1360295239881 278.1902752099444 993.933723519935 286.26372773509723 0.1080329567193985
454.54973771094393 422.53250363410876 470.6813834395724 444.80649507152077 0.10799113661050797
355.54787830746017 436.4435747315413 362.65067663193696 448.8727367068032 0.10780782997608185
1006.3745084477064 266.5998043903558 1013.2042199118004 274.7712800565736 0.10736384987831116
349.8359679797937 419.5071207505506 354.9376436148932 426.81953865280497 0.10724028199911118
971.799080861309 275.54872844539676 978.7789776649705 283.786080624145 0.10716742277145386
961.081972211638 265.8678882844464 967.9709076885501 274.5853879521408 0.10688944905996323
293.7681471897857 465.1862990675544 302.5827545045262 477.2215503842716 0.106881283223629
977.8869158403271 230.84047442737847 994.1889188746429 249.43580479252205 0.10681527107954025
419.4373853638011 448.42799987180763 430.0510859048142 463.0174468830352 0.1063309833407402
990.1630777948048 267.6704458536134 995.1970840597301 274.02115013869997 0.10632643103599548
80.96937348917385 257.22077431388743 90.84068822921914 270.6388261432883 0.10626772791147232
291.12859096136225 448.11326456161686 296.69997772087737 455.59109290633626 0.10625647008419037
991.9998179246757 241.07341587392062 1006.0601723045395 256.8093607952891 0.1062379702925682
1005.4536453241171 221.5698398382806 1016.1505077717625 234.35810941262682 0.10623551905155182
991.7801628292539 257.57933905501847 997.998428329981 264.9544839309827 0.10583113133907318
342.117976154873 438.4486164920352 348.48693218741437 447.42819306320547 0.10580256581306458
105.47037174634131 -0.8276943774263256 117.40253302835823 12.739575989818938 0.1056455448269844
318.3709802060868 432.4442962343921 325.37969079281703 442.27320630575554 0.10550713539123535
996.9307177529856 276.36643211356085 1006.5329399696517 287.9318191959492 0.10547834634780884
291.2403984457763 453.001201227912 297.7772776481753 461.4671426471467 0.10518179088830948
978.4128210967519 261.2839820632992 983.9578833400662 268.2994031278335 0.10517766326665878
998.9488456276213 270.5422021110142 1005.0950423143508 277.5393123146475 0.10513502359390259
346.54344551924817 470.40305870796834 351.1632335239395 476.4884850538921 0.10510213673114777
308.6144299103968 448.33411651806597 313.6778986705102 455.5228931804945 0.10496232658624649
348.5718448746177 481.900300189742 357.0392976145813 493.46563541219047 0.10492251068353653
363.15097058508104 430.39956847223493 370.5658550122927 441.9751173068742 0.1047183945775032
960.2102308579009 279.4576195491263 971.379242115982 293.47922813522723 0.10471104085445404
303.29969123761174 456.8950706831738 311.4004032007584 467.89964529100325 0.10454310476779938
346.2329160205465 436.9925030822146 352.6825045488366 446.92494423871705 0.10447067767381668
287.2222044740056 450.3305121434438 295.11970673943443 460.4607202920589 0.10443258285522461
964.0367923941028 234.15070572561947 978.5513530614738 250.51802687978807 0.10439424961805344
260.4157327668192 463.76373881913275 270.50930578278917 477.8810077368184 0.10429102182388306
96.13188466800892 256.74750555619204 105.65223094082224 269.9389715710003 0.10422833263874054
92.04986312464807 239.61310153752223 100.8976937153594 252.12483380704035 0.10420741140842438
984.9657781730191 282.5834051657702 996.9477457042836 297.80019314245874 0.10398382693529129
334.06226227073466 464.783223342832 344.94901578236755 479.44152784075754 0.10386577248573303
967.408987747497 271.29873411443054 973.0143682435871 277.7718267666535 0.1038595512509346
327.4110184202733 447.0958247248687 332.2988422987796 453.7213479418761 0.10384884476661682
481.8877111038328 454.8389060120203 503.3270815520885 484.2882904490479 0.10377588868141174
1012.1762885301616 273.5422976173076 1018.5138654523779 280.791228959113 0.10364841669797897
317.6237757331418 460.8267589907863 328.01461794011857 474.7287672112232 0.10350014269351959
975.1843684394321 283.2013028416705 980.3493381190418 288.9748338928679 0.10335219651460648
78.13244506974368 280.64708823187846 86.64218974476834 292.68228716417383 0.10328511893749237
265.60037507458844 448.2869635226704 271.76023582078983 456.672474299348 0.10319340229034424
955.2886359982791 277.3734664762842 960.8921269302077 283.8086215346832 0.1030731201171875
341.11659379508006 465.11560268098845 345.80583672348973 472.05909185976765 0.10304969549179077
75.45779241936076 247.35105192521831 84.41001906301484 259.81139194859384 0.10298041999340057
347.42885721442957 451.8047450677302 353.50072460558687 460.5165232767048 0.10296676307916641
50.110139663852856 136.35069490376824 63.98709597094284 156.63286402959295 0.10261844098567963
458.8722907340408 483.3005520126741 490.8473095832989 529.7012863868778 0.10233449190855026
272.33461692853075 442.2784457435367 280.3021468746489 451.703053609824 0.10217489302158356
1019.4201350915379 206.11772123441054 1069.2141031233837 266.3635021510145 0.10213710367679596
319.609233419652 456.07156382721746 325.60404814343116 463.9796614429024 0.10202169418334961
339.97696494018874 475.4355939119152 344.50168181763354 482.07274480949246 0.10200279206037521
254.67827458585893 441.8715127733688 264.4069519487981 454.46398880436345 0.10185064375400543
331.1943820093539 438.7610303978183 337.27497053859946 447.3121283705124 0.10179530829191208
335.8061072749016 431.02947767492094 343.50866083409863 441.87338660546294 0.10177848488092422
962.1392062250783 284.93851613458025 967.5633752416227 291.2128280497456 0.1016397774219513
81.08944782870533 222.03719420617645 91.26676903144735 236.235039936508 0.10154625028371811
453.5548584043566 451.59756722784357 474.4437610376248 480.80271974994184 0.1015428826212883
663.2782333234616 441.0671582751139 671.356022235209 452.43833528996726 0.10153175890445709
386.8909725712899 398.8736566584432 392.50335497727326 406.2618926700569 0.10141516476869583
397.9009115371071 443.3938839793505 404.4761634458729 454.0153437803654 0.10135605931282043
315.85514012266543 446.46279940066273 322.21029114311676 455.3001969019298 0.1010776087641716
345.64897176419487 461.4134279713238 353.7300557679152 472.06636212188045 0.10106977820396423
300.89562832485973 448.84497467497937 306.3628840431789 456.26711433953693 0.10106787085533142
325.0300911106828 467.4074126915662 333.312071534612 478.2870408124727 0.10096294432878494
361.58450342743197 359.80177390100977 368.97952288825803 369.25280922794695 0.1009191945195198
393.7254088669022 460.6785440807963 403.2286265658677 472.9827038031866 0.10081013292074203
325.35255118494774 455.8480656657974 332.71199049748213 465.9094504682628 0.10055195540189743
1037.185643629184 338.2108727845584 1043.7760046479893 346.4668391578873 0.10039988160133362
359.44980390521727 462.61136221221267 368.22772446671445 474.6553253360338 0.10017804056406021
523.0766456641467 451.1025945709784 557.5169395467897 500.3673744800836 0.10014604777097702
313.5993046295 450.9209218547066 318.6757455901066 457.824559044198 0.10004357993602753
9.31445890056824 -6.405311364997366 93.48293670888484 94.53674756689294 0.1000434160232544
501.7207288540379 402.64643191506553 519.5382323441872 430.6403584344883 0.09995000809431076
403.3379596776707 162.7702210990901 462.1039747289737 232.4911228092564 0.09994973242282867
394.6158452299279 434.01853823525573 402.35774165468337 446.86619731807224 0.09980250149965286
309.03596782035515 459.01171996877787 318.49387103633524 471.6170686100623 0.09978440403938293
55.68346211664541 104.11223913931276 65.17519111671002 117.38116997500474 0.09975728392601013
344.3138211252001 472.80771087053097 352.85014308114467 484.45338119411576 0.09974532574415207
88.83169567013033 207.46530505013723 97.78515209874605 219.7515366157482 0.09967520833015442
291.06039620371257 463.5853039043727 295.50777666670365 469.0743927752753 0.09959039092063904
65.11930536247384 257.5133252879352 73.45753945667578 270.4959055178445 0.09954763203859329
270.9302016737742 461.46978406177516 280.81688735689755 474.5453219574663 0.09935179352760315
285.1975845798445 441.3632969341835 293.7245550443805 452.0758915190027 0.09934553503990173
957.3304507011072 282.20425545552376 962.4812826729255 288.20916769328636 0.09926582872867584
955.961998652175 268.7693381863865 961.40849629191 275.2598020626022 0.09922447055578232
948.0295631566885 253.61160009311092 958.9188125631579 267.65437352997725 0.09909364581108093
754.9015169583545 349.24668146194125 851.0283568862053 475.7592867037333 0.0988878458738327
331.2025237747782 430.18533098091035 337.9594196900502 439.1205065004158 0.09884368628263474
301.65219283294175 442.2536096437735 308.66707423753286 451.9795220669942 0.09881433099508286
285.4556551032995 461.9135032134291 292.58192116289825 471.06579642865046 0.09878265112638474
75.10403110739676 230.84566331256426 84.37138485403393 243.67977975491914 0.09864519536495209
333.7293380278148 459.3136875174913 340.33736626163375 467.9088023745838 0.09863298386335373
349.27370938715825 475.07269758415293 353.4323252583879 480.50131467647304 0.09843764454126358
505.92661575508026 445.66920258994065 531.8698429888668 482.6827101968833 0.09818193316459656
63.98497862561459 121.95979053940121 72.79882051573993 134.0569122190498 0.09807679057121277
456.2393171230641 448.44976236993 491.5039498321469 492.0145312539539 0.09786224365234375
242.64372043020904 485.61928655030806 251.84847347712792 499.17230542025584 0.09765267372131348
45.116823498493346 112.96954926004321 53.81627988711531 124.90826381893643 0.09755886346101761
977.6789777677811 320.6997732863585 1027.3976962465663 377.2997624644645 0.0975528210401535
1016.5743174324173 243.8829451624681 1031.1221633763814 260.72124063251135 0.0974724292755127
342.6367354626868 447.9701060268356 348.2953197463743 456.31278877402 0.0974409282207489
997.6452524189481 256.59404882794405 1004.5973340297668 264.26841696749875 0.09723185002803802
342.4624270980321 443.81855298479826 347.9344115950727 451.70726007882683 0.0970546156167984
313.7587538983735 434.87204482899716 323.7742596828617 448.4109728933002 0.09704020619392395
1065.6299916185121 229.00947744658964 1072.5296384516114 237.1072448462915 0.09694836288690567
70.94378438005941 275.1138966020421 78.74395181790163 287.49851454320833 0.09683562070131302
381.84915395381427 455.1691299738144 390.24017765437617 466.59167526153465 0.09675341099500656
487.4273987994551 361.916352505302 524.4908284018284 416.2822959644656 0.09670889377593994
330.9443066669236 456.0790008051581 338.31160240026765 465.57905246846855 0.09668444097042084
961.4748740642513 279.6073771331474 966.9070900473446 285.74757666885006 0.09652496129274368
51.722988633067246 113.93578419425161 89.59423289756204 167.75499832133656 0.09643310308456421
368.32505643899344 454.1074403061134 377.27567634135113 466.50986884858094 0.09642919152975082
1067.7416941340446 244.25243418416395 1074.1204857923135 252.57692255995022 0.09637647867202759
67.49727834530408 150.91320133949503 111.24849247086162 215.0607649982107 0.09637636691331863
101.96511694853145 245.52363454337737 110.85981076861057 257.9788146395346 0.09628016501665115
514.7634030889126 404.87101058617617 544.9047348397138 445.7070112833204 0.09625545889139175
356.7032096056143 474.5053991827602 363.831268258964 484.006390627762 0.09616348892450333
87.75052897789564 117.0391420354629 96.5112647494476 129.35370798894144 0.09602626413106918
966.0717562877776 281.21334457705444 971.5994569460454 287.7092130924638 0.09602532535791397
320.88218964540005 438.4255096990576 327.7010453995037 447.8656013384575 0.096024289727211
1068.7494295331371 258.72297368175805 1075.4550041495843 266.8668155016261 0.09595473110675812
361.2141668904625 437.5556713244699 368.5556040329887 448.2972204707459 0.09585616737604141
949.183684848622 283.380127332679 960.871583900417 298.70440083411364 0.09584527462720871
1012.2297136146015 266.29592213255717 1019.0569479572171 274.02169389749116 0.09578395634889603
311.1945273046476 454.5669532915639 316.36929168582964 461.3499540488213 0.09578010439872742
405.82850376122377 450.73829272210764 418.8367066695745 470.8463535560188 0.0957239642739296
346.20896328692066 456.2012522991682 352.80980837950455 465.5038163233428 0.09560560435056686
252.55757684567567 465.5999788773802 261.32961926223743 478.304519685427 0.0954747423529625
51.56744690685646 200.64050941043226 92.89201124843773 264.98129311813506 0.09532684832811356
257.05266486837104 428.11487901591624 270.57261250945635 445.0645998292285 0.09528961777687073
980.9427365420917 282.85675840549834 988.557041730519 291.8763652459931 0.09522425383329391
402.28123378422396 450.23218955733887 409.33738584645346 461.35782749398254 0.09521225839853287
288.9565942332321 470.52354862799524 296.4137433407625 480.8396952351328 0.0951642096042633
370.01617823244135 429.3805226473948 377.8380897582776 441.2003116809003 0.09493774175643921
386.8601001883704 426.62669723334426 395.35295096443565 440.392433694273 0.09490244835615158
66.29659288566833 242.13247576642897 75.09720195223707 254.90258905880674 0.09487906098365784
307.1303474501036 429.0684704212266 317.569123995624 442.48080163390097 0.09478626400232315
929.9829462497553 332.3389895050602 974.325546077878 395.59713662249806 0.09462866932153702
43.62806434200523 124.19305665950341 52.69431674517615 136.67538820652373 0.09440580755472183
75.91070058021995 126.53806677614679 91.65076043851053 150.19984087521078 0.09426794946193695
996.6824169629567 282.4795894184017 1008.3475819472554 296.87306075887403 0.09420794248580933
238.48922325668622 465.8969488129217 245.9395278193744 477.81848668084496 0.0941893681883812
293.374312444354 430.6064870079081 306.3973483194423 448.334971845518 0.09407481551170349
430.3899663200718 434.84337678016993 457.72206747513815 472.44789871312366 0.0940660759806633
1003.4151793440225 260.2042183843043 1009.3288362263912 267.2081162464481 0.09406311810016632
348.559623887514 430.77654348816424 354.7654388094215 440.95794261756794 0.09365452080965042
992.8378686339776 277.915899543167 999.8315378181711 285.96536759482024 0.09350365400314331
978.823733024949 291.8465442706717 989.7205006096134 305.65910226744495 0.09343597292900085
278.10523141604443 436.54248426730146 286.6066353274256 446.5789797741052 0.09335944801568985
310.6679405036405 466.445021661992 321.3319968132337 480.8523481108661 0.09330836683511734
1074.363795138345 247.81661542445025 1080.643014626775 256.7827010551028 0.09326603263616562
362.1481364864598 443.4085218679519 369.9593048784236 455.50856262030965 0.09315454214811325
476.2695148530088 503.3488365657894 529.695316698848 571.441704025113 0.09312554448843002
543.3750225507437 268.59003513754277 571.178680907283 324.47442332170556 0.09310340136289597
968.181023113266 286.74851292631297 980.5491410457003 303.3306331933617 0.09296347945928574
1013.4354014563719 254.35925584385305 1034.7511658461235 282.8965387427386 0.09287329018115997
414.09711576331864 364.16192896751005 440.45499709303505 399.3976584759112 0.0926811546087265
70.92022298192111 251.88398714008565 109.03253519764765 311.85561315311475 0.09256786108016968
419.2333476961941 402.41368819600723 446.6551856084194 444.22210271057753 0.09253547340631485
352.4874368916841 468.4527043609526 360.98381043308075 480.03243441573227 0.0924956202507019
972.9143667027333 287.75842514915536 981.8483003930031 299.0330219580625 0.09238505363464355
278.0863102633126 468.21300479007294 285.84118483283993 478.58723872149443 0.09235784411430359
389.2715250192536 470.3672374375688 403.39160445996754 492.0358956164863 0.09229759871959686
278.58141659098806 460.7313930389166 292.13551476949925 478.92970226911416 0.09226725995540619
1010.0180461826704 352.81744587496826 1018.4215859089791 363.12208164872783 0.0922667384147644
307.1982154909019 438.9534350640619 318.6212664154734 454.7367458558202 0.09224236011505127
317.59540470286737 457.21962532850847 343.6496795062724 493.12303274948096 0.09204689413309097
101.14911242740313 226.7122870436917 113.49123995031505 244.06019861084945 0.09199675172567368
63.03892456077534 133.14535432401462 72.30811522267852 145.99181177176104 0.09192445874214172
301.2985050597898 468.7231481356044 309.0554812485238 479.6712679025529 0.09191538393497467
338.3306654649203 486.1500507512324 345.8117335729978 496.4542747119096 0.09187200665473938
362.9928497109979 421.3086899270501 369.4116096522834 430.83453908166075 0.09168925136327744
354.88897692241045 426.97912932959076 361.96035207904544 438.31444235378723 0.091666080057621
324.84155277923384 447.8645656700049 332.04703867563563 457.82019834896454 0.09165564924478531
957.3501732771317 256.56606917832625 962.2095694538589 262.2501288633061 0.09165450930595398
1018.1911787785723 263.4622916335083 1024.6477109479688 270.9038913718496 0.09161455929279327
1006.0662385394716 274.2117724044752 1012.4597796542614 281.7232469786654 0.09149888902902603
58.00093076230409 246.32900102449358 66.62710578535865 258.8015644854285 0.09147930890321732
235.656264467557 422.6425992800598 252.8463832500505 446.54006634472375 0.09144891798496246
1026.5151288601323 338.10896188282 1034.001529680329 347.5537037262083 0.09138857573270798
346.74035771818114 368.1852788020487 357.9226067122294 383.07495133239814 0.09137006849050522
346.9891404551752 426.50593926687793 352.97468522727956 436.0035580386629 0.09119120985269547
1064.4760025680005 239.36590911070107 1081.6231573177572 263.47942747181816 0.0910571962594986
266.35275452726705 425.91224897469027 305.10065243357553 474.90598255607625 0.09084124863147736
391.6251639834568 452.2772958868289 399.35557091655096 462.76922011465444 0.09078714996576309
364.47193783973415 464.22251354192537 373.97105276999747 477.4904142052312 0.09065796434879303
332.166722316189 414.62325233557596 368.61741404810164 462.4042384743356 0.09062908589839935
513.4577198480949 370.4653811997645 541.6528065777038 410.83551553934234 0.09060559421777725
1020.2229697291825 341.87930885732357 1027.4380624097284 350.8755656892262 0.09054655581712723
806.0940785323794 19.816899128239502 890.2986120504498 115.51333703924419 0.09050720930099487
51.04192463529285 218.2179205264056 62.67506368068883 234.55212663803886 0.09049062430858612
1059.9496999554046 342.0834517271348 1068.2422905765204 351.03039111515494 0.09037263691425323
356.0915113120544 451.1379069871438 361.8980563762826 460.1706199583777 0.09037141501903534
346.8972908737853 351.85980468112217 354.64703227002786 361.34689422875834 0.09029038995504379
242.94396065682676 468.02229799490664 251.6671686184373 481.791397648424 0.09020299464464188
1010.6230263028602 279.18099699040573 1021.0437368000568 292.1792886781691 0.09019508957862854
1052.3220767166172 331.21018710631745 1059.8837594856213 339.9127113575702 0.09013443440198898
1009.4581897797001 345.8015734859078 1017.2603159135782 355.0117209201988 0.08997919410467148
1060.7578917167718 209.78339266104706 1081.0529155950217 236.11848179537765 0.08994478732347488
366.91191278935855 445.9222466616778 375.0891868252277 457.2369003966671 0.08970562368631363
1004.8021112363924 296.10664768141567 1038.2767169232643 330.03728723105024 0.08966105431318283
391.58488311420075 417.4031022623856 399.200036459448 430.3388367709688 0.08965755254030228
327.6292684979224 477.00386371457006 337.28725083865345 490.3977606869456 0.08963698148727417
395.59664767900045 409.61485457181357 422.0715233980365 448.7597423608453 0.0894656702876091
354.65794517667484 418.88315534501436 361.02219124148706 428.01952400803 0.08941716700792313
380.35381902439354 429.2811356329698 388.8341372194024 442.21952749710266 0.08937851339578629
530.0099493805592 360.1555415235209 563.2389379332338 407.45094919607635 0.08936513960361481
54.84115130139854 257.57862465994367 63.43511510482022 270.3919452546329 0.08933387696743011
444.9839652308278 472.9205017467888 464.1887593870542 499.44466234078305 0.08928761631250381
260.6804349897455 405.21386161943667 280.64176684162425 432.33199722657764 0.08910156041383743
334.3960411448574 448.0114755403935 340.54050639385736 456.1598411993542 0.08907125145196915
302.9325694757496 428.3712578554726 312.7353797051001 441.27595349105 0.08888325095176697
384.0876505290791 407.425920204479 391.0845182804584 418.540968436572 0.08887869119644165
255.79659393393467 472.9328346026164 265.16593261347924 486.44864438742223 0.08883888274431229
385.0409952633312 424.37626278534026 405.10376069336434 450.5212004242709 0.08873926848173141
288.9594698807754 458.12178346440606 295.0704239846615 465.8029986001375 0.08861152082681656
339.22312180960864 421.43120355029083 349.5181420414934 435.5576578540717 0.08832819759845734
344.15540839194136 417.17663330994463 350.1389829853121 425.67829873754954 0.08827719837427139
286.1093411622118 417.58799430359096 308.37149289106895 446.2964653339955 0.08824633061885834
490.4486104971384 471.3944657138715 543.6290804835543 541.0936568912748 0.08809614181518555
430.5480661353677 384.78098300222973 446.79925372165275 408.29766076107353 0.08770496398210526
366.41774548437184 402.41472251808005 393.00085300237475 442.0523300801808 0.08760590851306915
76.63508928356443 190.688169986061 92.14862318539151 212.7533405924565 0.08744797855615616
301.5063041998747 464.1835936384487 313.594680994766 481.5585293415092 0.08736371248960495
375.78163647171874 475.2085305283759 451.5464115914519 584.8347999591929 0.08725857734680176
534.4529927871905 510.359422593185 598.9954703443502 608.9723619723682 0.08701557666063309
1066.6131081061758 336.98030596489576 1074.5212458009973 346.37006784215686 0.08668071031570435
1028.9316823862112 329.0930654565114 1035.0707439640523 336.8829482701276 0.08667713403701782
316.00151825070463 418.9958318664975 327.6098507753235 433.6784728526571 0.0864156186580658
329.12843236027993 421.1063918886428 334.62811324870137 428.72850933903794 0.08639506995677948
335.4414071739933 420.7784102062883 342.9644960042262 431.25587040847086 0.08621950447559357
374.62222127514735 415.7533363057257 382.75222775125894 427.8705104337539 0.08613702654838562
1004.0927092192371 300.9429996567272 1018.9435132487624 317.5061010832256 0.08600594848394394
270.17163921384497 471.34106679196725 279.46051972603783 484.81887903595845 0.08600557595491409
370.95269490557877 460.64760114553036 387.1329084864229 484.9939326601485 0.08599802106618881
350.73063208828694 447.9788698268686 356.93040949513323 457.6060414996176 0.08571548014879227
414.24384454005724 429.71767540752495 423.2244111916519 443.9262009226795 0.08558065444231033
282.94287908899895 474.6873640922799 291.5693508044124 487.0230223682762 0.08528541773557663
246.86849492469352 473.5203547453835 256.8409392618344 489.15411162668914 0.08518309891223907
161.0925838513295 346.93075766478614 214.54166253139618 439.30868019370564 0.08515211194753647
1014.636813231404 335.91262823874825 1022.3123673808315 344.0087030136487 0.08512869477272034
1025.1711105515158 391.82212167286394 1032.1106842380032 400.8182338097501 0.08500000834465027
319.34811193570437 476.75223108682394 327.473873541863 487.9974231665898 0.08469298481941223
370.5562539009673 418.6004264378251 375.58369872324096 426.22524496055325 0.08467688411474228
261.93033910585814 460.75304577273334 267.8004010917306 468.6635240042006 0.08448239415884018
1017.9592136222874 268.7133098743324 1024.2286488180723 276.47064056680364 0.08447243273258209
382.8654103051218 437.2869117323453 391.2461316880707 449.17535994481955 0.08438986539840698
407.15920235254316 419.46816532229496 415.82620002071315 433.9044612130306 0.08438960462808609
234.75916372090825 477.4637960315297 244.01387388358344 492.5024682681651 0.08424723893404007
263.8872838684504 460.1527944666337 276.1339541794473 477.3541509031714 0.08424361795186996
434.22102189511367 465.626608825764 456.17695625469014 496.99837106480953 0.08417436480522156
459.2379812884074 387.672642646205 480.6059159408765 416.8237521436141 0.0840279832482338
353.29188947413786 471.23367648423056 399.75208274164197 538.8139748842893 0.08402211964130402
414.80435818255484 463.52177054047684 430.9234834437779 488.2624951347512 0.08394603431224823
398.4354594179394 410.8781246201083 407.19076203128617 424.41278208294653 0.08375463634729385
1004.333092362686 352.9115698226538 1010.5457324494346 360.69073310490563 0.08375032246112823
404.7563817733954 435.04201923550266 413.71603332586756 449.5723709090196 0.08373972773551941
956.0216120961768 289.66210505575344 968.4683242699734 306.2008130360797 0.08372631669044495
1053.1139369429436 341.7009348437787 1060.1703804819133 350.1278928294409 0.08359356224536896
383.47402159859575 418.8169749115278 390.0233848039117 429.32633462189534 0.08348961174488068
1033.6315416650102 355.74387910228506 1042.3407821137382 367.7084959107548 0.08337853103876114
400.0131954446254 478.4922907302362 410.9782478261719 494.6125125868811 0.0833679586648941
382.19213906648196 384.1210611232983 391.59786503486237 396.499786301279 0.08335504680871964
370.39545272993445 388.8059102588638 381.39578107081417 402.8757075207207 0.08329366892576218
1004.5953425742713 344.10291513615266 1012.3545408466684 353.2435945353652 0.08327433466911316
944.3491566788459 282.90904066896803 951.0201874395145 292.2942760956113 0.0832054540514946
455.36737865964926 351.37931577986484 492.60041498377973 395.4119502701052 0.08302095532417297
63.76187789148355 164.98089406282935 76.23724738268284 181.91602169522736 0.08299662172794342
383.27706604005044 444.60781289504075 390.43577285999845 454.49383992101997 0.0829138308763504
428.4769535698652 542.0973703953189 509.85008946128573 642.8029133264515 0.08257975429296494
944.6932422731727 278.50364704081954 950.834252554316 286.7328825333704 0.08257368206977844
46.28020542813504 172.90238298671514 56.814270061359075 187.0211790185364 0.08236668258905411
358.26372252777674 376.31805103286877 368.51913202118834 389.269037767147 0.08236125111579895
407.1792778839353 408.0841920440687 414.49888794285226 419.12804729099184 0.08234675973653793
206.68097450386225 515.2514788250007 252.32532642329699 585.7011718862635 0.08228620886802673
1017.0885257213399 258.7741895566883 1023.2661031114411 265.80624678707886 0.08226944506168365
324.51853042373864 429.0502471926194 330.29719139168947 437.3067073471996 0.08226478099822998
374.1893984696862 434.0677878042402 382.26939175173794 445.3615030291346 0.08224784582853317
658.5218595197006 400.4774209812 670.5199076486446 418.0012152179562 0.08218583464622498
665.4175716016238 414.092152038561 674.744551391123 427.0027377086303 0.08201758563518524
429.80927499860917 495.9115402855589 457.4670466093607 536.6209493834366 0.08201682567596436
402.5407915059438 457.1431390900012 409.12166810063144 467.45017787122225 0.08198913931846619
342.3052660884165 398.1713838789509 363.84375697639246 426.32485148775254 0.08178733289241791
292.4322515338108 401.07967254367946 310.6823851505578 425.346929778554 0.0817500501871109
1016.141122612362 284.74608019985163 1034.307684297101 305.6084665200575 0.0816318467259407
1073.9894617939606 348.46776455719447 1080.8328835753218 358.2457440921107 0.08147133141756058
513.8831650774808 416.7968508844458 523.0814725602089 432.8792542624407 0.0814511850476265
375.53227693453346 399.2582606840296 383.9094726894888 410.25511959170024 0.08144975453615189
1043.9291166925216 330.7822915751034 1051.1061850101044 339.6521451998879 0.08127298206090927
1056.6586294476467 349.2216310206083 1063.292436989273 357.3606245168517 0.08114096522331238
684.181826327822 440.7388426246338 692.5076869199933 452.6990537872838 0.08112116903066635
359.3870014512918 412.71305026046934 366.7159437635685 422.7764878749897 0.08112109452486038
323.66278769148806 394.6018283656257 345.5978398318135 422.1802460410779 0.08106211572885513
402.84946205253493 371.49163418408205 412.69355965401616 385.26375342839026 0.08098393678665161
568.4081108791522 440.21484134193656 606.8007264384256 495.8360795164601 0.08087900280952454
354.97756254354124 410.6655667770232 359.97020674189207 418.0099827303645 0.08069297671318054
355.07882995866794 488.7199205543407 363.3362472237466 499.91607034495956 0.08065826445817947
666.3905083100645 431.4030897525045 673.7894573210134 442.00822582764863 0.08050267398357391
375.6767573252249 383.58025396561777 401.5526398697735 417.74883216420443 0.08048830181360245
1070.1323334526896 233.9459647187575 1076.7733024197416 242.0184661237627 0.08038892596960068
280.679483945291 431.40592699429743 292.7613976957277 445.9235393703846 0.08017075806856155
403.4775364744469 463.05135271353487 414.55363276448577 479.4935808535512 0.07971859723329544
361.52462955034923 407.9369226285016 368.5005650356049 418.33332763647826 0.0796695202589035
367.92312670112796 364.1676182375082 378.3352719153438 377.03230472750136 0.0795430913567543
672.6007704450805 429.01029437652005 678.9909694885184 437.7615559230665 0.07928597927093506
669.0750055457102 371.13045466171116 690.6981947293777 402.4926496398862 0.07926544547080994
347.670121727055 470.5372375503509 362.85018369852037 493.6194575222428 0.07909972965717316
273.08158486518715 436.0097208388222 280.2621898891202 444.60469028100215 0.07904239743947983
686.7661682678636 412.4285481327885 695.8453676186073 424.26869296531913 0.07883621007204056
397.22976691313664 384.75754705329507 407.4920849882176 399.1037910455787 0.07882792502641678
331.35694505028675 467.5504187276304 337.78229251651436 476.13742975353233 0.07874275743961334
335.4102990484867 477.34876495190707 347.197826201284 494.81106117182793 0.07873620092868805
179.6776952957261 336.6437249121345 382.0100024221803 565.6826946957794 0.0782940611243248
458.4425453043113 49.57093915370911 719.8201875951479 331.8924851868175 0.07817971706390381
681.21203061788 429.72747939841724 689.0318450084546 440.000842308613 0.07813934981822968
306.9591826740466 476.4953283562533 317.2338886969146 491.1673954443199 0.07813824713230133
403.0336751439101 379.67987263608944 416.0002411031582 397.3552350365986 0.0781111866235733
304.4102844214712 418.89879588444165 313.62667078257107 430.8639790386517 0.07796168327331543
373.2304339547404 373.7165981340741 382.42206577720555 385.66247246188857 0.07787442952394485
429.8812294763914 441.43707189159534 440.72135497229476 457.633727269843 0.07786917686462402
984.6726174162278 300.64671055727376 999.6601517099045 318.53283081593395 0.07781708985567093
558.4998610810635 367.1888218644215 596.6618285243682 424.16326759993166 0.07764169573783875
387.8795626687532 392.26723975222575 394.25183302357306 400.5771641412871 0.07760495692491531
411.75787632555165 444.61162683349255 420.4618618276571 457.1231356277801 0.07759544998407364
1045.839585554469 337.7745189546379 1052.8218154054007 346.3497029727193 0.07722627371549606
413.9691431613258 413.811568514306 422.9027552952783 428.22479119003043 0.07696212828159332
274.0270238120896 378.5300817488405 300.61891905871033 414.52265275391784 0.0768706277012825
952.8970305562564 374.67669810070385 959.5322571088021 384.348161057603 0.07679834961891174
910.9845253969329 505.3804874875155 1190.3205710719972 830.4855862420864 0.07667198777198792
440.35869707872 381.0220117968172 454.06121145176536 400.7119107666239 0.07643403112888336
676.6103062991202 427.5961466392186 683.7517095278274 437.4497635281482 0.07642862200737
994.9154760124883 297.8243281766643 1004.6822286499936 309.1607930611053 0.07637367397546768
356.74978695857544 404.7452894376364 363.1367637937005 414.02215074918394 0.07634402066469193
358.710629511536 348.22714146123445 368.20107039987306 360.41786721271654 0.07628165930509567
1052.2285426584024 330.8472035487802 1083.5520104983889 367.3605183858617 0.07623261958360672
1025.4547366997745 344.7563357942442 1033.2088188388125 354.8736550202335 0.07613606750965118
420.07890395012197 492.06124991721947 438.70061707173545 520.0103451898592 0.07613425701856613
995.8908663804172 341.8505267268883 1005.0739536712463 353.24864340948227 0.0760297104716301
1000.953572092119 334.5295506150448 1007.885352024796 342.3490152556723 0.07585810124874115
978.7261839525326 339.1370714528836 986.2181599882176 349.55552079638846 0.075688436627388
242.47711800582812 443.7207250005766 258.55481513052445 466.1534252236252 0.07566384971141815
1005.0321481291791 361.85993225849796 1012.0012623257084 370.96623659360375 0.07541161775588989
256.76116091355397 355.8376950879415 297.0362587781349 415.8726910840515 0.07535775005817413
313.6093869850104 410.95266281386364 321.80416216695403 421.72795328257865 0.07523717731237411
362.0118606819182 475.0155851144926 376.44379126262606 497.06594247911744 0.07522831857204437
349.7641746126802 507.3085352811214 383.1597390694088 563.3091458077256 0.07520362734794617
673.3010409814718 421.0952698118246 681.1934994529731 432.3182462801437 0.07515594363212585
435.326239777859 428.3399268117746 445.31131828824937 443.4655251031322 0.07513292133808136
298.89247301955425 429.36310610748717 306.89892478201784 440.17260427266234 0.07510585337877274
259.31283763908937 439.55826089036657 267.74139623418137 450.22279988198164 0.07506955415010452
286.02233053931957 433.75852585366005 294.26175380915623 443.60995061034083 0.07504583150148392
362.68441225494985 397.97414599745144 369.418403575159 406.93320748042606 0.07500031590461731
1013.0703562488192 342.71561041573835 1021.3922770224455 352.87857726440967 0.0749562531709671
357.37013813127663 387.3918761184692 368.30710523244954 400.6138419201794 0.07489334046840668
963.6207164420762 342.53431016916784 972.7715714532488 351.04208836789326 0.07483766227960587
677.262893587271 403.66971835018074 687.3452446967384 417.18394918011325 0.07473726570606232
697.9205040784088 431.64948081333193 705.8291327675092 442.7214192880859 0.074678935110569
1033.07542693148 344.27221164151985 1041.166832280433 353.99907917169486 0.07455085963010788
681.0432730551682 417.04109699157254 686.7519218848975 424.81735516298096 0.07447997480630875
393.52955387211586 490.13865025562194 402.22778466652846 503.06117594077466 0.07446952164173126
608.0495366599516 402.665287641309 661.7919685921548 475.2420094809886 0.07443742454051971
512.7486417227449 316.7746815059243 542.5698832557306 362.7486097559779 0.07438559085130692
242.31588477334608 510.38852837261254 291.21210488339295 578.4582339478269 0.07436416298151016
955.7252491465533 314.9084418786741 978.9994678653254 344.43038276585446 0.07427825033664703
324.753722879582 420.64390781192014 329.89269718038827 427.4133490062376 0.07420428842306137
283.2205224053412 422.05859933083303 294.2106598467682 435.42530809746745 0.07416191697120667
1068.3236363657309 326.13538364789076 1078.0804612084653 336.58346070243033 0.07412440329790115
521.4032387761393 293.79665954455163 780.7943522723258 584.9020613427377 0.074001744389534
316.53094053171947 468.99361347955147 323.97291841707863 479.3979194813718 0.07400015741586685
347.7843230691587 408.01922639420246 355.1257814917505 418.48242217024693 0.07395537942647934
312.6317342358712 423.3119251919487 320.0805683559406 433.3268512231794 0.07392262667417526
302.4655596071536 422.9342162319442 308.2623921568616 430.7750374584497 0.0737406462430954
441.65022207177594 403.97519987442223 447.48536244442045 414.114532822707 0.07364235818386078
797.7291844070809 291.1494716898589 1037.1780894671895 566.6698706257152 0.0735979899764061
256.30479684389366 542.3532927847801 313.416808442026 613.0035985410645 0.07357582449913025
293.94216130440503 428.00109504151914 300.8111819521068 437.17449244952036 0.07353422790765762
201.90200778440158 394.7795458029279 267.6280775974841 500.1602958126838 0.07340510934591293
380.2478097277701 392.6191337066749 387.3817855741919 402.38115380857994 0.07337559014558792
972.7109967310486 350.75440030183046 981.1241149824908 363.0580796722728 0.07327175885438919
586.3778758999393 379.92927656160083 662.3352453445913 479.4620304933379 0.07321751117706299
683.9075617680985 426.2943226362126 692.3633319085001 437.4334367089222 0.07314584404230118
769.3523433011593 393.70336044685234 796.7156071240407 433.12172153590257 0.0731404721736908
312.87960304593247 416.28091586244375 317.3610374673163 422.2193631537827 0.07303934544324875
670.5926215190531 413.8741427871293 676.1925977441415 421.4142333292322 0.07301918417215347
1032.8544364788324 332.1399350252666 1040.407833828221 341.79268591960766 0.07298673689365387
675.3508372282622 413.43398048859433 681.0794010668608 421.0965583803432 0.07295963913202286
174.23888824405478 443.01555419348813 228.37403233182863 526.6607970103762 0.07286355644464493
948.4869962622588 351.87566022871096 956.7488714885312 364.2305775351769 0.07276492565870285
380.6991588190584 369.962952708641 390.0826737879123 382.151843384087 0.07273701578378677
658.2114049335406 416.8366858470145 664.2155891768954 425.64730020287703 0.07270496338605881
276.6577086806436 303.6533416499985 351.00563879886704 407.3948630863261 0.07264865934848785
-44.33354791137822 461.497807973157 178.39339797393885 724.19372378558 0.07263512164354324
160.83112012560974 526.7551435020954 424.9217246712417 800.7164284038286 0.07262440770864487
666.811883179622 391.29803164372385 680.2605322850886 409.78308876462734 0.07255670428276062
410.24747251065884 480.0858183854977 429.1246721978682 509.7098228062453 0.07248054444789886
358.7770325528388 506.2176927962121 365.82614168805077 516.6267567091242 0.07233712077140808
31.979414384931275 214.43312427342084 222.74149255379456 473.33033397311726 0.07227378338575363
232.87329850893153 454.28573467070146 243.68891267204177 471.40313305315317 0.07215094566345215
267.8604329508504 434.6819492552384 276.41884205832787 444.89645515045254 0.07206208258867264
341.20793436865955 380.644431676032 351.06717099460394 394.2282617151941 0.07200873643159866
711.2662527152202 386.61084703152335 743.248655231341 428.0445889671176 0.07193752378225327
1027.1006294846181 298.0793253508242 1058.439922417171 333.04535107428006 0.0719313845038414
393.5802917334892 399.55604541567476 403.29153066385226 413.278277591044 0.07192755490541458
385.97286075640653 491.39032168711014 409.5427505703302 530.0001606381364 0.07177554070949554
659.2752117657303 422.7384130600101 665.9043156186854 432.1654430776801 0.07177352160215378
371.50945748586656 485.7846914413279 390.6831456664135 515.5675391168211 0.07175029814243317
420.2247320774737 420.1146699594825 429.40820370905226 433.8824893411376 0.07167337089776993
434.6108471155649 333.20605753757184 476.7969528819969 388.94476199038735 0.07144665718078613
492.1544401311977 438.03881024315035 506.8244422515484 456.006529523179 0.07144102454185486
395.0333377937017 384.93587402353273 416.90631015852347 415.86796761225867 0.07137206196784973
449.8362424307178 380.3241957976805 466.6202222235725 402.6639613239823 0.071247898042202
498.51645321112846 426.95662693716304 512.0753354451905 445.74943923486745 0.07118412852287292
250.38619577860408 394.98975828004336 286.91785607853797 443.4492155654877 0.07107237726449966
669.8255862413404 439.5094058331158 676.5041181138351 449.26360371206306 0.07070459425449371
711.4881555532984 423.7299359536935 720.428503123438 436.7587309109595 0.07065341621637344
541.585120194948 478.66002480188166 570.914135715259 522.4281938684991 0.07055744528770447
686.9686986831647 422.15272249901517 694.8490980749052 432.1274874626667 0.07044503837823868
680.1437098154046 463.02692711029414 685.5778240219106 470.1426126791959 0.07040591537952423
1028.324342988039 404.20992325460173 1034.2868348140867 413.1738533579416 0.07023607194423676
707.2132994912232 409.22076975194153 716.4634814006243 422.30395231556514 0.07008128613233566
784.6438988595926 406.15037712912675 792.2168100919512 416.0173290197562 0.07005845010280609
375.5625118536101 333.7744189587137 431.54582505275056 414.39880167918017 0.07002616673707962
309.1872096085032 380.96649927004825 341.75852584766847 424.28581726846767 0.06991457939147949
341.46511086065317 355.6657228641576 372.02370147455656 398.0697883022288 0.06990451365709305
500.17083005777783 335.5763428205555 534.7995727355641 385.84589752405697 0.06984983384609222
706.0560844070361 431.933384599896 712.5148102946627 441.38561183383183 0.06965566426515579
334.34317265871573 412.55187917410143 341.5403364384958 422.3258799754151 0.06962856650352478
696.492541098224 424.71635031245745 704.3461588030618 435.8553175114739 0.06940190494060516
302.3806044666629 475.8461587556115 308.2217860608143 484.7242409565314 0.06929241865873337
236.78543089977558 131.60128442093597 423.9010525960971 349.5387181158999 0.06925605982542038
277.1300283166226 459.9030278700973 334.61445226479566 540.990725929998 0.06917956471443176
272.4396922197792 422.5033744702133 284.49439123336134 437.5465212337693 0.06904172897338867
414.66486754092404 401.0335882697366 425.9355950953243 416.66133567490317 0.0689130648970604
1001.4398145899544 383.23034769975936 1008.3522999075556 393.3424315386535 0.06889638304710388
369.56455049376615 337.7580283232689 408.75206219493316 389.3094492976001 0.06883407384157181
273.0561276979758 477.08093789142396 286.6898967059778 498.53138615934347 0.06864801794290543
328.4616992604387 482.65150386619797 345.32520695800997 508.11697692203956 0.06851080060005188
730.5562401779982 506.3389204326888 954.0816951546705 741.6126872626086 0.0684688612818718
436.4118398858521 415.46071747067737 445.6382681879993 430.97463970480374 0.06845878064632416
1002.1482492300318 402.27179432370474 1010.1944001070865 414.9844198940008 0.06838743388652802
866.9671073207479 339.2103973502701 931.1323059463784 411.39477802791544 0.06834118813276291
477.9661616869987 409.8201181801763 495.5110127456553 426.514140805533 0.06831251084804535
991.3875564526746 359.38820383679604 1004.9652228860665 377.0279572483938 0.06820518523454666
304.62591390955225 416.950367091548 310.2072316668065 424.4284926518519 0.06815923005342484
668.6026336944543 450.3770870867141 675.8349532553835 461.0927586738397 0.06805147230625153
1042.9188688175427 402.3755660142172 1051.8377649161087 414.57949921035697 0.06794510036706924
320.7374837772174 488.92197250714304 331.35678301390743 504.6966499265584 0.06790552288293839
593.0369323664686 373.6707338177815 627.8393533225105 422.54938350186944 0.06777795404195786
415.85133704081613 276.5925226720568 510.480423876356 412.4124564925292 0.06776560097932816
695.3888785103521 440.6466226938221 704.4351163283203 453.5464570491746 0.06761625409126282
443.4648302071705 435.89893354775757 454.56099877779167 452.0199197355254 0.06754828244447708
1015.7050915294667 349.52847912376285 1024.6266006117273 360.9030348736176 0.06751912832260132
999.9718640940395 368.89376656112785 1007.0966259341435 377.98875977918175 0.06750652194023132
367.8168830526306 388.6944261737628 375.89884202812937 399.5974704235292 0.0674644485116005
-122.1978807526681 354.90864500169585 288.44220919025366 874.1005909668922 0.0674460306763649
1061.7490386146226 331.17396260654914 1070.9395814147563 341.5843587858677 0.0673113539814949
394.6370824780743 394.61246079159497 400.89468532819933 403.3598097936673 0.06730592995882034
467.8858340270422 430.8817958925164 482.2977708739955 447.7203034436719 0.06729815155267715
673.4525744802486 403.9411269401919 679.4131310661161 412.29152422011975 0.06727059930562973
402.97622835569507 396.1624756223579 411.7668489200706 408.83009934499313 0.06722863018512726
328.05225945466606 492.04086774242916 357.8756585950718 537.5868734623035 0.06719474494457245
986.8871569360336 335.38492777322995 994.9479510920808 346.11920474578596 0.06697084754705429
340.73505817240243 407.82607913044524 349.0001275067684 418.90263267274787 0.06688839197158813
962.4832288360149 347.08466359912916 974.2666999056628 362.5241986642244 0.06686139851808548
520.782150058409 408.36154527358235 532.4567001340376 424.7508227025399 0.06680034101009369
781.3657974594914 433.7299640901015 790.7836344984696 445.9110356459463 0.06678072363138199
711.4272431894555 445.2729803179763 718.0899269238896 455.27079513893835 0.06676585227251053
586.2263842566083 515.1566970971239 648.918958807608 592.9213102493469 0.06669434905052185
997.6405696397773 349.77158957335064 1005.7360534074097 360.87241597567066 0.06668949872255325
429.4207105854425 457.6702160145483 442.09076211137113 474.8418924458542 0.0666716918349266
317.4229808132015 561.2237259031031 399.92599427241913 660.8743528945034 0.06647597998380661
463.8356718228382 476.91907645063355 476.19602551648626 492.99954427312906 0.06644414365291595
546.3545569499984 491.83356283276925 770.6445441344995 748.2053642028256 0.06641232222318649
483.1373578116935 426.2731863458726 498.8763747668833 443.27603811462797 0.06640160828828812
532.062785839879 419.1764968533594 542.3433862730544 436.0211372155951 0.0662989690899849
684.7110179654703 403.6373386871894 690.4182393314627 411.4658478280612 0.06625736504793167
684.9688177205006 411.6246746625585 690.5513168957737 419.2859006435308 0.06622368842363358
356.00587202060893 497.6378093360857 362.4469365341577 506.46978738050433 0.06619786471128464
529.0709961084832 434.14862326795156 539.1713799737973 448.74316994673285 0.0658951997756958
210.47735066459407 203.10108361651413 288.4850442633272 326.3767595266948 0.06588580459356308
979.6277478830851 330.7773609896075 987.3817442093232 340.63449834068996 0.06587729603052139
542.2005078171807 338.1894341947137 580.9361198837735 397.2806897376902 0.06579264253377914
709.9617286787745 67.02784982790978 947.187137040848 330.64462480249375 0.06578437983989716
543.5821848794766 437.9994784764908 551.4193560131994 449.73744280797206 0.06576947867870331
1072.6466504421337 420.4047389819814 1080.4285732886467 432.1848365995993 0.06564128398895264
494.32032115733404 272.21628466696126 578.4800319406932 396.5868228773619 0.06560932099819183
221.03096688367526 440.3788162403098 279.3322484259233 525.6064393506246 0.06541211903095245
371.64273149483853 382.2546675087211 377.5215108833382 390.1823263255928 0.06519019603729248
534.8846060760925 434.21430793068737 545.2770893155346 449.29268255754647 0.06507378816604614
648.4272592476547 339.73347956451045 721.1436183532684 436.16060118423894 0.06490110605955124
981.6152031360454 359.0271725288714 995.2457003138078 377.6338954203242 0.06470371037721634
544.3425621951012 449.3255870479525 554.5589906620833 465.3762130742929 0.06470198184251785
261.38273438581837 474.32841530433416 272.52809298009583 490.9697972002473 0.06448784470558167
365.8768070015706 377.16566757796926 372.57811737518836 385.9942749757684 0.06441155076026917
459.7360976712785 438.16653744180434 474.76968115629177 457.4746106547131 0.06433825194835663
1020.053038507433 352.86703603998774 1032.5099357506056 368.4643264326118 0.06427232176065445
676.7540288873362 450.5069558636508 684.1424819304941 460.8872131139413 0.06426818668842316
433.8800542602941 401.9393896331769 442.20208285050785 414.9915138404118 0.06424744427204132
693.7007429099665 409.069253411033 739.5154403942867 465.0810578910537 0.06371807307004929
359.0028159750578 488.9177045014578 369.8034719179528 505.6996818141086 0.06370266526937485
568.0877987219662 480.42559587779965 600.9568226877451 532.3066773766977 0.06369298696517944
1041.8101308238129 344.0591747830629 1049.6251802890595 353.9877729842785 0.06361179053783417
306.3760596158626 410.39315727607084 313.4541545745124 419.8543198187876 0.06304913759231567
515.5947389096336 437.46019952999006 528.4382189704228 455.6301687380695 0.06303894519805908
352.34793844472927 397.31305524178026 361.56656933852145 410.0005586670768 0.06268598139286041
1047.6363845432584 186.3745582902154 1079.7854611693633 226.8964207621933 0.06247882917523384
702.0835243398764 445.50545136848285 710.6722853930625 458.15323381109863 0.06230424344539642
299.92585491695985 529.7116520669824 347.16509873672123 595.0100131613598 0.06203291565179825
1017.9268991455293 330.00222410091783 1027.19499288541 341.06072517174493 0.061473406851291656
-5.780882420638552 53.46751715803049 201.615192152169 310.82079907328927 0.0613897405564785
1008.8441147024843 396.20102650934416 1017.3606277793049 408.4833112520542 0.061345748603343964
1010.3876223311315 386.9925804955085 1018.013905258465 397.39245513749967 0.060882434248924255
695.9648552639769 356.7343805607557 739.9217999689428 410.8247798420176 0.06023477017879486
1022.8731307757872 401.864048094807 1029.8320922986638 411.9482296819409 0.06022080406546593
341.7545109646052 397.242627299683 350.57770705822315 409.74690456517817 0.059983231127262115
1019.541568116655 388.6088750066299 1027.4726649050972 398.5622379112052 0.059842199087142944
569.1819709712505 433.5578401835072 578.6172782840179 450.4065468379796 0.059809308499097824
1021.8051788430586 412.4032414911122 1029.6398335669073 423.91721953316994 0.05951375514268875
571.6652806760379 306.21846527051855 623.0255613247245 379.3238370320888 0.059400636702775955
994.207753152675 373.97916355306387 1003.5715029660386 387.37815376366797 0.05933351069688797
621.6441239960874 560.2556501153282 718.0622173095509 664.3930639449306 0.059258028864860535
399.029789897816 492.3800421268861 410.5283574908232 509.81730084044426 0.059233974665403366
421.00127683508344 403.31707196602304 430.92905676386187 416.44203003459523 0.05896574631333351
1032.2946206838933 325.04216229885014 1040.9642105872451 335.14362920127553 0.05891472101211548
361.74022504842486 606.4250325064027 461.1246345878753 725.1460672378715 0.05886188894510269
295.2411044199985 416.30515358129094 303.2863882198423 427.2335311240828 0.05858867987990379
978.7736108860778 322.90313945075667 986.6262197980227 333.09455976988863 0.05834248289465904
300.71618461915017 410.09615673258696 307.8880053608818 419.6443248057487 0.05827909708023071
561.6384214508835 459.9166065278734 576.2085845691728 482.82823070091973 0.05816951394081116
723.5054329194592 423.9798670822535 730.5756695780034 435.4318387895017 0.05808363854885101
953.5951193428494 384.44974655195495 961.9475005001159 396.12749631727536 0.05793290585279465
290.04221988366567 382.8818484829222 352.18745264088716 465.9336211711309 0.057912081480026245
1007.1233194892947 371.669597632866 1016.4838999519937 384.94918050806916 0.05782710388302803
991.7319577007589 382.4727983478892 1000.5193764582801 395.3151169279926 0.057589173316955566
534.7149230588708 376.76089674397457 602.640678540254 477.18797975534125 0.057334836572408676
552.0935426012497 435.35660206435915 561.6763335645417 450.30835632651093 0.05726009979844093
984.9233501327853 399.9813372226337 993.838285179338 413.6121661432502 0.056809622794389725
-35.83600675991501 -43.14281960886546 84.86512935114101 107.11728266590703 0.05659874156117439
1039.8395131647408 321.6483586201424 1081.7012237138745 384.8195143122847 0.05653928220272064
947.7244076860883 -65.6450588447874 1140.6079489088654 145.36385014372084 0.05549609288573265
215.2813119388141 302.5875425867092 262.05980655427936 394.54226196595414 0.05538582056760788
-62.29790330526717 -76.46249398357081 142.17407674150792 184.82262211999134 0.05496982857584953
1073.574638022104 359.23123610233165 1083.2343289346127 373.09615948024833 0.05446198210120201
1031.245491610267 206.1567363291222 1042.3524681333279 217.81700066791083 0.05357601121068001
967.2847008797229 374.7932958988394 976.4439292708298 387.5222047333311 0.0527435764670372
408.39466724556 -16.89613595573406 524.476395251595 104.37074304371048 0.05218510329723358
1047.0374812452965 347.59806884876156 1055.3567934930384 358.7383311272242 0.05183450132608414
263.3725219849181 484.29632186563003 272.2378139896074 497.91673403190543 0.05176527053117752
569.4417200746411 -52.98873887980081 792.2163434010761 152.04164995946078 0.05161210894584656
606.6805298762118 465.10759682881564 709.8453667187487 586.6217892897977 0.05098402127623558
