569.2500459246835 354.4980670504012 601.4957552594323 399.1268138582298 0.9999158382415771
982.8497805297774 356.88886661396816 1014.5771777831751 388.50774204343656 0.9998663663864136
403.41163870338704 372.7911073907005 435.06562782320384 411.8930664827331 0.9997573494911194
319.4959806198862 402.9793387121665 325.6304634141417 411.91118164120377 0.9837566614151001
274.01696472760943 401.8009500783925 280.9095975294158 411.9104604238063 0.8341694474220276
249.81190141155028 403.1171241187341 256.49233253511846 411.0869747895876 0.8100154995918274
289.0898917463575 406.31350771693315 295.03207416912295 414.2381235136254 0.6999344229698181
352.5367400426567 399.1922894836196 358.58576206409424 407.8396175305976 0.5635929107666016
658.5851281065046 408.1740719294244 667.7368753646574 420.7399791176673 0.5275328159332275
335.32420730955306 406.2847894644004 340.8122993924159 414.57519172121175 0.491107702255249
375.1314117192724 393.2306488591399 385.5460746408206 406.6596146295774 0.48165032267570496
301.58069707840866 401.37719275832615 307.053483089026 408.55146407737453 0.475700706243515
487.2447653266192 397.78713388126295 496.95937659997674 414.24173348086975 0.47343942523002625
484.39594148335544 373.74923984311584 510.67988645979824 411.56501613037574 0.4062339961528778
604.8314319746432 395.45004483769776 621.6517692330644 417.3521779357525 0.3365565538406372
304.6014053706198 410.92921085126795 310.33921382655114 419.80927067144546 0.3083973526954651
525.8726936327768 400.44385536078914 535.7917870856357 412.31171981031605 0.2465965747833252
308.98266255217396 401.5913521929364 314.5988118202264 409.2033505464597 0.241784006357193
683.6950383721048 385.2225233497565 688.9047884576596 392.0910812524433 0.21604318916797638
325.0643362256742 398.49906162997087 330.34688942660586 406.3720016996533 0.19549024105072021
455.6134848346374 21.13664215113138 527.7982068726657 105.10985864906569 0.1695793718099594
294.1223674018731 408.27471318518457 299.6390759163099 415.90523626773444 0.15018339455127716
342.1664986202073 405.30601501433836 347.92984496639303 413.51461908429064 0.14693062007427216
14.298964982532578 464.16924116900867 54.03099798320815 510.99902730976316 0.14354300498962402
346.9858172259855 415.1038219275595 352.3334615759996 424.3749157317012 0.13294163346290588
355.4268904089381 408.291322905618 363.63924095116016 421.56047538628616 0.13065071403980255
357.78033783539854 413.86081616096516 366.51915731457285 429.59677960096445 0.12893706560134888
502.92583327355396 398.49472259672797 508.610916595687 406.57850279519585 0.12807969748973846
149.1592419681463 213.35841482654456 213.16024494068193 283.9596933867749 0.12747003138065338
686.273262699242 417.56846133832 696.5480566512733 431.452520054677 0.12512987852096558
347.01350953699165 408.63187357905855 351.7981139671493 416.08467063940265 0.11884906888008118
284.87184853712165 396.32634712923044 291.60152817151277 405.5918484602196 0.117575503885746
602.6865726729541 35.691788174962205 666.6057331489066 116.83761359969668 0.1171191930770874
210.07084540133638 323.22457718246255 257.48935394167546 384.4541121208838 0.11709742248058319
332.05404532609015 397.216219054612 338.56115873058263 406.3871966206978 0.11694919317960739
686.1828567437162 409.36800990856074 694.5783058706405 419.86667138732804 0.116721972823143
337.2068831434121 396.2426845551269 342.6286917076258 404.53167952370706 0.11595303565263748
372.0985343083895 406.6056949405925 379.98044013170636 417.7119622141654 0.11586134880781174
328.72913794793857 398.5986980311855 333.78708668501 405.8519048714564 0.11473916471004486
336.7716417447182 420.43161447714255 343.3674129377665 430.68852500901806 0.11348851025104523
308.93850914547073 415.4754511365815 316.3848896411939 426.36318644092137 0.1133604347705841
348.86832900397394 408.0494354895587 359.2138926375767 424.4711462240718 0.11322841048240662
661.8721692081587 14.895036531532892 747.9160818681706 113.62925006241109 0.11290504783391953
669.938409131187 399.4117980497257 678.666143253789 411.8102295896155 0.11262387782335281
958.2520802498275 490.34400504408865 986.9609940716249 525.6596597071232 0.11180175095796585
322.3139290583845 411.75403523906203 329.87918005654484 423.56536516263253 0.11136145144701004
341.31871024157334 391.5017581147797 345.3258551126547 397.2720974361441 0.1100984662771225
250.96480331601433 411.7622573368395 258.96169245416115 422.3380976712276 0.10983370989561081
450.73628041764755 401.2356975231298 472.2903596121398 432.4930313633159 0.10934507101774216
311.5020689904022 397.1314936574992 316.09802686239703 403.2941780311816 0.10857170820236206
130.59529909573956 473.8361199138551 142.4943335518268 489.38821256368567 0.10799147188663483
387.3885293659223 182.96287249946081 479.1381844339854 291.4449311934276 0.10725148767232895
362.2585889175884 397.2678855234479 371.44992206675823 411.53551503255596 0.1067330464720726
305.6688617447661 397.91565143505073 309.91459964782564 403.8253451013047 0.10650674253702164
291.25169323094167 398.6173148830265 297.61414375338865 407.3253462203211 0.10630732029676437
75.34092302983207 75.47101080460604 262.8595932301483 292.33312994358585 0.10620371252298355
339.01470757128357 402.2388018435306 347.0258068976128 414.57280777946056 0.10590779781341553
601.7377477521053 83.70570101860447 671.2212617370113 164.57840549738168 0.10589928179979324
516.021262038676 402.2292872624047 525.4552957350943 414.23131331133226 0.10559604316949844
269.59245098874004 400.4217727511547 275.5732477189936 409.65453536370865 0.10536985099315643
265.0422368472674 406.1797044055971 272.10998181478146 415.9461326932818 0.10503633320331573
339.4177209759944 415.21720952384885 348.19470470776736 428.76560150658815 0.10487674921751022
342.5105969734286 391.91049244219704 352.50714590072846 406.5378294103905 0.10483253002166748
315.1536541208113 412.55735376665035 322.37020199192 422.9353393082916 0.10480430722236633
313.27425960070326 404.07338026134596 319.22418032143236 412.3956775630771 0.10460485517978668
299.48695792912434 405.9724974299695 305.41379528795795 415.00608038762624 0.10400257259607315
252.67237531690398 418.36563995329624 261.5345706958133 430.70544043322167 0.1033019870519638
285.04507896906665 411.07929810685994 291.7790176067649 420.10264661461946 0.10321450233459473
279.2665469212132 406.37258921914565 285.81581718576723 414.72812628936344 0.1027364507317543
260.66267581665994 404.3294907501013 267.66785269920587 414.06420914195485 0.10241127759218216
294.28242271800656 400.8679116251531 300.0026865060107 408.9500977454661 0.1018737182021141
296.5905401889744 403.5291235479539 302.37253865919143 411.9270663504739 0.1017782986164093
632.0708395822601 7.571071896280174 665.2237746727068 50.15690534710018 0.10145343840122223
336.6957040745353 382.8802233553091 346.7478608509922 397.57104193528556 0.10145221650600433
288.73121739671814 384.3875414334778 301.48575675355255 400.97157578914005 0.10127569735050201
365.5943541950246 416.06489422643347 374.8357924014087 431.234021975374 0.10048551857471466
277.982248260647 394.5338332471268 285.16242247642936 403.88157421931584 0.10032561421394348
282.4414438719484 400.7380815145096 291.49796618173565 413.12964897983125 0.10031186789274216
256.682483787925 401.7691484335591 262.7455245199794 410.0901356582831 0.10010217875242233
297.5554066877507 397.0923461808895 303.2852435223059 404.7992156214525 0.09976063668727875
507.0761299894228 398.83763301072696 511.74999970082933 405.2676931160175 0.0996427983045578
257.4775527606245 410.28388198312194 264.78153921048516 420.2877294868667 0.09961473941802979
239.8842497340834 402.9059347921317 247.33486814432678 413.2503011180048 0.09922359883785248
96.93598119432846 455.8344874371512 112.16487536170563 471.48418629902545 0.09912198781967163
340.7529111381608 407.39972625645515 348.30221807308385 419.36719025236175 0.09872806072235107
302.4168122575259 394.1717866956914 307.576624270317 400.84546138718366 0.09866954386234283
109.90010762091441 477.86190067939873 121.79337544894993 490.97506563125404 0.09865795075893402
328.5125155140828 404.1291669962086 335.9751089357916 415.2875662033007 0.09849800169467926
362.0095686163102 407.45997474898115 368.01625315811384 416.8001232897087 0.09845779091119766
288.3913513914438 415.65004018815245 298.864804204399 430.3805295333532 0.09839694201946259
296.8461047832577 416.52677465328486 303.20322983158803 426.0472388691964 0.09833182394504547
464.932559905386 382.80036212760524 488.4350910565847 416.3418357347248 0.09810497611761093
353.909330273531 386.3721144895025 365.15120686505514 402.1535282977298 0.09797343611717224
349.1364594256698 420.8443458399982 358.56725141090277 434.78863583136524 0.0979556292295456
330.55905968487025 412.7598265282087 336.964239459243 421.92737743281884 0.0976942926645279
250.535949815746 394.9610015226632 257.13818116577437 404.1104740643027 0.09760774672031403
122.87691621760743 448.23422528092266 133.19114461639347 460.5532101910702 0.09745772182941437
263.76123418163615 414.4291751551047 273.8321701615486 427.74047081094477 0.09745509922504425
647.7177961692355 408.14656560164735 657.0386688130093 421.602142075177 0.09743811190128326
126.32996370995738 464.2054571482558 134.48347479623249 473.4549686172281 0.09709401428699493
310.0730864190456 408.4756015379409 316.38683049051593 417.0668399307565 0.0966881737112999
315.5099183708288 420.38293368491657 322.1591460302886 430.2665068180459 0.09650978446006775
677.1561934225477 389.4117950470189 695.3298081009365 414.1570511734705 0.09637917578220367
250.60828558401377 386.0145195092496 256.9733561163376 395.67039614653885 0.09621552377939224
379.93078350837357 390.22647950907987 397.35571491999775 415.16332298715554 0.09551382809877396
510.39715574415146 408.4131370542928 515.9281406421394 415.94860275833986 0.09524964541196823
690.8593252731704 400.4415341885487 698.3581631518683 411.1913957345221 0.09521660953760147
671.7655658795711 418.9276588285649 678.4978244282778 427.1803600500013 0.09505291283130646
253.69865039008457 380.74871946913566 275.68883529488085 408.906369384657 0.09503541886806488
503.3469095870933 360.59059323250085 531.2618238615689 399.07213267548315 0.09492973238229752
302.558417726936 418.15110694975203 312.2546954135754 432.30203382398753 0.09477678686380386
296.06874885799664 422.37405945837065 301.92841817700867 431.012264004303 0.09474937617778778
369.08913633631647 391.26904670070417 377.84085546967043 404.2204271078519 0.09403329342603683
243.1966843462354 370.438811962798 265.1726777632584 400.09818282291366 0.09383070468902588
960.4872599757966 217.75870126814527 976.8850126484597 236.8563382932996 0.09342624992132187
298.9087936414574 410.92031843905494 304.22086156035414 418.8455537817444 0.09337145835161209
307.5520365937172 394.912371598032 311.7085123801873 400.332998801205 0.09334498643875122
362.6049906382796 381.84244714853895 372.56813376686597 395.811954856901 0.09332084655761719
316.59623475478793 395.9116009995067 321.88926769288537 403.01234847639984 0.09309837967157364
327.3467359545264 384.0805872459281 338.81724523645045 399.4763950925152 0.09267682582139969
226.99675049400605 395.52831761102755 241.38285286118676 415.37902607989463 0.09248476475477219
142.7043097581977 199.7031590903989 487.72761127652296 583.8629772593148 0.09213316440582275
278.3781574472709 384.9942449267758 287.5410895169461 396.7088366550131 0.0920809879899025
22.006138663701858 38.459696935244246 33.45508233414139 51.59697461336597 0.09200144559144974
659.9858570870547 34.46421535232118 680.2453889567561 63.047919220309076 0.0918959230184555
319.35126237278735 387.9697643214787 325.1274250198458 395.5115543129455 0.09188593178987503
341.54634982945987 426.8912004874856 348.4868596561161 437.50860767965645 0.09174903482198715
342.67070821395765 417.3634031735561 347.6215954727768 424.8495068647066 0.09174802154302597
512.1153284605205 399.0580062874399 519.2232103644776 408.5676903635786 0.09161029011011124
276.0681706109224 422.0843987995034 285.992019229803 436.0579090003996 0.0915829986333847
675.5872319310386 377.7599814718847 690.1644176456624 397.997033198208 0.09154416620731354
273.40456416886417 413.18076731665997 282.1359637149658 424.773431884174 0.09150934219360352
593.057761394883 385.3694057296232 608.7505509821372 408.4574973960135 0.09137959033250809
347.98777343657315 389.31039987450515 354.16111028713624 398.13250151365946 0.09120140224695206
701.6450975380818 393.0176838698597 712.8404439166308 408.2010003755939 0.09116663038730621
473.60458889757643 349.8007935910231 497.32953434396046 384.467613934622 0.09112242609262466
529.1405205282665 111.25642986440563 609.4846568206247 200.18195885464598 0.09091082960367203
652.2411244398847 409.8865322049723 661.9485945356533 422.3156255120924 0.09053529053926468
262.2966350027032 397.8723314165494 268.77631017402723 407.05897539385376 0.09045686572790146
116.88679031959222 460.2022896259666 126.67419830568365 470.5318942633538 0.09035686403512955
667.3251971065224 365.260157741107 690.9250904901614 398.0799475978072 0.09034456312656403
336.7546704474347 416.20081649111944 341.8287250492799 423.5717311950041 0.09019211679697037
87.11733339644373 320.78552483571514 148.98265262790497 398.03248174183653 0.08997728675603867
506.89255902097517 391.38294103848807 511.3153086513715 397.0690651645116 0.08995369076728821
262.6654357361695 371.9895898830993 288.86974279252115 407.93984922766305 0.08994296193122864
918.9827914833329 225.23929460769034 932.6904029728448 244.2112336604847 0.08978240936994553
693.5166229009573 413.3386467019031 712.3533928032784 438.3170348133061 0.08973495662212372
300.33975681125173 386.1069101745138 307.9080785203127 395.82638069689415 0.08971121907234192
667.8854175826908 409.0732184721836 676.3048298516561 421.0246384942356 0.08958087861537933
108.16262116583107 265.9255855271645 128.7265720051306 292.6843299364994 0.08955878764390945
272.3040642117519 393.1287003620646 278.78497781792623 402.3097822805098 0.08950592577457428
655.4981639200395 387.2003219418504 671.588632756288 408.88526799466 0.08941137790679932
244.81231672319606 404.5182887624573 250.76647053275963 412.69596523552485 0.08938739448785782
242.71262825190783 285.90116116112614 285.06950282460366 337.7947522338917 0.0893700122833252
670.2418495667164 62.98187744596919 695.9625235101292 92.79448156017693 0.08927121758460999
99.98864217397426 475.1495436451227 111.08071683521973 486.9020816313511 0.08923328667879105
694.3908873337099 408.8383938645235 704.4893725104896 422.48425910185335 0.08922722190618515
322.24341963176613 387.0191352888346 330.3134218735311 397.9671762094681 0.08887233585119247
638.3056922967859 380.2918481862625 650.212652021486 398.66790865757093 0.08886603266000748
601.5518646398547 366.375176074681 619.7163734882502 392.748937752328 0.0887921005487442
238.29956637031947 413.8186786797825 248.77564346145013 428.2333551704266 0.08869129419326782
906.164360116824 230.73645173325534 920.9285225841257 252.0309299864652 0.08856378495693207
128.28467931860172 467.96552026571663 135.1719810739195 476.08684916437466 0.08846811950206757
709.5790181694207 372.8747035984839 733.2848716108737 405.24704908154763 0.08840108662843704
678.1259211770692 399.2298033183948 686.2540879824269 410.7224849558806 0.08834419399499893
933.98468400394 217.77591171638522 945.8583903910508 233.33321207327538 0.0883394256234169
338.00676972292075 431.6116333291224 346.2146449650025 442.48297388865535 0.08832153677940369
433.60301196082753 377.6778840133824 456.00244579921394 410.2841015793588 0.08826039731502533
237.91968234832112 305.2033192885385 256.65119883350405 331.28283443508315 0.08806911110877991
675.4738536205293 410.0777579160381 687.005391429605 425.43823829610795 0.08782611042261124
350.5705755385754 380.6234710039285 359.0666346467739 392.6861861502666 0.0877719596028328
107.33364432763675 503.53251952843647 119.60479897042713 518.5999679000764 0.08775120228528976
680.5974605001113 410.64013865144716 687.9880404229784 420.5681152267721 0.08773749321699142
328.43163103005855 421.78972415417996 336.7665945522022 434.58421877548284 0.08746392279863358
309.4224170131985 375.64955721442 320.70493318543566 390.67629806488236 0.08734448254108429
255.86170403252785 426.78894373239 264.6292127052295 439.3434343937206 0.0872574895620346
208.43588858318378 365.6160435942275 242.71796476871793 411.8142551072278 0.08699820935726166
304.41459746919674 382.70436632498775 324.8185022534605 412.11544094380616 0.08693405240774155
283.1377391637004 417.141958035629 289.6528843679877 426.10245661488983 0.08682867139577866
710.2430198530271 388.02682422983077 716.3486414088436 397.36300570456325 0.08682696521282196
264.63725127045376 423.9250454043516 273.51113729300005 436.1788848987563 0.08676481992006302
701.6821895372814 387.89318292334076 709.2626510312062 397.650828197146 0.08674375712871552
246.34510754674375 410.805513138887 252.7146214148058 418.9623066676824 0.08659859001636505
650.3994534814827 463.1702273043763 677.3804997871875 499.6451247953799 0.08641494810581207
267.6990543205426 392.84232131669467 274.1624442792978 401.7089030941659 0.08640481531620026
688.7485610524345 373.05723711065895 703.6185594401558 394.01130022011193 0.08636163920164108
626.5240709759199 420.62409410025367 636.8432378757609 434.73545568571893 0.08603104948997498
118.9173734614058 468.6275406305952 129.48170998921256 480.28863057119725 0.0860111191868782
348.3067211718044 385.8605281146173 351.46264052124053 390.45200949148744 0.08588839322328568
456.72572919060053 414.16632638186366 469.92606469307736 433.58924373462577 0.08582892268896103
240.74858222170775 383.7408515518298 249.79799010129 395.9258607375753 0.08581888675689697
702.0307397998525 356.03795373217434 708.3642921290331 364.22658752758895 0.08570057153701782
519.9882358124837 382.8173986614904 534.3461533418815 402.21823061440864 0.08567571640014648
147.90312253389328 448.47192051700523 162.64884321156993 467.51708539647586 0.08567046374082565
89.61732858669284 448.8346730852818 98.2236192086444 457.08662592112444 0.08560597896575928
927.1026466477999 240.01221230978229 936.4405440402082 253.26001850377656 0.08551878482103348
710.0581092810045 403.1091254946704 716.5217329304246 412.3804879182375 0.08543256670236588
229.04267825167435 412.50195372429914 237.80899021043555 425.07449429869223 0.0853617787361145
160.4782352991206 331.6304057004039 206.16479237293552 396.55891445023013 0.0852871835231781
914.273725279196 252.90702707971644 929.5334903143195 270.9296883129199 0.08525950461626053
259.0559335195116 385.41567330982394 265.84206446656543 394.79902241997706 0.08523492515087128
115.64573923288125 265.63414559045583 178.52164022656723 339.8657789728888 0.08518049865961075
695.0348454999852 400.6022889476986 702.9389667959553 411.08992582023507 0.08503502607345581
130.56344220765106 453.29662328956937 142.12847731011416 466.10347290830157 0.08480366319417953
366.4217836718576 410.6546348940783 372.35977001984355 420.82195900598344 0.08477448672056198
269.3821584453089 370.5155609001175 320.63836680423026 442.9905680817252 0.0845126360654831
289.38863587373345 370.9016534007035 300.6280211620109 385.47443051944623 0.08443110436201096
685.1702760939831 396.09859417640325 691.8974937727154 405.4499476272423 0.08434711396694183
681.0054253147026 391.6929309683447 686.6633443788941 399.7773150605548 0.08418722450733185
932.0187203582665 247.69718041438531 948.1862749972897 269.1663774035266 0.08408215641975403
631.1044439769721 396.9412382519855 642.6707356278645 413.8656511511011 0.08407314121723175
270.8877783713941 424.91347722270075 280.110856375177 437.59278979193857 0.08397918939590454
288.5750810623549 424.6211999902279 294.8448439597391 433.3658036196709 0.08383509516716003
704.6189927069091 433.9154616593938 727.633381817608 461.60630801311635 0.08381287008523941
256.7542542524579 392.8912624605171 263.41886578179515 402.09299568354635 0.08380061388015747
537.5769485810612 45.124276860319746 601.4158695713509 118.2527578850743 0.08377663791179657
524.5696865547018 362.8129285612713 548.5550224717409 394.5405555967825 0.08377545326948166
694.8464721343868 388.9922176633882 703.5031759599449 400.8187604342551 0.08373741060495377
640.9385605731729 400.7541108439664 650.915296893554 415.6326818469357 0.08362249284982681
473.69268319516954 419.576329010377 484.4005926744559 434.4086077079698 0.08356137573719025
951.0249525478744 216.19112989858795 958.9816904414237 227.3525181294306 0.08352866768836975
318.2943801987282 423.0723028487316 329.70303758859654 440.8714187330497 0.08352646231651306
328.1168444128646 381.2674786819599 335.7135831096238 391.9754730511079 0.083479143679142
123.59545191769777 485.3041879539469 135.78126236575616 500.3611058889833 0.08345437794923782
495.90320835975075 393.1007435880552 506.1850113255485 406.85683894716135 0.08343065530061722
185.7672474386452 376.1547335610176 225.39603855841742 432.3210964386391 0.08330797404050827
375.8685512511598 410.7175778408509 388.5418725849023 429.7296467622453 0.08329617977142334
114.15516685789063 446.702251647584 124.93963211723157 459.0152587555965 0.08328567445278168
282.40263559143426 425.4962570145106 290.3188140648691 436.3726239882657 0.08327575773000717
50.0690441606242 199.27499499704305 114.9938873663915 276.1724232386305 0.08313170075416565
711.9041072467436 413.67625547060646 732.2129618418898 439.86341946045684 0.08303318917751312
304.3902044007501 430.5591133629822 311.61021988078494 441.72586082643795 0.08302988857030869
500.48177123124003 395.73411176755735 510.6418888717029 410.75336760002983 0.08299520611763
688.1126154399915 385.50590040525907 693.453530190714 392.74142784581295 0.0829949826002121
671.5336549440145 383.89069664144597 676.1932651688253 390.6103905817238 0.08299319446086884
507.63404020584994 407.091537399754 517.4300756017392 419.70343143786243 0.08285165578126907
507.26475565716447 405.63369600094256 511.92086150169854 411.9645425265059 0.08284260332584381
244.18567293926304 396.56768685708784 250.96137183990874 405.447172183265 0.08281313627958298
296.0657768479389 373.3548881067242 310.46289480218877 393.0648245149347 0.08265218138694763
261.32325477612386 366.30366840199275 276.05558461011645 386.182482664486 0.08263440430164337
504.9665258897449 410.1751946208999 512.1946710702056 419.02873699232777 0.08262866735458374
345.1672162289352 386.8453728472992 349.30059132744344 392.86737682072214 0.08245300501585007
21.540116355810365 322.0750481492747 29.781767515890806 334.77583832933124 0.08244574069976807
945.6518944550129 36.572124298393746 967.7769913401609 72.93619110767281 0.08235538750886917
160.75166124895745 391.1080640289675 185.49030666802426 433.92139752898896 0.0823507159948349
658.5020681530078 418.69048349297816 672.2316470080283 437.2670389992784 0.08222269266843796
63.36893630134931 -7.56641950069304 162.9973659051921 101.11688881329981 0.08202330023050308
310.17719316916083 392.8878742652919 315.0575276731441 399.1029229240309 0.08197994530200958
671.489174215832 420.9426850745099 688.1765385473492 443.9554723313588 0.0819610208272934
314.0332373737644 392.7379903860534 318.6651440588463 398.8903142684307 0.08195958286523819
503.87572507117756 383.05094286851937 518.9077793672766 403.41386720286306 0.08195418864488602
106.85749264477754 455.12547702011653 118.59055684175776 467.7467234525471 0.08194921910762787
92.85804084288465 460.3893071091443 140.4861264911701 514.3106645176902 0.08185911178588867
647.9993400616052 369.30683033740905 663.8419182135752 392.94614560825534 0.08182797580957413
332.94414193030565 369.6350419644619 341.39771623641155 381.40216172849193 0.08176738023757935
449.3081782094013 122.76069980015981 537.8791050947628 218.4007147820948 0.08173145353794098
284.58850649221847 388.0172777894047 290.9509478229681 396.1986989145367 0.08166228979825974
454.30108014921575 376.84158493200397 470.1318672670515 401.89595513392067 0.08157480508089066
98.89169833274707 342.8885479024735 119.41451574169574 371.7253570806938 0.08156457543373108
714.951847591945 399.6128302697106 725.6471250660373 413.5891155383381 0.08153009414672852
719.2214417071681 401.94059978023284 741.8454490122168 429.86383805466636 0.08142907917499542
240.59457598808788 350.7744660676903 250.60828070935017 365.41842401894206 0.08140631765127182
62.69552224728254 454.9709751116288 81.81241663763406 472.9248712355081 0.08139659464359283
723.2313042153334 358.2320969745442 753.072860319531 397.7535925644804 0.0813426524400711
711.6206473605481 -1.4196934445166212 792.5788747516148 84.36693807516104 0.08126387745141983
83.62063531857765 456.0460499212743 96.03474841423298 467.7299152012174 0.08126023411750793
141.27975336809448 467.3628638729405 155.2695677105624 484.0106319124543 0.08124234527349472
719.7822789739332 389.67117658837833 723.5726606465887 395.0740982744091 0.08115486800670624
121.61705795461097 498.08253809686164 128.8345235316766 506.8571536083978 0.08102239668369293
271.64561937449224 409.43306859622334 277.38380804592936 418.16749497560454 0.08088885247707367
692.3468729197112 348.0500309073064 717.9542544858004 382.91979004840033 0.08088375627994537
946.8042991097142 230.3823287275592 964.1834714230841 254.96657925394422 0.08073877543210983
237.3862345147239 411.7131524937321 242.0237027793504 418.3822672848624 0.08069220930337906
240.6322436504887 369.89612253693997 250.2105492845329 383.3534304953083 0.08069206029176712
670.5613852697849 426.41390599051226 678.1004473581413 437.1583379556582 0.08064492791891098
278.88011637938104 358.96805794415496 296.857988084222 383.0997415165332 0.08061646670103073
391.3672838724465 102.07297741329182 474.97077787193604 194.20315417912173 0.08057699352502823
153.4672532918027 300.8343708685107 180.97556358654987 337.807202877925 0.080359548330307
213.99637118233028 24.739141705633916 304.6729426716543 125.65273309383905 0.08025359362363815
501.04986967306877 378.62599018854604 509.66223156653314 390.0179960299447 0.08024050295352936
67.38200482473972 435.7993289171308 86.58701721648363 452.7918315746673 0.08016042411327362
276.00293387860773 434.3530746275821 286.90501281356774 448.7996766965049 0.08014551550149918
293.13534983632195 428.4594699433449 303.1585044699673 443.78259844447655 0.08013664931058884
209.12837728564685 308.5373712601753 281.9107405425205 395.5235529095593 0.0801268219947815
690.9369985086014 375.8794900546154 696.3181988064554 383.30223978344094 0.08009481430053711
506.7004637997284 395.85776620674045 527.2144800804213 424.0905174783958 0.08000952005386353
105.46578192243027 313.9758239281933 124.28019309173294 338.17159958384156 0.08000431209802628
984.8316179677136 227.35702407471638 996.6562636809314 240.7666458019738 0.08000317215919495
918.660142109551 222.5507884070912 925.4921026998059 231.6634535505081 0.07997003197669983
715.0299795643036 398.86598612121253 722.1231731397864 409.11123932607666 0.07991120219230652
321.4824306652375 395.97534126289594 327.14218845495105 403.354588204764 0.0798499584197998
679.6872906278461 435.2444942515233 703.3310536574205 466.0057966755544 0.07973802089691162
348.2085948170169 430.2747293472798 360.3807123200424 449.5553415435569 0.07965810596942902
263.18326451643793 391.0475745326459 268.03746870787296 397.9704552296289 0.07964415848255157
348.07602502530773 427.6405425152095 398.3219107506943 505.97300024105334 0.0796392410993576
621.5918759956551 389.7149475357224 632.298871489511 406.90794452820353 0.07962336391210556
637.8815024440711 407.7330356313073 648.3954381246679 423.2674934472931 0.07955557107925415
43.531096863327654 445.4446777312119 114.69545073117347 524.4769728755992 0.07953706383705139
95.09527741658331 482.3382537874784 104.44016584056948 492.90936142034997 0.07951286435127258
298.8876417651295 427.74680986563965 305.9064956891415 437.8568105849473 0.07950316369533539
496.3906206563237 401.61211051633916 502.30140921795083 410.355430265765 0.0794517770409584
909.794710183988 275.098938701489 926.5323969540116 294.8497918350738 0.07944365590810776
730.3891786515953 392.872703927082 751.6089659297122 419.49745924021687 0.07939578592777252
959.7940420139539 261.0045188542039 976.7112566524737 281.7860575379395 0.07936996221542358
369.1364183053258 364.40530398737303 380.3159465416952 380.8889988539375 0.07905454188585281
975.0599123222079 215.3883126317892 984.6887523477849 225.5775254543775 0.07905162125825882
496.5685745866032 349.0403029118411 534.4453265198903 397.99070652041127 0.07901740819215775
228.01502421317042 346.8464453089666 240.6998282407319 364.9132395002673 0.07899199426174164
486.85245049348094 378.19857496951124 497.1220386342483 392.9249072684556 0.07891219109296799
106.80741134833093 259.91140770266975 117.44719131321908 273.9558196090529 0.07887829095125198
95.86000073582974 438.49138000350683 117.37765422754131 457.0996495758996 0.078762948513031
309.17920003251913 426.17958168119264 316.49205033794146 437.14127637584585 0.0787578597664833
495.8599947523842 407.2063301388617 508.5673019099629 424.89326608038704 0.07874618470668793
600.0104904065986 412.3730196014379 618.9834321037258 440.52916503935 0.07858465611934662
99.67794321617589 451.64064077751664 107.42612542481062 459.54570046717737 0.07853085547685623
238.44579301614544 425.55486927034144 249.00564645893945 440.64658874223755 0.07852102071046829
520.4690267416886 409.9217809667944 531.7554394761964 423.7114602446954 0.07837530970573425
689.0581565965065 391.4452213631554 695.0702273999043 400.08491990493843 0.07834463566541672
973.9896357265134 209.87479084432204 981.8356567690449 217.95021732986248 0.07823946326971054
934.9109514885446 271.46899120032896 956.827784970022 298.0155627363629 0.07804813981056213
631.4716532003945 347.0217115539111 659.9867528851368 387.97582572039437 0.07804209738969803
696.7654315665299 374.1377774433868 702.8024497308893 382.5562950201529 0.07801925390958786
71.68168261829695 447.5930522870969 100.33173058437363 472.9469081873033 0.07800762355327606
392.11406981478086 404.70048598790004 431.10788591819653 456.1088825141715 0.07796728610992432
708.0087574665238 416.00528539767924 714.3600791718229 424.3931585512727 0.07796578854322433
483.950813522656 411.9823017665171 503.22975990854434 442.34097904689696 0.07786978036165237
76.72731968571516 288.5358869672818 96.45789721778111 311.6824303396117 0.077834852039814
889.6776654771674 231.24034239921275 907.6307293459798 255.79108480839545 0.0778183862566948
264.1319204308824 430.74270291873347 273.53248947084387 443.89471170507886 0.07781732827425003
232.74649397445765 382.88324958817003 247.706252425169 404.84246496866444 0.07779813557863235
330.87884087741605 434.55116053971534 339.7231456637566 449.11354094095276 0.0777774229645729
645.9252786621045 396.28383264402987 655.076183555361 409.9087921639535 0.07768373936414719
726.4120824011281 391.97231599336516 740.5895913122924 409.6087257560631 0.07768359035253525
177.46717831680618 427.79304191776936 204.38411807502317 465.6259967432604 0.07767253369092941
123.80840569778127 370.57854601958314 168.03855588548458 433.15174461484787 0.07760513573884964
104.76605124799923 468.92782277885595 111.8963944245392 476.61372129919977 0.07753323763608932
256.9357297537594 421.5828939679288 292.89857789856165 472.7855439335953 0.07748766243457794
677.7512081131366 384.52856841081586 683.7277691194603 392.7704485210676 0.07746971398591995
325.0303893753528 404.7852949778081 330.1910817292399 412.8829912347825 0.07746325433254242
235.8555421495644 360.8301651733565 244.34988253566723 373.2207987957386 0.07740912586450577
528.3848059139352 404.38041568519094 546.9348498723368 429.481770916131 0.07738488167524338
245.82006752152793 390.1061412819801 251.15714545727806 397.53315851160767 0.07729083299636841
591.6836447440502 8.146352769896685 632.7426105470126 55.734277100945754 0.07726561278104782
357.99432864372403 428.9692941667063 369.46166699852046 449.0900698570249 0.07726091146469116
727.5130325746425 425.9507930012647 749.4476262523713 453.39543271711443 0.07724713534116745
135.3790215290609 486.35043794784247 149.50929429941164 504.3936734204555 0.07717515528202057
325.98677445351524 378.29821103625443 331.54568148359397 386.1184095040607 0.07708077132701874
500.66839110320973 420.16933855869877 509.7375235845641 432.36096988532455 0.07706967741250992
486.13782704927087 411.8430498976974 497.32068169741564 428.34027807321354 0.0770605131983757
640.0786558892734 417.5937779327096 651.1285823856971 434.06633769798117 0.0770576000213623
333.23540590089374 380.5044298543996 338.67718900357227 388.11057765577067 0.07700862735509872
618.0661625283612 405.54960764656323 631.342295692838 425.2964301301795 0.076921746134758
300.5226209984575 323.26421292430945 341.98565912481945 373.4482418365808 0.07682903856039047
306.6151751305872 439.98553479126764 330.39946718926643 479.03247314970974 0.07680714875459671
974.4868121524395 247.2318183324963 996.5706941120486 275.74007757412875 0.07680325210094452
329.0961685467648 454.6027020374962 349.9493042573868 486.6768367045837 0.07679589092731476
348.9501831521263 259.95423913296304 436.89942058129 371.18651624161123 0.07660938799381256
306.6399489089622 431.92678219062384 310.5105718630737 437.7097445512147 0.07639658451080322
138.58178599758224 291.96593388358815 155.23830327107794 312.582220996057 0.07627463340759277
707.8692793894486 409.0730242366448 714.4457898562104 418.10530541327716 0.07617909461259842
134.34368422225415 250.03987992949286 194.35297590447817 322.4305555272966 0.07615379244089127
707.3568810962464 428.36755068182464 712.2143613973614 434.34434607980876 0.07609213888645172
715.7076316535195 388.42906941991 720.313007528165 395.5107853656319 0.0760471299290657
654.1743657465604 398.54391079462727 663.8755766840229 411.24914567991374 0.07599134743213654
618.8992981073752 360.1991534377837 635.4557852459742 386.9227643970961 0.07594498991966248
343.70165279895406 369.23836323337355 355.44201949684486 386.1444856712209 0.07589495927095413
289.10585340266863 339.1005518958857 317.59220354957404 374.96542394040966 0.07582193613052368
973.6540949629818 231.6049106400318 985.0944641636082 245.54536618933923 0.0758049264550209
693.1537014503135 385.90287577638145 698.2926590064889 393.14507645140924 0.07574538886547089
87.99768230989895 416.0238521530025 119.99938780493646 449.05796938785966 0.07571152597665787
85.3157746687877 474.4072271101873 147.1227172996196 546.7516931712843 0.0756593868136406
714.7744849972746 382.6902341742283 719.5133748004848 389.97159337032986 0.07562185078859329
718.1017126522563 384.5718185904751 722.1394711699644 390.72150993156794 0.07561647146940231
662.8360309886278 434.8203905919675 683.3458301456554 464.17309322736855 0.07558432221412659
231.97160521683037 421.33278858492974 239.54919672259135 432.62044801629014 0.07543410360813141
511.0708687058149 414.28857240337516 532.815698754361 446.3253076614773 0.07538153231143951
454.9052245844067 406.22122596556744 462.9299503144462 417.18185716547964 0.07515504956245422
554.8402569944036 381.0442281544524 575.6455488525348 409.5347003621636 0.07487648725509644
1039.0860809228907 214.7479551917767 1046.829480467187 226.06527818342016 0.07475337386131287
1015.1771077007475 220.56168816377408 1023.8381424806023 232.36727101471828 0.07473016530275345
352.79586945845716 362.41370933620277 372.0561924259722 388.89628371032774 0.07472562044858932
717.0348819745619 394.3453805247297 722.4099520474964 402.3584978697256 0.0746663361787796
306.13952326175627 404.7107225448041 325.61111019666674 435.0013425415711 0.07449635118246078
552.9282641389555 390.60255843038067 568.7422341547958 413.5615274269183 0.07440470904111862
89.92767444484808 270.6485023083655 110.72952603065262 295.9874691511623 0.07439639419317245
265.9687764358953 386.0997235279232 271.1961715438693 393.79001392376233 0.07439501583576202
664.3117020083018 -5.777675531251144 691.755551691616 22.509292139825938 0.07438013702630997
117.25699619688143 228.83788618124976 145.23507972445194 266.8751968602724 0.07420124858617783
50.25666731578041 280.7677009593337 99.10588425408298 342.49311467914055 0.0740886926651001
200.4137622220553 481.0193485903194 250.87570600288225 543.0288096681329 0.07407190650701523
306.23881984499366 413.5791848583301 345.9175603290783 474.25730179845715 0.07396890968084335
316.708711407667 368.3426379832387 327.150033763567 383.678610395229 0.0738956555724144
718.7731974269109 410.05520860411644 725.3052605456973 418.54699858838296 0.0738365426659584
934.0776715594143 232.25852942066112 946.1074362532644 249.1672028081208 0.07377946376800537
881.1836590326989 255.30799947203258 903.127818641032 284.33880730521287 0.07355068624019623
85.57495015147946 391.0524371083262 143.1266008744732 460.72674048666914 0.07339257746934891
612.6757217690351 370.7813405388697 622.0564932819705 385.2684623927884 0.07330252230167389
360.2150656336335 456.2155213963668 383.0094516114013 496.79483108722275 0.07328284531831741
143.40924270383056 445.56680801610537 201.29530592768407 520.783129964003 0.0732320100069046
719.8576190683998 383.3536697848454 725.4492572186115 391.25905523845796 0.07301414757966995
189.71467814408732 411.03342114861096 226.12475994045053 463.44660008351616 0.07301376014947891
740.4651065953401 370.82210031051665 766.8185295287223 406.3562128312652 0.07298943400382996
284.5760564572892 433.24941819061047 296.3172926612531 450.4814069359689 0.07292470335960388
723.1285400202562 408.5419112138651 729.0047633607992 416.2761595192028 0.07284361869096756
311.4872213007319 362.7624583496509 360.22630489814946 427.5930707737389 0.0727716013789177
534.0931741630707 395.33241598449473 543.4814827259046 406.7126604745765 0.0727614015340805
412.77176660442547 410.6162917499867 453.8490828499651 464.1441393404665 0.07264046370983124
657.1198226578724 379.59134161911624 665.5189817461257 393.254703735615 0.07245919108390808
711.9215395898564 417.62187200482947 718.0491482111423 425.7840616337635 0.07236834615468979
97.51115356214181 232.82859032660096 120.94253053410627 262.0384696907019 0.07199639081954956
599.9014373628336 371.5241584768818 610.3420712929538 389.06407835573674 0.071648009121418
369.2059038789813 364.5488190476556 390.2947717438517 393.0662956567973 0.07163605839014053
404.4919860086647 23.91485071625803 470.6133516073733 105.58218573724865 0.07154428958892822
197.08016628443346 259.81537400316614 233.1078009393715 309.60721287578 0.0715130940079689
263.79591898507545 318.21151730776205 301.9682424623389 367.15728695056515 0.07149261236190796
698.1295387194604 425.76913244524457 705.7622411219727 435.4896638773636 0.07143237441778183
505.21413666890726 417.57992474719487 520.8077955534051 438.542789490667 0.07138826698064804
957.6302724699588 214.78437588245504 964.7508227769723 223.7378269539643 0.07138790190219879
254.25434525892894 378.969299763036 261.8828370595355 389.7086472448848 0.0711803212761879
631.2649024824226 440.5725157387237 643.8794313520624 460.567157626875 0.07106930762529373
714.0710918053812 410.2844112691602 720.2384443995602 418.9191048423157 0.07106155902147293
213.33385337093563 401.1178637300595 241.05471789864822 440.87647871197413 0.07104984670877457
252.30683966004258 351.84093841995764 264.76071488936094 368.3107564255345 0.07097603380680084
128.859283246256 281.23864345494917 150.1344873447726 306.3702711146803 0.07096049189567566
691.2731749451112 362.46496239207863 729.8797487260032 412.32990738645805 0.0707017257809639
625.0744338894548 -4.86625933594003 654.2333733544039 24.559757089280662 0.07036946713924408
138.33510785856572 239.5982000421126 166.69484925939247 275.0216571383576 0.07034718245267868
1059.132388555545 357.6736119018715 1084.691944341384 393.0721127346979 0.07033692300319672
104.44985663213274 287.8763858686226 124.61460449587493 312.9759756181663 0.07026869058609009
722.3738580116001 399.05856409261287 729.3651546978947 408.38510586530697 0.07019428163766861
270.28766109077856 496.88558072881966 326.16178582027044 564.3720436719376 0.07009581476449966
47.54106458721199 349.78244231869047 106.48318861270931 430.6571591876795 0.06998758018016815
338.4936321594233 438.0098882499684 349.9151179022161 456.7636421744731 0.06997948884963989
138.8970415989077 262.4431133591174 155.79856760238596 285.3215288890172 0.06997279822826385
972.3663044469844 381.4564176423598 993.8661923521554 407.92245598328594 0.06997097283601761
231.83942512159538 337.40960246910265 239.25855302906206 347.41584494548135 0.0699322298169136
267.5667059730865 443.5535698206432 296.4844284464277 484.8055529815397 0.06992641091346741
907.195417389184 506.12466035418487 1189.7064043241655 834.5185947452359 0.0698535293340683
914.7432656477005 241.62045143798815 927.832225558337 256.46153682078267 0.0697697103023529
628.7574412411972 405.39242999370754 638.9978983473882 420.95625550608247 0.06972286105155945
613.169129293241 414.48206446384745 627.4156188899974 432.6492497863743 0.06953712552785873
85.57848087655735 241.92902816212992 108.82291433388582 270.41205775988357 0.06950858980417252
619.4565069937232 353.8985580320706 629.6341012892302 373.22684856317017 0.06945838034152985
700.037431952374 404.9695398626955 714.1275341826246 422.5295142894702 0.0694519504904747
66.4095255275854 218.6754249923766 97.13225273382719 257.42162443693206 0.06917820870876312
172.20621069521883 292.38295859743187 208.4315844685346 339.85611178329077 0.06911160796880722
-23.79192592955049 -25.873597997812467 63.3253884824444 97.15716935766685 0.06901726126670837
645.3121988992691 320.9224263226539 722.6098698760873 416.1473674550418 0.06898525357246399
414.6258531316442 332.8681901783865 448.1309341256821 377.8834550959138 0.06868546456098557
1039.3571693445833 436.91517243215566 1061.7739546958944 459.3934427856881 0.06840980798006058
702.8446529314998 372.5214413342335 711.7163554240905 383.8859277943261 0.06822828203439713
1063.4922802153105 407.1513912467722 1087.224521402659 440.5921770940098 0.06807864457368851
322.3281660766983 407.5735568959731 346.16715271148104 448.01762741069314 0.06805307418107986
627.0346157489101 453.3824915061427 649.2643439702077 487.3991851246264 0.06802567094564438
606.2328354371044 378.9772147224086 619.886197655946 398.3274792848192 0.06796754151582718
271.2401922925321 350.0446561781605 285.18071531883254 370.47387311526006 0.06792451441287994
1024.7541219688023 279.39234402567934 1079.2380569741285 350.641071652372 0.06790771335363388
476.19051095696483 406.9984492315977 486.81068832208103 423.39033726467954 0.06789835542440414
-59.90992563704862 562.218702313137 131.4539803609863 777.4685866809099 0.06785165518522263
228.44907017490254 367.4520600058053 242.47086918008384 388.2918531052465 0.06785069406032562
448.5255527792365 434.0461735973941 477.47812481947193 479.6284987925633 0.06780020892620087
373.935105270444 416.01653749948207 396.6228950431312 450.2902654381503 0.06761950254440308
123.62015266139497 268.7520602015201 142.72615725381328 291.0107617976782 0.06737693399190903
303.6172031888951 262.2718582130894 354.0151754608162 322.95748204927577 0.06722547113895416
248.32065704225965 416.51972124836686 272.94538790485734 454.29771020116465 0.06706807017326355
957.7359333174024 384.2219245032726 970.4282284209385 400.1895343625098 0.0670115128159523
81.5330165761479 260.72945164848994 99.83257949090802 282.4666230486688 0.06641137599945068
260.2677952452767 355.26083343156364 267.18139752362885 364.1329772250168 0.0663629099726677
585.9071816415635 401.6444789922391 603.4025802509608 424.9015173433616 0.06634288281202316
641.3127793371012 427.5000071779455 655.3674416687259 448.049085419014 0.06618738174438477
634.3832066669875 365.54854389792126 645.4798571846932 385.650143323372 0.0660526305437088
-122.49382253831398 364.3613964373154 297.4771225361304 874.210131226082 0.06590501964092255
727.3466704775697 423.17545328709014 734.3312448063225 431.70803380154416 0.06576385349035263
617.9373359352462 425.4010444716108 627.6322875953294 440.39651413939976 0.065599724650383
-1.5911720131251021 291.87150591400257 71.19215301816789 395.19990401962 0.06555569171905518
464.327167642688 405.7029371011524 473.18847939948535 419.73798835236187 0.06555195897817612
621.0921951949274 377.2349285127433 632.856170602013 394.5793076676785 0.06548769772052765
287.0997490560423 464.2721875232944 310.1866558579468 497.6434288758062 0.06537516415119171
343.2056621518183 208.31668655768044 407.5259242262531 286.4219494228364 0.06530585885047913
712.3919865023787 426.4254105618633 718.7050122559372 434.862791847262 0.0652884840965271
214.57039161972693 431.00470770957645 293.8637443620552 540.8524024744069 0.06527330726385117
275.7897688087061 367.53693980759454 285.4033323416455 381.8657671081828 0.0651969239115715
282.84111292480725 378.9015828872778 289.28546875778994 387.096300931181 0.06509578973054886
807.2089732104183 -9.555947357686895 867.1859584121121 44.14640573975943 0.06494145095348358
330.50178415766226 341.06413547971283 359.22088676961664 380.82500792846383 0.06492163240909576
115.54498331458963 250.53799784915267 131.66850643517049 270.3139482650346 0.0649087131023407
338.4315400924752 419.5325861930351 358.4225000417237 458.3677181444204 0.06486150622367859
-46.546608838385964 225.50716250350968 120.58873355406372 443.02063337540466 0.06473084539175034
164.89448038940972 230.09125330189585 195.60290409390302 272.1283837285552 0.06461071223020554
296.40268160432214 354.65302367707994 332.4304382935909 398.21444473202 0.06441160291433334
202.3098622680365 211.9584271257487 244.5165655920608 272.8376651397787 0.06429795920848846
441.2610107175141 340.86419907085343 543.1387060732264 488.1165496436286 0.0642320066690445
340.66887675310403 467.05923843947727 347.5468225926647 477.89654958090455 0.06405456364154816
102.95400260679094 207.28677469244897 129.57976177365668 241.301737625189 0.06390917301177979
381.22069387485465 438.4480962499659 419.3311714496877 493.83533142970055 0.06390470266342163
242.985366651459 374.72210689267484 251.02125913099258 386.7548431507943 0.06387918442487717
535.5015853502339 405.9997071165754 547.4297669218223 421.38167598270184 0.06384263932704926
151.7200980240491 273.0892762150928 174.9280901207012 300.9342191291514 0.06364932656288147
881.5290402050498 305.59076380292703 957.3589121915061 403.1504646454916 0.06354270130395889
733.097344222014 299.6229671727066 808.8391660122471 387.11313710426384 0.06322384625673294
173.62921172968151 246.60659370456634 387.4388114760426 465.7952716434481 0.0631120577454567
123.63644900894153 475.0408623061864 132.66524521120363 486.96851060002314 0.06297347694635391
948.1296484095216 245.72922384680606 1021.8814474165943 348.50354813601734 0.06251754611730576
738.3719768117271 345.58226309238336 778.7660460042791 399.04538381253155 0.06213537976145744
270.21370466164194 224.3214568530686 335.19254866981686 300.64415729582794 0.062039755284786224
243.5649033688622 332.12789512800515 251.76380429103784 343.41617259317303 0.061969418078660965
97.33377988660376 259.8376169554444 107.54961076841542 273.20538314241367 0.061697088181972504
127.49879598806504 305.9807341713176 150.9004079464487 336.54382177963726 0.06135602667927742
377.6320831436882 337.11253878293127 397.90043730066685 367.5388253335478 0.06135530024766922
251.13931944617607 429.65924333378865 353.2850010539225 558.4375727018876 0.06134514510631561
1028.5885720291908 423.47201020325855 1080.2201502575094 491.26819769157163 0.06127635017037392
283.50673471389786 123.18809270491309 368.91048585256283 230.91113961929497 0.061204828321933746
1024.4485284802172 187.5006570654873 1104.323629823311 293.5711854122732 0.06094640865921974
337.1962682990928 470.34471560210284 373.5018955943765 527.9048238731912 0.060915250331163406
261.29340844614296 303.8156034556059 321.58596698079987 376.8369601265515 0.06090167164802551
718.2183661006898 420.27683364698015 725.0191344849402 428.9655185887283 0.06084522604942322
325.5987796673954 498.71566561942507 381.9814480127883 582.7247739928109 0.06072545424103737
293.0594535676482 424.03653497742124 311.7227232780556 456.63487831585644 0.06041697785258293
65.60192600942072 274.66706969176965 87.39954610583004 300.6438537549762 0.05990087240934372
-0.6937489463249914 460.081485680027 6.973532561170853 470.4404025157413 0.05982167273759842
474.92281432905617 449.46565586604345 513.8782457788318 498.3609776022145 0.059761893004179
544.0479683701175 395.8469777880924 555.0171014039154 409.71065948055696 0.05966905131936073
153.28319980195923 441.9943452596683 164.4254971807562 457.5850402906838 0.05869702249765396
87.14440991442697 310.9307445743557 114.57270252093713 345.97620336370284 0.058575589209795
1000.7013941563683 -32.96894427138379 1097.4315535132089 81.44663865640076 0.058427970856428146
816.4220619852024 228.08413498608527 897.1785421422767 316.26317503262476 0.05822782590985298
131.8784916814389 418.468552904526 165.12931408155728 461.6604066709549 0.05800981447100639
238.37118136724325 517.6671119012254 332.0728952694963 624.5466399034823 0.05761817842721939
-21.349237632896546 110.30812719875222 74.09611672713001 257.78415978290184 0.05760094150900841
236.07158691466682 177.81620413026806 291.8150590394216 247.52936079664843 0.05732017010450363
141.755795009022 203.1294291524588 169.5248699451107 238.39591940525784 0.05716361850500107
273.07078337994665 -30.640026071070455 405.67614648279226 107.21915428722478 0.05698432773351669
143.7423219099501 441.85169826619546 154.81469029545937 456.7420749462347 0.05691569671034813
721.0872917776692 400.0539110809494 764.4507960873266 454.3322761993608 0.056882429867982864
328.4780731888165 473.0057015631969 339.8431353790317 490.3809470877029 0.056750234216451645
143.92443883455815 475.79948438674825 154.7320015304475 490.11537172544166 0.05633619427680969
921.8410789373787 59.73341829713154 1150.8116586537617 342.41420609009094 0.0562882274389267
324.0764056074605 21.0655459778217 430.6207568124399 147.07460191753927 0.05619637668132782
166.29879803923023 442.6723710955639 175.83429006486085 457.57131724281925 0.056189700961112976
675.1678829108229 318.4738370296646 719.2995576852337 377.41694779532423 0.05596722289919853
53.03436781755573 201.0420144460796 82.4980002046594 241.54832410905632 0.05592842400074005
278.94867812623306 408.2370111240689 304.880760307149 447.5503636833808 0.05578627064824104
255.9437907484066 264.8637949190301 299.26107731592435 318.1954362678724 0.05538826435804367
524.4146566048267 377.79631825829927 600.3785711653106 481.36641951304006 0.05529157817363739
342.4776985755282 476.3489538879609 353.91960206599015 495.3381325402055 0.054967597126960754
214.007587401263 602.231609825383 333.88639949544927 737.5747158203761 0.05465651676058769
543.639828581486 381.910315090726 561.0840404023058 405.2571937613485 0.05460719019174576
-7.31774232386209 -10.811698061089599 26.576124179752085 31.97495546481884 0.053979769349098206
541.5897409761168 623.0828185445486 664.9322197784261 759.0794231000406 0.053965941071510315
203.31880920807407 25.77200078153722 329.9177513736256 174.64506829860443 0.053128503262996674
-15.601491542049631 428.11141623553607 86.86107838406058 559.0835841523602 0.052268847823143005
133.74655182413497 442.2771966048341 143.0895065425877 455.387311878023 0.05219901353120804
