513.1426467604368 361.20100224853763 521.4747108262654 372.38651049384896 0.9987050294876099
480.3868933719987 359.178296551139 490.00651672863626 371.0793444159926 0.9985034465789795
881.1251931992032 330.3006943246899 896.7211573657166 352.5484596356223 0.9980308413505554
404.7030605035826 367.33951658334996 410.4011856494334 375.12006539473447 0.9948614239692688
388.39328784999014 368.4170631691914 393.45299673699407 375.0762929205099 0.9772263765335083
910.3002160019075 328.7646127124407 928.4764205885082 349.863134918021 0.7977579236030579
415.49184119603456 365.4992502720546 420.6939717886669 372.44603459522796 0.5560736060142517
790.1076659493361 300.9811568167804 806.7873229142158 326.19930840208053 0.5485299229621887
723.5994202441725 338.5362378315429 729.9886823172068 348.3730096076681 0.5431044101715088
466.0107738851593 362.8699399383507 472.6477505093402 371.06095985081225 0.5159505009651184
541.2215645685945 365.6843976942988 548.0379982121245 376.27197155652107 0.4480493664741516
445.92075203750346 362.0656399103855 451.8136529183455 369.93942887536934 0.43932780623435974
649.6174972912546 358.9172835297428 661.292256256124 374.56680907671426 0.394607275724411
461.5324311485875 354.30140070247984 468.2197120262864 363.48704991777277 0.35547366738319397
808.3879318441262 335.0093385903064 830.1458116976428 357.800388289777 0.2860456109046936
444.5050308563411 353.44486631487547 451.1138330285085 361.9008628799939 0.27663320302963257
541.253583959626 357.23878062024534 546.724691148463 365.1146233913146 0.2761438190937042
97.33373512616446 12.415048815021803 173.27017712153517 92.7587076277679 0.23061224818229675
262.1089274645651 204.17741744772243 270.6628460248969 214.8689633911098 0.2226303368806839
405.5905407900492 361.3032894396071 410.8402681966385 367.57525352874484 0.21304138004779816
424.95208150071545 363.6222866615484 430.844709266744 371.75667445000994 0.20445433259010315
364.9785749338053 398.5948695854274 370.19513876674256 405.6184406187874 0.19984330236911774
827.6703693632835 320.3358865430542 846.7825324042843 344.279502223497 0.18897929787635803
854.8126537124175 321.1075617506423 868.5491669056757 340.29244852185474 0.16628308594226837
485.45140063800784 349.4506020749423 492.3743825504135 358.19062975007375 0.1608452945947647
530.9946291456822 363.71415466485274 538.6948625516143 374.34657106137786 0.1407972276210785
400.00827036321346 377.0903035595595 406.1370576150892 384.74592278697696 0.1357262283563614
489.98738184107697 362.70661167857327 497.02175656230423 372.33510721445117 0.12900516390800476
470.09417507249594 366.7901836363349 477.1301723583126 375.756823792383 0.1253349781036377
1029.811015895192 320.6654302169202 1065.7126067290635 362.4102890545784 0.12461420148611069
421.2213441051306 374.6516668944063 427.16205548644547 381.85717079064386 0.12088731676340103
490.6878876469834 347.55839927993463 497.7413011773083 357.32878316337803 0.1203378438949585
426.4017329149401 356.7556009636024 432.1069345615385 364.3814638235781 0.11991654336452484
428.470557007062 383.50136981403523 433.58357157796513 390.1271268028933 0.11629785597324371
429.0833524679872 369.15706390493386 435.16330048515727 377.3744294081856 0.11503305286169052
613.8647789121472 360.51359109371975 627.9641792223476 376.35566943657614 0.11494187265634537
802.0411795855007 313.05228390926334 826.9604963804586 340.92673115854177 0.11395105719566345
431.6261855273535 373.08088619696844 440.33862159405686 384.4125023832553 0.11275403946638107
432.1687397917037 360.1296507491633 438.60815602778536 368.75663385382103 0.11113277077674866
532.8825416957541 312.69815592654095 556.7708211072404 342.59540649832746 0.11108158528804779
421.1246632021132 382.38978676999807 428.3492842116856 390.99443458205445 0.11085274815559387
408.9646111227048 404.7334827560471 415.0579184860635 412.972423440184 0.11043781787157059
604.7580498213421 262.87763652791796 614.4557585999752 272.1185812505058 0.10969865322113037
426.1729473588131 393.6065832594287 432.5174209529885 401.60750644684384 0.10916195809841156
477.5300885913095 322.6680306511153 487.07591993155916 334.66780337106593 0.10823864489793777
710.0402858922425 361.6469919057244 727.9005709280553 384.34491047137004 0.10790569335222244
410.7990667933604 368.8838577526678 415.4021015506145 375.207929456243 0.10743770003318787
451.85370348909623 361.6825042160098 458.6368902253807 370.5842086452502 0.10700850933790207
469.6861803747341 354.0701956757292 476.029278069533 362.85966338273255 0.10684870928525925
427.9047338884594 376.24830199333474 433.813915961452 384.1214100026936 0.10666069388389587
399.5125015910663 400.4628326654686 406.47700589681455 409.13331604852686 0.10655379295349121
455.020900349362 353.7405037269774 461.8787511092642 363.15948111166955 0.10608850419521332
786.7608952677871 373.89929776460923 807.8806982406614 399.34611664460647 0.1059759259223938
439.10488228552316 369.1874748738654 446.6083936495699 379.02919073497395 0.10572171956300735
696.4097861285034 338.4690248442318 719.6803789685936 367.4107780973202 0.10566294193267822
550.6802054295329 315.2814151886385 557.3474475288284 322.3742058637674 0.10556762665510178
494.7416417656303 363.19888742088983 502.7716584696444 373.9272847241272 0.10478958487510681
418.86414812571195 360.5425803399096 424.74895080976074 368.19533386804903 0.10448476672172546
192.2975324732617 286.6962995429519 234.03508623118705 352.39358333514065 0.10438673943281174
424.7442627538599 371.2120423181015 430.47036764268375 378.57670825695334 0.1036238968372345
411.14314256491843 363.8146183078584 416.87386911531144 371.47340949310484 0.1026671752333641
628.4629288905803 364.0436826455673 638.4113303204715 377.04265925112185 0.10225810110569
801.6307255723823 358.6313941746326 827.2188572869543 388.8444302424796 0.10209295153617859
699.9254585888715 356.27572449062285 707.1260875931081 365.60574275069337 0.10192377865314484
525.0251955047939 365.93284101611243 532.3530786974882 375.89689341130673 0.10169652849435806
536.1399850086997 368.116804716653 543.3953702902186 379.69908391264994 0.10150515288114548
156.1230143667209 26.400319929859535 243.59349929697302 121.52924615947043 0.10139116644859314
548.6459378652827 369.1722688060814 555.54810478392 377.96692932720845 0.10117063671350479
717.9520805564969 340.7141258698497 729.6966435284027 357.1176720347906 0.10099779814481735
439.4736371310417 359.1049517252651 446.58164327308117 368.6261014356176 0.10098940134048462
479.52663035691484 346.77060853668013 486.6898017948339 355.9324812936131 0.1009482592344284
427.3667557066031 353.99298088637585 432.83118130790075 360.98970783644523 0.10088511556386948
435.72145808631166 351.63309771288834 443.1186479313791 361.37147102975337 0.10066171735525131
397.1869182022133 404.06180504514936 407.3724597851787 416.8580891536 0.10043520480394363
640.9311536120878 361.5660692894324 650.1706788952131 376.1838185171739 0.09996619820594788
387.7298334337522 360.3065612977109 392.9933452530787 367.50066021874875 0.09977992624044418
415.82528337088894 354.47607603799713 421.6783087891725 362.08466381506764 0.09968912601470947
504.36040274239815 373.5889147481017 514.4713152184459 387.4663441458399 0.09962587058544159
189.43218340547247 145.81336871398238 227.014054963801 192.0478568438316 0.09957708418369293
453.7576495496081 344.1134895032453 460.3659552420913 352.8382825191799 0.09954846650362015
457.43436098874804 362.16980006175794 464.3809282072685 371.3473559600881 0.09954673796892166
434.3536173439845 365.0027252445702 440.93911813983084 373.9411038106339 0.0993814542889595
776.3226740915354 384.9003759610224 817.3370975198438 431.8505058439914 0.09928558766841888
538.3562034623403 374.5018200328213 544.9737240584726 385.95809835243006 0.09916625171899796
433.50816917706624 380.07351070341315 441.5897232964809 390.49187987762485 0.09904593974351883
528.5956572568209 354.8079507888992 535.9102267234396 364.4062065324236 0.09903904795646667
710.8848011676217 346.24814100177986 717.3650828724727 354.747897105495 0.099012091755867
842.8101962402804 332.11822012514517 855.7434464974208 348.34633650937235 0.09863374382257462
488.9004376301645 373.8997978318893 497.41429932869846 385.46288959431934 0.09854274988174438
419.327791490918 368.61912994067393 425.8380413417572 377.1595349799205 0.09833721816539764
773.6688572682872 346.8682218184992 788.6164183310383 365.80896070104563 0.09822072088718414
127.30416027800165 32.37839127284239 148.88506206382968 56.7538920871337 0.09821146726608276
677.0866491955975 326.3702521097198 692.1143493693537 342.45148271702624 0.09791921079158783
413.82277906784736 372.61574783744715 420.39548573818985 381.0572945526072 0.09763243794441223
426.5347879307548 387.6956277893822 432.31937412411924 394.70697794400223 0.09759833663702011
475.6111672815868 367.92548907260436 484.27802766196356 379.4895478619946 0.09756822884082794
414.3635775244399 400.6107119393216 420.486611667247 408.8140435004499 0.09748221188783646
471.9213107891276 357.89671180619774 479.3677038780307 368.00527106363586 0.09722144901752472
412.59846251712713 384.22367054352276 420.1278177340069 394.03138027946943 0.097096748650074
501.93168654806675 358.86258866281383 510.0422100178992 369.8096601520593 0.09680814296007156
926.4010379270464 362.52402442462284 937.9461082531468 379.60740129479973 0.09672634303569794
431.2606693255549 389.42830619877657 437.79174885950164 397.6030310302333 0.09670820832252502
466.47597942619916 329.8252346894175 477.22234432658234 343.95654776304525 0.09660687297582626
430.19784157364546 397.17274744117066 438.9054624892937 408.06736269438903 0.09623231738805771
458.41724610314395 324.53375570349465 467.8888364708087 335.70649497801196 0.09614846855401993
458.6284837660995 346.276230791354 465.51207838703823 356.08863047274366 0.09610515087842941
447.7037393901482 346.48975869490937 455.7755943641539 356.6245730747802 0.09585591405630112
533.3191672152606 356.24138488825076 539.5222233489759 365.18805221221766 0.09571411460638046
522.5581023586537 360.82908792877686 530.3106987420251 371.30979654904775 0.09568459540605545
468.9217148808076 321.851734990166 477.03075963202025 332.03788354573265 0.09567569941282272
792.8269442172661 344.9322678463248 812.5989637393191 367.54161444509015 0.09564867615699768
474.0751320161064 334.0853085453226 483.9722543010671 346.7950977403252 0.09551621973514557
706.0295517135048 334.395365251279 713.141317737454 342.30775929507996 0.09535956382751465
709.5386703641769 355.7236064192087 716.8123862179496 365.54320013929856 0.09527537971735
346.63631035869133 162.4815251834748 353.18219836322817 172.47243168323814 0.0951293483376503
398.7562686641706 391.8270678450845 404.3157551544795 398.52214087187906 0.09498287737369537
396.52710356611436 364.92865823492014 402.17958124355556 372.3889276872593 0.09497392177581787
415.7896623607358 417.2071694826317 420.0925475474093 422.72957184743075 0.09486810863018036
460.3720580888188 368.7039226500063 467.2211042538158 377.8155478274048 0.09451811760663986
528.8138192045684 391.518320397908 536.0260099859103 401.5792008493977 0.09444444626569748
402.73952272555016 353.3018232257478 407.89780950084355 359.86785646098184 0.09441811591386795
413.08001259986946 359.3759873416332 417.6368741871923 365.25769954382537 0.09425947070121765
535.641877519056 353.28339252756274 541.8958020081582 362.46756514335533 0.09408435970544815
365.3011690115517 365.1771452289257 371.1067426593248 373.8713085738826 0.09398520737886429
527.7325580679545 342.38424430378484 537.433757989364 355.12326428244285 0.0939803346991539
516.423358611225 324.7029688628201 524.2501685271519 334.01387649930984 0.09396559000015259
490.1887841268698 336.1998615448877 497.563711480521 345.67602755998166 0.0938352420926094
659.8734048136772 413.8913493473062 690.7368765348953 452.3269065363355 0.0938045084476471
404.776461615029 386.1955296748501 414.93419427800063 399.232128098744 0.09376580268144608
522.8345779441753 375.89732502511555 531.822629048842 388.38342944305793 0.09364254027605057
556.3261029670155 365.6459550245799 562.583727322307 374.4267791481514 0.09349963068962097
463.24045549174264 375.394670761605 471.57652999256226 386.73335663749543 0.09348078817129135
809.9438934679437 302.3837390558679 829.8665287146746 327.0578373149862 0.09320409595966339
634.5593110905885 355.6289258891268 644.9831635946152 370.33379187383446 0.09312412887811661
545.6092734558292 361.6992077153874 552.0143023675384 370.0966858559805 0.09301551431417465
421.68697393524064 355.3704532521834 426.91008699931035 362.12717987431193 0.09300825744867325
784.0600117174205 327.5471025116422 805.4433520446689 354.409838980246 0.09300663322210312
512.3496559721929 346.91432602011963 520.4365869689951 357.61850466321374 0.09292791783809662
415.92981202779606 393.6668773303265 422.291577221621 401.86668783124225 0.09288518130779266
432.56396156569707 366.6297461215004 439.1750208240227 375.404611823208 0.09258352965116501
408.03657400112246 374.17766188857814 414.72008083977636 382.8641536098015 0.09254195541143417
550.2313475184654 361.09057468883907 557.8110401261262 370.9516952808821 0.09253202378749847
622.6683211790443 352.31252815423846 633.0308476256018 364.910555748119 0.09231316298246384
729.0197499909933 331.517863913854 749.3290556648232 357.7751472231723 0.09222391992807388
475.8112551928023 354.8663934249497 482.8998365689575 364.2485673030934 0.09220606088638306
1044.7164292834743 286.1007726433262 1084.4205262766175 338.4836306577351 0.09214604645967484
472.1329205868849 346.65278612619505 479.64975126151813 356.66031773577356 0.09206518530845642
484.9806206476524 338.01710089228817 494.45058751484817 350.54202836969284 0.09206503629684448
776.4065322742283 451.03029305466987 784.8236378865821 460.39181181649184 0.09180184453725815
737.2565210490902 308.69851836418974 759.176159732534 339.31323980538076 0.09173578023910522
769.6260643038181 319.28217442447703 790.5616074843709 347.4696690507677 0.09134646505117416
545.1434062911969 375.56046891445504 553.3968919127288 387.60171261775884 0.09117016196250916
527.5236933898826 335.30648647416166 537.8271675695377 348.75691935982087 0.09103420376777649
446.8194848792747 376.6638150386913 456.33802986449354 389.4002366909115 0.0909765437245369
449.36748227739207 368.93680231088183 457.1707485829868 379.1588834476347 0.09087888151407242
440.8484572693627 377.25966865096075 449.86408795501313 388.03642210404445 0.09087812155485153
514.857959397605 381.12375864819086 532.5522507072093 406.82753311833983 0.09079845249652863
541.6036460259021 343.4850422949461 550.8641327886833 356.47965075154116 0.09069894254207611
496.9251118963791 342.0898525224792 505.46595817173977 353.1299705804132 0.09067422896623611
400.5449386753025 360.79308313011427 406.6806415889512 368.8991045799294 0.09063538163900375
506.38323474361397 362.33518526257893 513.5880070400245 371.8555446884212 0.09060763567686081
460.75384769372715 341.68331109072926 470.7627505535417 354.1400205145736 0.09051191061735153
527.4115183132321 372.080906828013 534.9686963661073 382.1728724192375 0.0904630646109581
503.1536686935123 393.260315393336 511.4985549099396 405.48096130327036 0.09042221307754517
665.5312571686339 340.0002776605658 694.6330249893405 376.64183819960334 0.09036920964717865
546.3934845750756 354.2486431521704 552.4390080811013 362.9678116726582 0.09033393114805222
688.2122509092848 320.380976983815 711.9861977548112 345.73299643538553 0.09030686318874359
498.56000953129507 370.1684196018344 505.89987133375246 380.1705872350075 0.09017469733953476
405.1490353961766 377.1553695932432 411.8475591247199 385.7251288562529 0.09009470045566559
969.3768532458726 337.95850347715174 985.0302327966372 358.8166625048516 0.09003770351409912
521.6793607115353 348.47285094923507 529.6172687221551 359.0054954134551 0.08998256921768188
680.0339158028679 391.25022879907254 701.8148215279439 417.8196213780968 0.0899648517370224
1051.0759308880583 282.8575423907255 1069.9926616474775 305.06616313362406 0.08995514363050461
537.9747608676346 362.1043853261659 543.3742277293661 370.53398385655817 0.08989712595939636
502.58584678019565 348.48233148831014 510.79161388003547 359.3251520529363 0.0897875502705574
427.05420107257527 346.0517249480173 435.7041239617339 356.9443135269198 0.08976038545370102
408.8870864523131 356.5040345290166 414.31073522351215 363.3020779846308 0.08970075845718384
415.9188341873545 408.57206708773424 419.98850857607493 414.2651565649475 0.08969247341156006
92.15520172644301 223.31696873896442 99.47014013381373 231.66856359947477 0.08954335749149323
713.3630737125563 335.8586597970851 722.7974560176688 347.92979994898377 0.08948029577732086
558.1327374374218 350.8375295333491 566.8262632873156 363.20483504539106 0.0892844945192337
471.8955499254344 326.7634977804891 497.02245631791163 360.15499245323406 0.08914417773485184
455.7030174767634 374.4561254606892 463.8741427244216 386.16500745750807 0.08886789530515671
449.82577951281996 355.5465664094453 455.4845169233135 363.33794868085636 0.08868518471717834
434.58103982227556 343.6706117885116 441.50827400964675 352.7862727271936 0.08854562789201736
752.5083528566229 342.6416695137095 774.7273022807087 375.17598722206327 0.08849702030420303
394.6456347993288 372.8301200603484 400.59699382758686 380.4140809119747 0.08839524537324905
422.7259515350596 399.15121046528833 429.205644594431 407.8840407696348 0.08834876120090485
553.7082752590842 372.3857266972141 561.7468929574703 383.4161684389312 0.0883283019065857
740.6603341226369 392.26798221990174 758.4800545991147 414.10974578983956 0.08822837471961975
729.9892193823322 357.77086597933993 751.1417602392854 384.21886922504615 0.08806388080120087
682.6748154207806 356.4723434577386 702.7130322590176 381.136383258789 0.08796006441116333
404.80974991735303 402.9779292972541 411.05003682448387 411.2036500604451 0.08795645833015442
397.94603071435387 369.6460963448704 403.2772375300811 376.7422516440803 0.08794170618057251
344.602350618985 165.53938462178292 358.3377226524642 186.8852230036201 0.0878562480211258
147.43935924377044 247.45918556110266 196.7973996902232 323.4678942371923 0.08779269456863403
516.5493252604042 334.01196639955316 526.3910952247571 346.73942775477195 0.08770664036273956
631.9934006780956 316.7628545111502 660.2977237431991 351.4380450281558 0.08755376189947128
533.0451472050883 373.8477068889919 540.2799439770092 385.0242081164729 0.08750811964273453
406.2422658200564 396.9734245178489 412.8202010904425 405.3734377521534 0.08749673515558243
441.9969662686096 340.9422255408152 452.2971147543399 354.3453101317449 0.08749589323997498
629.664414147553 374.59460319520997 642.6623644894357 392.780328129786 0.08739252388477325
339.64202609231035 154.81423058732562 347.2585855232614 166.64668557633146 0.08729684352874756
382.76265455561247 348.88590785997445 401.10960497022205 372.17983902978597 0.08722397685050964
702.7165735512314 331.8636302409175 716.5087546312375 346.6684145288453 0.08720719814300537
500.1208002695812 382.49556320239844 509.73392682695794 396.1400511526904 0.0872047170996666
748.1423653641859 293.40776685621506 779.4524086276924 336.1922048402656 0.08713391423225403
274.2894501825886 393.0244957100256 291.9843417508761 414.6249063937462 0.08703713864088058
160.0721187981516 104.55587643714718 200.2969568582822 148.36666303792512 0.0870070680975914
486.05805245096127 332.35341441548087 493.1611172262915 342.33347167328077 0.08700703829526901
395.3953042314416 387.13678426772327 400.7546009638477 393.50210575394016 0.08699042350053787
390.05947945836016 401.5385899904453 399.34962553086154 413.0549139011053 0.08680040389299393
408.7935547468518 381.9533569923044 414.9867812097129 389.96588957271774 0.08666856586933136
842.7556705360864 370.3655866229676 865.0635590090099 399.28700357985497 0.08654700219631195
446.4888145213035 336.1861600157226 454.34701180675444 346.5234435687004 0.08653709292411804
699.1935886752201 364.51469124326564 710.7595057645976 381.0287524799078 0.08643371611833572
411.16382512582516 401.4978262680257 415.81905557337967 407.53053086479656 0.08640969544649124
846.714488696554 427.89243993497803 866.261202060628 449.6846384271124 0.0863543227314949
927.801319275855 336.9742760068371 939.4264041939705 354.3868093771337 0.08633594214916229
396.3739877216147 350.6106547065588 402.70405562866716 358.7532555219375 0.0860632061958313
718.3052042740634 377.3476706722579 740.4189646502431 402.897096890328 0.08601760119199753
421.5114103903622 406.37453716050396 429.0863338451185 415.869539031951 0.08600442111492157
512.7733376090116 375.64360315335614 521.9048312066334 389.25968794269 0.08599624782800674
695.7361094339853 368.7955250436499 714.9556850592932 395.14556866502267 0.08590415865182877
535.1289915551687 332.9520663502814 549.2793526450164 350.67585934353303 0.08587877452373505
75.50872676944995 262.36498556628845 116.16463980984203 324.2399652575856 0.08578886836767197
1060.607328473734 317.1542136052473 1083.856937622474 350.2524000486783 0.08578597754240036
518.0029966421332 367.9086023359609 526.4224106630022 379.828229341078 0.08576059341430664
768.9214129328028 371.13530008003494 789.256512405338 397.61338725870945 0.08574722707271576
399.02156046814144 346.04037200119603 418.2616731938052 371.57465470085657 0.08572569489479065
609.4999792611208 255.80499428976768 621.8656350633034 267.19221179659235 0.08559409528970718
721.5998445609052 323.6631853329329 737.2815784426114 345.32215611481905 0.08557984977960587
416.78522257977795 378.7514276344578 423.3022489150788 386.94469996919736 0.08550861477851868
818.0836648563234 299.2823861310549 834.6741095028962 320.0913079053307 0.08542279899120331
402.5227943608245 386.4179532558415 407.5808143494357 392.8592975333892 0.08538870513439178
385.9437321663158 339.5003363990325 391.7918821228539 348.14124965162176 0.08527234196662903
453.4039207640467 333.2698554973645 462.24553844113683 344.6269267888348 0.0852275863289833
764.7844608605185 429.1298922836771 788.172968780626 451.7456246652049 0.08515281975269318
391.6989829301281 383.0030695618152 403.4790457199674 398.7760172153516 0.08504809439182281
659.9700745395553 360.55022228903596 671.0576776952925 375.65385679778984 0.0849330797791481
419.34221980418386 387.06115875224594 425.98777039511685 395.2865069961273 0.0849325954914093
601.9163530465248 327.58705038895715 627.7236987836341 361.94207529334466 0.08490464091300964
448.5733213348827 323.4022799283967 459.2535417985333 336.3523681517086 0.08468380570411682
484.7075563894129 382.3097599799955 501.9885922066731 405.6007166239605 0.08456935733556747
488.4337056880427 355.32230628544625 493.92628178808724 362.82986046181367 0.08455117791891098
851.2693299863826 337.4764401656989 866.8227800349844 356.2049489393724 0.08430346846580505
684.3227857142938 341.5342625208844 697.0455724858172 357.8659176932628 0.08427213877439499
621.4034704587084 371.90934005450214 644.1345187389669 398.355777418397 0.08410236984491348
104.0908630032878 450.1163061634139 141.9887158341812 501.3695018583661 0.08409842848777771
393.4359968975237 359.6726528315729 399.1454862767743 367.1177748619263 0.08409295976161957
794.3408823617084 410.88193010715133 840.0127923654665 462.20037089736866 0.08404669910669327
456.1646084250602 363.54956395137714 476.8414053916637 391.6213285941977 0.08396683633327484
772.4070547783664 291.76903232461467 793.5569427416681 320.8078300811984 0.08395526558160782
1004.9714006387816 353.9626570862319 1015.4875060327322 368.8644939501446 0.0839066132903099
763.5117250653451 339.1881399928899 775.6279521576405 355.9079673846387 0.08388404548168182
407.7590557034078 351.7100233727311 414.0377724696912 359.4713989662109 0.08387540280818939
606.0556043464528 336.1933608787651 649.7880240866357 393.1039183408776 0.08374925702810287
388.225146806356 324.2392535769598 395.3385509139424 334.7595965277587 0.08371724933385849
437.0928543941369 379.8277728038694 453.4578374400812 401.24849877263745 0.0836489126086235
120.10912824384548 102.07960532303787 155.94660933911916 144.28693665423512 0.08344859629869461
479.7455941573651 374.616203651441 489.2167121207949 387.6338333308311 0.08332298696041107
461.0355681907552 362.84052815913765 466.93008126772133 370.50898487498347 0.08329419046640396
830.1867519789972 345.67930797803365 850.1641716219597 370.8494429879549 0.08328329026699066
416.70195750515273 411.1452778600531 422.98203978641845 419.0662566199201 0.08322672545909882
625.364585247796 338.3598437002696 636.2617425347511 351.5936204570939 0.08320903778076172
517.7441081965482 354.22139997415525 525.0271105617393 363.9983662254907 0.0831865444779396
566.7816212634491 259.31385133596405 573.7705526298876 269.67214936818067 0.08308960497379303
206.03959347539055 321.0819108177422 249.15551302347015 385.5513608657116 0.08302383869886398
384.57225330981385 372.89079553417423 390.47256363031374 380.923936293311 0.08301467448472977
398.01727747736805 396.06555520593923 405.81255288396335 406.1881858137343 0.08295325934886932
633.1022492365906 385.9826572674155 681.7721189213453 446.47924502792966 0.08289266377687454
420.75495363807954 348.6912007532687 427.1524730273786 356.9568714030836 0.08287640661001205
648.8133941829539 372.11775117337817 662.8757295052241 390.20195044539275 0.08282798528671265
891.9640253528873 345.3644140739707 903.9215402818983 363.76084240932346 0.08282037079334259
438.2292742833478 392.65511728189364 446.4466546138604 402.8917855186765 0.08275965601205826
658.0532283380351 322.3834040616459 679.441213254065 347.2288443987646 0.08274795860052109
503.2698896718692 577.6086549460664 593.4023090622021 669.2814968758246 0.08270005881786346
253.06530931749145 471.4621985284024 303.00005782595133 531.9276684329304 0.0825556069612503
553.7850722955312 356.8719952159118 560.8410739756246 365.9636623775678 0.0825357735157013
422.3679779481123 394.3716086846825 427.9383672669272 401.38172325535743 0.08253059536218643
343.31741394734144 174.30626453975532 349.3392965512116 183.47755460346028 0.08241277188062668
551.4634161682001 349.4141255257028 558.977022082388 360.28919366575263 0.08240749686956406
389.04249016199196 348.5050087963035 394.5191364140007 355.7303523871769 0.08238563686609268
497.54978930460123 350.6772311301811 504.3899107358033 360.0457647247446 0.08226865530014038
355.9688918996077 152.11558217056165 377.0529307726871 180.94978927819244 0.08207712322473526
564.9316172807306 354.1758207099218 572.8077030960438 365.0567198390433 0.0820697769522667
389.1091657954749 387.2562448416 397.00944596571003 396.9712516452844 0.0820615217089653
544.3767798708899 322.49547970418524 554.1971741480896 334.48118816112935 0.08203034847974777
392.3532473700518 354.83907883703125 397.81716521607717 361.74588271245597 0.0819656103849411
261.10435883645386 196.22173810816255 332.4230520352012 284.0455334760999 0.08195497840642929
524.9809337385302 351.73745899150526 531.7815489653739 360.1434552534632 0.08192108571529388
617.0105361459223 346.9001493454098 625.5737576842222 356.78345173073484 0.08186662197113037
560.1374426610574 361.9547409292946 566.5543529033707 371.666865256325 0.081853948533535
461.9320602399725 315.0410903936906 513.5412382358704 380.0051845826789 0.08177654445171356
117.89871007845123 248.9484499177953 151.68411391168615 304.46612872038725 0.08177303522825241
670.2779293127737 339.2395228907991 682.6648810539709 355.42060303415343 0.08174297213554382
757.3304140429965 357.62151981845864 775.1579416975304 381.4649891264202 0.08173605054616928
251.9179585316127 318.5774291804645 293.78604657093854 389.8990275652865 0.08166271448135376
432.59883500957375 341.2863972446173 438.39705496957436 349.2568481522099 0.08163473755121231
453.84071649237814 381.5409038290293 471.6515316396053 405.50856881964387 0.08156924694776535
1067.9333870471842 280.957256401014 1083.5764768610454 303.5689899845919 0.08152171969413757
662.9184581615555 350.6509739052177 674.7907057289685 366.1461041838139 0.08151304721832275
394.5724501319719 383.00488140895254 399.9758512535445 389.7937870441428 0.08143089711666107
788.2816196128448 270.57301974104587 810.6941049160779 301.40052940361636 0.08129920065402985
383.6764719490382 379.0533529885315 418.55624077547907 420.4480523946571 0.08121300488710403
449.15929886936016 384.5715498885344 457.67265881599474 395.619249183088 0.08119937032461166
478.6660438900745 331.30967775984294 486.44586266633536 341.9224436990476 0.08112145960330963
1009.2502565155629 315.0855782385708 1030.690914857487 343.54783559478653 0.08109667897224426
392.25556834153616 340.103286002009 399.60977536703695 350.15321506138497 0.08108747005462646
146.49703604354488 387.01758042080587 208.97934777773497 471.16588686252453 0.0810263380408287
372.29804742170444 349.64274443614653 385.3442883811166 366.0446570492214 0.081016406416893
506.13398980181034 335.00364803492704 515.8265606922399 348.0189131669924 0.08096513897180557
659.0158888900075 373.37514387833113 673.6859147416885 391.6493919237735 0.08089345693588257
74.59254015256052 212.48916827027884 114.92614222323559 273.96497283695095 0.08084825426340103
217.33806877963121 242.39736802066275 256.25525586929973 301.1282111661464 0.08066557347774506
400.7497806446545 345.09960339650644 407.1030213977811 353.009695770987 0.08060351014137268
810.82792856878 373.5617676735324 835.3543683780963 400.5785072707924 0.08056247979402542
347.5532612885207 181.16055624073877 354.17165417515537 192.54788806794085 0.08050184696912766
604.7360746739032 361.5876356911806 615.5327264652071 375.1434314871264 0.08048616349697113
844.9916133022607 314.0695870970209 859.1442423545639 334.0026384500453 0.08043918758630753
606.138982167691 372.80392686971174 618.3205605272911 388.70988847186413 0.08040959388017654
468.4590565393771 343.72442850049737 475.580691801466 353.45903503206654 0.08032549172639847
255.47497421084987 30.532966271615617 349.0510086610364 132.07817881807134 0.08029413223266602
387.86082478369343 355.00247718064975 392.64631885531344 361.2446371631802 0.08027937263250351
788.5012433634203 354.96568783231095 804.9455508672053 373.5490489366359 0.08022890239953995
590.6936660257488 273.6449761337393 628.9458609018163 314.96970471154896 0.08022286742925644
381.01428333840397 364.51358245077273 387.3873221991904 373.0524700997271 0.0802006721496582
551.5281748570018 390.6119836483106 558.6282942849563 400.61048017361844 0.08018451184034348
410.13263201339066 413.5209985635579 414.7508012802193 419.6041983690033 0.08016911149024963
780.2130364992786 448.21940813019023 809.9283698454399 477.6923935972302 0.0800987184047699
768.1198441915064 359.04638556673194 784.0301971018524 379.7860026945434 0.08005770295858383
673.351885102974 394.0243131241058 686.6840908207719 413.3420548380625 0.08004587888717651
391.27418838000966 418.38073093889665 400.04195330913586 429.12272941059916 0.08000550419092178
729.7452328485563 380.5836950398585 757.7215327546229 412.81444518189926 0.07992085069417953
460.6080353107198 314.2687126633965 470.44892431076374 325.5718133671166 0.07990898936986923
296.599158583196 449.9028137907065 339.4957320589922 494.8368504946476 0.07981313019990921
696.8085094009073 379.9480882891948 717.7949993573149 405.73128497140124 0.07980687916278839
489.86351626443735 317.0966591579407 499.6415212644237 329.26746402407434 0.07979566603899002
541.4021059808023 395.58686987981656 548.7635489790063 405.9444155125636 0.07977934926748276
362.83701164819496 340.2321543587122 373.0228704701736 356.667929862442 0.07977916300296783
497.6369846087611 330.18950914620973 526.2223472685098 368.8990652260745 0.07977906614542007
390.05920922815284 377.7019942717975 396.276224866747 385.47985754455436 0.07975463569164276
530.1318700646935 323.56440905257915 538.8150253683141 334.69725381548204 0.07968785613775253
370.36586264720756 369.1723375178774 377.29202059577455 378.3623296556078 0.0796876847743988
441.2309067166154 386.07370747780914 448.8812007286881 395.72344615144675 0.07965191453695297
822.0007863488676 395.32312057215444 853.4165127290645 431.2400687742944 0.07963026314973831
645.5131266460025 347.50366644193775 655.3165232910387 360.43455144397694 0.07962745428085327
1026.9211096949155 656.9527144218 1104.6039279368222 747.8480074381024 0.07954679429531097
911.6677561588244 346.61505897552513 928.1231083963784 368.00621495669964 0.07954436540603638
538.1783340500215 349.97628070042117 543.757784431471 357.9765503715463 0.07948557287454605
691.5266067891391 357.4492469372464 700.988933223573 370.3031030055647 0.07940512895584106
731.6017329647342 339.8366262347845 739.865974896686 351.74483212872724 0.07939465343952179
556.6429493595946 316.84409813782344 579.7044895753552 345.8115274757178 0.07938399165868759
635.4385104628814 364.7023755747514 644.1366181372379 377.11180834792566 0.07922938466072083
541.110811443636 385.1278295939374 547.5867330071757 394.7922996488989 0.07916636019945145
356.4176565443261 174.08531770251676 362.04526234192195 183.3321799236346 0.07913043349981308
375.96803652518906 381.69962393974834 387.72090868718624 397.27161639406165 0.07910076528787613
561.9302622775679 371.6466847619754 569.8849558600064 383.20831900986883 0.07908224314451218
740.5622565260735 348.9571069953888 753.5448253340695 367.9222312779334 0.0790724977850914
197.65911747349537 422.6152894902682 238.86886100828363 473.5764401857879 0.07905875146389008
716.6251215573837 328.7729918661828 726.5660404339939 341.10387160523743 0.07903614640235901
673.4234954411722 370.3637505281399 685.4740715490722 385.7276963851967 0.07901373505592346
624.2681085760394 293.13320032565616 647.6134602251916 322.17259311000686 0.07887450605630875
52.40543410040158 337.8488379004958 94.01321845180257 403.2003739570675 0.07887355238199234
36.252596483722506 285.2992154431211 62.62697753226695 323.422100185408 0.07886113971471786
544.7129822461907 394.0922694486568 551.7824400660727 404.0674942548611 0.07884401082992554
690.2118053938647 296.1776104752638 729.8337143718883 341.80153217849164 0.07876674830913544
350.5783945958089 180.67124907202955 368.43859647348603 205.90718594555244 0.07876162976026535
42.03735896790681 439.7056390463668 75.72346098153776 486.137727617461 0.07874598354101181
377.5947382831379 375.6284652659961 384.3479131247249 384.3053718452686 0.07867920398712158
681.6094572707531 372.6820421143508 698.6180161757372 393.37474522225097 0.0786631852388382
133.99965016580254 302.7238570856727 173.09028821267592 363.0687297557613 0.07864761352539062
389.9244980356769 391.36481597820097 400.1284937421088 404.6420512227575 0.07861609011888504
532.2434945031655 330.8706653485245 564.1174962327194 376.07296306182485 0.07854774594306946
833.6465305750993 300.65937193503805 852.3724502148547 323.8656923399521 0.07849279791116714
121.37525378831286 452.15398126919496 130.28212956992877 463.3798199884729 0.07846466451883316
86.59344694586635 438.71690881316334 144.95198042755985 520.3227521659153 0.07833646237850189
876.893482366772 474.2122159640827 1237.818495260223 890.0087307701475 0.07831810414791107
575.0786289393127 336.1135949827335 611.9124170163975 379.83799740601404 0.0783175677061081
152.13853485401157 61.35600046949506 173.02011697647214 86.40148619239383 0.07830703258514404
553.8812804534549 331.9716235119094 561.93671216137 341.9280864690127 0.0782625749707222
181.01612374283448 310.8778452806281 256.8157999551153 426.7036665139704 0.07824665307998657
104.57577976157633 141.00129761720225 472.07190704486874 555.7559375803797 0.07822097092866898
471.81044709077537 314.07185190304523 481.73919548128345 325.0610249140554 0.078220434486866
522.4590903023674 325.2613200312107 532.4018400851901 336.86626281860384 0.0780780240893364
153.98509141391756 138.6323140254871 201.12064153327876 193.23588135894937 0.0780608281493187
382.27154416856274 359.2231339918675 388.46671750816336 367.46044931099806 0.07805000245571136
63.69010422367855 325.28335559238815 75.96484980000629 339.8688567011132 0.07801882177591324
548.8813296088148 335.5915068067099 557.4742947382116 348.3187162997486 0.07800937443971634
536.2646923990667 396.3536623288669 543.0421675945967 405.7550951157848 0.07795453071594238
121.47784913688523 76.56341516172373 139.06333098057218 98.26645777526913 0.07792436331510544
11.75044679074169 -17.66857545765446 102.01066099081794 77.67571216453439 0.07791393250226974
412.3413296971636 345.0059513940681 445.2589124485339 387.8951356714844 0.07791052758693695
507.4623394919903 321.9524667062047 515.7634030755278 332.6455939791785 0.07790672034025192
585.438605358296 180.9504412706701 919.5979746029275 551.916107954224 0.07789109647274017
632.3880825982604 349.8870300383152 641.7760778234924 361.7374003356625 0.07788596302270889
430.32936837828817 333.0892588773788 441.65777450996154 347.3223575836539 0.07783599942922592
326.99060133247445 163.7066688445117 345.90935346742793 189.9972365366864 0.07781948894262314
416.6615511676453 388.7844364607846 422.8526119462124 396.7537266811985 0.07781805098056793
668.0771979852849 379.65013275447467 686.8823503602249 403.61872000578046 0.07778852432966232
449.37369274974435 334.0220683026981 482.4279686110107 380.9284458480908 0.07776547968387604
182.88895532489207 214.13197559094164 226.86046573820454 277.9484761281776 0.07775235176086426
762.7294814026417 398.1769872101992 784.3659420945467 423.4814044186464 0.07772085070610046
653.2850992574947 302.26065676150984 692.3438494561127 347.0024781967458 0.0777181014418602
198.01803617011726 99.92393032537132 229.67107496418242 139.96920327772474 0.0777081772685051
821.6494287278886 307.4427958117957 837.9836146297342 327.8827595650031 0.07767520844936371
865.5685032073253 320.15096382200886 880.3855912663702 339.92003324127285 0.07761386781930923
25.116836367183893 367.3158120367983 83.54801454671353 455.8467527279848 0.0775841698050499
166.04719098394378 55.80351937577196 172.20627757595375 63.47044740301995 0.07751908898353577
120.30370332012393 197.2250328764556 161.52235858100155 253.3073694876605 0.07747205346822739
424.50652157377283 339.3301680988662 432.2037019394467 349.49086091223234 0.07740537822246552
237.5403820144876 161.7403689698293 272.38377013799203 205.89136990146488 0.07720225304365158
371.20180466210945 380.5962525487226 379.112163859279 391.703613634244 0.07713469862937927
737.2656710776255 407.26747418825363 772.0820717191527 445.5834867461865 0.07712048292160034
900.1577111877958 328.69245225607983 914.189496189967 346.6349545242354 0.07711832970380783
508.1889721050073 353.2442888456774 516.3930818438514 363.6976624078019 0.0771123543381691
534.4813847053101 317.9559294636819 542.5604868226104 327.4321467542964 0.07699394971132278
826.0906445730086 291.88134291579826 845.1271396814943 315.32891158614206 0.07692920416593552
705.8416004063481 344.7600884312547 712.2132140854402 352.82027304838357 0.0769290030002594
812.6592817716394 404.0906615725465 837.0366714316742 427.73521519548615 0.07690123468637466
748.3487208335179 333.9480476982237 764.9576339836291 357.8791474983372 0.0768853947520256
1028.305681132267 -5.183885596846603 1112.0091749389796 95.97258443123273 0.07684639096260071
695.4572085685646 408.24358921091135 715.1786091387903 433.66913873036054 0.07677659392356873
368.36787656362515 173.55857050713098 384.3990669038487 195.96207189714966 0.0767749473452568
416.7912861823964 340.8478806632033 426.27330120305487 352.4980470097725 0.07676173746585846
728.660028660982 333.87443906132 735.1847039212944 344.02075012232785 0.07671397924423218
767.2656050114535 122.84058805168287 1085.9711896818749 519.7762242060938 0.07668164372444153
643.5572398880802 313.9609499858197 665.8379486726759 340.1582346692287 0.07665222883224487
1049.1707889791608 349.18444604407665 1086.459642371573 403.72802435009703 0.07664935290813446
801.3250806218093 283.3696527984331 826.411420233121 314.5909583502948 0.07664324343204498
703.710410626347 396.5656401276818 713.84259369231 410.1535868879428 0.07659221440553665
223.87518251455876 112.47739863175529 249.5709749619926 152.69954851022825 0.07647177577018738
389.3789769506943 305.0756497276093 654.595164682511 601.7264084856938 0.07604960352182388
654.3805471552055 298.76728933600236 735.8500848618743 388.41671001624786 0.07603824883699417
473.00660185948607 383.2865988486993 482.93602335057363 396.88230856267086 0.07602108269929886
648.1507514225714 341.44657618023507 656.1528312777505 352.40557851175913 0.07601393759250641
514.8567722391429 312.14654681558545 526.0610583462893 324.69193703675967 0.07600215077400208
300.7869490670075 295.8052723530813 350.29424314706705 357.6211909741408 0.07593771070241928
834.3060059139694 358.18014356602305 854.145210050085 382.6455990840249 0.07589846849441528
719.6334240487549 300.9477603899599 744.7141577858363 333.85010612712887 0.0758296400308609
709.055436393442 384.95298473229684 725.0210468984534 405.4991186835421 0.07582305371761322
558.6688274559314 384.46006623353225 566.3176224698528 395.5757560139654 0.07578283548355103
656.6726143538185 344.9879727245113 667.3758149304684 359.4994874551401 0.07577253878116608
550.1144804834472 377.463234631692 557.7866888845037 387.7827163721466 0.07576330751180649
480.21501924265146 318.09706384564413 487.2765766017633 326.5858338630114 0.07574194669723511
716.6333910689843 394.8784302885707 749.3967291876597 432.0932319110366 0.07572043687105179
616.7712128031269 337.61919483645573 623.4290464440012 346.4114503506609 0.07565879821777344
528.310257244762 313.83421365285153 536.999110613296 323.47453684845874 0.07563938945531845
381.7556892807315 383.03335183725585 391.02443314892156 395.6021841367299 0.07551513612270355
543.8661813143151 308.2877717995142 552.6717576862209 317.80453974136867 0.07550697773694992
924.0973928995203 321.4267304112115 935.9619807614741 338.810162306428 0.07544039189815521
180.4715238455352 239.28263732990808 246.83752282543406 337.2350098616022 0.0754152312874794
701.4187916101349 346.0279358389601 707.2540588718255 353.2375452302855 0.07534883916378021
-70.01896346552005 524.5144119593297 161.25964314535597 798.4852229058131 0.07518662512302399
100.83367329314675 5.577634713474881 136.44606348202896 45.942331447941974 0.07517758011817932
384.6590997104392 351.1549328230051 388.92991815806874 356.6316414161605 0.07516194880008698
638.5414749738926 341.8136476264921 649.9344946252668 356.8111014507257 0.07500946521759033
382.26114767174397 371.0762119194022 387.22554466762944 377.4734071986798 0.07487349212169647
447.31418846530175 393.7923905904238 455.89442405394817 405.27119687209756 0.07486381381750107
568.6846624424642 398.2037016083842 615.984574012179 452.2490340561144 0.0748620256781578
746.9535053308218 367.79932096726145 769.653138495226 396.9791459839027 0.07471320778131485
561.5412357074631 351.1967851074818 591.0339313067793 387.536398523437 0.07467809319496155
555.2483830402548 377.6666222770888 563.3154571381716 389.6131754730904 0.07465335726737976
506.93909722015337 313.4990083613813 515.8825763999067 324.87027414333096 0.07463183254003525
569.7827665501189 356.2456419052983 579.8995616452747 369.00923546872787 0.07454804331064224
1023.8092622162102 291.2856259881027 1043.9681558587615 314.5895202921931 0.07454261928796768
482.2766204886862 339.16921964139755 488.64596581498137 347.67668108301564 0.0745207741856575
573.4839874344765 372.0547905814566 585.0072119356871 386.5016313232581 0.07440247386693954
499.051863004413 326.15388201537746 509.7289242906081 339.17895471363244 0.07432674616575241
507.6735522139456 401.8933823523279 514.5787265074472 412.071549485094 0.07423995435237885
490.19876104548433 383.991937528308 497.82469970877696 394.34122370184053 0.07423719018697739
637.9147904720205 403.2554952052389 648.0939168068807 417.00271177812687 0.07422444224357605
567.0182271937899 362.91901547663315 574.3975973414217 373.203332392721 0.0742037445306778
99.95508876247077 52.28509217327684 123.76151334748371 83.05488990772405 0.07418708503246307
983.0195208356639 305.7435763807001 1017.2243074725424 346.13547857291513 0.07416484504938126
382.8758386007056 355.789460567039 388.2712262569408 363.14992493206864 0.07414732873439789
1071.0787608371606 301.09006330368527 1084.2095508362731 319.8368757651287 0.07410696148872375
638.775073981277 381.2003072381172 650.9488365397116 397.97465410217046 0.07408531755208969
779.278846526608 364.0075342998248 791.1880971963996 379.95329295082485 0.07405948638916016
132.5313151673818 253.19421991007707 356.51570312069015 494.27071986135246 0.07404427975416183
466.11896547383265 401.0417556956302 473.56247247494105 410.92942248438095 0.07395777106285095
395.75819638711357 326.77940024916415 411.78233663194624 348.39489367531235 0.07392895966768265
609.7810653132312 352.64994056214914 618.9410356767314 365.3057583189654 0.07364588230848312
704.3726598363089 538.9753336750266 963.4403476943684 807.0412520846278 0.0735686719417572
560.9892293120506 330.5103230124547 569.1463255014331 341.4358220714259 0.07350465655326843
429.58062122648516 404.0974345468977 440.87060448154597 418.4597706082082 0.07349900901317596
456.6216666576521 165.24566984014368 560.6444816487849 271.2984949305315 0.07344134151935577
142.65252563754572 483.37266493690277 204.9138499243884 554.4706498236496 0.07331494987010956
545.6520292390829 406.3034748467452 553.1960007589294 416.3289064723807 0.07329510897397995
1015.7981588008624 277.1262780160661 1054.9982349898858 328.1726596928886 0.07329168915748596
499.25158105755537 405.20293919321807 508.2813173129491 417.00208491640234 0.07323375344276428
470.5881827922406 308.0614513094195 480.507697753054 319.2430217539568 0.07322981208562851
403.4151602487611 341.59478846207736 412.6820597190421 353.67101503735387 0.07318347692489624
96.58288951187613 337.58282401102804 148.11074390797452 419.27179737060106 0.07316701859235764
636.5889718573059 329.7535428319759 646.6571866826906 343.7346242521728 0.07299897819757462
338.97351946056057 181.446508132655 348.8594472629468 197.43313430041331 0.07292305678129196
686.4506354624058 332.79183395107293 697.2810926547066 344.4249568748834 0.07290178537368774
726.2487012273589 354.53250020778097 737.891219427569 370.3949088737164 0.0728401318192482
373.8737924829879 362.8128422979979 381.47749281507976 373.0265876940195 0.07276429980993271
737.9566171267031 248.90551448123455 791.0016863509061 310.22690271551704 0.0727071538567543
823.8864450996817 264.31182305972914 876.9806022840521 332.12593913779193 0.07269150763750076
536.0350997946117 380.6492169452941 542.3220042061279 390.713530049507 0.07249099016189575
407.9859712857884 336.82891989585664 419.4118851226854 351.4759953753998 0.07246995717287064
959.9749335506224 343.9868258669345 972.3738367956639 361.48233862609237 0.07245700806379318
619.2804328275132 264.50522171477024 628.7954026449315 274.23820683316745 0.0723172128200531
987.5831500216314 349.38158961808534 1005.4984788247172 372.44775324487694 0.07227656990289688
736.4783731791174 346.0303018725827 743.2305929410436 355.95789252425453 0.0721421092748642
368.7734571065992 355.47661241998435 374.6387624065058 363.62679171255564 0.07213231176137924
551.6326657747354 401.1131991448862 559.0452672776694 411.22309927247125 0.07207982987165451
191.6479108297731 63.046580497994846 220.15705576317356 98.04432090746305 0.07205501198768616
545.4910912262347 287.6180978424492 553.9674542454849 298.07510611357685 0.07202748954296112
556.4143248131014 322.14603371923084 564.9588216152532 332.9211597121653 0.071989044547081
510.5938005251519 306.61408340967864 518.2200710396519 315.2928249744159 0.07195478677749634
825.2552538145447 375.99169363002085 845.9529031640528 400.2841445869661 0.07192501425743103
605.7847214457636 392.6998570104297 638.0632895457876 433.79648845970013 0.07191388309001923
718.2692834781578 427.0493174902463 749.9154310606442 460.2533863719561 0.07183916121721268
494.8134692228087 375.2627217640804 536.1334395413176 425.3317393470672 0.07181044667959213
510.0950595426644 390.14033796806825 518.5208387989017 402.37926575043326 0.07176053524017334
891.5824143638738 317.16877084889353 902.8730515930176 333.0247268292021 0.07162841409444809
243.0180345295376 299.13183318598306 314.51268973553204 403.4023174225336 0.0715528205037117
953.655449302868 327.16209960448816 970.4700134821661 349.83590070405205 0.07153812795877457
676.0380130962744 312.95508784949675 692.0766782480737 327.5748956487033 0.07146690785884857
95.23564059862863 241.36545939248407 182.68519685712832 386.1915055463585 0.07137296348810196
649.7284886484213 275.8048881903001 684.1376546866356 316.4760241471616 0.07135987281799316
707.0849418443204 417.3985237042111 730.8686502025611 447.57458828347353 0.07129297405481339
560.8365811758292 338.58574098940727 567.6566059901039 348.64875479339577 0.07113153487443924
435.88118653837154 322.4189387290332 444.62898003042335 333.75475364666397 0.07112995535135269
982.191906673976 103.73547370543372 1008.8565669769101 131.1695396219192 0.07111341506242752
384.6561112281579 379.65310969815613 394.0116695875719 392.1286941478006 0.07108525931835175
993.3033798547475 286.92983097952066 1020.4797425647264 318.8369122297405 0.07107102870941162
386.2262880139027 191.13850737724366 443.142382082528 269.5129947704883 0.07098111510276794
460.45829175851236 381.93461097865855 466.35520284535124 390.5976377984765 0.07089217752218246
791.1298411857983 262.96883071896985 801.8729896392138 276.8527457412648 0.07086130231618881
1012.8978439392811 349.9084772047153 1041.9475442793844 388.5154409276699 0.07074744999408722
648.7014745112045 397.5982374207881 672.0113542957147 427.4521602748984 0.07073153555393219
494.9051134438485 393.142708193894 503.525613341428 405.0515295028505 0.07069937884807587
605.2374621292355 346.5431981632253 615.2844626492704 359.08466997491314 0.07061517238616943
859.0280365990689 376.3208108976737 959.9795764274899 493.26714766216213 0.07059311121702194
707.291874617297 424.14765533142975 715.1489028784762 435.08247912014497 0.0705399140715599
938.317360319015 338.89446704934227 955.3762092243597 361.9800296226385 0.07042421400547028
903.5941773621133 347.1474726940944 921.2348386178513 367.68387328294153 0.07042063027620316
381.50241977084744 374.8822348163499 387.7879066200306 383.36181838506565 0.07037603110074997
500.46387834855483 497.3230279951297 612.3683475162451 613.3798908385253 0.07036405801773071
669.3660263966871 415.7806276011111 703.4964720580904 458.7445335668112 0.07034512609243393
698.4735825665063 332.1282199012258 706.3872547425228 340.8070640896657 0.07027673721313477
513.5617464801051 396.70903668343465 524.1215392249381 411.6065371250827 0.07025668025016785
950.0344236564719 265.57145825122984 1007.8296461755796 338.2925275316856 0.0702243223786354
206.70509620965865 474.64411816260605 255.92070905625954 534.8157540762273 0.07010145485401154
376.4786088791293 367.89002271148274 382.1273209913427 375.18963089199093 0.07001353800296783
457.7208093303208 389.3139316739079 498.21528637519623 438.96204043299696 0.06998114287853241
387.05840201946853 506.962051170502 480.19909724779546 608.6619055960373 0.06985015422105789
645.8651250543701 329.4617277418523 657.1841239773314 345.3153237733439 0.06983635574579239
514.8940715408723 293.2928183167244 543.3713173407237 328.4154697473956 0.06980019062757492
109.09979343457752 423.57192549641564 136.67096983726077 456.50717494902904 0.06974247097969055
529.7341761670266 400.7361308981483 537.9861931246244 412.7815114589541 0.06963637471199036
596.1241200791899 371.78374004239896 615.4870901006468 395.02070676329106 0.06954497843980789
619.0165256413588 322.1861105412143 634.2974165326276 341.304679373821 0.06949230283498764
582.4816623506133 373.21806844766536 602.2571904390032 396.5934814269817 0.0694141536951065
543.1148151844313 313.81814240579405 550.5488583385248 321.0831803892598 0.06931889802217484
475.61140508280533 392.02813466548736 489.2631278950628 410.8703063968892 0.06930369883775711
425.62845124798235 327.97176680726153 435.1246438793791 340.94932102789767 0.06929448992013931
566.5109750630036 343.1591517271585 577.1050239379647 357.50207113790606 0.06927250325679779
530.2549556874135 380.7367723536669 537.7093515268564 392.4681290194816 0.0692484900355339
537.7328846202273 411.11889009496525 546.3406315629333 422.9517757683983 0.06924288719892502
973.9151255674226 363.05950766218695 1000.9478506926529 398.4634741077606 0.06921865791082382
441.38396087294535 322.01031772719017 456.40283912658407 339.2650483976842 0.06919277459383011
559.4734901750561 395.9307954688081 565.5989998848819 403.97040664780485 0.0691741555929184
536.8471151288414 402.10063486554077 544.9079496252722 413.3983701955635 0.0691070556640625
601.8149026030309 355.84222455488566 611.9007737728294 369.0673917899983 0.06907385587692261
577.0938854319825 359.02671577485125 586.66189320685 370.8368899788633 0.06900826841592789
288.74822346357854 471.0872808997602 352.4697308817615 541.2995581407496 0.068913534283638
548.0170298678933 278.6144235243819 556.3299784326778 289.15080594810087 0.06890654563903809
628.0775682900606 390.82659171165466 639.8248468549293 407.2219506759802 0.06882946193218231
342.39673872168567 205.62613861445234 360.26069259554106 235.7467830141214 0.06874637305736542
123.11693017325818 447.0040023746618 127.87426270283633 452.9897467125575 0.06871618330478668
592.5795450137963 458.2345937306426 641.1760886819625 509.6089579076075 0.0687052309513092
193.0891360499466 -8.827269887018705 224.58375355052155 27.028150286400965 0.06861696392297745
313.6772641077482 285.8139219537129 381.56858685798625 370.3233641908735 0.06858450174331665
639.1556539295773 299.28921145472157 653.3908018762387 318.38909879665204 0.06855536997318268
1052.7960351843722 235.50059114224192 1089.3494105698467 290.67198525432656 0.06852598488330841
11.755479702768366 189.14635129412292 92.83174764533048 317.0568731175517 0.06847812235355377
552.4746839966335 340.0879053159538 563.6123045195305 356.5060837895111 0.0683743879199028
515.7707018483535 458.9618785853467 589.3308571872325 531.4277540318317 0.06826668232679367
65.34849940979291 4.594099838775497 97.67443216817897 43.519391274430596 0.0682617723941803
934.4757635185641 330.3548057123898 948.4724794771332 349.35054189647127 0.06812427937984467
370.9508978839742 331.08149959903164 394.5918414933584 362.5767612795026 0.06811538338661194
679.848775549304 433.76556812833695 691.0603643619436 450.46404471352446 0.06809335201978683
879.7733082867658 -111.48721043834962 1236.0323255835704 288.947568066062 0.06801296770572662
846.8116333926447 355.4838350824368 863.6346114658079 377.18775263701815 0.06795015186071396
611.6328304313763 335.491806716863 619.4837545947662 345.4676179160161 0.06790412962436676
564.4104218029662 293.2692394667848 603.3493163804169 342.52865883455837 0.06782539933919907
38.54181307508639 295.8791456207894 82.64256617341405 366.2004178481007 0.06781888008117676
776.058496403728 315.62928851218453 864.6307768386798 427.82162083498423 0.06772184371948242
692.8682374458335 437.91332078187736 727.9788709298551 479.0513424918877 0.06770449131727219
488.3566597730887 326.18970828657564 496.02634486677056 336.51952240720306 0.06765458732843399
910.8171594478939 314.9767413476679 925.0585909559829 331.5495467618496 0.06762795895338058
387.7237014071928 296.33486584058073 408.0297313640927 325.80102112334697 0.06757450848817825
774.8518026590904 441.01620020121834 818.7661683151314 489.1427012767247 0.06756250560283661
253.2080918016889 467.735012022853 343.6958596579302 567.0450683775765 0.06745976954698563
-17.799630363723647 316.68567930914566 89.36017118620303 498.8058356228035 0.0674487054347992
537.9237087011809 315.02705001059104 545.314456777655 322.27471975623246 0.06743595749139786
168.66532777509877 116.98598852954427 179.48685551919084 130.58203046078145 0.06741210073232651
704.8386339585841 269.255714915421 738.6875752044817 310.44123065233464 0.06734152138233185
510.6402493349196 328.7496471336985 518.20075339471 338.6342454734145 0.06727316230535507
177.20564243736308 26.001404841011507 200.3329320166927 56.00507481254897 0.06708376854658127
405.27077953986407 356.6633243921088 431.0886409228106 389.86671987011647 0.06705670803785324
458.15129056064757 459.26663697635695 525.412179718454 530.4058681544972 0.06705158203840256
703.7557654377212 319.2551381794726 716.7921501197479 332.92360411527494 0.06685372442007065
549.8851047790797 293.5812771027117 555.8525558227082 301.17950880316533 0.06677906960248947
561.474297796026 260.5218062276673 593.9111847572808 291.93780484025757 0.0667521208524704
764.9431960886383 311.72380026401794 835.0265673070193 399.79153120225146 0.06670457869768143
168.81541900802472 92.93723645584261 187.04135264672448 117.13733213216462 0.06655159592628479
639.1403151302582 253.8922406512823 692.6451358360832 309.9749025059488 0.06647339463233948
899.9778059872839 313.6879655136746 913.5932289152771 329.5308891630334 0.06639671325683594
120.36067511085616 -8.547987221658985 151.15693931761643 21.76443444169856 0.0663837119936943
938.0733937002586 362.2571967956924 951.251857580229 381.0557700013217 0.06632702052593231
1055.4461278968947 268.35190223036955 1066.706583767991 283.12011803641553 0.06629083305597305
626.6448140670689 415.3296764735046 662.2717787272909 458.59151845355154 0.06628400832414627
480.17852245694417 286.0510824772077 512.5414266856451 317.74016676828285 0.06623310595750809
554.5071032682229 396.97507539406286 562.4136122489879 407.8666207113286 0.06620042026042938
198.81398754079638 100.54392397199354 216.66748980675837 123.01624395939264 0.06613418459892273
490.0440066422826 402.01452638945403 499.2732010264864 414.5249943861144 0.06608397513628006
49.28399229110368 271.7877801062383 57.38336886516478 282.2950219464819 0.06607694923877716
569.2482877909895 335.38140658860607 578.9410695849964 347.6294752445316 0.0659976378083229
1038.0330916715193 286.7401269205561 1054.3390377919097 304.4121940496719 0.06590545177459717
21.64542454388846 76.9148336842497 113.31334613031063 202.511372897902 0.06557479500770569
585.7219998896624 472.31716137153995 666.8802362546709 553.756183347306 0.0655161440372467
340.0445804856723 505.16355633763015 434.8264829528702 608.369570989947 0.06546179205179214
559.027753736268 307.18658968390383 568.0342305320682 318.96985041438194 0.06542588025331497
740.6737893177553 213.06135208979245 782.2963648722232 264.24911122450175 0.06540099531412125
529.7065454812389 284.4368240918185 575.2123979834013 339.76196974895214 0.06537716835737228
831.150979659609 263.2475482162967 929.3728233913148 381.43049084010283 0.06529600918292999
888.4644304572428 263.50141894736356 941.7612634964563 333.1333822617705 0.06526226550340652
178.93162072185868 123.07580358944467 211.87610450100996 167.51750489816027 0.06515547633171082
797.1681207016272 247.5305885290409 825.9870589905709 285.4797991832538 0.06498201191425323
501.864357638279 305.7795627923395 511.84413863161006 318.11408180363674 0.06495942920446396
67.75850283493615 68.8265193433494 99.14498143572636 110.02555912308257 0.06489412486553192
211.38400789901846 27.76378183928254 226.5420461066233 52.37502791231113 0.06489147990942001
563.3649535616859 393.3011105682842 587.133011192011 424.3112151506565 0.06488925963640213
9.811655053510853 275.71770782218124 16.875171224670424 284.5098798556184 0.06484412401914597
877.813304502997 424.90629928470054 896.5981798288052 443.88758974950946 0.06476353108882904
926.7450559958096 375.7195266051818 942.9528553669276 398.7703438913219 0.06458671391010284
568.5336482521367 324.1323580860572 578.8135967452583 336.12059886277126 0.06453743577003479
1026.2295447684453 384.5385862423763 1098.6642194729773 489.18796014172773 0.0644792914390564
169.61715602449328 85.77540085702628 181.665001892813 99.48140288314707 0.0644642785191536
518.6602370096815 404.5581253605601 529.0410604331253 418.4956649652035 0.06430031359195709
564.0011258853928 383.6395035309964 571.7892552555 394.76781992948725 0.06411956250667572
579.1191815261307 346.2011132584962 589.3106848792178 359.11729742760986 0.06407395750284195
563.1657013934595 403.27819296865874 569.917084554137 412.00220280624734 0.06405384838581085
250.69969016338146 174.55448552013343 270.1943072956815 198.335998425553 0.06405200064182281
58.2253824945038 292.92835813119353 64.90608489245503 302.58548457041206 0.06404776871204376
367.0467439194103 317.16817083934984 373.671973365647 326.37198415812384 0.06402198225259781
951.2945449820354 352.2764306309624 968.8738323589556 377.4350472256949 0.06399140506982803
552.2043062581585 284.8365082590852 561.2964789708362 295.997620841872 0.06387032568454742
494.24861474249116 414.06940171123387 503.6413655197214 425.8367363699248 0.06385719776153564
946.0232163093677 364.3130372334442 984.5828160545699 415.12965518088834 0.0634818822145462
544.4097857169444 295.11743678729954 555.2987751752426 308.1083040803655 0.0630112886428833
601.810580491831 302.17686957009846 628.0709749188621 332.63645938758685 0.06296069920063019
578.1787830812848 329.934664991805 586.2850499001261 339.64573301601314 0.06281176209449768
519.532981219249 301.65287101769485 530.8383527798201 314.1415199620146 0.06279751658439636
633.0776874432204 226.99749463766017 673.320445538044 271.3012958391018 0.06256958842277527
701.9630554548288 429.614171951812 709.4453776524467 439.4841587232335 0.062033139169216156
694.4305907797636 196.75215480939423 735.1262699315188 244.38877193748567 0.061448704451322556
-22.87803087661863 -27.214385139484573 56.913065453318204 66.61972633369837 0.06143941357731819
708.822857950856 436.2179379816609 716.9839982901908 447.1228469874235 0.061326056718826294
298.17274730981836 537.1248438517661 472.84427972988937 729.9936842666264 0.06091773509979248
997.3204197402885 387.41823411653894 1046.0397937240111 448.8942374759377 0.060703206807374954
681.0515359462769 409.0270895262146 691.9864215566714 424.3456993225896 0.06023272126913071
605.9200220039319 522.7662342933075 731.3891544318575 653.9169623223291 0.059934232383966446
345.65799527898014 53.90316487495637 597.7947994224998 331.66914791068865 0.0593571737408638
645.4824706110268 460.5727006738901 692.2411532081678 516.2084565669945 0.05913560464978218
97.81409181919496 129.1957355834969 134.91109957551046 178.029845453247 0.05886368080973625
893.468619407179 361.0999919305641 945.9131450229795 427.3039481976772 0.058834996074438095
832.4745677481745 179.47400458124233 888.8237159665252 255.1060774116017 0.058248404413461685
136.09466407523038 534.5145229456755 315.32267298343464 736.7451680493876 0.056916575878858566
493.14889244125254 259.3768543980912 536.1354045099217 305.4627570313087 0.05633000284433365
