627.5533020294195 357.186106675449 661.0107616490849 397.51463080193145 0.999990701675415
431.7710895377019 356.03534891398886 447.5886647368528 376.5049971937964 0.999369204044342
478.1447193991865 377.3277548354718 504.23157410322415 409.42079758846273 0.9992226362228394
487.35176784718874 355.9765202759855 502.4487960928896 372.55638699334554 0.986871600151062
794.2932904766067 345.0377072396999 803.3946754628524 356.1591118593412 0.7515594959259033
506.81167832648197 414.23154759070553 526.7489274261361 442.87112778418975 0.4656669795513153
696.0341406423702 359.80465865977084 706.1377337368132 375.1768959789594 0.4131294786930084
92.49353284680629 223.11652417783037 99.78853501823637 231.27538676286392 0.2879208028316498
362.40666759363415 338.88444636715116 373.72866734622005 359.037479370507 0.2665594518184662
524.7152568302803 374.3464778622819 537.9839360314443 389.76200956855814 0.25779104232788086
395.84193015209627 363.48339607293474 403.1742560883937 372.8576989274049 0.209544837474823
592.9532745765183 356.4056905132043 602.2133175861458 367.73186331803146 0.19794397056102753
95.70210081148271 16.768871046014795 177.97188969661886 104.19503158940059 0.19766868650913239
523.1089485620214 380.82071086870616 539.325961322584 402.13752955793194 0.19243763387203217
454.9197819547965 402.41432799905607 475.5000397712032 426.3401069654128 0.1777932047843933
261.9528034141621 203.5246085164604 271.4365201535152 215.2707667312214 0.16082516312599182
685.4031281786434 525.8213543763203 787.890803437642 637.3010391883289 0.15916834771633148
567.8833521105144 347.98540074331356 576.0679501440814 359.59332153841376 0.15057000517845154
388.27905645982815 368.29632028030323 394.3470729350808 376.18903780611964 0.14874114096164703
860.8040751138693 328.7961608593472 869.0924112197405 338.5565681687809 0.147573322057724
542.3631021552736 363.3915248822867 555.5214111200538 378.68998598135937 0.1444063037633896
606.9577121851355 364.7686838960488 623.796347888362 384.20834102147387 0.13751929998397827
586.6800863691778 383.98843986417535 607.0381477331687 413.91311176390286 0.1358226239681244
559.8255403851758 350.36494848141507 570.9811386916175 363.8531803406966 0.13310204446315765
274.40298705688434 394.07417059641955 293.07541577666836 414.81418515021977 0.1301376074552536
953.5011851159087 397.1108888471969 1016.7758719554647 488.44007226357706 0.1278735250234604
819.8529464491653 344.2845029001506 827.8023167552998 354.25003805488143 0.12462371587753296
618.3671380038124 330.7536628563119 639.2451071448388 355.2229481644608 0.11676982790231705
570.1286721952142 357.5299104745206 581.1947269686589 373.39905133416323 0.11558578908443451
826.3938114035095 337.1375350954881 836.2299470230703 348.79626291336535 0.11362995207309723
760.4791985690877 345.7020206632057 771.5733812424791 363.51130296767036 0.11223939061164856
861.7075551606182 318.21438507703874 895.4479650446489 356.6341439812361 0.11120974272489548
1035.7318504279797 261.0438756240207 1082.3640581625589 330.47244978405587 0.10907583683729172
838.6532925369751 388.92531640710183 870.0772139426322 426.6594620191616 0.10866160690784454
787.8614230307746 340.5523250273912 796.283450191764 352.38178339241 0.10602639615535736
713.3616035623859 344.8890887551894 731.4530661192424 370.14879569198905 0.1054929792881012
594.3855147232988 365.49389600187726 606.0700454964012 380.7724873011615 0.10542405396699905
524.054634030679 388.15158677939496 542.3554948139728 416.6216638628401 0.10507187992334366
1011.175172407852 304.69635035238815 1042.2905226942653 349.6544380620839 0.1047433540225029
680.202662138009 331.6540104305151 704.3711621234169 363.2281267946724 0.10425525903701782
185.69043712984885 110.42174592929035 224.6970171251103 156.91568102508847 0.10316494852304459
541.4250233952074 346.56530178264705 556.0475910547938 364.0732647031106 0.10187467932701111
556.8388683928044 364.9392815956597 569.6059625159719 381.021959853644 0.10164669156074524
773.5907845377889 346.2665700493016 785.1373178771947 361.60357352140966 0.10160726308822632
839.4906169200547 337.44368348915395 849.8628940316918 349.1446426871008 0.1011757031083107
804.5178980541402 341.5110924098426 812.1779256629836 351.3893512385857 0.1006128266453743
452.2688260256899 341.8850317854869 464.54663762087006 358.52319819490646 0.09888497740030289
549.6001987155864 315.5324666249579 557.4906969269989 324.1341534856581 0.09869351983070374
751.5229018957208 349.7051100475719 762.2245134168825 367.8764960272682 0.09814772009849548
835.925663495261 330.8225922982525 843.2368558626816 338.8915667772018 0.0974925309419632
854.4484530969646 335.64309455249617 862.9153540513397 346.1264626998596 0.09699913114309311
185.1333731280977 146.18028808111566 232.82704565539976 205.29649324462602 0.09690862894058228
532.2121181502466 364.9215288677601 544.700882570118 380.80591983868067 0.09674691408872604
751.2416364964571 353.7099704525726 768.0335044404407 380.21101439458414 0.09669718891382217
826.2322664435991 346.3271199689888 834.7628249862809 356.79839071361863 0.09598582983016968
517.8178242684152 397.631176797228 536.7541819321317 427.1848605486315 0.09585373848676682
531.4212224537586 352.92813105495577 541.102694645715 365.3594194425074 0.09584488719701767
128.60777529416754 35.56076905637501 147.96610252001264 57.18996541282316 0.09583830833435059
511.5006648108873 365.3962144838294 526.5294777537237 383.2618678784547 0.09565500169992447
801.2563765996236 344.86134660178135 808.6051987083775 353.515611653688 0.09526583552360535
1056.8530596014457 268.62479952799026 1069.1577028759177 284.47790316120745 0.09518247842788696
832.339198683611 338.1378286533312 839.9371075165441 347.3797009598605 0.09473659843206406
120.06423472179213 453.54162895734146 131.29007868376084 467.9833182262589 0.09451275318861008
738.4308143874433 339.5575506406552 756.1875326196719 365.0975419842802 0.09450116008520126
520.2025658115258 348.25102493435884 534.153097965413 364.8955674919736 0.09427108615636826
824.5061522097467 367.3799072559511 858.5236266927793 407.06091829784486 0.0942269116640091
850.4742096233077 342.6113402813528 858.2733534084934 352.97317682132785 0.09417914599180222
1052.1212693971838 288.70293819642797 1066.3350280689583 306.48559637033264 0.09375270456075668
834.8441340063358 347.05732980463284 842.2770101325356 356.7482507938095 0.09363081306219101
841.62217498908 343.72581923046806 863.6162891439332 371.02887508062435 0.09344099462032318
807.2412398956977 359.34551635783515 817.1031349260419 372.4393372225874 0.09336584061384201
779.928259278883 339.1832304599598 789.6002082625288 352.1311411097555 0.09334724396467209
549.8736162984403 354.548591028335 560.070374935687 367.80188938696335 0.09328146278858185
388.07109240049317 326.5572541996981 395.675335555108 338.09660495087866 0.09327373653650284
802.7009194008747 353.21387346497886 812.2353933926433 364.5158836330123 0.09321721643209457
809.0539260292225 342.16942782965623 816.0805686845152 351.30391302108234 0.09320703148841858
870.8672798097713 328.00386413624364 879.3896502975865 338.71933407555616 0.09304989874362946
797.3842684207317 354.0052442095553 807.2997595388471 365.9389708034857 0.09291684627532959
869.120785110018 355.5874385361738 876.2867036442384 364.4736142352383 0.09273985773324966
766.2834051961462 355.3025324511196 786.0744928785208 381.81657719072865 0.09265314042568207
852.6537624669962 327.32406772536973 860.0558436869313 336.5844580093629 0.09250079840421677
652.0064382659983 344.7086556047641 668.3243024925148 363.2343021508691 0.09235592186450958
729.6709348180872 350.31443375799523 747.8460287268194 377.4608517941255 0.09232909977436066
668.5186000636776 359.5726068825715 689.4986624487009 387.9032878052295 0.09227636456489563
963.2315944192571 302.8069437319099 997.0685761846534 350.0581137238571 0.0919942557811737
855.8302573727301 341.8424247733558 863.1215555616456 351.3073026492987 0.09198257327079773
812.6474870481765 338.80405337311123 820.4346679397929 348.91245507374 0.09185480326414108
387.65656277967787 373.5740036665063 398.18781972842794 388.66956651488 0.09178605675697327
1034.803333009764 293.4237074106769 1057.0785823412548 321.88695475346054 0.09178145974874496
727.7410044974762 339.5279537615359 739.664912287861 357.7409553764542 0.09144694358110428
398.3517690440605 355.1569401475329 407.6462801259866 367.68562815118406 0.0913635790348053
110.21065595725099 103.32542060399552 151.90878680283242 151.1587086790217 0.09134533256292343
544.2672729168647 383.56866782809743 567.0381786334249 414.6326441892086 0.09114201366901398
818.1427385698887 333.80998573340776 826.704087036328 344.5749427222245 0.09103906154632568
856.9786607944795 368.23024343857605 885.4700589907484 403.0591839478788 0.09082616865634918
407.78854210943996 398.30821585705826 427.6439748564442 426.85183561857383 0.09069765359163284
401.99435362289125 366.34331892864816 407.73099037315023 373.40756608682193 0.09064862132072449
364.2941020767325 362.72603270012075 371.9137232479742 375.34798411003936 0.0905698835849762
537.613122422558 378.1510804166411 551.721107839861 399.19124701847034 0.09037620574235916
569.8965105885127 370.3951477617128 583.805254569243 389.75631994987737 0.09012391418218613
573.2079297262292 347.5624037938445 582.2993545865403 359.82127063256615 0.09008791297674179
569.037679311674 382.40829899225133 589.6019155804212 412.90468857783844 0.09007427096366882
609.1197715430818 348.441397217374 623.0254950885072 364.7125560068224 0.09002687782049179
617.0928379086408 385.46224255293725 652.0877693450477 428.2845628428234 0.08981665223836899
581.7624564897437 353.3624574575481 592.1491955093605 366.829824491727 0.08968896418809891
742.0159445965061 362.5275986571736 757.2864985812527 386.39143971746614 0.08963917940855026
740.7748464393778 319.7405376194531 766.5912950629126 353.43959630264663 0.08945605903863907
192.0747799005069 286.6665787824658 237.35643203513823 354.0640799455573 0.08942198753356934
1047.7303115134614 281.3924989981974 1057.2396743370043 293.04166889064027 0.08925716578960419
104.32065271964247 13.188261216936226 146.339870098934 56.0195676075758 0.0892515629529953
836.4030166481909 357.11263119109583 845.8964685563018 369.7325569609852 0.08912286162376404
158.07698338552547 93.801101755972 197.71808682410835 139.9645602826668 0.08865953981876373
101.375611359629 447.3527659130132 144.2191411915648 507.42831302622596 0.08859225362539291
698.4521227855273 367.17160675633835 717.4632517140101 394.5231475077985 0.08775348216295242
439.04968385535193 393.42852995781584 457.91945062850755 421.4878052110483 0.08741112798452377
1069.3421158179553 283.44961486760485 1083.3669359913074 303.8983652587634 0.0872136801481247
844.1861909385798 330.47563972301606 851.3318732002823 338.713127560335 0.08707863092422485
702.8636267091888 317.83407088183094 727.3742283699029 349.54713285684517 0.08691394329071045
732.0354792365443 555.7650198320819 823.7808339605322 664.666926747416 0.08681613951921463
1051.9068819198003 329.2563008916933 1083.1574587816965 372.29258267954157 0.08680187910795212
807.5488847117641 334.1511960337509 815.414105659544 344.3175122691232 0.08673568069934845
583.5893041325621 364.06708380474794 595.6816510217943 379.7397170409685 0.08651433885097504
827.5269255815441 355.78150937779037 835.6312518208114 366.5950836116603 0.0863925889134407
821.5088033017477 377.6661676465789 832.4366389531946 391.0439892218457 0.08618535846471786
70.92498351163344 222.60024706505718 77.58739124710473 230.89764365863647 0.08612401783466339
581.9712821464228 321.94478906647606 602.3862203896967 347.4909035353614 0.08612072467803955
862.1309962571786 339.5729125282254 869.7710874393446 348.3931330412824 0.08605092763900757
784.4221709590594 349.3342264968986 793.7670416909284 362.60129090890905 0.0856051966547966
342.30447866127906 161.55059217601197 356.8963939094097 183.40042760105547 0.08554627001285553
859.5128230152828 354.7062302912872 867.9858169776985 365.4431010681261 0.08542212843894958
150.5606732572028 145.13445146576836 193.5735473684749 191.68793157608513 0.08522803336381912
514.7224041565189 374.01353769520694 527.798154906642 388.2642823734543 0.0850495770573616
715.3755322221391 369.7577754317062 738.2468402664549 402.07583885544625 0.08503051847219467
552.411111805154 374.1265819357098 567.0256718655652 391.82149388243573 0.08492383360862732
849.7137864255028 331.8301758298052 856.7146055177286 340.29332921785016 0.08489900827407837
122.84714501493778 77.87321665825476 138.94919936578296 97.77702214344161 0.08488517254590988
70.9334362172069 228.27889477345764 92.2747649953936 255.38382921413435 0.08477146923542023
810.2496761489464 349.2608480706805 819.3674633252492 360.54996156857095 0.08450323343276978
820.1891421545647 351.1130641882772 829.5938100484149 363.9396582774046 0.08448892086744308
866.047700819201 371.2435743276401 902.0141459390044 417.6043467827583 0.08437106013298035
82.06471263160005 199.50684086703438 102.47206676624187 225.46942920980243 0.08429986238479614
585.1940977486877 416.1142205167554 621.7475374875021 463.8352546015576 0.0842420905828476
862.9653868494783 346.5454365353052 872.1961852361977 357.1920809402689 0.08407355099916458
497.0163801937176 320.2222448963634 515.6110579472405 341.62248747241773 0.08388425409793854
662.4338171286503 350.24637660103633 675.7860405340712 367.09909749700745 0.0838778018951416
827.8420914342222 331.5314273530075 836.5077673000438 341.0573235621371 0.08384771645069122
991.5294721824779 316.1926139855866 1020.3387152077643 353.390654895952 0.08370821177959442
856.411136009815 371.07614985610655 866.1407821910364 383.3805777982505 0.08363311737775803
557.8490048036679 336.73320587886036 569.9670861836101 351.8879554588158 0.08352567255496979
339.7755417352132 153.55012749248817 346.9776654936319 164.90425908578587 0.08343175798654556
823.9225763069252 329.5461204113496 832.3497271966397 339.6218889363809 0.08335179835557938
984.9747514623165 292.1206381857781 1017.4317405347703 331.4506963486172 0.08334580808877945
62.46532972210967 242.08378919334834 73.62569770750416 256.3412041142616 0.08315963298082352
539.3373759429004 331.4824520401965 555.1309010083299 351.22585453820244 0.08314564824104309
393.0522693628906 345.106510053508 403.04213453714146 359.96782610668635 0.08312557637691498
456.74931185104515 358.73706347380494 470.8127230822106 376.5118106427988 0.0829644650220871
373.6674036916262 357.9366264468203 386.3789523359509 375.15606096436613 0.08296182751655579
151.69973618458067 59.41276596723471 172.80608622026645 85.13475773747942 0.08274372667074203
391.7466691749601 362.48545483897095 397.3155624914217 369.88421634980085 0.08256281167268753
868.0427652575651 337.10026724339576 878.1333885544419 348.19874844911425 0.08247505873441696
880.50780568944 343.07312449580473 890.9978344528286 355.27627402731105 0.08245249837636948
158.7434389254197 248.7731092989014 203.35907876362324 315.05024952063064 0.08238977193832397
119.8863312844138 200.93361336722268 161.49531511108006 257.3780883462196 0.08231344819068909
688.9368733321794 370.6099272629877 701.799718173262 388.2458659046013 0.08227043598890305
98.99290949867746 214.53236347004085 118.89293345520113 238.50368061463863 0.08223022520542145
258.49323554793847 520.0944676337841 298.867654888202 565.0684690488664 0.08222932368516922
844.1523072887815 323.22435744844825 869.6989783150152 348.49008813493214 0.08221054077148438
866.879145680408 351.494057539127 889.4844542659933 378.82143847371606 0.08204393833875656
1035.427722474588 282.68532657513583 1045.718834469324 294.13081761789743 0.0819295272231102
602.5531521087869 356.2814575418045 612.850532883881 369.11298981728453 0.08186071366071701
479.57803219009827 323.1674221383433 490.70270565938563 340.7509083901978 0.08181992173194885
841.1270330864708 347.20188097184507 850.2751425973387 358.64343439846033 0.0818013921380043
1023.7392970855109 369.9089687874662 1057.2906915251478 413.1440940996889 0.08172667771577835
683.0811281302548 354.53290993388464 696.2834725124103 372.8636733024981 0.08166380971670151
807.9501417132182 366.83807155315566 823.1995474309006 387.6634762164024 0.0816548764705658
400.7281257282893 424.6259881169632 434.6961852572774 469.2216948278207 0.08164732903242111
756.3488701508508 363.8291163558925 767.5371702262853 383.2654871975512 0.08164062350988388
373.95515050913446 343.725135722101 385.66141230521 360.19838510700396 0.08163560926914215
560.5934575736734 379.2194392426202 574.5614676926215 399.518208837757 0.08155078440904617
381.25784537006405 168.37565868565446 400.4582432139512 194.64837535718516 0.08149569481611252
812.3324568452383 354.481637728092 841.811952798624 389.9176296929882 0.08125844597816467
814.596880052185 355.33718587980303 824.0289589527301 367.9566735014693 0.08110759407281876
868.3204469653078 359.38646162062486 880.1593735302009 375.09621209786593 0.08105756342411041
1.3958158577233668 287.18927169245904 36.28963182313279 331.512120355321 0.08102010190486908
838.3693392690751 322.50898006957794 846.2188490768317 332.2397453244233 0.08101928979158401
74.86721748267226 255.91712618171374 115.76857658316756 313.6874777616253 0.08101093769073486
535.5824941691536 392.5835666376041 555.3798351399596 422.6493169932736 0.0809568241238594
499.741606463217 349.46417951144167 512.0873861984835 363.771918302263 0.08067009598016739
579.761237304096 346.1925227520301 590.1615958315218 358.9834253523476 0.08055409044027328
290.2374702874802 189.24338386871915 334.63374968727607 251.7769734524646 0.08047463744878769
69.27128102225097 214.10122479027757 89.98714513590254 239.35311478166443 0.08046525716781616
822.9805955601673 310.8441079555989 853.1676299153261 343.542080483505 0.08039109408855438
751.7009097299197 373.65640770304014 777.711642627716 411.73470890941536 0.08025892823934555
138.1232606614813 222.01829452591582 184.51132355462673 284.7666030869254 0.08021271973848343
217.04201189890608 242.38838508991836 257.1259134192283 304.1304185807872 0.08013946563005447
981.7298192110768 337.5020244961936 1025.6010045626756 393.6571834034496 0.08010298758745193
684.5490107308179 382.2716151260647 706.0988910709839 412.6260500952795 0.08004496991634369
496.8539018759589 442.1874767347677 522.3543261004887 475.36659793660726 0.08003750443458557
784.4571145020716 563.3665202260119 897.4293641468312 683.1712596260163 0.08000975847244263
525.3005499711487 330.6862113818543 540.6407352648198 350.15980717879575 0.08000248670578003
727.8248371703463 382.6170008391153 747.9631996351072 410.11879534903863 0.07982899993658066
250.976022127452 472.5616443169601 300.4575385208878 532.5607337932809 0.07964608073234558
537.3208249793048 311.74892277298034 558.4237546594126 337.6738294921534 0.0796230211853981
723.2075722426475 403.23438564793645 756.0712621445875 448.2530212690672 0.0796179473400116
1031.435836318354 321.25847711451996 1057.9528082710146 356.1670716377355 0.07942991703748703
431.74411346228226 442.9124587544619 467.7274248213396 493.81753417824854 0.07934554666280746
356.5886111182746 153.55290605797146 375.6045649494273 179.52690352565492 0.0793323814868927
1040.5049317918229 294.5962280842159 1054.080192214119 311.28192296487396 0.07931967079639435
557.6261390039468 401.7099260061296 579.9697786572194 433.0256180562671 0.07927757501602173
780.9601802362396 298.2745259901407 809.1942361764413 334.24933807893916 0.07919907569885254
1027.1988529902346 293.54810622556937 1037.5580873678455 307.1830841860203 0.0790962502360344
828.6273840851113 367.5094001728895 840.5014254321652 383.1397241717102 0.07909524440765381
347.94983259839336 257.4066549500676 378.4988066556076 303.24165570335697 0.0790671557188034
935.7038460966597 305.3382170682097 968.1115551623026 348.8549268369203 0.07903777807950974
51.42651899284949 253.93985816057628 70.31821229290345 278.908528094076 0.07898200303316116
804.1675529663637 323.3143124225831 821.7622133716192 343.8360367484276 0.07895391434431076
515.7244393873881 322.78741268885284 532.9472133850901 343.2969041703976 0.07883550226688385
522.8371055987826 361.75317109946087 533.0877023185362 374.4329028129369 0.07883531600236893
889.339907298419 335.9449388958741 929.9595566892496 383.9618133066854 0.07878956943750381
661.7278642887273 358.2665049766028 675.6472884858289 378.10701713874414 0.07876549661159515
411.9054282711823 365.85268621241613 419.9558814684067 376.89525954287836 0.07845038920640945
260.83822668269323 209.26684599884715 306.5326125387146 268.69963406418935 0.07831088453531265
796.1275735597434 335.8274797029888 805.0843919327409 346.0708383504599 0.07820676267147064
705.3226978591402 356.3166083258691 715.364385267154 372.47378922849083 0.07816620916128159
331.65874647832334 430.40911604500644 380.01605408365083 487.9263304762121 0.0781589224934578
1003.3638833050979 342.56196710451576 1043.4228680381232 396.6925462410003 0.07813909649848938
370.718424877817 329.1732567247949 386.1893204583523 352.87127930007733 0.078081876039505
838.6067351272064 369.68922850095805 850.5913603849522 385.0976934022877 0.07802441716194153
121.64280660521574 -1.7345350713293632 140.39308504025092 15.4791313085747 0.07802274823188782
166.58476416768443 56.02171457314829 171.95419830352873 62.53314550962535 0.07801602780818939
395.2053311810793 300.26427869530636 443.9081306181534 371.75126217957757 0.07778852432966232
761.9314120221189 324.16664618072434 782.3278784442971 348.6879022516204 0.07773050665855408
38.19966081587391 283.3552365362527 76.87431998137427 335.08342617401667 0.07765986770391464
788.4236267911613 355.45284761073316 800.3692234825648 371.0723097720181 0.07765556126832962
776.8715355723513 366.83498586011956 805.8142945304265 405.9793663433498 0.07760103791952133
567.4442131155645 331.293548508985 580.707090277087 348.15875906839153 0.07759113609790802
827.1991180741912 321.3143489387074 835.451169974279 331.9475479127386 0.07750479131937027
961.8006613309003 380.4176119017952 990.3456299090514 421.643831750946 0.07745309174060822
117.221718360159 259.1307189923655 151.90560509862573 312.09113712062964 0.07741732150316238
824.4878704466959 392.4541499756101 837.4720731476787 407.80108230966107 0.0773976668715477
579.009154323507 368.8204439570604 596.3136783963848 392.74693309978665 0.07727719843387604
57.71152839319343 299.6956807303227 64.83124783696053 308.57863976825513 0.07726066559553146
1041.046861545911 281.3398530908103 1051.2011075480082 293.91659159891447 0.07719120383262634
301.02432111651984 294.7569627089017 344.70621279491655 352.93049780793785 0.07719030231237411
385.476663876372 356.13999149376235 393.9924101886494 368.7035213037922 0.07705161720514297
385.0634266359071 336.2777556564914 395.42752342161054 352.2727242419613 0.07695159316062927
683.716502520278 367.67013459192805 695.6131163806629 383.7737793032415 0.07695011794567108
383.8056211254663 291.34557225309516 402.28879247685217 322.5491314791371 0.07685619592666626
1004.744817460503 260.2987192766836 1040.2573487325237 306.85958650332213 0.07682397961616516
1063.5565944415007 306.21558414327853 1085.12426864815 337.5802454108597 0.07681087404489517
17.679152521674066 322.1618819856005 22.252255034169664 328.0338141610185 0.07653730362653732
872.2897556734855 344.77590516366394 882.1697116637604 356.42099743476336 0.07641039788722992
626.1664813908794 292.74451933359796 646.6263330846101 320.0465684440427 0.07639070600271225
697.2974669524094 343.1438180279349 710.4023412773607 362.33451697819686 0.07631527632474899
642.2713275063721 386.9284860164248 668.8071827597856 419.03980580321286 0.07624000310897827
831.6318167051916 323.5504136192126 839.8033858992666 333.28452077302296 0.07621599733829498
158.4251520473109 371.2821695917362 220.2794530154897 448.24082552174906 0.07621052861213684
1036.2080790642974 335.6699029857377 1044.309840172327 345.1906819773371 0.07611235231161118
617.3786945747305 521.2654444657554 708.0510910514841 622.73360602066 0.07604653388261795
480.18985076685357 344.1372691208036 491.3895812640097 358.405887211936 0.07597937434911728
901.8358049343797 304.12102008156853 937.8718283028732 346.0520283086396 0.07563658058643341
218.3756413829041 343.3854435291812 262.16967156684404 401.28897419571643 0.07563284784555435
361.8366382357721 381.6779124549172 370.12946605044107 393.9192144674739 0.07558085769414902
184.23235061273732 209.32066137764406 233.17971126033785 275.94892414786017 0.07557717710733414
509.0709155686136 349.02123257578694 522.2327697850249 364.4835934938267 0.07556893676519394
287.526192538388 483.1654490302388 337.05311272713897 536.9927680700105 0.0755627378821373
142.60339337407356 392.1474313101362 208.96638162966622 471.23622317240523 0.07550423592329025
645.9041422132489 308.0678843512393 745.700937341751 427.1225253260749 0.0753907784819603
600.9072780710607 383.1974765860923 622.233563504847 410.30785923697107 0.07533358037471771
-14.506835410986143 -22.073477881924635 77.46696576776468 83.32061050456552 0.07521890103816986
348.54851960795406 180.16793325972264 357.95228916159624 194.44763241226448 0.07518428564071655
796.0575865889292 299.3785012777656 855.6416382796074 368.8763598552134 0.07517234236001968
448.3256876016051 310.33527195254743 494.62693057088694 373.16291787664363 0.0750899538397789
41.58185879213682 441.52230697057286 99.39047223640543 518.0378788842485 0.07507879287004471
822.8898500677129 421.6889963188478 862.616834343975 469.06468951017695 0.07501775026321411
37.65888422814253 214.00063522015833 59.078128194421744 243.26544663556524 0.07498970627784729
131.35766282991827 70.5270029120455 156.63786288295893 99.47001758799408 0.07493957877159119
152.33366797574575 -12.55931952191777 242.21753686507782 86.04607746014509 0.0749153345823288
883.1720775984077 309.13065250023055 912.9344896206644 340.83312561138536 0.07481210678815842
857.4497456461739 361.79011190369283 865.7191938879238 372.2367909851012 0.07474231719970703
213.48515620569657 476.7499239814241 262.582599011117 537.2931838326657 0.07472892105579376
590.3872775506302 376.0867344863123 602.2776454301534 393.6836107722222 0.07469737529754639
423.09232961700434 277.1699015079639 460.4809215924369 325.52375217012246 0.07467938214540482
541.7272654603385 74.98704101422369 553.7187018643497 90.90556284585092 0.07462456822395325
548.0089682142319 312.2960049073782 558.4304316381067 323.5698083568736 0.0745239406824112
367.450820920959 149.50539762841134 386.3626373232847 176.95360690424528 0.0745205283164978
845.4174580047369 296.3787771858367 872.4803442481711 327.9580256438659 0.07449739426374435
503.39484646220006 361.452340210388 516.2066317021471 375.7146606871345 0.07449667900800705
588.8694174176785 341.1016581118469 601.2978672354072 356.8995939513287 0.07437586784362793
338.0377944628278 180.79094256892782 348.8557555882623 197.24314995972108 0.07436557114124298
727.5155496067806 318.5192507989891 747.5841293578294 344.9425383392424 0.07435174286365509
674.3038719688756 344.706025828869 685.6245658684236 360.3405092118799 0.07434650510549545
465.22355907879347 324.18155715819296 479.8225725845694 342.99047130028123 0.0743245929479599
473.7095592936299 306.4870322477669 482.70543283640535 317.28539821786165 0.07429621368646622
360.2620903025527 179.17814147306765 376.3743200264186 202.24367785441433 0.07425841689109802
112.34179968581479 425.90521365416 137.6150873340221 452.2419386878029 0.07422354072332382
599.2001565622513 347.0184641569842 610.0020679548923 360.03504442801494 0.07420246303081512
132.57108916764363 6.051084638739671 155.07436719021143 32.77528592971537 0.07413966208696365
708.7472729788636 344.6785232811014 718.2276947758754 360.1760766254977 0.07409664988517761
476.0410205991894 362.4974138142515 490.0502048367567 378.7978890889934 0.07396789640188217
784.7884289044339 344.9620460206661 816.6313341171035 384.98486077615564 0.07395096868276596
49.12376993082852 322.64675174195656 61.87327139068424 339.88477006460687 0.07389955222606659
99.9976390155582 286.09572191543924 147.01801632918986 355.97710041645337 0.07385508716106415
368.47266429330176 377.48527246684375 377.2784675144315 390.7440969300178 0.0737956166267395
795.4262127046725 365.89332566126683 823.6752442062781 401.44298287452773 0.07374803721904755
340.37182851612675 175.8476026371865 349.6726724614576 189.1749946512706 0.07371403276920319
1069.3181172827315 258.59449083576845 1083.735671725881 280.5463176332213 0.073692686855793
686.1860100391687 396.8074996206534 710.1102916004305 428.0023092139521 0.0736885592341423
856.6411986201056 318.54606244384627 865.8987372505231 329.97776851749 0.07367817312479019
96.87978784587467 432.0311364785657 114.70817283602213 451.0129801964833 0.07365405559539795
246.50126846878402 165.28343017541542 267.74817774688745 193.0808608400195 0.07363414764404297
378.43340757229487 322.3798564239527 387.82214845949204 336.1443662839582 0.07361548393964767
801.681364030408 380.9740640965941 825.560729009597 415.37726350413254 0.07359948754310608
1037.1005411869755 374.06799506990643 1081.0786698586844 438.4418397246267 0.0735892578959465
49.19559849598744 230.4336005788092 68.00043119756282 258.41554481480864 0.07358080893754959
374.1850695003411 199.81131306341507 391.7198171265831 226.39694570031267 0.07353401184082031
390.06406664401726 143.52731279048922 409.7426319745233 170.8498382334932 0.07350928336381912
381.8186120630535 232.77563113548956 417.76286757888636 286.8433497926896 0.0734885036945343
350.28661113917354 148.21184433263662 361.4676320808639 163.60782284969807 0.07348022609949112
247.15221724148623 310.87223456007086 307.482616085029 392.41606675625394 0.0734565407037735
375.91907358094784 373.690792577571 384.7490530136402 385.82898992158374 0.07337730377912521
322.331953996723 164.52088232143225 342.5212315609776 190.16969860921913 0.07334231585264206
1028.5966826501533 15.415948653846804 1097.7112722543386 102.12105238259099 0.0732908621430397
554.3808172932366 321.99592202103025 565.6967078147453 336.8734140822919 0.07324495166540146
846.4147741453681 319.3867149814021 854.73356028456 330.374980698382 0.0731564462184906
225.70692604567336 113.92443271344185 253.6778505765559 155.7178016412575 0.07309497147798538
1025.5544986753207 650.3012825512769 1109.4275240130573 746.0102047297223 0.07306557893753052
878.191104824096 473.80771894109074 1235.844933817615 891.320575553996 0.0729493722319603
351.96419248235736 136.2397087000237 369.7154299316541 158.8231874602342 0.07291658222675323
315.6476100715158 378.34968623250785 354.9516305458193 430.4753943868486 0.07291605323553085
79.92276549013543 346.6063010135729 163.73374265980422 466.8820364853559 0.07290094345808029
778.3793893773433 362.52330561760436 793.6144693215455 383.2401036604658 0.07272901386022568
311.3260626544105 171.72406418602728 325.7425926951082 187.7489135707 0.07269413769245148
80.66050002244258 134.83264477771434 113.59563875408934 175.78864670601737 0.07268760353326797
373.8268141633478 318.27083309660173 405.75821606749963 364.7035162791521 0.07267805933952332
628.029595403488 290.52301735798136 677.0675141313853 353.4514063765796 0.0725647583603859
523.7272240750648 310.2619253905677 545.9797115010863 336.1309419033811 0.07256113737821579
822.1666466625584 316.39276671344317 830.0614245055709 327.2009595839119 0.07254797220230103
655.5324046614513 332.63341625702844 669.0810475972469 348.31906584702017 0.07252462208271027
751.1005591708104 435.27393199654824 760.9590476560336 453.2359332915685 0.07250115275382996
406.66472683855983 357.1384533329488 415.638750561843 369.02849933187025 0.07249470055103302
26.533137812602693 317.39156041240847 30.863657993739256 322.8907423300661 0.07240563631057739
706.9510166624965 364.6377950322949 720.9989604564885 385.14745585291183 0.07235295325517654
177.44334335154062 292.6506630040513 260.04212325620466 409.01842342611025 0.07234080880880356
138.47586232854505 457.593951906347 201.44346734901788 530.3733806432454 0.0723191499710083
471.1951826105026 305.68181147492226 542.0389169443567 407.8293998243876 0.07219750434160233
323.1418717770781 322.8282796517751 367.47704506295895 386.16831983859504 0.0721307098865509
736.1142812713017 377.2531457555097 753.8976083299095 404.40030457472216 0.07210684567689896
561.7297436095092 326.72274470503095 612.229207837985 386.1597255399571 0.07205924391746521
666.342235693206 337.90707030922476 679.4355583163677 355.8731808398743 0.07204636186361313
306.6107157353458 444.3723938458918 346.9915199481409 491.1353260440497 0.0720239132642746
398.4616665944988 164.0863414893197 428.72190798948196 203.54081563606331 0.07201527804136276
908.022858945196 317.2837279947631 931.0245987834359 350.7501688324621 0.07200261950492859
142.2233151404266 324.2162631458515 196.15249843507416 392.7846333740239 0.07197271287441254
179.1832732882963 31.946493416073444 201.482971541555 60.996102660714634 0.07188943773508072
634.4448723080586 554.8903189705436 724.9078137746573 667.341348967176 0.07185269892215729
361.2037359395894 389.07387773785143 379.4041807375018 416.5381939387447 0.0718073695898056
429.2044046682301 503.28247177988624 460.34514549255414 546.4925496553723 0.0718027725815773
164.67624098373375 68.8027030496306 170.75908673268714 75.24206797650238 0.07173804938793182
955.013514814167 122.2155753759902 979.860924668424 145.9189318357506 0.07172366976737976
510.5196950881007 253.23322245900434 552.9433308183391 305.07969470012677 0.07170163094997406
1043.8440588318028 277.99560417474584 1050.74178300177 285.6393450887177 0.07167954742908478
122.62637334559427 137.26366331941728 158.85311175093003 181.97677281428722 0.0716637670993805
357.7696784846386 174.71408772665475 364.55806246940693 185.47228684465807 0.07157432287931442
620.36429575776 350.8331829896119 636.4698461099181 371.0917464182977 0.07155802100896835
846.7276665215028 357.65300496055056 857.3220220995036 371.7561686983756 0.07155237346887589
832.7957975290178 384.0018236318317 843.2305450327387 396.27199952105514 0.07154485583305359
835.0296091831987 273.3181873879955 876.9128320389738 321.4064852520764 0.07152333855628967
314.47504416505654 247.4242251771968 356.0923990213211 303.9837728665618 0.07149367779493332
389.82764425616926 357.90148990262077 397.0697771513963 368.16902546072083 0.07146776467561722
376.0303624274263 233.316069753192 396.0716908320668 265.53465334661087 0.0714544951915741
15.869038825546095 220.10031066723846 40.75612781247023 255.61312288710243 0.07143858820199966
767.6160545675905 390.3041578648985 811.7934143728438 446.0336226465049 0.07139956951141357
395.9106423851423 400.5995740452098 407.6401979266907 417.7463867969443 0.07139819115400314
88.5486796419675 76.42791929885996 126.42399919368576 120.2695749641202 0.07137814909219742
99.48420288341418 50.023020685161 123.96335432457221 81.28392091102906 0.07135225832462311
336.42836420941825 348.7513755862308 351.53675173238656 371.1444373104002 0.07134681940078735
112.67794926632246 57.534813619623854 134.9121725684106 84.52383268852809 0.071331687271595
351.55733733326645 328.65213411334975 365.4654102987403 349.5312062624896 0.07132624834775925
804.5286831071265 326.16138451086647 813.2420898444207 337.1855727428862 0.07131470739841461
497.05412884825415 367.3880445516081 511.29901191523237 383.55000944471533 0.0712665393948555
727.5485045937339 205.37415859523702 810.8613959939316 298.23013777768705 0.07120414823293686
384.3461000912151 363.8124627157735 419.0124415462128 412.2484814373524 0.0711817741394043
598.8138801229582 288.60220836731924 631.7398983013629 327.1451952923635 0.07117003202438354
233.46099833264478 288.0521305022904 272.7092965025467 341.78460311689014 0.07108824700117111
76.1987627986567 225.7197535716375 82.16769291167995 233.49224598301788 0.07101188600063324
59.05471175434764 268.8412646310063 80.73491281441241 296.5600813031783 0.07099922746419907
605.0830474104168 263.3925297640299 615.3470133545236 273.55424185778304 0.0709952563047409
763.6699751894861 311.8736361735061 807.902271225668 365.52283112023224 0.07099440693855286
1049.8470095187351 268.9438774246415 1057.8936729190698 279.3848012818501 0.07095686346292496
386.50818836391187 189.84726385085136 415.4777914745642 230.67777174934767 0.0708538293838501
267.7153442672747 255.32709572847097 307.2804739445869 303.3154308360424 0.07084111869335175
346.2071491217941 155.02519545692914 352.8738333721428 165.28678560459366 0.07078316807746887
981.289863913194 102.80905552352726 1009.9739181180595 130.38690312691375 0.07071642577648163
903.9942941924897 351.1053405620313 943.7510710223316 404.8605142418353 0.07070222496986389
30.078180848115448 238.74108904709666 52.03823130916674 266.0450586130751 0.07068948447704315
953.502277710266 340.2857631833482 984.5987494081784 386.3884709600932 0.0706159844994545
270.5452677152776 441.2584842575793 286.95729791443426 458.2624045187776 0.07061271369457245
120.98477004966335 -10.439908957105699 167.58733355915493 39.12074732802224 0.07050729542970657
1070.943352063651 270.06110114024307 1082.2615332285036 288.1644358385214 0.07041961699724197
782.3915639887863 330.66281155434746 792.9285936701837 343.6902602996675 0.07039370387792587
328.23977931476264 195.81760752334068 346.99733026241864 225.08088288140956 0.07035443186759949
221.48629404784052 366.56329532955186 318.2355873531032 492.28891133554987 0.07027960568666458
363.9188520557983 326.24430004497725 371.88987526340804 339.60740872614775 0.07024458795785904
301.4376607430822 342.0672392991875 337.59033115130956 391.2700119292307 0.07021904736757278
807.9231747199392 284.57586506170634 837.4209496503742 320.6596075411242 0.07016680389642715
493.34486421220396 336.4747759336564 509.09903758636705 353.9787996671283 0.07002363353967667
342.4939735746475 207.84147904615583 363.6641507791666 242.12880043298185 0.07001030445098877
813.3008319375531 325.32039382825144 821.1850741594061 336.17815829637397 0.06996843963861465
798.1308385790235 329.0349799512392 806.8858218258767 339.19306974510687 0.06992635130882263
703.6789736936049 412.7654590719178 727.426950554453 444.8498993136387 0.06989960372447968
-57.27899265781352 559.283300794177 132.69670631326426 777.0901018624426 0.06983063369989395
644.8337833824627 333.93542778402974 660.0844563634363 351.95789811060774 0.06974753737449646
193.0388632315632 386.4725031591959 247.80869562287617 456.45629044069847 0.06961219012737274
972.7579872047418 241.72137601896213 1014.7392115230856 298.6116073997844 0.06952980905771255
98.86552729998881 155.68479977933654 154.10178754674484 221.7430837012465 0.06951554119586945
755.5201169156517 336.6064311231574 764.608549056047 352.1705226898709 0.06948545575141907
72.36744609225087 8.67690515081981 106.29180775810207 48.06576478899157 0.06948170810937881
505.1448330120016 380.1184952189933 519.5835743426554 398.7187115752918 0.06943980604410172
658.6807755487757 370.3988144241508 677.5597130284497 397.33527041873117 0.06937552988529205
630.8986818895573 399.6974264528135 667.4612766728204 443.60359033355456 0.06923799961805344
365.85089789338514 345.9235804064417 382.39610032443954 368.854276522729 0.06922052055597305
524.720622518658 422.37670402393223 544.7499678125328 451.60561736671957 0.06921140849590302
1041.2949204722224 397.9705056517729 1086.699760229427 464.2751755181969 0.0692002922296524
674.7862890829325 326.36818387712964 691.4696431796501 344.6733646903387 0.06918935477733612
696.1032713552642 335.88305282327286 706.4847810408074 349.034660235983 0.06916031241416931
700.5174506667245 285.47862445587174 729.1302832115374 318.86448285982124 0.0691586509346962
106.72371546665002 248.39736738802702 189.4870808843489 367.71094770876914 0.06913476437330246
660.6805633469409 235.4849524487208 709.64813881677 290.3966515327301 0.06913217157125473
443.56598290141926 348.7015366955948 453.57500928542134 362.7638421610216 0.06912179291248322
457.3701287050975 352.5766455893986 464.67357998595975 362.6817841100314 0.0690745934844017
33.182560493367404 349.31915840195586 85.72630633048018 420.9901014899195 0.06904948502779007
867.1016105866215 31.62347404238081 1195.8917875454677 440.8869746590807 0.0689404159784317
938.617399153353 202.17165826292708 1015.2427485031799 313.45531226907735 0.06890203803777695
254.84287850903087 209.97494798173557 320.5335229859732 295.050492872316 0.06876086443662643
349.33561278639826 321.49442293292503 357.07064721362843 333.1984008118072 0.06861352920532227
933.7035103368727 534.2454066315771 1144.7310361603195 774.1599857997415 0.06858332455158234
998.6365085452967 383.49998592432837 1046.2686509017046 449.6686770917341 0.0685119479894638
158.7529353767136 533.4221150304422 278.4403201534491 669.9285752996159 0.06845049560070038
463.4134458587132 352.89345525238815 471.66008146624335 364.1864805837125 0.0684453472495079
140.19824227832925 24.430731687590114 176.0778813908661 67.43617345242775 0.06835126876831055
906.5142596064019 380.7017418646507 944.7021039554478 430.8590669240769 0.06832288950681686
367.63202143296445 316.09386347032097 375.0495914253253 326.7505723359245 0.06829652190208435
464.8595299181771 369.56087069140034 478.7123172267549 386.62193858989673 0.06822075694799423
62.81192150431865 205.36409557253668 131.2456799590524 311.41249761606474 0.06814496219158173
335.6470392938863 275.26453677744786 369.9834378002501 326.2887661577012 0.06807900965213776
880.6458083484555 261.83328788297706 926.8892056448858 321.47604379500683 0.06805505603551865
24.314920413209975 374.8579200108469 151.09657172846676 550.0422501790417 0.06804393976926804
729.9811136177991 288.96872557692956 763.8634664878964 332.53128166660815 0.06790640205144882
139.61732014193063 196.7525050564106 197.87499093940778 271.45965973971704 0.06790236383676529
598.6413062978621 329.439724831204 620.1806249214983 357.16922719542 0.06767330318689346
22.081185717728875 390.6449972798494 74.55832720296016 458.1939797152931 0.0676092803478241
52.274220893826474 285.33921055666167 110.11384863041955 365.95328764151645 0.06745016574859619
710.1970048220126 435.82944782103266 808.2510261355754 552.0993950900984 0.06730829179286957
485.32665926615084 294.9243633819898 511.63309806996824 327.16520472828404 0.06730519980192184
179.47545266948845 -9.174529204054824 213.18386091426694 27.18957704306416 0.0672924816608429
179.45379662777114 226.61956165028585 256.3951383697227 331.56937170313523 0.06728436797857285
861.7266089108022 381.343548559343 872.2880656862081 395.0982814111279 0.06724987924098969
472.36435999900146 352.6633771385829 480.6495490874114 364.016342811571 0.06702911853790283
1052.5731371346594 215.76802804240145 1090.5257866320544 276.8475204238242 0.06685285270214081
85.27312955746785 408.40749511760436 111.11638137596934 438.2091677055669 0.06678557395935059
991.8017997908867 275.1091723883499 1023.400603300019 308.68422367513364 0.06677660346031189
334.5124913282815 482.56203886376306 374.2817391840188 530.8586273432343 0.06676929444074631
228.8283883952231 172.90641728404714 291.28121413330103 258.91115965932863 0.06662877649068832
642.6522461677722 308.10415684141515 666.6022089158947 337.3020177091811 0.06661077588796616
460.799387224278 309.3757497077164 472.07935140602166 323.1759994378475 0.06653814017772675
514.851434544152 334.907901410884 530.0204079533714 352.90895944032906 0.06650926172733307
192.15807139384867 63.52474808288222 217.74331699131096 94.73366181681362 0.06649628281593323
467.139412577208 258.940044791643 497.86931915683516 299.3711189539755 0.06645261496305466
450.8395331870086 372.4321327944484 468.626622567408 394.9472239974297 0.06642654538154602
268.45599245413024 489.94926529897543 286.57507770142973 509.62991580684775 0.06630490720272064
816.7989168863876 386.59349756842715 829.5745007143892 401.9651639152871 0.06627821177244186
771.0359419054574 329.55816106325756 782.6101925529929 343.54217434637684 0.06610308587551117
398.77578137800447 381.22208320223683 406.6149901537343 393.33175335977336 0.06609508395195007
867.9616048603024 447.68121782011536 936.5865361226749 525.612998221686 0.06603981554508209
406.8666885975769 367.16705348129705 414.4225570801889 377.5798429609937 0.06582723557949066
453.9448085685001 343.64906848643966 460.8249950579666 352.9085155948887 0.06577273458242416
710.5793520347981 530.4818551233768 741.3270775336254 563.6960461645733 0.0657726526260376
535.603076451367 433.26168883177974 559.1892970470076 466.392432898534 0.06576045602560043
269.5828784678984 227.22069988640746 350.7712673499215 342.54628119098413 0.06552675366401672
-4.993139022683708 226.82224067449116 16.96034683474459 260.5911679216863 0.06551139056682587
866.700391421701 317.65053741503004 877.521766210485 331.65397251269223 0.0654696449637413
941.5151312141799 259.24518618549246 978.4953277943135 312.8482251571298 0.06544085592031479
509.73311170510556 334.1333406213622 520.7564556684019 348.07076015271247 0.06528246402740479
402.01033104598315 348.69496545688844 411.5929913992121 361.6859069389628 0.06524446606636047
1021.5453376686926 154.85538540480346 1100.819375573993 263.88005353211497 0.0652240738272667
474.04461164575224 294.1342208527021 483.61147971850073 306.3662161082046 0.06515130400657654
364.97137965962287 282.25034762470557 385.6089842373608 315.04931892703587 0.06514261662960052
375.0303343658572 177.4999920369145 388.94848349686083 197.73632959887172 0.06498685479164124
539.5876550276525 275.51484077716464 567.0690343532068 310.49877967675155 0.0649460032582283
830.5664696208939 314.1940982401931 839.3991673373451 325.8566035819526 0.06494519859552383
-8.188502792778548 145.50882726052242 87.86253918868482 296.20575036676496 0.06477173417806625
297.53082594215897 467.9488113272746 319.61505719805876 491.4406911462159 0.06470105797052383
138.53366331850307 34.26981155711062 148.63616606593547 45.152620446561784 0.06469040364027023
670.0578718114251 418.00697530783754 705.9928855839462 461.62492962678414 0.0644492655992508
608.8595362512981 256.37625763877514 639.3308302100602 291.0828576178622 0.06436489522457123
20.857314365164704 320.1389960389114 25.938130176353532 326.71741371373895 0.06430564820766449
231.01321342600366 454.71492346208265 333.3609766715835 567.9185694969891 0.06426713615655899
885.0937913895235 400.4214746881132 916.9623626459155 443.34467781407534 0.06423115730285645
882.1278628072562 324.40341830356743 893.6946263619637 338.2859424212921 0.06419011205434799
83.92335399859985 40.62689566914585 105.59948875592288 67.87243574515362 0.06418909132480621
88.94038570222499 1.7345311026523735 126.79199075999266 39.86476421378497 0.0641724094748497
1043.7086611723853 341.0249683398484 1059.3014760976475 362.16205745630907 0.06402941048145294
384.5245677411907 278.46598343586794 396.02807199119155 297.74818358744045 0.06393759697675705
138.67703568621587 48.36857552067599 158.55758646850933 70.78537860978001 0.06393183022737503
901.8996263705784 260.31369518370354 943.1652858094374 312.9546634941966 0.06379842013120651
1047.1051606675946 312.09481079724895 1067.4166381946607 339.9472511740551 0.06379564106464386
846.2534730889831 381.95089570508503 856.4767339016428 395.0453198431687 0.06369839608669281
855.6203031277633 414.97095703198886 915.3945389130354 486.5545713158906 0.06345531344413757
60.921652393864505 8.04205557277183 73.46282395082169 22.897737169015674 0.06342876702547073
421.4890597406816 359.0960967698365 434.1718646458153 376.3401141276877 0.06329573690891266
430.6947684369608 425.3889004662211 543.0499659732426 554.277422299479 0.06327468901872635
240.45636208114934 150.31273542765197 286.21738958460537 203.7479206133582 0.0631566047668457
-119.35984279671969 349.3157194947739 293.4278268580083 859.3666057318316 0.06308698654174805
339.1761930594477 137.12816714470162 351.24262296001973 154.793032145763 0.06307748705148697
355.4038188448026 372.32175228387416 365.33372482797273 388.562252254717 0.06307527422904968
66.33505526442518 64.55673963584961 98.89579820119891 106.8514118508254 0.06300672143697739
489.5995979005311 329.31323764213096 502.89264591215823 345.1823321205566 0.06296073645353317
439.3646343867889 302.38844689619384 464.11459925769805 334.52696501477624 0.06288415193557739
402.25256721892777 321.03565871996074 419.4100920115292 344.56526734769056 0.06270765513181686
468.9036306955096 363.47118977642117 479.11280476828233 377.4909731132208 0.06269101053476334
148.02904874624846 37.53131000828924 161.24992075479614 53.17137654920372 0.06261139363050461
194.215305654809 98.73632589833512 217.78470153936155 130.5040196905784 0.06259582936763763
1041.7191268314464 268.83278101291313 1048.8911785425346 277.20983118477363 0.06254012882709503
169.56232732756146 94.04952689490703 185.38567112385795 114.5203281601432 0.06251232326030731
674.8319600466749 380.7425571822479 689.1436214498425 400.6245913351404 0.06240155175328255
902.6694416629992 409.4202859797436 946.4662247902535 470.56000265638716 0.062307197600603104
364.80080133460683 262.90566748734494 374.4248761388727 281.18083548768067 0.06229328364133835
460.6409582718139 380.4169743081071 480.03955277219075 406.2050628436701 0.0622049905359745
935.9692696199949 207.15884374282805 965.7129694606745 256.3082323464234 0.062182191759347916
51.315304447044234 53.65578598136659 62.484899001216554 67.96060653083819 0.062163665890693665
399.1585085595082 343.33405624045173 427.3073100230632 379.4133813935095 0.062136027961969376
458.79358605923545 326.19462281117495 470.42158105817026 342.04468645516334 0.06203443184494972
171.3005299949187 82.2513119276663 183.97968856623797 96.16770072635877 0.062002502381801605
-8.857902455945371 319.2680807203149 75.57640508054678 455.35199503612773 0.06197085976600647
772.4218093224426 253.95643965919425 821.10578095665 316.2771679416018 0.061939042061567307
678.8753175749218 312.59626634941134 696.6374507547117 328.53501326727246 0.06181839853525162
30.218149268683696 315.8653038720809 36.26954526581757 323.65595510731504 0.06137741729617119
1027.2454758897563 275.14920842646364 1039.5892956898647 291.01110374990645 0.061342667788267136
476.25071741543616 408.7506769920154 495.3800982527963 430.69381241230514 0.0612497441470623
371.14777720683975 269.4841641121514 382.16099210754237 287.61842742287905 0.06118013337254524
395.452479531576 388.41663554690433 403.06859505270444 399.32891492919555 0.060981832444667816
805.607053215972 421.19638236181265 892.5554564255781 524.5575321431894 0.06088152155280113
509.6240666972657 410.5248713209698 599.4785500732063 528.8474636010715 0.060819368809461594
-2.4716866984790826 -3.162980395676139 7.765875913602621 7.646959897935875 0.060801632702350616
560.6989049936648 428.1924586416938 585.7574764770895 461.2391911811167 0.060786545276641846
18.600022162760627 251.3137177618164 48.468392662307416 291.1542611244432 0.06068660691380501
830.2709922206196 499.7114433145837 942.2385487790144 625.9341161252828 0.06059488281607628
665.6849159532201 276.79628299767995 708.189926019128 325.11959064181286 0.0605778694152832
-16.803366996128506 255.03672877516868 74.1545400033938 396.29907308323703 0.06054143235087395
164.41270450818018 52.32125417156866 176.01525206211008 67.14230054127303 0.060534242540597916
358.65076496345546 318.7668568491949 367.2490509707178 331.4987761744032 0.060523319989442825
170.29846178136683 118.22143562937744 179.3009834985925 129.71795814339222 0.06049303710460663
80.16549754316691 80.61679389768373 106.24298506303282 115.11719172417915 0.06028582900762558
-18.175258781659256 -21.73789919167617 45.35601298273494 55.348228475551615 0.06025097146630287
424.4406827035994 345.15338937704075 437.54854661617236 362.53808108493797 0.06020414084196091
405.2732080840852 302.714250671929 418.1751330032755 321.4239426413291 0.060190699994564056
877.2918042008774 378.1047905973091 887.6085262216841 390.92158155636406 0.060042448341846466
391.8032421837237 300.3866012750639 416.2565883370789 335.1536545251471 0.05988205596804619
347.5564315454327 483.3335204312121 446.6242827024054 592.6859275516297 0.05983560159802437
-2.082870459875066 314.2297005720124 7.0924092117837745 326.8481667170196 0.05981133133172989
586.4539598923764 331.24666567715474 595.3185279525189 342.1175839905363 0.059489656239748
1035.9369976732326 266.3059006125141 1046.6435695600765 278.87339328888334 0.0594722144305706
1070.6333431581554 355.026392951282 1083.0239833599078 375.76879884167323 0.05935100093483925
758.5667503297738 251.37707800645856 802.0784626655945 303.4562324295114 0.0593239851295948
669.5886359575213 316.92457393466634 680.1435751911195 328.75468739648727 0.05901730805635452
434.85090130644096 284.94034948061017 450.0635080082612 305.87813531140245 0.05849609896540642
186.20736708229026 129.29198563992048 207.38525702594467 158.47462956156778 0.05822652950882912
1051.3051521334773 367.20993041963186 1069.1975723569178 389.79220152375837 0.05795762687921524
897.8787347381559 318.4738922173074 912.3143799423443 334.89270318636926 0.057613685727119446
585.3222163930798 181.27411314885828 634.598938907027 239.80481633878188 0.05749158561229706
458.36508830462054 297.17846739184756 470.1276660541099 311.9513364733241 0.05660957843065262
484.35047712057155 419.6705445183185 513.8899182716495 457.4471953537341 0.056480150669813156
676.5817191882161 182.72024033024374 719.7637362818451 234.19008396271875 0.05645419657230377
180.30901182397733 74.8140970121825 193.46007144801044 89.75209493834264 0.05634062737226486
940.5088703327046 -72.62744037654434 1159.907598942778 166.95137553522457 0.05549176409840584
