340.11248684357486 420.064896717788 363.28426019788316 449.95295288053177 0.9989957213401794
453.34631477808074 450.11085680296736 466.05059771709375 465.799647370615 0.9194176197052002
173.53067341096798 422.87848455854044 182.57978753019114 440.72985462049314 0.6772035360336304
386.0283377239204 444.9674764651587 402.36787767524925 468.0460392222153 0.6497617959976196
1015.3230904528382 408.1157384051356 1025.6410099154116 421.629955306046 0.6398916244506836
485.74955705994006 437.958531759465 500.0434328370641 456.07641277251605 0.5147586464881897
141.41798332835353 427.34036038005587 152.12324808441832 443.3244405373573 0.5071523785591125
504.5732922054352 443.5636444149428 514.2514162727662 456.0274121339645 0.32402175664901733
407.9058138325823 433.31394769655867 423.83061550185346 453.9820147240616 0.3224088251590729
683.1104826473982 471.92644064101063 707.754018361593 505.55065813341355 0.3168143630027771
957.4682166770132 238.51816347982842 963.5212140404109 246.40414073572168 0.28218555450439453
950.4178089219722 247.964379763304 956.49915005037 255.5937050367616 0.2641388475894928
965.0319958769121 229.18810336122593 971.9813706710855 238.30351305778433 0.23395846784114838
146.5515215426507 434.98273143598425 165.2198107941122 456.47515100874705 0.21856851875782013
629.1018056360144 441.17067792444885 648.4185325328795 465.2500729595206 0.21192288398742676
944.0507168871568 255.89830127101965 949.5162384974379 262.6360916121029 0.19241057336330414
911.216912034201 250.97106973905036 1094.6105493386553 500.40916010828346 0.1911599189043045
973.2372939001443 219.70788064138708 980.3047519441317 228.7433498640419 0.18402065336704254
555.5558117142457 434.2929072649054 568.6208102452246 452.3588500720505 0.17760740220546722
1026.7166294910935 150.72751697600057 1041.4790791939517 166.93598467551888 0.16777583956718445
982.3136086436077 208.0502529844748 991.7586435509068 219.4382108708599 0.1663006842136383
133.2875198793362 448.7452902814899 172.59971867064107 504.2246229814627 0.14435036480426788
1002.5869305013949 182.06155375297442 1012.9491550829068 194.60649907003668 0.13751867413520813
431.13468660544686 444.7847344676442 441.96488443790395 458.6792678524584 0.1345616728067398
991.7901290848163 195.50238142622072 1001.6699364924441 207.3101887497131 0.1344481259584427
986.1049971532011 233.6998377626984 995.5823238731613 245.20286223413248 0.13410545885562897
994.3312727796232 224.71134722438455 1003.7896580737771 236.09112662636957 0.13274385035037994
579.606274231162 410.25045138306774 593.2759728350273 426.87832606192427 0.13246123492717743
544.8949835368012 431.8230940619828 556.8863125334285 449.0208319912231 0.13127706944942474
564.4318308950176 427.2978505098129 584.3462179222137 452.0536054897338 0.130961611866951
1058.382698329068 115.41638821808122 1072.24356340344 132.45910568444268 0.1297570765018463
438.85018670003177 445.14027170978727 444.90247429843663 453.5067963744405 0.12973946332931519
971.2995815994811 231.717127709504 976.6142427597647 238.54437933493972 0.12891095876693726
977.8979495817377 230.3672334077489 985.5634789807692 239.8100868937269 0.128123939037323
597.5616745374002 397.55490989137166 612.1284755394998 413.44622913620765 0.12803234159946442
962.5829652074634 241.4235532980362 968.3350140173424 248.6140048469169 0.12762847542762756
587.3554112839544 421.88491081801857 601.5055745511091 440.77049775751624 0.1275787651538849
975.5736381797207 244.0865027105687 984.589916815826 255.47650172793558 0.12505948543548584
566.195042499402 447.96359914242083 578.2998710181423 464.44801276289473 0.1238783746957779
681.0779997715786 450.72945752503 691.4861873168624 463.92083952863777 0.12300854921340942
984.9931485378459 243.04593110117077 995.9432799445668 257.35380272338966 0.12222249805927277
554.3470819688804 412.29728829963466 570.0427765300209 431.17402715635734 0.12209387123584747
986.684818836731 216.40273098482507 996.3129873636806 227.70253848058 0.12187160551548004
980.197370151123 219.5562737706212 988.9494207957872 230.07688097339388 0.12165771424770355
0.6422560545707501 336.94204968113763 9.177233080885161 347.3327632416612 0.12082116305828094
599.0123600926818 443.7687457645238 612.7897787821663 463.2050786782046 0.12044840306043625
529.3067402600684 429.07794508406886 546.2251620203848 450.64327523874726 0.11959588527679443
559.0816610018176 450.35187732152133 567.7349855754442 463.0659575994688 0.1193351298570633
968.0457911330049 251.31270324424426 977.179072841496 263.0805164261725 0.11924616992473602
987.8551916267485 228.2450396056217 994.8191903206717 236.41744186397403 0.1191961020231247
581.3857719770311 441.7769136741397 599.725319300362 466.2736420642621 0.11914379149675369
142.03665640825065 449.9413264228935 153.93387507738433 465.17058875568694 0.11911264061927795
966.7697148201905 239.03485853273068 975.8461773731832 250.18412020269162 0.11894835531711578
623.0478730901589 463.1983524261012 637.3973403918999 481.80740781859015 0.11837971955537796
618.1858922755566 438.5348178610288 632.5601814403706 458.9870121647082 0.11766879260540009
994.6607490073923 208.55594861886797 1004.6939434219574 220.68961889726438 0.11720946431159973
612.5899627270704 466.05238493207844 625.7357776832426 483.262187169153 0.11715845763683319
665.324464470028 440.2869497082351 676.5754529761045 456.17863449522054 0.1169920414686203
528.520592693917 440.9588548376356 543.977512912645 460.825753070308 0.11679337173700333
358.4068634910062 544.5470889129651 370.5321937466375 559.2130514348113 0.11659996211528778
645.7478256275958 442.69689256961675 654.8272946482228 456.3616183085185 0.11652834713459015
579.0751447017622 397.1984426467181 593.3078203012495 412.8223023035502 0.11650669574737549
993.2049357347415 235.97729761205005 1004.4421424387132 249.78951736723485 0.11626023054122925
1005.0020474662759 213.89579378001594 1015.6975449042437 227.71245848983452 0.11565213650465012
543.9944000177704 451.512573518958 563.4041231492417 478.60216456386723 0.11488384008407593
956.2153839484358 249.77126325266235 961.3257122324155 256.3103204559739 0.11464226990938187
568.6508778739762 408.1602410281872 580.6233098371131 422.24098987873947 0.11462359875440598
581.8400960376462 458.26851000904344 595.3637349350219 477.4222320871919 0.11424916982650757
569.7455408556833 393.01325041588416 584.7330385713323 410.91554099715216 0.11418527364730835
601.542136423672 423.45913795301266 619.6087071536865 446.7180724123054 0.11412310600280762
427.30929881116685 445.05484505520957 438.70163150793184 461.704658445622 0.11400090903043747
144.569582385315 418.64547780183784 156.98798100710584 432.9825469609294 0.11363513022661209
565.2667181294942 427.23211590791175 572.6958759181335 437.04170122553364 0.11361578851938248
555.5110226635421 463.82260278951196 570.0930289595412 484.72355540316244 0.11353511363267899
564.0433451339455 467.88480828064473 581.2822502785783 490.2912492196162 0.1135314553976059
597.0371078303947 407.93391176595037 612.9260268567753 426.9698824179699 0.1134142354130745
529.6319134276197 397.30233007084837 543.9529553356367 417.8602082216111 0.11334791779518127
653.7255142710422 452.1071711328469 665.3026332716059 467.06337155766266 0.11254145950078964
575.0211517848455 450.16257706956986 587.8732828921833 467.4975079022138 0.1125093400478363
990.8015672121936 205.38733270958247 1000.9128886308982 217.46959636082778 0.11240856349468231
630.9380635993244 471.4559360288667 645.0176010157788 489.39857433019745 0.1119091659784317
959.4142217430216 244.49885035459215 968.6633491663855 256.06864003536754 0.11186084896326065
654.9595307184366 464.96153964226227 669.1081150538131 482.96390338283544 0.11140340566635132
641.2472893887934 461.96736201973994 653.6148147566821 478.46297157910857 0.11135870963335037
600.2211109847598 469.26771391473443 616.6619908853802 489.96873610205006 0.11132729053497314
513.8425362184929 437.17394786594645 531.6155010449561 458.7279433318463 0.1111781969666481
947.0583550419473 226.7420999960406 955.9978177997547 238.05206005097756 0.11080404371023178
940.0729456185184 259.97573910185366 948.2257230033931 270.3183600533842 0.11073734611272812
953.4966414465102 221.29130167499122 962.746062814017 232.78961505951966 0.11072985827922821
611.8475361925529 450.52820864415946 625.1440344551261 468.1486941649953 0.11045973747968674
972.2286862949495 211.95594397627627 978.4161125076637 219.71409077380386 0.11042360216379166
533.0031397629426 412.97014017347885 548.222700606631 432.2024181726927 0.11034601181745529
978.9795451725691 195.6517719682726 989.1420549358484 207.766267126139 0.11031687259674072
546.9833757373307 421.1418157507742 556.0873643786744 432.64418520350625 0.11021232604980469
522.0897441209156 454.3136763875187 542.635492813498 481.42294492272487 0.1098150834441185
580.3028668923356 470.03458388852783 597.6106152555548 490.86831336657053 0.10962241142988205
582.0753632598737 383.95117499652366 597.2744853471421 401.40887639751435 0.10950915515422821
934.92761264972 229.4049249900474 943.1222152546386 240.4130520612945 0.10892538726329803
584.124827093403 434.2179449308236 591.6719198583813 445.8860394120953 0.10889730602502823
389.5020698511789 408.94008206061574 410.62037078495825 441.3415134724669 0.10881656408309937
400.16339029920226 409.55694220439204 414.78712240850655 432.6558161891944 0.10867488384246826
1017.5063500520916 200.29901562750558 1028.3052163857324 214.3266100827236 0.10860851407051086
1001.6489248543146 199.35099416391876 1012.7236347183233 213.12362068412662 0.10828988999128342
597.341110671922 462.8577537581114 609.9595467013305 479.93603550117257 0.10818522423505783
673.0063294125811 461.99675560886675 688.5435629531671 481.49866480772243 0.10806291550397873
676.1310690260906 428.4926200353196 695.9862559132041 453.0925138071024 0.1080438569188118
1014.038014292334 168.5858588890948 1024.6833827078106 181.3340627238447 0.10803239047527313
692.265495061367 453.3485813845085 705.1824439921943 470.2529344462144 0.10802743583917618
559.103488413168 398.98237954750977 571.655916557628 413.06349787249775 0.10798707604408264
965.0626077783087 208.004459653852 972.827845276269 217.7918311254405 0.10788512974977493
515.1654696387805 427.23786464375877 529.1333078538278 444.94833871869804 0.10753679275512695
150.52124379984338 461.27078881542593 160.36602954088508 473.69337223515663 0.10752630233764648
940.4760146229812 238.39501423092096 948.8870937018553 248.73207976411217 0.10744709521532059
643.6513876386424 470.49694066693854 656.0359046114407 487.1111951971601 0.10737548023462296
378.14270972199216 449.66695105779297 389.9696623144554 468.0529665257549 0.10732782632112503
962.3037748290499 214.86398353613453 969.6587649861335 224.1239361925564 0.10728057473897934
962.1140676408778 257.1370826302025 971.1585507214203 268.7323616793896 0.10720185190439224
936.2453559057409 213.79486471322033 944.7315227179367 225.70203399612512 0.10713694989681244
613.2278211049693 407.40898032736027 629.030445955644 427.5337937099662 0.10701453685760498
972.6545334991081 200.9272601948642 981.351298618095 211.68204897312404 0.10700105130672455
467.27474097173655 425.5387925392278 486.8471554106158 453.01445937498204 0.10692141205072403
567.2692992605706 479.44588860751435 587.8148318933662 505.657423892078 0.1068381816148758
535.5756243386901 467.16891264588537 555.3283880030516 493.28273700671633 0.10661785304546356
943.6162335581128 206.1186605635652 952.2336025834371 218.03860250055786 0.10612572729587555
424.2516247069094 413.3486649475666 442.686657817073 441.86772512745443 0.10606806725263596
508.9648282060418 378.80527449357015 523.3329699114624 395.01365597497204 0.10578836500644684
934.3439589228418 246.11306436045683 942.6891561386983 256.4852639487499 0.1056651920080185
518.3374447431353 451.49339242525633 532.0366762491395 468.9389489461582 0.10561009496450424
630.3578746949146 417.6448160171997 652.6497834398953 445.48075690395194 0.10552626103162766
544.1877082710294 394.82459686788525 559.5783711080795 414.80855067637646 0.10529465228319168
653.0165203605302 439.8232995911396 663.232507056435 454.1364614943828 0.10491028428077698
951.4567490009174 209.57126225455258 959.6604384281802 220.60417733886553 0.10471070557832718
1042.414715422815 131.86826716972698 1055.2788075576689 147.76488378367512 0.1043594628572464
993.7585393905674 182.25128107936746 1003.724934868454 194.11608580218797 0.10385601222515106
963.6605952687635 196.71024821280793 972.741162130401 208.65779982702813 0.10371003299951553
624.7738513524903 405.46821223717006 635.9423826802308 419.9509368620144 0.10367081314325333
1008.3089055118181 197.7294960048847 1018.6742696403284 210.22474254973636 0.10363120585680008
541.7470140675496 404.4057223596022 553.9825666728102 420.558766745869 0.10347981005907059
1000.2510340041406 234.81650089828602 1011.2821701494786 249.13415526301785 0.10346438735723495
528.1338968754774 420.4199184648463 538.2320363002927 433.4720080316628 0.1033630520105362
378.57471928505527 428.2353486561586 391.776593119764 448.7874811670003 0.1033424362540245
611.8744232790079 396.81822841479857 625.9148420062411 413.34684051476034 0.10324200242757797
982.6918626769184 186.16615090534953 991.7321735513024 197.4697383976066 0.10323985666036606
1009.969809045355 187.65472149261214 1021.1021991664885 200.8101570239564 0.10318748652935028
664.5984001530234 455.699164480277 679.7752641870495 474.2492950564491 0.10315466672182083
619.2950649595786 425.21844108387734 633.4123026388797 444.65408044156754 0.10303927212953568
662.7103106806748 474.61295406913877 675.3885276348744 490.9640573821027 0.10302262753248215
253.02430701756828 166.81185288953534 325.94656030008025 252.4162148754684 0.10240976512432098
590.5144892221676 410.7670387472881 599.4649157997588 420.56510016901933 0.10235126316547394
442.7725482970568 401.9407284356329 466.9864698403454 437.3435912429329 0.10232708603143692
1007.256208265348 227.40780880654233 1017.6138201120687 240.78219995675022 0.10216818004846573
497.8156467606404 393.1867718703294 521.2949844554165 425.30709240904804 0.10212688148021698
961.0833138995006 294.11292909261687 1013.0624810808966 356.59467999341433 0.10203692317008972
631.655867616935 404.840787296871 661.7893911110797 442.2609408748867 0.1020355224609375
613.5212107183042 481.653350969568 627.9850575001151 501.49602003154627 0.10191182047128677
515.4201927575134 360.94760317584087 533.139141728044 383.724224389431 0.101603664457798
566.6697008757928 380.87709280453697 584.3964851378237 402.06441546062416 0.1014050841331482
969.6594211032019 192.3940360670058 978.3793260416535 203.71480615012837 0.10131470113992691
468.0933621776128 443.1017085284205 480.0183649630649 459.1141791914529 0.1010405421257019
161.32156298540494 427.55002697685876 174.8905191464427 446.6862277358343 0.10086362063884735
688.5670136556383 471.6073889482242 697.4254524946025 482.77777259997464 0.10085741430521011
486.8036692187722 412.20426711964325 505.2883809527029 438.9638368225977 0.10048455744981766
950.945128109209 198.35166431194475 959.6878273691422 210.54451210725196 0.10047287493944168
551.4927522305425 377.697263197775 567.6815687294749 398.2212130758806 0.10041423887014389
652.5190649800297 427.6534385381704 677.2083268121213 457.26421825507606 0.10035615414381027
654.1279373222651 424.94571921027847 665.4541122949759 440.58906572794365 0.10019094496965408
625.5307546718594 478.8698602753699 636.7604159428935 494.55182879753517 0.0994936004281044
662.7273120207175 414.1644249622078 680.7059120705554 437.3087281829207 0.09947517514228821
498.9275599523526 454.8368692535095 516.944499350168 478.4630345546997 0.09946846216917038
516.8097801705294 468.14760627140606 536.8207508677982 495.71102550888025 0.09945793449878693
292.14789087216224 407.33849351095 337.84041060996987 470.3784849620321 0.0993964746594429
591.4992853522812 374.63598841840593 613.6468105865341 399.5763661649487 0.09937210381031036
555.8073605255971 427.3413639070232 563.06949840883 436.44242423406166 0.09935964643955231
407.64287968621426 450.688753951988 427.1746265990143 475.2956304329921 0.09914539754390717
951.5105801549805 239.13312413604552 956.5717304353268 246.00048740396667 0.0990658700466156
552.6265089181381 451.05143690245757 561.4478010917228 462.38366986468685 0.09875979274511337
434.20704798243275 460.1434150065665 450.8908631358667 484.0215601745016 0.09871891140937805
137.34594741088597 460.68477407112414 148.95721780138456 476.0525533442769 0.09854327142238617
570.4220255084354 420.8529975954306 579.1465694660587 431.7495432894709 0.09854042530059814
552.461585730986 477.6168940204462 572.3385477761851 506.0453974586677 0.09852849692106247
607.03739181931 384.05388104670646 623.7337894529206 403.4475432921581 0.098453089594841
650.7684774492318 476.3937261370132 666.5633185071591 497.07178357381076 0.09828543663024902
590.438972740176 484.8176332269384 609.572516104366 510.78030137186727 0.0982530415058136
978.7367194994619 213.76900080439674 984.5959579718374 220.95540757344565 0.09810830652713776
976.2056352962204 182.94082226234204 985.5375705551752 195.03121572279366 0.09809277206659317
1027.2058055811885 185.4303005993228 1039.784578277424 201.96753311508826 0.09807632863521576
593.1736931953807 475.40128954508396 607.3418977038526 494.00377640489364 0.09771363437175751
626.0991412429656 413.82161480619686 639.0835983473439 431.28997935179865 0.09770400822162628
418.8551107324495 445.7236294295648 431.91180673161506 463.0078124411584 0.09766566008329391
988.3260947471858 202.64248252333397 994.6311368281181 209.81520915185706 0.09760303795337677
960.9579538764873 229.00896525204723 966.417608800957 236.51686321155023 0.09759724140167236
441.24905020878697 453.62979061788883 452.8950235731142 470.013178545951 0.09722964465618134
964.6672260541687 236.23634048638215 970.4270633414354 243.77037233567594 0.09666825085878372
157.76323588246498 448.7593714814675 172.1699966781044 465.5580109273606 0.09663883596658707
452.0059767883716 418.8208915910653 474.6159345406023 451.25960357980597 0.096541628241539
522.22247726316 381.8477324386035 537.0656254350268 401.9085419298824 0.09647241979837418
990.799739595623 171.91401300004992 1000.8835225484189 184.87754468097285 0.09628543257713318
516.2168267626197 412.30142818103894 528.2462565895706 429.05727219535254 0.09614604711532593
943.4393482865039 248.2856082072722 949.7261226263107 256.24422874439654 0.09603850543498993
967.8975924173768 222.50873795070666 973.4024930054925 229.70392286548434 0.09586289525032043
495.75371015530357 420.68217621750745 515.1550382551771 445.7091838091844 0.09574778378009796
431.67024123834096 453.90896753338285 444.0067266173039 471.28074662667615 0.09540954977273941
537.0037285929773 378.53339426399634 549.6475732154745 395.9096012874502 0.0953664556145668
150.80941591304662 420.9394964155025 164.72788618066195 437.9644151085481 0.09530194103717804
158.05727567204093 460.34628011558175 169.3040211076152 475.18493867712493 0.09519412368535995
633.4847635519601 437.6933928059425 640.5481810552092 448.0436253003458 0.09514770656824112
541.998182576661 445.728716237697 553.0341594365974 460.8712241920998 0.0950254276394844
485.9904278020487 462.22076620856285 501.4478073378537 483.168378673007 0.09473105520009995
690.3343052105046 418.51629782731004 713.4271802549679 447.02163555981735 0.09456173330545425
956.674498778363 189.26200337501135 965.7129748627436 201.5948722629231 0.09452638030052185
993.8380882038115 219.1845317148938 1000.1927329066978 226.57364131410307 0.09441867470741272
604.1840822600302 441.27071923260695 610.8247332816696 450.0519802510493 0.09421820193529129
435.4333074375816 396.69944728339726 453.2741688708506 425.9698226591574 0.09419260919094086
638.1659966140982 482.0784072017797 655.2835969431106 505.99081046178344 0.094044528901577
527.1836614495735 483.3369128143936 550.0594889445631 514.7157514967056 0.0940026268362999
134.4526769769085 467.6967019963487 145.12995158682034 481.6260642768962 0.09397801011800766
587.7795527400294 393.50444707495564 614.8236681982931 425.1175821266604 0.093620166182518
456.31084482895193 363.7393804961284 498.2879152923227 419.3131498907978 0.09351462125778198
681.4517519591748 466.21037444142416 690.7116596884977 476.88025874026494 0.09333423525094986
641.7642136026975 438.38220273609073 648.6361115515507 448.7745700386534 0.09332190454006195
441.34474422643194 444.12500393746274 451.466758387375 457.17798276919643 0.09331197291612625
674.7940081045566 441.7250700955272 684.1279576369482 454.6123699767155 0.09320267289876938
304.79459826214213 543.3296081314863 312.247575521178 553.3793636742791 0.09312857687473297
1000.5979368419589 167.27582231026884 1013.974181118069 183.92116668634998 0.09311693906784058
516.9740031592547 403.3527005113692 539.5346927806858 435.62858896556844 0.09310351312160492
563.585871990108 489.1322382098507 588.5183843572507 525.1013874020193 0.09302009642124176
616.741746609082 361.6835723507525 648.2184670116529 399.44888228431955 0.09300149977207184
963.1848303912178 184.48890310499556 972.4473647920415 196.7648752212582 0.09298907220363617
627.4063658199401 480.43464044311406 644.8783854951125 504.17126147851343 0.09291312843561172
615.3953105410408 381.36947406808383 632.6020799988972 401.18728187454576 0.0928991436958313
473.5059383647834 471.936193338978 495.88132167266707 502.7730322861972 0.09284086525440216
531.3120154047893 365.2094325356633 547.3521781190407 386.3246891446818 0.09283583611249924
987.0337777875955 197.69370566745565 993.24456805248 205.3345321992776 0.09255482256412506
687.8950441614062 443.1165813973107 696.1734239665121 453.44428894283317 0.09254425764083862
608.190485925705 495.3224585053219 626.584838558133 521.1493620286021 0.09239839762449265
931.4129175399554 398.3045856760346 995.0976358085777 468.6017946481047 0.09236963093280792
396.274298372327 461.954659531593 417.9570066806165 489.6992457293565 0.09210122376680374
475.66269314404207 446.9856666946382 487.85906459978355 463.42529148603774 0.09200230985879898
1016.3689370352774 188.21342980653714 1027.726997750917 203.0633874354549 0.09185218811035156
131.70634478584364 437.28392797729674 144.1461882828276 455.0338693090513 0.09175410121679306
633.043142110748 388.7662653975807 656.0371497960213 415.83666663547723 0.09174200147390366
708.9768917221186 460.8412394453482 731.7621448304833 490.7984123053644 0.09170088171958923
641.2263362309973 502.54993574263403 683.3927263024565 556.2446121654032 0.0916271060705185
170.03623848397407 439.33802548347217 181.12766573551798 458.1484896303212 0.09141399711370468
454.65406443109276 462.09997587556654 470.1568878591052 484.09306129129556 0.09141270816326141
617.8591494120706 392.3520461844121 639.0053118836454 416.6677367665792 0.09136690944433212
470.6599430954379 405.9814229462186 493.87357292164796 439.68429155863197 0.09133447706699371
543.3047402824841 363.70500174221354 561.4149711524258 387.17589740808916 0.09114652872085571
579.1678129183053 497.904359535729 597.3934706556314 524.0602224175287 0.09112326055765152
946.3369877420178 252.40891254592353 956.9053362896259 265.5293299713404 0.09101200848817825
545.3173896809443 385.3401691857451 577.9319734292213 429.51941932417526 0.09090369194746017
962.0307893446623 222.01533714842384 966.6227102578076 228.05037746304464 0.09085023403167725
567.2709857947393 462.2736649628235 577.1632503103093 475.7463780302644 0.0905817523598671
418.2987359370608 460.4376197513949 438.6445271139629 488.510132336884 0.09056010097265244
1007.2446469599207 410.0387443968614 1017.243387192341 424.9517644966038 0.09052091836929321
576.331598098862 479.6826237469937 625.2972697982028 546.39936546132 0.09048739820718765
582.5603155658952 424.4526871019606 590.1570620258534 435.15313692043605 0.09035316854715347
122.02545876420707 208.7036594130903 202.44562380277375 297.9784135701467 0.09002384543418884
524.5870070625257 393.8821450102592 588.4759353501846 481.4098095834733 0.089901402592659
610.103205721965 439.7916121309592 617.8047929613222 451.02723152706596 0.08940833061933517
-5.116655452563966 -6.884674357368042 96.61649959361347 113.12598520553952 0.08927798271179199
545.8078137349855 479.5858817089504 564.4850466652916 505.05882831135096 0.08880659192800522
577.0218771733529 340.639263604514 618.2596439826324 391.9358856424742 0.08876772224903107
703.8866214146777 448.994647173692 714.4346764920391 462.1009679012489 0.08868171274662018
442.55043527054806 478.93371389174763 461.0884384179835 505.49694130324457 0.08864527940750122
1023.4708253273778 173.5055352900939 1036.7821365750806 189.41424831262708 0.08845454454421997
359.4551100139399 422.85741359257224 381.62239003552975 454.0017181359216 0.08810549974441528
491.2644741931051 369.6636073329888 514.5215526267381 396.3426663783028 0.0878283828496933
478.1889138772942 451.3933982143716 493.2373338575084 471.7770154357683 0.08772493898868561
956.1113883070988 232.74403506556635 961.1319503029849 239.69268569161716 0.08770579844713211
991.581964921203 418.3781159604314 998.7452366318265 428.73281891838997 0.08752583712339401
598.6717070904024 429.10511258977306 606.5032971054096 439.9460295230182 0.08728236705064774
495.55912924389133 445.9260319156354 505.9093560943916 458.89805132949226 0.08726876974105835
657.9166789080081 485.08473914974167 675.6459582921883 507.87959997741814 0.08717215061187744
578.6207165356193 387.243576802041 631.9715128314286 454.1828911771211 0.0871603861451149
538.0755356433435 488.8749148548227 572.2153040112823 539.0030837249292 0.0870707780122757
683.2332812206292 462.0820186375581 694.3377649387147 474.6815189140542 0.08693958818912506
553.2538426217845 496.8138008248015 572.2999127619846 524.7607091041015 0.086833156645298
398.69472390020314 428.12826736935284 412.60073678661524 448.0253741685327 0.08680082857608795
569.8413208891262 363.45390890700446 590.3818041259813 388.0493719268023 0.08679307997226715
651.269571651593 409.53430722359997 666.5422017076063 429.67399801701634 0.08668342977762222
1047.037143601142 120.1908576973532 1059.5294688430554 136.41864779579032 0.08660271763801575
1027.6938308581714 444.88029603601444 1036.9816782483022 456.9894957599173 0.08659327030181885
381.9052620368253 402.0766972078082 391.241204581669 418.7983889254647 0.08658964931964874
668.5414414549161 398.1896196946117 705.2922430087234 440.883831008579 0.08647651225328445
1063.0113250690451 133.82958094567906 1085.1116221226885 164.89366782088436 0.08646494150161743
178.0085086416012 434.10296991065627 192.69418466617134 456.5161976033253 0.08644220232963562
476.1882035047449 374.9775366483952 499.0389853736154 402.79401365993044 0.08633533120155334
999.7939426901412 156.8209134292943 1011.1067917574879 171.50274267154126 0.08619475364685059
507.1572740753717 355.37155174383804 521.5901182626678 373.0681631224813 0.08607160300016403
700.3767801030649 467.7909479812104 713.5173387754041 485.62648742680807 0.08600223064422607
413.48232407475876 398.5769685379474 430.89558063085155 426.85480647316683 0.08575060963630676
904.4238231938148 505.056569474282 1190.2149886148195 833.712470901222 0.08569493144750595
648.2535032834041 434.3088086434216 654.8632092307664 443.8201083405109 0.08557627350091934
964.5701898756367 360.6088389337211 974.7472910029538 374.5611511136807 0.08557090163230896
998.019373311934 411.99991999474133 1006.9708111816108 424.8928653483268 0.08546305447816849
131.92158900507533 489.193760618299 144.81040750129335 506.7635611006839 0.0853695198893547
480.4711294269334 351.01133726102904 503.94949050829507 378.5146289088029 0.0853247195482254
606.3437260542438 502.50514352642557 627.9539736682841 533.363804006678 0.08531269431114197
447.63587213031724 462.6363282694919 469.56343336723785 493.2527270013924 0.08527147024869919
129.12205549350708 480.0527428560463 140.39792956704468 496.01781411453686 0.08518625795841217
147.0726899268759 477.7511952334308 162.58217190191615 497.6723606763994 0.08515964448451996
512.4671557213567 436.87758562447834 523.3213603485644 452.4194735102801 0.08503518998622894
525.3447528902867 337.90682220952687 551.2613902678817 371.6342674832627 0.08502493798732758
555.8988968933825 407.6341636044232 563.6141385741885 416.4203037580162 0.08496779203414917
168.71149242877374 456.055317670128 186.1679471776256 481.30060053115983 0.08456425368785858
498.6011879530429 475.4357242297135 522.2568387041343 508.79848266916224 0.08444452285766602
161.30205242767224 415.5700382846426 173.81864406038957 432.77090889747336 0.08432333171367645
158.00533198262906 467.51150610291944 170.6486980166925 484.3861776301486 0.08411886543035507
566.7180924823673 547.784163644272 588.7271485617813 577.9329566968935 0.08369075506925583
120.74072347224403 455.52256766738304 134.69079983508283 474.3409119027939 0.08352036029100418
1023.3642462549534 405.76312805778286 1034.0066539522013 419.3530263183534 0.0834357738494873
507.70617694248637 371.3879344915621 518.1314226066138 383.08470436621707 0.08342709392309189
111.01312271446784 440.1018029542316 128.64778354491764 464.2713152155668 0.08334532380104065
654.1213325217773 383.29971676159886 683.0204909477811 419.7863880752643 0.08281704038381577
571.5778736104616 439.4834472687296 580.5832889259121 449.9356977748433 0.08275797963142395
597.2693049129052 550.1969783704371 647.2346021557322 620.0771191332313 0.08272221684455872
465.71369164793947 457.28304388186694 477.1336879958967 473.1072845033061 0.08264674991369247
430.43156106797335 483.69835192235837 449.66461101165567 510.8472867128184 0.08257671445608139
634.9536781546568 531.5288970351017 652.5513514337218 555.5873307694669 0.08255970478057861
667.4004232523516 434.25812057196146 676.6586964953761 446.13414181350157 0.08251070231199265
119.65136849442122 426.5471367125023 137.01116780481024 448.7647914079441 0.08245012164115906
497.991414590353 337.2711935026005 526.3122671692162 370.7820307278403 0.08237731456756592
386.4391305459603 220.6247264662417 658.4331153344933 527.4485427943752 0.08230943977832794
639.5081652137017 494.1945738560857 654.6717744220662 516.0537907404912 0.08215246349573135
367.8117151535814 382.9720315710641 390.1175422107475 414.38974788376805 0.08203724771738052
400.88345399547865 473.782953991103 435.5896833256539 520.9075818805538 0.08203697204589844
421.7995948824275 323.10924343246944 444.3774070365211 351.82536537848927 0.08162958920001984
383.4717702280757 351.5078227985608 432.00034957393495 419.91017285077265 0.08108595013618469
328.00501560461186 354.36794939174547 375.21890944630405 419.3258956652433 0.0808943435549736
121.739155569248 415.39225208153766 135.19638515658298 432.5092826494601 0.08085144311189651
529.6421710022511 533.5610398230367 578.4781874473491 604.920771594444 0.0808277428150177
120.27507242547921 466.3764790457916 136.14590016618615 489.29215683298776 0.08070915937423706
645.5989242801426 428.83519849237115 651.3598633694544 437.44512406911156 0.08064162731170654
301.7202465212457 457.28100492034594 312.7333972227389 473.18166711595063 0.08046497404575348
133.48255106732955 453.2810409768633 142.2983343703896 465.82180364319083 0.08028193563222885
671.3352360267412 427.84466706538757 677.5573897974043 435.5640817505681 0.08020219951868057
1005.9397736522137 364.20060651518844 1036.01965603995 406.8285809693813 0.07999993860721588
628.1707845170168 500.06358305070313 652.4001189016839 533.7227304856442 0.07992516458034515
613.9500636087428 517.1442265123326 655.7958958613432 573.0937214520111 0.07975292205810547
531.6392734817564 332.3480846091552 569.8518110997353 379.8480700359669 0.07974568754434586
132.60532061401506 424.18917753611873 143.12836349977863 439.0897874363182 0.07973978668451309
619.9525309348895 496.75168541489813 638.2187179731404 521.8583172890645 0.07965701818466187
571.5581052286637 523.824598460708 606.4339247744616 573.4093131749687 0.07958563417196274
458.7780758348125 484.7001589961767 478.48671964791833 512.216949855125 0.07950267940759659
997.8628912674538 425.8523901036291 1005.8689722839387 437.64991332851145 0.07937752455472946
445.8089634211457 426.7078813413841 457.7276891389756 445.5697990337327 0.07932526618242264
457.74577674248513 434.0001552298716 469.43807298167445 450.2628619737915 0.07931427657604218
529.2400749160115 377.6398210936625 568.3659181131812 432.4435658935228 0.07917320728302002
652.5183071303625 427.387368683354 657.7403291337902 435.34441628779115 0.07903765141963959
108.40142695021856 456.45451315729144 121.02539468398196 476.0760376818903 0.07870188355445862
655.5754195319071 353.441810514173 898.9781274962348 611.366055712024 0.07858850806951523
671.370266665336 499.5099039509864 727.6038364496849 568.8603397413566 0.07853913307189941
711.7740164474994 448.3062719097345 720.043445224819 458.0304062793804 0.07853768765926361
512.408675513999 498.0609723937068 536.7537802947086 532.2728367169786 0.07847100496292114
700.7153876986383 475.1083127826857 738.9578989748222 522.6670477508341 0.07837533205747604
182.1710823866078 422.846949451932 193.77132478259497 439.1552829746274 0.07827706634998322
1018.4838621104918 422.3236499941537 1029.279129876747 435.545140318301 0.07816293835639954
134.4407407442338 414.63840369773504 145.93790102512622 429.3109578909007 0.07800786197185516
207.2042992988329 387.01591865742535 244.51367040150691 447.6706769508293 0.07797583192586899
109.0715372142141 422.20857259832917 126.67005479487547 445.79383812503215 0.07795111835002899
382.2646080503504 463.2838575827374 399.20235017329486 488.7557330717742 0.07783981412649155
469.9028450323306 494.04966230910946 513.3349823641782 558.7774569316668 0.07783174514770508
137.98418851609313 397.7399269688015 155.51634470590454 419.16464189892207 0.07751505821943283
320.6341481751656 409.2478429585358 399.5336294765428 526.4890344074522 0.0775032490491867
447.3217643160331 368.9390013103743 468.01075607806047 398.31307808914625 0.07728688418865204
185.48484972901988 447.09562899504783 207.9996771472392 477.2086876511895 0.07709062844514847
516.0473545893302 542.8146172957616 568.8591447733768 619.4391450889093 0.07705668359994888
446.6779471630792 445.199155608609 456.3921569432451 457.9141069070644 0.07703710347414017
327.37290636069383 435.2147847103538 346.83429519222915 462.3755443738483 0.07680433243513107
153.9929065796032 406.5031416069703 167.9189953345264 423.4410439279095 0.07649824023246765
694.19167761373 85.39165384587893 931.4169088322772 360.82285405737434 0.0764230340719223
553.9536123549532 518.9885286218496 569.428350825966 541.3157020690226 0.07620206475257874
456.2669248463467 314.8209608584893 500.1346818015954 368.0727722827983 0.07606960088014603
294.12902907533186 465.97080599583467 305.34678097189914 481.28570684988415 0.07603007555007935
1002.5026387997958 401.84702505457636 1012.0707002835755 416.35419991419764 0.07594410330057144
256.1797279159078 301.88333069967376 335.30398045125804 395.3541618613767 0.07575041055679321
452.1861125064451 555.1000638514108 492.31151599689383 610.3174450545243 0.07567261159420013
208.73595790369114 427.7095991918772 220.83018646032625 446.6191423454811 0.07530191540718079
672.134599695913 469.9718239924579 682.6739031892473 484.07634944839776 0.07494427263736725
1034.9487726862933 419.380874540148 1043.8276131209348 431.4625365996763 0.07463198900222778
325.2371760364585 409.7441439390369 344.62787380069767 436.0723689716001 0.07446828484535217
533.4916165044092 499.70150625092134 555.0729841012283 530.6548440036462 0.0743245929479599
-66.96353890865983 550.2788037112208 130.1922145520026 787.7505986464699 0.074288010597229
982.5396279923137 428.9103475499059 992.1802868928801 444.33536292871446 0.07425598055124283
983.8336779733536 410.62572089044824 992.3437358817247 423.0481922558179 0.07423753291368484
293.20451710874914 434.391831019989 312.2051997779593 463.213534391879 0.07422832399606705
606.2086904668555 530.0292207796213 615.0519579083474 541.9866111739211 0.07399012893438339
289.6284684933044 431.4811960922354 300.2141677982799 448.31360306683877 0.07395000010728836
968.0808874790454 384.2176326925686 977.038621853472 398.25826105046986 0.07394930720329285
615.1747462025065 519.5090513788876 629.2013900039191 538.4631106132803 0.07389514893293381
585.2259220492524 329.79644084681155 642.2102954195499 395.91530276886994 0.07387356460094452
991.1724133617316 429.661503858816 999.6194176284803 442.5566565569569 0.07357244193553925
675.8455172630686 430.2441266385129 685.97989391303 442.2875210065174 0.07348542660474777
377.9113982670091 328.09375442766964 405.0981557467029 362.8715656253642 0.07333213835954666
363.13035188180885 451.68077047918024 377.60627290855757 472.11352920316335 0.07320956885814667
269.1034727386558 380.5700336938749 307.78698199642963 434.6973018181832 0.07311995327472687
103.73787858446384 413.24834648199084 116.26753927425834 430.06865970611636 0.07307793200016022
489.0544747509002 555.2795781866098 530.5723687325334 616.7441044291934 0.07287611067295074
650.2904481573167 423.4490419004672 656.6615316212067 432.5508929159812 0.0727347880601883
940.0527564498765 353.4445610133877 965.4784635900046 389.68242036515306 0.07251520454883575
1048.5877475817406 417.0603912756987 1058.9862151359723 432.35551659004034 0.07244288176298141
1036.4223571383134 410.6643313372673 1044.8455531801258 423.22339757413164 0.07242096960544586
189.3027200455302 426.42641068223827 206.1345753361343 448.6210380465169 0.0722457692027092
383.62607972370995 373.98451352555674 402.14430704087727 399.67259191812144 0.0722435712814331
596.3529631649396 520.6797574216798 607.58026877186 535.8518032541824 0.07205229252576828
117.47368390868328 481.62691040535174 130.28051587155625 499.95721956442895 0.07194175571203232
976.2815262145946 366.40150420596854 1010.1310672314207 412.46258009207105 0.07187066227197647
216.55568264323344 365.65767382467385 288.2069211701221 452.5349882395534 0.07169932126998901
627.0939114079337 422.32196239896575 636.3343387996704 434.7742919303625 0.07169347256422043
636.2283699653068 534.7277086694796 646.0934286944696 547.9314755460986 0.07161283493041992
146.34275193994262 494.454772022955 158.39119089065719 509.06272667848503 0.07152071595191956
601.0626359467161 538.192793826349 611.9375470321799 552.9657411752897 0.07151073962450027
576.6921560064053 531.0152605124613 587.6393950078856 545.8218010008374 0.07136410474777222
121.9773604242506 386.46662153894 170.98261864063844 454.02956077430173 0.07102982699871063
356.3052369429429 470.9926266368147 379.1427006181786 502.0481391416748 0.07082392275333405
116.05646965298868 397.0821366448904 137.11177213447237 423.2969258171901 0.07045058906078339
495.29761641513187 500.76496126689347 514.5634924404314 529.6282771711121 0.07042592018842697
423.4960858874771 388.916649531868 433.32181384064387 406.7836631217048 0.07040828466415405
214.8313060013586 447.9383477277385 239.46461801890877 482.09128321248494 0.07038845121860504
175.74310560171645 401.24383418140974 194.13522967016172 425.7283153591684 0.0703122541308403
719.9681328337144 454.4521980080869 728.6629294148196 464.4722213817486 0.07014749199151993
366.67463198503594 403.4592080154819 381.5327995049905 424.48932869641425 0.07010412961244583
644.3066727506126 520.5849256793122 654.0491416186808 533.2358193534606 0.06998816132545471
281.77291631676525 453.66319690155746 292.88792287900515 470.0219435484887 0.06994683295488358
104.3980178441577 465.24303476353805 119.65614340277756 488.9426404814584 0.06994462758302689
615.3995945841691 531.7869729211974 625.4883914174213 545.2196636956892 0.06983988732099533
585.3737936460866 515.3848123714705 597.4332441194815 532.1345223103276 0.06980946660041809
1027.2681093592253 429.1807649615041 1037.330151705453 441.2928339457784 0.06973841786384583
199.2476700506231 494.20721351349385 273.2585024519611 582.2833737186672 0.06959649175405502
175.7263008122389 476.32964728475673 216.8730448711548 530.1104254758268 0.06913827359676361
629.7731551659247 519.5537718429924 640.0964445771896 533.9395617604428 0.06905929744243622
99.6333978113044 475.49858461060023 119.85869539301477 505.0693425381492 0.06892931461334229
405.77410282877 482.0564936409063 418.88220490190906 502.15578538503564 0.06868390738964081
325.00016822651986 510.463358165989 379.7976809341895 583.2513234071827 0.06844258308410645
251.18907963526522 435.85539834524866 298.70716030409227 501.2334035179134 0.06841541081666946
378.83360156511003 66.10395749707683 704.7260137661096 418.35935207303834 0.06832043081521988
484.37618843856836 270.562540773376 547.7664015631829 349.22376595344895 0.06829370558261871
1035.3112687046234 438.93881969898473 1044.8667593373796 451.45879378889873 0.06826672703027725
637.820662110089 512.9720073112346 647.0190098194705 526.0272101730459 0.06821757555007935
568.8577088831172 534.3430633874858 578.6501550445289 547.9137791923284 0.0681898295879364
344.06737466165254 247.9425601430976 429.54647113913546 350.88761752957333 0.06815513223409653
934.6807795495729 430.9742183660671 943.8639981732287 446.3454217523415 0.06804314255714417
498.7302285628605 494.6804791315641 509.03769473924757 507.97271377448396 0.06781217455863953
590.699665448371 530.367522772293 602.435074869138 546.0054626569155 0.06776496767997742
184.8277528865499 290.75509774062743 251.1915034783511 377.5350297561335 0.06741293519735336
391.8494417716995 392.96655576888094 404.4358944486067 414.26132419995474 0.06719930469989777
990.3749935183986 441.3326591284196 999.3024098528783 455.2358963017828 0.06714241206645966
449.45656225399466 505.7814295659991 485.5268650823755 559.5268225415202 0.06713104248046875
305.99593207949687 453.96722509256 358.12329012846016 529.3102167024232 0.06696411967277527
277.2575834958752 483.17110793157616 324.64404360467944 549.6141432674799 0.06627563387155533
1019.8619272195056 438.297491503383 1029.6623834865743 451.4140018214932 0.06625258177518845
186.17209194597365 449.69077305559927 227.509931128808 506.5119302379312 0.06588606536388397
82.55196585952514 437.8988428292511 107.05208150568706 470.68890880519564 0.06570487469434738
325.0477682333547 470.62279956457957 349.2577256691633 504.52359822678557 0.06565843522548676
338.50020788174743 311.576612080052 378.29063609185994 362.09250365391307 0.06562010198831558
322.53826637373635 562.9717866723695 399.930624010081 660.3797709758733 0.06554526835680008
302.12526029826165 473.78995401312795 314.59005160804514 490.2473914448005 0.06502673774957657
443.176184003738 289.29038646082654 469.3349380587499 325.00057911837257 0.06478772312402725
370.0901563165263 495.34993686967863 392.09409523675527 524.3075645505367 0.06474500894546509
381.0558310409513 519.9582349783851 424.5455600311243 577.0117035286275 0.06460200250148773
892.1258136448605 -105.66573933179957 1216.553803871323 267.41703242894744 0.06333748251199722
348.7367900106047 386.28086540959805 372.6060917297638 418.31283761484497 0.06330258399248123
215.54104012152763 607.9097274230279 334.97739157277954 734.9969993048538 0.06293735653162003
429.52265687690095 504.4717373673318 544.1168486406278 657.5265713313818 0.06278759986162186
484.01109995358183 427.8696276604555 584.4490885244041 566.8172733429603 0.06237287074327469
227.89739116428723 439.21336947988635 268.6341286380182 499.60315769848563 0.06183844059705734
385.92306150036853 496.71889129862035 411.10995254204875 530.3438294713192 0.0617903470993042
288.5466864009549 536.2610361297731 334.845655303396 602.1852911649379 0.06101293861865997
247.14374294378342 253.980327490683 304.2012743996013 324.58511124530384 0.06066587567329407
294.93544100928017 363.0315542039573 334.591560708066 419.830918970075 0.06058737263083458
87.1202569478705 347.2115822359527 151.82244911473938 434.79364418572055 0.06038488447666168
344.0778002950668 567.8577120690142 520.6705668166769 764.6857034208097 0.06031155586242676
356.768928798937 511.0248511862408 383.8611819873758 547.2152538463292 0.06020510941743851
991.5062166172436 -45.126733680869464 1111.0954058878526 105.35418211095542 0.058524180203676224
210.5862815117223 235.94542124652483 265.85212386701573 303.145126499679 0.05654967203736305
157.51093830040233 491.4140581658226 189.3394281956846 529.2525735729866 0.05616796761751175
107.29955271443157 504.1286935627128 133.19414731399843 538.9066610002999 0.05500379949808121
265.97113367682573 499.33034547354634 306.5448960139456 557.5385077786389 0.05351301655173302
-11.76254373786424 297.0445551654862 34.00924543754364 361.2858603624285 0.052805230021476746
143.42511146399266 556.2713884710337 192.30153802382654 616.5138464997221 0.05106233060359955
