626.862168166 347.4324412800866 645.1639544329882 370.17069705819137 0.9995238780975342
983.5330067850512 217.64714186327927 1076.3268836197863 326.66520376208797 0.9983007311820984
677.1925949506237 350.87097432544795 694.3554755498416 370.13625136965 0.9798919558525085
565.5407612611341 356.5639907362737 573.1373369295633 365.0537747067589 0.9787492156028748
537.0988087316446 358.1401377828527 543.7266934757391 366.86199414993433 0.9462487697601318
456.4513961324528 355.84478403760676 464.36403983917506 366.90987657678335 0.9350293874740601
438.0735982911042 361.355306317182 445.1896301639811 370.7231341258389 0.6654914021492004
490.04212419074855 362.77684010838215 497.22965213686865 372.689994844267 0.5593494176864624
469.84288600925714 351.0755006502999 477.15342714743343 361.1832876614766 0.48557981848716736
531.9155818572166 355.67941755228657 537.1363832227678 363.8966202870446 0.4432423412799835
444.24413470439225 353.6463512486822 450.7780637668229 362.3829407716965 0.34253591299057007
425.25791824150633 365.4910589848903 432.3402150673314 374.3380105722402 0.3408564627170563
90.95297295529524 11.810629342436407 173.17606007387678 98.831905502757 0.259686678647995
482.31220785684906 351.0716444759677 490.26320951159323 361.8125196696873 0.22641701996326447
391.2442737607107 370.00043972547337 396.39360725306653 377.9825737879528 0.20459392666816711
262.08137845775644 204.1597541969471 270.7952396829281 214.97138344106762 0.17585718631744385
607.407315427574 358.4527530759993 614.8082501751123 367.468799253601 0.1573324054479599
534.4599502136155 312.7105577557544 556.7616026329978 342.20169311841966 0.14707639813423157
790.3735071626708 335.5717731678177 796.4273499501453 343.08011007654875 0.1456463634967804
557.0505683959952 366.5677821934116 563.5235630242942 375.61789996722945 0.1408584713935852
412.0254247972855 381.3229931595259 417.72504775591847 389.26377825083324 0.13351836800575256
487.62164044556465 346.5353558910197 495.20740034533577 357.48068691673217 0.1267184317111969
447.1437588104802 365.66612532191266 455.0619527319641 376.53786175610327 0.12620656192302704
535.7864547150148 332.2627443281048 556.3009479729911 359.98842437627496 0.11896851658821106
416.5041900123186 375.44077996716993 423.19556322978724 384.6758260607847 0.11613553762435913
412.08063674932475 365.67241065046494 417.08616234571537 372.4277462525064 0.11552808433771133
406.11643680218043 366.1504008649642 411.80099537007504 373.80581746291944 0.11522672325372696
404.1196791126865 376.2693211689002 409.42506497640466 383.446559025342 0.11419250071048737
463.46145099468725 354.29187990134784 470.83798886869306 365.37533515962565 0.11351864039897919
396.6526709464928 367.65844764978266 402.683698268404 375.8627868180399 0.11089933663606644
830.7009757399238 332.4755208243506 851.954327542069 350.6222834677851 0.11041418462991714
412.9002459642416 371.1605882078828 418.71880638501517 379.13009931155983 0.1103806346654892
159.82922822688536 33.558944866103644 230.1173591636367 117.29423892742389 0.11013156920671463
451.5572508172796 329.53830374135003 468.7673620046536 352.6289798136122 0.10977230966091156
524.6352103778011 366.9359014350705 530.545319404189 375.82677425709346 0.10924012213945389
396.11791200121814 376.62977002192815 401.97575144506277 384.52909235595234 0.10893832892179489
426.4629293264081 355.15052554209717 432.3823666009871 363.000042518003 0.10848841071128845
405.1987223367683 382.9494061690184 412.2880563760054 392.4968080611344 0.10800483077764511
397.2466749290603 364.0685213994328 402.2668026639468 370.2507105719226 0.10773230344057083
463.8249132653408 320.2643017396004 483.9469958916243 345.53043192024967 0.10708853602409363
453.3879767780239 342.58012777952564 459.98199063529404 351.3193830621297 0.10694977641105652
498.53639493475623 361.8386665210554 504.1614845594959 369.6890931960087 0.1068001240491867
477.5065088257761 353.0706755949135 483.5382497517843 361.992903990491 0.10674427449703217
473.4913631249503 330.4501557296634 489.6876362698462 351.93936722695764 0.10641416907310486
792.9271860632742 344.2648203114659 800.766331134319 354.94129150451175 0.10604622960090637
780.7801086905308 332.93425853454715 787.7972023398574 342.31500897147515 0.1052386686205864
784.8155541463158 359.2109841919501 790.6166688024451 368.67922427899146 0.10509911924600601
606.9993382264437 263.4676705785438 613.4265554736827 271.0862006838075 0.10509682446718216
450.4143617039455 363.47517599425186 460.59234135340915 376.6717197924577 0.10497986525297165
494.4455055055913 370.12498689824815 501.75814213014735 380.59591448009917 0.10467581450939178
492.21297945796886 352.7915470593538 499.41870933780694 362.89958921600345 0.10467320680618286
425.12933533030946 387.301504433622 431.08592880834783 396.22331268120035 0.10404566675424576
440.98638014929026 338.9125324572248 452.904091115965 354.22349629551616 0.10337889194488525
778.287229834514 351.70351980446344 785.4367704028111 364.33340699845735 0.10317102819681168
774.6296681140382 346.4985733791461 780.6820827933893 356.9117421905012 0.10285084694623947
410.03550916368795 373.29323619621186 414.6190301027912 379.4342504851175 0.10275827348232269
817.9386554593653 344.60315502550463 825.2630332323821 353.8566386066903 0.10237525403499603
450.32430116526484 355.50971777605696 456.87196766727874 365.020375002393 0.10237397253513336
809.0114976185954 338.2973571176662 841.0270780227745 374.88259443724246 0.10199494659900665
813.6085462258952 335.9136417598766 820.2077696608312 344.8144909432138 0.10197590291500092
400.4625685090923 380.8164318229589 404.9625586749467 386.76714725689374 0.10189466178417206
424.88864275967126 345.3039686740405 440.5905590778126 366.069482452473 0.10187983512878418
451.55193094347607 346.0708718067644 461.47196335371314 359.76238816931107 0.10173481702804565
476.9031351461724 320.39003106010534 487.00485480947174 333.5676110326496 0.10139524191617966
401.5055896383856 367.530362292851 406.02260780372853 373.6957290069493 0.10075188428163528
387.711041129935 325.672959641165 395.63963398836415 337.3618801323499 0.10060424357652664
431.37412712490465 362.82282208436465 438.35049979032107 372.61770417665946 0.1001821905374527
797.9476822565895 329.239956714611 814.9414601086062 348.720697232866 0.0999099537730217
487.1150501248967 336.3283503028176 494.44921275411195 346.23034151568754 0.09924422949552536
410.1500221270966 377.7102542441582 414.9169333319627 384.5010311642086 0.0987253412604332
795.0813351036293 362.4908654208185 815.4283858024552 389.03796194807035 0.09847128391265869
433.77108707765603 380.1842186291224 440.90365564318205 389.93348168200646 0.09845979511737823
498.397506817995 348.6739483567367 507.87521294558957 361.7490963460536 0.09844250231981277
520.9608022224379 355.7558593006055 528.4222590585475 366.7207321465009 0.09822472184896469
402.6642013200697 395.53732652042225 407.65749790014496 402.1164843236194 0.09815394878387451
403.7429979402354 371.596542556304 408.3207729715382 377.83070528990413 0.09804040193557739
522.6353167129093 326.6177244324217 536.7088781443761 345.5689706293596 0.09795007109642029
399.6622087321986 387.4449028985694 405.78083264891666 395.60659825067836 0.09794652462005615
391.938861536795 397.7871244406612 397.33175874307557 404.4170979553572 0.09788201004266739
807.7384064019143 345.9849766254231 813.9705901573172 354.2000989311343 0.09746944159269333
438.39025554239754 397.42161802991257 443.03666503184 403.7481364819196 0.09719870239496231
127.22099003300546 32.517198917898064 149.11920297628046 57.1809294410021 0.09688359498977661
458.73183465607957 340.6198967730886 465.1972889294395 349.69463338971207 0.0966477245092392
339.2087276536643 154.23957088010394 346.29407277242814 165.55903035316538 0.09647661447525024
444.82914705940743 360.8371923943445 451.2517113816072 369.84232246239833 0.09631253778934479
513.3709409673903 365.1144481433326 524.6945777681973 380.94074544986245 0.09630025923252106
436.2679663251483 370.4715732388145 443.83204102078383 380.57003186636155 0.09592220187187195
415.7739611507599 364.8240731885384 421.46237626729095 372.3182841009128 0.09587989002466202
473.17791094173 356.153108197853 482.39061499026883 368.9025150283678 0.0957653596997261
424.67773886026646 373.7797629236761 432.97808348986104 384.9967796313113 0.0957358106970787
784.4749248221574 340.5530804519964 791.9928071189182 351.1180525962949 0.09562745690345764
420.37678517196093 365.22450697453434 426.58437563866215 373.6368873447554 0.09542126208543777
484.0640133134325 365.6968158793181 491.7444691362748 376.53514190589584 0.0951300784945488
364.5107617687095 294.6944922333547 373.25707457582155 306.88594064733604 0.09495864808559418
502.4443505623861 367.0802372186344 509.35340323765 376.7739734314109 0.09471555054187775
412.71848103444046 356.57461730572754 420.3864101661037 366.4093379025152 0.0946858748793602
795.7897909929242 337.8689595563039 803.558987606685 347.91324196091887 0.0945635512471199
801.9615358073094 347.43684884930667 808.8965307032058 357.5384978091356 0.0945565477013588
850.7528115622276 327.7810088439321 881.7574684401793 357.73592264669566 0.09453932195901871
594.8140155632074 277.685293948621 639.7890448086631 343.30079650454 0.09416987001895905
809.4475695763979 350.42134620319297 818.1346182163176 362.00863890590165 0.0940406396985054
467.2932096408947 364.45933730773527 475.6531781292033 375.9793319295732 0.09402614086866379
411.7406731472883 389.7742886956521 419.8001287676786 400.550995061971 0.09394010156393051
442.84609671907964 369.6319959612585 449.6302718306386 378.7418571182216 0.09384219348430634
410.52401918487357 386.6520101645795 415.58931274354785 393.6777590569091 0.093820720911026
405.979990430991 392.07256441248643 412.63194852212064 401.1012896202533 0.09380578249692917
459.9578612710935 348.1478886906232 466.35248275487925 357.16480847462435 0.09369157254695892
821.6693651535495 334.5074891172802 828.976932636607 343.4842848053304 0.09360741823911667
798.5576143119589 342.4927375700449 804.5452745391486 350.73708844053715 0.09348742663860321
468.6524847395434 317.62590050037056 477.81692294532985 328.3793089979065 0.09345468133687973
799.1732274466071 329.40381110340905 804.9799294069287 337.36089446110714 0.09336007386445999
407.48843010511996 324.1532462628244 428.1991419461776 352.94044941805845 0.09310200810432434
495.421324121765 330.3190863269725 509.61942069519296 348.19705064032814 0.09298671782016754
459.0062085402942 322.27158545222085 469.35146142432916 333.8371636578161 0.09295336902141571
465.5179787651281 341.2010406005528 474.19699027722316 352.71046377170705 0.09283924102783203
525.8151400973525 361.17896356186327 531.3233617909583 369.30252188267104 0.09274798631668091
526.8210773303878 352.7737419943677 533.6885683165596 362.87909620158507 0.09274716675281525
505.19016364704095 357.66289697678974 512.4013453277856 367.805036270423 0.09269024431705475
434.555817118633 350.5236082253157 442.19127372135034 361.4411778479341 0.09265017509460449
786.7628989149649 333.7079466641738 792.116817837449 340.57342795570304 0.09228919446468353
515.4461038429727 324.02481063864434 523.7232951658874 334.7356541993875 0.09223378449678421
781.2834641078816 345.2082256436245 787.652673127919 354.6993267586358 0.09215009957551956
419.2481766855895 381.01251891426216 426.2820335723741 390.46895012828844 0.09212585538625717
514.3016086163539 354.4772178233565 521.6228339458427 366.2886709736673 0.09209073334932327
408.13426633673856 352.2204417329513 416.9089913729762 363.4286350678348 0.09204896539449692
444.465916606128 301.47894352241076 499.35882121598956 364.19324597612206 0.09185335785150528
675.5230093176978 324.77280615237584 692.0831151667758 345.1757383795503 0.09178873896598816
401.8728604796965 354.9960420089343 409.219369208471 364.4708397343147 0.09173143655061722
501.58373022372757 359.57376594927416 508.6327514398447 369.7465379828425 0.09169577807188034
791.8846742597589 328.28274880316235 798.4853082057606 336.6193324053078 0.09166145324707031
462.4522673838394 372.663760818864 471.87999515669463 386.2772122575474 0.09166009724140167
797.9064968881038 334.8095486650482 804.0059859648898 342.9181645522795 0.09159491956233978
472.03396477619873 360.7384596525962 479.7591778025845 370.9922715328442 0.09148594737052917
549.9692976299613 315.12302611932625 556.8737770161327 322.62779430857057 0.0913301557302475
569.1785637701679 364.3573321755646 578.3386121474414 376.9515464674723 0.09129282832145691
299.39185322820384 299.884419636416 344.887385589436 360.1298962593198 0.09123589843511581
387.3497218729168 353.4717869649719 402.12061657141976 373.4644452082998 0.09121464937925339
392.1334953771701 284.8808940839051 400.7367371813189 297.17707534408106 0.09084849804639816
493.6372357450714 341.72184757029703 499.45849254004725 350.4566442197425 0.09083659946918488
460.4620220677146 364.37615189604617 469.1357292332598 377.1576712281268 0.09063906222581863
179.25636670001174 117.25040894937524 224.14645928903948 171.64912957236018 0.0906248614192009
557.3664249106889 345.0579020408401 566.2954022439355 358.62144113802725 0.09054313600063324
529.666921898944 364.03655166119813 533.760208732505 370.0819817799805 0.09052103012800217
393.72069909994235 384.65854309136313 399.8464542910549 392.92927614169315 0.09051502496004105
701.1113177524959 326.88636104432726 716.9757684867803 347.3120159474662 0.0905069038271904
802.865994754641 342.16117635275737 809.0475942862789 350.93684562688173 0.09048131108283997
770.6879125105313 353.59452749461195 790.5000435614493 385.234092307467 0.09020951390266418
200.21747900513702 280.41236054190466 241.57043871676606 343.4543711699401 0.09020911902189255
481.53880082340305 358.8109995830116 488.75852185827534 368.3871382346418 0.09005377441644669
383.90271050003986 278.51580727386846 422.31001979105173 331.3049546140373 0.09004390984773636
811.8977320371431 344.9133085594175 817.3785652949546 351.6750707584291 0.08987683057785034
373.16490133512593 363.13764560792936 388.33996272792103 385.2004015348811 0.08986175805330276
387.83646012733334 398.3715497929781 391.942815865389 403.906962446672 0.08984087407588959
420.43665558894895 354.6221237065818 427.2113084950719 363.38205909217083 0.08978980779647827
405.8555738619186 401.32890906639426 412.8700679742164 410.50816654972857 0.08978286385536194
345.1512648027254 162.9678761113093 361.5225971813389 188.12435334675246 0.08977698534727097
493.02186873162043 375.3750690901631 499.7672903200965 385.53224093612664 0.08975809067487717
433.11853484669615 375.2330501708004 440.3953504014862 385.2004914253415 0.0895213633775711
280.1149760649664 129.99419022522432 345.2026089937626 201.66040025623894 0.08945102244615555
471.229780123414 373.94869567047505 483.1818893905792 390.53320876263757 0.08923300355672836
531.0492547738644 363.79263274945254 538.5196808662389 374.87685827560847 0.08867282420396805
825.0302590018716 346.42008583404873 831.9332140561885 355.06982026452243 0.08865676075220108
546.7686106852901 363.1030913162043 554.4315053242685 373.8439292438328 0.08855168521404266
358.64212947986636 451.17699708036815 365.4589745888761 460.9071701971672 0.08854228258132935
481.9188047286183 336.65222415179693 488.8979734761872 346.38737612801316 0.08852118253707886
430.09132551002557 335.39095455921773 440.33527296872614 349.0856668878543 0.08836955577135086
825.1088989869912 331.7708598768377 835.3834274078378 342.2717771151182 0.08836092054843903
560.794034268698 364.64619073108935 568.8569320011578 375.3124520789887 0.0882573202252388
396.4415091954124 299.9519146198962 421.9471720486045 335.11070279263373 0.0881856307387352
396.8754639438039 394.67172288056804 402.8871194856169 402.3715751943288 0.08817654848098755
516.4615212432295 341.86285932458475 529.266763057203 359.0728997027329 0.08816271275281906
440.36846579192655 378.13578518941375 448.22050766886775 389.4552015613279 0.08810492604970932
811.125968590552 310.3367068536566 834.2613595039057 335.5572049002924 0.08810300379991531
854.0011486497277 353.32054060580487 878.8814776909511 381.32901248010427 0.08801834285259247
433.6372941120682 360.2527112284232 459.7356280954603 401.6330847390551 0.08801691979169846
401.73046162096426 405.2257527060135 407.5524342669174 413.50100050983707 0.08791190385818481
454.96737991113747 369.32795605999496 463.27060499770005 381.0388371721216 0.08781560510396957
618.7940831963549 322.9828943170655 660.5294994091671 381.7767200146761 0.08777084946632385
414.69395691662834 367.45216081991674 454.68497780078667 422.8599726537353 0.0877465009689331
255.2022694992907 471.71513002892135 308.64734042954484 533.9274010836243 0.08757046610116959
441.9756446849076 328.8285116104723 451.72720328661694 341.767469786406 0.08750446140766144
804.9901116997 334.371825747373 810.7279834742774 342.49652931204344 0.08746546506881714
686.5125810679253 135.06393401491962 752.4966717944131 205.34405280787345 0.08744186908006668
603.9726107944659 366.67049116349045 613.5131401650337 378.71231678115754 0.08729357272386551
390.7677661431564 376.8193541420598 396.89534337405183 385.8165315057981 0.08728260546922684
381.91280136805653 399.20413899070525 416.72231895336654 449.06019783491564 0.08716323226690292
349.1543615017462 280.16757639122096 390.4420242668402 339.062075752493 0.08705643564462662
773.7220640342974 360.77141443097423 779.4156949015862 371.2987376649411 0.08695417642593384
507.27575134012517 368.85188001886013 513.0720021864918 377.17244466155 0.08690439164638519
462.916267944399 345.421302504885 492.20851074183173 388.77841650545935 0.08689490705728531
809.4374544761309 335.7267773451664 814.775777109019 343.4016989363495 0.08684349805116653
775.269506711928 334.66112013610734 782.4440988740636 345.4304101585748 0.08678391575813293
797.9141802482816 352.13930799914584 804.4338961924924 360.9999409646685 0.08670906722545624
343.95293754529837 175.35690912201028 349.80072013910194 184.67993921616969 0.08648883551359177
482.89495654961206 369.5338320032323 493.63871358017826 384.2566236495285 0.08635548502206802
388.4578768982396 390.4975874602498 395.1670021036763 399.154631340307 0.08633439987897873
404.71016769531803 388.18244106227127 409.2344755985611 393.9927313534951 0.08633352071046829
367.1695105512681 339.48299971208934 382.2040482663209 360.99464033038737 0.08603980392217636
803.9284801249074 359.3041854771467 810.5838871809034 368.3703318292235 0.08590339124202728
790.3134176162893 353.940763500853 798.2972388105246 365.5777096833283 0.08588012307882309
785.8021003325723 303.32334333188686 813.7353314360664 338.43626994642733 0.08584152162075043
833.694521752245 337.59162462306733 841.2488728100197 346.1510595776393 0.08582507818937302
341.81262296584447 159.46066752174858 408.2398836766959 237.45421357149664 0.08573992550373077
788.4401824174414 329.3861447343595 794.0114198076062 337.0280874936971 0.08571600914001465
552.4446857523945 363.1758057651147 560.3348761981789 374.4491283635234 0.08568079024553299
429.5480547125567 391.64543864089836 435.82051273168486 400.33261218010074 0.08566213399171829
475.9124923059445 362.36799001591874 484.153581521124 374.4508600246547 0.08538644015789032
482.4545571172771 292.13822961381106 513.1504816806817 325.0533373779537 0.08536410331726074
348.1430830227692 180.68684543279855 354.2653129644606 191.39782056296468 0.08532369881868362
485.9017344825651 318.81877175115227 495.5321198724296 331.58541978099595 0.08520984649658203
197.67119973635525 375.3479758805609 241.5434921096044 437.2020458256626 0.08520250022411346
564.9816269263181 415.7823407683365 588.297744291147 450.73756699711413 0.08502621948719025
477.9220718394729 369.75016968415105 485.6931174504679 380.65373436696046 0.08495915681123734
810.083838078383 328.9441367881725 815.6532822573976 336.81385173969375 0.08494769036769867
70.1252316213761 277.08313666458025 106.24613089866466 329.83024066884224 0.08494117856025696
391.8310770692551 356.64356262981477 420.4076507866435 397.5481701081476 0.08484704792499542
306.88376297590554 435.12363893220584 354.3821871532699 488.69240341219665 0.0848374143242836
310.36079162798995 167.3569175877844 326.12075193453853 186.17995335012756 0.08480331301689148
429.33799492894184 383.0686831139905 437.188557792163 393.98387404997993 0.08477664738893509
578.2757952628423 364.47405990473993 585.0637331451512 373.52109517320486 0.08475378900766373
166.17914088324622 251.2324440980868 206.10501558485322 322.52893570039294 0.08466257154941559
427.2490214561653 316.9871250420811 445.97197712711346 340.9477710175711 0.08465282618999481
402.1638658961587 362.44072128713697 408.1956795519244 370.46354257499945 0.08455837517976761
849.5814629854599 343.6249358409603 857.2050845136276 353.7768133090642 0.08441802114248276
396.8610063924925 335.65167373313017 415.19850703433474 360.38260757642706 0.08432373404502869
826.4663151279249 337.9096627047238 834.5792476843035 347.95216075296577 0.08422953635454178
794.6949731783656 363.58556063333873 802.0763500862893 374.04203868672835 0.08418615907430649
275.2017475608184 394.14502381644746 291.3039825168427 413.91824960816126 0.0841076597571373
515.511423787358 342.99610161803497 522.6630025498691 354.02787347151485 0.08400391787290573
545.9157677436805 355.86273366568224 552.0204224225581 364.47871958046755 0.08397623151540756
786.4417029861414 352.6550588287424 791.8210178857769 361.3306018902393 0.08384159207344055
604.4235001954587 355.2822209956359 611.181557452221 363.80918003800707 0.08377162367105484
607.2695302376792 374.8956074881655 628.8470197987248 405.37564012544186 0.08376817405223846
393.23228956867246 298.6066164698962 399.37168698482543 308.0079388990363 0.08375843614339828
362.41354572938417 359.6437081810727 374.8715381221962 378.2723184645741 0.08365530520677567
619.6032288698464 263.904041937114 629.8807732306782 274.96740643012083 0.08364388346672058
276.20037625035525 181.52406603160748 328.13590087071714 252.7456762585118 0.08358365297317505
90.18497875767127 222.42124198336296 100.88435912308134 235.15792760310197 0.08346834033727646
356.40332662720067 373.4882770524859 381.9571349470966 416.01118279376334 0.08344051241874695
253.1626840609335 311.20901401917547 306.3208189849378 393.25612638537297 0.08339221030473709
418.9980068941089 343.8129724257455 428.5628593326699 356.4040316700861 0.08334732055664062
112.49203717040761 106.15996857863807 149.79751499349325 150.67819696357685 0.08310481160879135
774.1839820965912 341.8894594381199 779.6157436181321 350.21523475190196 0.08310382813215256
552.4619145060233 357.36084629646115 558.6963538438584 366.01216342470985 0.0830295979976654
510.4502824815145 352.4000809972436 516.9623525324536 361.7733591037496 0.08301690220832825
792.0209061904204 333.310331111128 829.1312099674785 379.15736706948115 0.08290140330791473
299.2825059191478 365.7091771525495 342.1443220268246 424.6952378509635 0.08289027214050293
540.5949358747988 364.65653976412744 548.9201609222181 376.01835723975654 0.08271773159503937
314.96383616917393 308.8701357003157 360.955543320553 370.7237090921466 0.08239120244979858
506.76106543522843 334.1882361168828 518.5836802940615 350.6072508638855 0.08236447721719742
382.875758485155 373.4790542546185 390.34269999664093 383.5884021944953 0.08233385533094406
448.9753809936194 294.6680868779647 477.18500916001057 325.876893279709 0.08233016729354858
490.625249259727 381.5590600797593 497.75701397477985 392.4925051730782 0.08230695128440857
395.7880013633578 397.39315090660386 400.16657042126013 402.9593492844642 0.08228716999292374
345.52574178677315 160.66301181005045 352.9681419524526 172.6471814245882 0.08226384967565536
691.0253013931721 363.58283308914594 708.9871701005061 387.35544397249924 0.08222157508134842
418.57612870655083 284.4290114138847 447.4308384854165 321.3318805654066 0.08218216150999069
373.76885897052165 344.51044077641905 392.39619740218257 370.103235205488 0.08215256780385971
421.9721813939043 392.463316195954 427.2484805947903 399.7214401188767 0.08207008987665176
766.7852545178407 311.7976813732247 799.823409465657 357.1895147126086 0.0819689929485321
473.13594107882756 344.16773494062926 479.1197600628532 352.79749640943714 0.08193279057741165
507.60228601818346 372.4536931363985 520.8567224310099 390.49609401326353 0.08189128339290619
782.3121649336972 328.7549747289649 789.4431702545178 338.21668134312006 0.08173752576112747
187.96405620417605 303.92076795593977 266.35105622018983 423.62434135967607 0.08172378689050674
153.99222279842667 397.96369680977693 215.4480046210204 478.88140378722255 0.08166439086198807
668.2849959596136 446.1487012125533 676.2488988562086 456.8135774079774 0.08158954977989197
484.8868441750627 327.74770304214326 492.28882458162076 338.5668436194529 0.08158846944570541
834.0257932358672 331.158150364811 841.3546559419265 338.9434103634552 0.0815749317407608
434.97221985069086 391.71148541269 441.16320818785664 400.49228214765304 0.08138508349657059
390.5723959702 402.45939490548807 395.3721183140371 408.91541843336944 0.08133278787136078
358.7045182619239 156.28052280917797 378.1884247245871 183.4844762518558 0.08126383274793625
417.066811835511 386.7371183735264 423.7868725167928 396.36069409664105 0.08121499419212341
355.6150764447039 300.7100764682636 367.8267184711193 315.5717204637037 0.08111055940389633
780.5866548866592 364.57137808946396 786.7785483741068 375.01093371388475 0.08109381794929504
474.36559882925076 384.41162791192846 480.01819135285444 391.95401293295697 0.08105350285768509
780.7776183380103 383.9881976572442 805.3678222454281 417.1607473958636 0.08101318031549454
388.13150336141865 364.94559850337106 393.66091437698003 372.7342543058517 0.08100952208042145
393.5463541418772 410.37097577141907 397.977724981873 416.66379276194743 0.08084642887115479
134.71639216761653 229.26416955939078 177.84978159449247 291.66032664887734 0.08081859350204468
421.3554891272781 394.74851248430616 431.1539420463201 408.3741211185783 0.08077321946620941
315.6094466986635 235.89368908597848 404.31101479923706 369.981588939465 0.0807206928730011
420.53984482039544 399.5043531019031 424.7474422709593 405.0091000948997 0.08067210763692856
481.9764337631098 383.6211958007702 490.5561700474444 395.2783122093408 0.08063021302223206
526.0139563773428 344.3375736155841 533.0894832520586 354.39949096770096 0.08054409921169281
704.777288947838 345.03511641846046 728.4687754756026 376.9912019816812 0.0804702565073967
361.85781723435 337.4370256788309 372.3588750547275 355.2821309420474 0.08041060715913773
497.9170558900881 381.29338764172127 506.0547558782002 393.22311419614 0.08031977713108063
392.5206579733695 363.59284030613617 398.13343154670747 370.9484437253275 0.08030416816473007
445.7465977257984 319.12849874380413 459.2868733242107 335.526465903637 0.08028921484947205
504.36922351607967 374.2004784699419 510.21393482536007 383.6154343439673 0.08025908470153809
685.9596677434638 332.8354003571791 706.2101936784549 358.53695193550226 0.08021491020917892
390.00776760474935 408.3673704695825 394.868199113554 415.8282558355786 0.08018454164266586
294.3966758377672 463.7442871198575 352.51555544727404 528.7680656002278 0.08018071204423904
401.79104450921545 401.10320605734023 406.1462582873714 407.13211524518636 0.08007274568080902
523.9857796003961 376.8797754904479 534.7065971271822 393.37867924281346 0.0800371840596199
395.40461366502603 357.47523133553955 401.99876629410267 365.85003181483563 0.08002186566591263
142.03721069788733 495.3919760837708 194.68749117854045 552.6760493278148 0.07994533330202103
143.34665132264297 490.60412315817786 158.0623881017995 510.7729333184475 0.07990865409374237
475.30931468320233 304.0786483183156 490.30142603757264 320.77190015567766 0.07988839596509933
495.57990284547446 385.59509155487905 500.6011158771797 393.1752169046695 0.07981736958026886
829.5369795887367 355.92508034458893 847.9144342602585 380.27080828370066 0.07980100065469742
409.23921525881286 253.7914552643992 452.43981683068546 310.18831110179497 0.07976764440536499
422.3312395088166 406.89492285267977 427.4216970952388 413.76635492800807 0.07971446961164474
665.3643373012414 368.6086794325647 691.0024684024629 401.8184419156043 0.07970789819955826
349.20650252179274 255.9977832194098 374.7688520553906 295.9208358574923 0.07967401295900345
356.3504375820372 173.95922987525077 361.95442382829253 183.4718893966161 0.07957296818494797
814.6643476691091 367.22699835049735 840.6306512515813 397.9664368406675 0.07956673204898834
379.7670050643752 383.9857252211558 387.3879944967921 395.25280086656016 0.07954183965921402
381.89604576916594 172.79599608796707 398.5753717007657 196.3831992173504 0.07952778041362762
568.4502964350758 308.46842754179846 611.0901402612535 363.54475921526995 0.07947988063097
560.1916430738037 356.04248110304115 566.2761292275571 363.9795464184775 0.07939833402633667
827.8653468931473 300.8582069001124 856.8193251801883 332.49092299606457 0.07939038425683975
802.5353390464846 367.14891242886216 810.4890989432022 377.64292689966516 0.07937607914209366
508.75225169387187 344.8319901314944 515.3058567708971 353.7310671236465 0.0793192982673645
520.8217554843704 370.492471640891 526.2711717884042 378.71811398864503 0.07928638160228729
383.6026219698071 283.34718862412007 392.9661022941083 297.94448646712755 0.07927883416414261
780.6840309876353 367.2217023313032 793.8560391521135 388.4775733599801 0.07919993996620178
503.19539237568193 275.9778129100101 531.6301026130851 310.70911553076735 0.07915420830249786
552.5485179583848 330.1432508968059 563.2503901684165 347.72176726681454 0.07911352068185806
519.4468470599652 352.3476828773686 554.6891499763717 400.30537932662355 0.07905937731266022
571.8114153894087 353.6895909115855 578.5123918696398 362.01247834612303 0.07904455065727234
379.00375853041686 378.3422862457113 385.1864674229955 387.0556069479201 0.07886923104524612
450.310512438967 377.8643705468455 463.0693345208658 395.2356460740077 0.07886836677789688
366.8286556020742 406.077919637404 385.1211479813814 434.8929842975558 0.07881586253643036
755.0490979871163 329.9452972652507 772.0951752252957 360.89539636481476 0.07879406958818436
648.1042459402556 358.25620735362736 688.7949547393397 420.58912798072305 0.07876138389110565
379.55064726441805 287.06245834381 399.6014007023885 318.76140030831016 0.07875747978687286
409.8623541642361 418.74943822995914 429.8110323576167 446.48021939007407 0.07868851721286774
561.3069478190953 371.9859365894589 571.3443834399671 385.9183535990382 0.07862773537635803
622.26614804967 383.98518909848684 657.8856781977003 435.2143280810408 0.07862190157175064
170.87168526415678 173.29853689929197 210.99997493249296 230.4762645110287 0.07856032997369766
315.84265053923207 394.88504479145723 357.0365000776785 448.33989553323823 0.07853790372610092
152.24345889203516 61.4836233368266 173.07802733473196 86.50583938710871 0.0784919410943985
375.4391156025622 318.9683045944575 393.73060246546237 344.9934567225157 0.07846492528915405
70.84051301612521 413.09880835360326 141.0056462378979 511.9066093606588 0.078409343957901
134.21044390935867 307.5658252414034 173.71640171244348 369.8512783566861 0.07840204238891602
388.03883813236405 336.9239919112333 398.0844804332585 351.8098053595158 0.07835167646408081
255.38124982422113 31.113777813938704 349.2799782200159 133.74335806030197 0.07829318940639496
392.44258447551977 299.2062891247785 403.9907063111368 317.37865554096936 0.07802095264196396
146.20815585796888 316.75026148751266 200.2066585925251 401.24178723984807 0.07801054418087006
478.29476962411064 342.1203598622008 520.9755465425253 400.7100239076507 0.07795456796884537
696.0953542312938 345.90782498275104 709.5808713827548 364.20641753517555 0.07793602347373962
395.64451339650066 402.0969762378622 402.92861499568255 411.7603990224566 0.07781438529491425
572.9856642256966 346.4418847601125 582.1460488704802 358.71362916051714 0.07780078798532486
798.2987437129494 361.3064887843278 807.4980524991081 375.4085912842994 0.0777655839920044
261.04152361368773 208.4317043026149 307.7981537810688 268.7373592160672 0.0777304619550705
833.0319911496855 344.49610350785355 844.2543227375616 358.3119014988897 0.07768247276544571
532.7958770082184 347.0370242883996 538.3101057234736 355.1138541828004 0.07763892412185669
115.42288693744776 192.77003245504747 160.47043416030886 255.61814470807397 0.07755014300346375
363.51735835072253 181.43932712806418 376.1920697648403 200.68828334326466 0.07748594135046005
221.31382838555118 152.94152942202345 253.55516031487016 193.02248318264452 0.07747797667980194
402.221627165542 352.4608081931546 407.3151869400017 359.1388213406964 0.07747027277946472
61.545162202176385 243.22802721943714 72.45275678226541 257.66646556799896 0.07746225595474243
767.0490663628616 298.75442295159854 791.3276005888074 332.6686456900139 0.07744339108467102
192.96732901789193 416.7163168809404 246.15209367447287 484.15630544390143 0.07739638537168503
804.7381273499468 328.9926115976416 810.8590462226178 337.1066300949802 0.07730616629123688
512.6703900142393 309.6394280676883 525.2753012098875 324.4862775637262 0.07729940861463547
172.89742455165785 294.659204015784 217.14404266831565 365.5949975545036 0.07726991921663284
32.50308301541179 434.4831561945903 60.834748251220375 467.78189487786017 0.07725227624177933
751.2904863167025 351.8281137617299 776.3946878869837 389.14331770543674 0.07723876088857651
366.5312268312832 314.01361283548914 373.55729577491 323.79659729310254 0.07718504220247269
434.50597979195203 343.0036835675656 440.23812212140007 351.3175399428369 0.07715561240911484
387.716019268036 205.80014875681255 436.65962733304815 274.2647622883904 0.07710357010364532
667.2193864113589 346.6289622989284 679.9714234679183 365.31297770647467 0.07710227370262146
441.99228848530464 375.14634385665244 448.4775702645212 383.73998934335737 0.07707516849040985
349.2791237355804 189.7301305315925 354.7432484304798 199.08200138960768 0.07694458216428757
579.3402176384487 358.3641532247583 586.4320887679619 367.2103263717908 0.07692915946245193
165.89485235364515 55.75247451307428 171.97082315073015 63.19385108044841 0.07689225673675537
859.0851924060274 328.46617446429093 867.8503236739389 338.5314408841319 0.07687067240476608
571.613304231363 399.3694956202097 624.8749544635438 467.4416293522565 0.07681216299533844
298.604066831277 241.42362534742466 349.94341271258673 309.38048862443156 0.07679007202386856
825.5313151234061 353.8323011284321 835.890422829536 369.1331101964803 0.07672075182199478
411.73548675590644 401.7707245948468 419.2456570189491 411.841323426278 0.07669439911842346
504.9142318163427 319.11394729344585 516.9941850279976 334.28999378036343 0.07667668908834457
449.1041137295314 381.1755908298791 478.6064492159972 422.25970645478066 0.07661718130111694
363.5103565450174 336.04417808983794 368.5727715944752 343.5079972886017 0.07646194845438004
344.27261719606565 152.76034567125092 351.2412564570611 162.604244381086 0.07644558697938919
371.3332523129708 292.28198730486895 380.796738506848 306.12315308283536 0.07642338424921036
583.7273876542912 366.9761105478434 592.7698105092338 379.54194018328224 0.07628808915615082
768.0450224552229 349.2343954320076 775.8495482747868 362.47304420905584 0.07613668590784073
150.2245197500036 250.63307288972825 224.44251861096024 362.9611924421738 0.0760212317109108
537.924073694547 347.17539257714736 544.3264537249725 355.8705272480484 0.07599618285894394
840.8378692911534 309.4454701902055 893.0492544998338 369.91071601523066 0.07592295855283737
89.24129914075932 337.8197853099003 169.5600919455298 462.29334397953556 0.07588352262973785
427.15775755289883 398.38679936263867 436.16206340211835 411.1516521975263 0.07586392760276794
478.3979435522707 383.8213142496292 509.00892560009925 428.0400077938038 0.0758543387055397
415.0939375725269 336.4724747456514 464.5107749796984 400.4852029597858 0.07584173232316971
490.9018413350124 390.77417743203983 496.5136583328589 398.5432356265746 0.0758323222398758
571.7597806204627 374.12931641210463 581.8720005756139 387.7970718360298 0.07581997662782669
310.127149420488 365.0993461896736 380.17068890376197 453.94692749036443 0.07567287981510162
553.2519608759036 373.01862506220715 563.485594470744 388.5587976954015 0.07565327733755112
479.3971720331593 389.0173173909287 484.42965959385026 395.6522254958241 0.0755871906876564
236.56539796626777 377.83971635778846 295.35765434141973 457.24087603112844 0.07558100670576096
418.0027826198565 403.048879182323 423.0677303171436 409.9010194762125 0.07538300007581711
519.1290402155724 374.3642130770255 527.6379374693473 387.2295665576992 0.07535761594772339
811.9295847791616 355.74638517060555 822.5785334665122 370.89344967761616 0.07522788643836975
379.2822471882323 393.49211707831955 387.5450943956017 405.901817917848 0.07521732151508331
388.02500203076966 358.004353011131 393.9165210989855 366.37182944446994 0.07520332932472229
223.21959581490373 110.6140813116827 248.97524142579752 150.90612463610015 0.07518909126520157
641.5614743432009 356.12559037676306 657.8076377432444 379.387123010811 0.0750306248664856
487.8420459772637 324.6800180230173 499.48018955973663 341.72972811698514 0.07498351484537125
100.72151557291654 5.599884427883783 136.4139129979681 45.97092382123753 0.0749054029583931
592.0267038499909 394.53158530950026 643.1647100617982 462.2335952632883 0.07487326115369797
486.7895268621697 389.72371054737647 492.1682657713094 396.9238670726214 0.07482463121414185
435.87484024327415 313.26477425638024 446.49557818966304 327.21805584174257 0.07480908185243607
527.4942421237664 395.11399007511227 549.6486623625899 429.26903932348336 0.07470333576202393
792.9425336604402 391.0547978753296 822.7241414023543 427.1569970979344 0.07460910826921463
340.58076958467075 183.50103300394372 349.2207099306924 198.0362014580577 0.07456842809915543
883.8126234933253 482.2708114115019 1245.7159237051333 897.564437740939 0.07447974383831024
82.03690416591007 310.1252309390822 127.15411412323986 389.0774409219288 0.0743718072772026
673.8799789980354 295.7185345477609 717.9404702018368 353.73582856715313 0.07436232268810272
149.03192873336656 17.909693564353805 188.7758604801908 67.32239648641523 0.07433205842971802
-61.152240425476165 546.1601218119257 135.5951207007673 780.5842028165937 0.07430839538574219
-4.906381283324099 375.5064785267065 19.062659427097188 415.1438580029127 0.07427309453487396
470.4939378988664 388.6018558349536 476.2147219332938 396.4859498447855 0.07426319271326065
417.184972822929 395.4772526619395 424.0483982231429 405.0348059880543 0.0742516815662384
106.46620960660566 240.755967587243 152.2373856531271 320.1102331727755 0.07412189990282059
768.4699718732422 332.37939638124726 777.5249328980116 345.6085426705728 0.07410841435194016
99.96041474526048 52.39531193807651 123.68550014103394 83.03663051151538 0.07403581589460373
350.2212145932532 146.41708324281134 362.97648902656096 164.5145312964208 0.07401774078607559
413.5046955944015 400.43995671641807 435.16614772416926 430.3315044568406 0.07399456948041916
514.2985318670765 293.574750804595 533.7434197590048 317.53364285972015 0.07389289885759354
515.6624964344163 387.1471078817595 522.819381395509 397.64523638794816 0.07388275116682053
67.83997302322707 211.0195416252354 116.22791350638258 284.6626871285194 0.07387693971395493
558.9014058818352 374.83891892298004 565.2763920809979 383.3257411443794 0.07387224584817886
568.926799685364 253.62465916650967 599.0322828142611 290.2735300322483 0.07386038452386856
342.9791795632078 452.1898292912417 388.2529661593762 508.06052616883335 0.07383685559034348
323.68644952563517 188.3100290682003 365.4190542584676 265.0561828335877 0.07381740212440491
85.14058716779728 240.49875208545618 163.36696304149584 364.9281443243436 0.0737932100892067
538.2563866130394 335.65873422802105 544.5976427876989 344.43256016082245 0.07367133349180222
596.4281135946053 363.2186577424982 605.7040690494351 375.5333794544844 0.07353728264570236
264.1492034080401 221.28394729480715 336.38923873899085 321.3489624374601 0.07352770119905472
680.6938024361349 277.35893766714787 724.918279569955 331.1786845578632 0.07348915189504623
534.685656680447 328.87356545003615 545.856688620339 343.93343979376215 0.07345560938119888
396.3629331885324 164.17084429968529 424.63429010874546 200.7241767348089 0.07342720031738281
446.4751582859231 379.7661659816435 454.30068499784323 390.96058703045634 0.07340196520090103
20.443762612417494 353.8049943606512 77.2847309969576 445.2311346495746 0.07334183156490326
542.0981568243006 353.75464922153736 547.4535152094624 361.20872156043646 0.07331635057926178
525.1997486546607 380.9963558715516 531.0270066475398 390.28209917294294 0.0733022466301918
767.2982704389067 339.1475528710159 775.5192632310678 351.1394856933026 0.0732944905757904
598.3894651177293 354.0774674980185 606.1858826948752 364.0615277531635 0.07327614724636078
579.5190061450827 379.4424963477172 590.8229127649956 396.52780025023975 0.07324690371751785
365.1512335267081 364.03901508448274 369.96224264920113 371.1736194841497 0.07307569682598114
397.8874578227521 433.78218881491074 445.4876049602953 489.46590109190345 0.07307399064302444
589.7308837775324 363.36091894376864 599.2348133127693 375.1518185555639 0.07299883663654327
395.50846337785987 344.67802498067493 404.35728172515053 356.95532432372056 0.0729684978723526
481.376834416456 393.9966995258906 487.85113160581835 402.6852377103594 0.07289761304855347
381.50001888166435 235.39051633701055 408.74048744516534 277.819981388246 0.07287047058343887
244.67267430330796 229.3152298016376 292.02450853467616 291.4678543286256 0.07276185601949692
372.12615490050365 430.9825269123935 398.48836484933287 465.52002493998896 0.0727565735578537
759.3154997199659 380.2087083985675 791.7782202837408 422.00573256414896 0.07275617122650146
671.8783225782535 374.7694711818837 749.1175081554918 485.72623274621185 0.07272142916917801
424.0123609452119 402.3676461145122 428.8614457151881 409.1122401922198 0.07262462377548218
110.55785553989516 453.5444120866934 147.29130404222664 505.2004818507546 0.07259127497673035
475.0827363478902 390.56946641258463 481.004854115904 398.56999959580105 0.07254788279533386
814.4891856407503 328.59534992035293 820.7151842485304 337.29273723175845 0.07254383713006973
510.6378420400581 305.90517509467645 517.6704749010689 314.22322903107147 0.07248292863368988
706.8443786318295 372.2291413621495 736.0854754999223 412.6832686790754 0.07244405895471573
482.2628986183586 410.78449861269286 504.9914489601751 443.0008737607232 0.07242484390735626
384.6559914651247 386.7626531345344 390.88427635612715 396.3350127330556 0.07236608862876892
547.0774579939034 298.81274671221377 558.9552080483386 313.24124671660525 0.07235759496688843
835.0534301791678 385.34146657414846 864.5615490339167 425.18116774473725 0.07220612466335297
554.2054069690399 320.9792862296874 566.1093880400585 337.14995942439225 0.07215094566345215
717.3530651935897 316.99236557881017 750.2987154173459 362.3511161818833 0.07205376774072647
208.0267562617938 472.0413060418847 257.1284765460311 531.8620142409173 0.07198328524827957
545.3950928354847 421.9173789730955 566.4971071411783 455.96022274496 0.07187467068433762
591.761625140018 351.6929416507741 598.2275187843986 359.3100339981108 0.07180920988321304
560.8886468226908 329.70770854869176 573.4526013145842 347.3688735337201 0.07170518487691879
441.13140065857533 387.76020746281006 450.0909600994091 400.3908983742276 0.07158917188644409
194.37396250857043 69.91013330457828 217.91069738265884 98.45815735024195 0.07155336439609528
517.6942128222564 379.480870455903 523.5154611694338 388.82313060235003 0.07154038548469543
546.8805418237503 347.594083075314 589.0805697629022 413.7835032901609 0.07150422781705856
405.70654115517004 408.6814483057735 415.4102834326288 421.3790012587776 0.07144112884998322
594.4446219667317 255.65239671510733 632.0328133882299 297.26907883219695 0.07140244543552399
736.5780060694184 338.8365561090974 758.0257089705151 371.33344920099097 0.07133108377456665
521.4996060968609 321.5652235489618 528.2818374864648 329.4989669727793 0.07131532579660416
562.2855834118751 80.67782044122472 899.7535529064264 456.3023812014536 0.07119723409414291
724.9508287073866 376.2584234819658 762.4841494898818 422.8004608887548 0.07117398083209991
558.3331506245523 384.1577199313353 566.9144016090731 396.95189756711056 0.07111102342605591
375.4151868157896 305.3597939778194 386.19683438865417 321.3196862130427 0.07106804102659225
659.1944785669625 407.9977252899844 683.5340892464078 444.5946451686497 0.07106433063745499
32.6381829378657 437.37981191740863 88.36291101908994 512.4959870233902 0.07103532552719116
587.0085181503567 356.80056504828383 595.0239075275829 366.8377114270393 0.07095075398683548
532.9268682123401 371.4377267248029 544.2155755923081 387.3501742216843 0.07090990245342255
428.62290404412613 322.70449324693516 438.33868198163515 336.5017378131626 0.07090321183204651
27.493906456232672 292.54286306926235 35.48962088825462 306.5447708930615 0.07085028290748596
788.3529543670521 371.59067608524384 800.185971910968 390.4153928446774 0.07079064100980759
511.62493512354393 397.079777987742 519.8326816089892 407.5243258164008 0.07077515870332718
504.33994211039277 382.1342777658782 511.0487799503321 392.6685691316524 0.07077280431985855
148.4053718121524 -13.156830102471949 200.14309510055145 43.75885308322593 0.07065732032060623
437.73205096426733 248.91446006761967 470.61691592102426 292.7342060733586 0.07058565318584442
550.2483734055564 348.11850569123936 557.1074955883528 357.46590327887384 0.07058412581682205
475.6564078733086 260.03205223446 507.203033384548 297.7196756182657 0.0705389454960823
81.19838882836883 138.96280041177812 141.34707792536614 217.8986834228464 0.07035451382398605
339.89305692398244 552.0318420996488 456.7916810167426 683.9343800670512 0.07034207135438919
346.5890469507 326.2139781109037 381.6213989129921 393.81465607437326 0.07032053172588348
528.9207405027403 321.3602595921051 535.8494875643687 329.57554552221444 0.0703124850988388
147.44986245610542 49.66892143040086 165.4305503364559 70.17001595814111 0.07031228393316269
785.6060886825894 369.21014138194846 793.3737217554153 380.586636389572 0.07028266042470932
965.0475103007225 -68.77433559974831 1142.8824002278925 147.9241912700446 0.07026978582143784
377.8997514941194 320.2708058984471 386.267902751692 332.6872385358985 0.07012902200222015
729.6407839505878 283.7356269404345 766.9754048419906 334.63706941247034 0.07011930644512177
509.2839884596869 390.4317395280658 515.747273192269 399.7063105997059 0.06988612562417984
411.4377337140191 397.2329768907477 418.17976679170664 406.8593403367984 0.06986428797245026
69.0033008898756 8.696305143868122 98.10115028881266 43.06784973129331 0.06982006877660751
585.248131141961 361.6061954784935 623.6455231689123 416.485526687289 0.06980789452791214
565.6192012998149 276.4605047426745 570.5717261002595 283.42478462497 0.06975556164979935
193.19863928344392 -9.019969644549137 224.9602605419947 27.10743286049255 0.06968241930007935
310.633999270982 444.502504085998 327.1564390155056 461.2919137588866 0.06957630813121796
368.2490783625042 357.26285919034495 375.4520442367139 368.13038744078165 0.06945224106311798
385.6267572233257 349.5234034001839 391.81091895840734 358.57792090269754 0.06924832612276077
395.08280376365855 330.0095064639254 406.23617694940975 345.2797146640355 0.06915394961833954
471.7491838217429 393.60573954014507 482.42512111734726 408.624839344849 0.06909094005823135
116.58185245137389 70.67122103761132 137.0165045006967 96.02753283623197 0.06884707510471344
108.40213268407722 184.80149325335046 468.5103713093918 593.2326788400073 0.06881514191627502
574.1939125112315 358.46419828353805 581.5741766261455 367.43223707893384 0.06881241500377655
580.8565020222477 347.2829345319249 589.3781010639193 358.73883397721363 0.06873105466365814
169.88090264779345 174.30038139910243 242.45750024773614 277.7173903206521 0.06867891550064087
113.19658270175 398.34348986107443 144.18225966065935 446.78551566859346 0.06865591555833817
351.80492351386573 445.70064721014546 377.23153133905026 479.8325546004592 0.06864960491657257
1040.74929417494 301.2360934062323 1100.0535239299086 378.70381034243445 0.0686386227607727
240.18957377591656 421.95666628295646 292.5197683161609 485.01613553893526 0.068584144115448
519.6568336136002 247.26901275832873 562.9443569012249 294.64977904031207 0.06856568902730942
730.8066792420641 303.8840709294705 766.7923233945415 361.5900055730274 0.06844666600227356
434.3815590945827 410.269543625631 468.3240254300761 454.0165591926151 0.06838449835777283
530.764966110136 402.7984612785252 570.6799954827253 460.7635121401517 0.06822486966848373
439.5570457108668 448.9115874242424 499.9594284394261 509.88190567980837 0.06805585324764252
351.1958488634783 320.138443900287 358.66795345327665 331.3580792977909 0.06805469840765
386.59804297612845 342.63079646712026 392.19019184970153 350.90281534765165 0.0679558515548706
713.9636465151567 324.10421396710944 727.0700403720131 341.23269401148144 0.06785234063863754
543.6829221386196 311.03950375631973 551.5399308669987 319.06506895722083 0.06768015772104263
413.0431468619326 484.79255901872745 502.4148514106347 584.6616459942793 0.06767544150352478
233.07815332902038 459.3430503119685 330.5211167210743 569.8308066493887 0.06762256473302841
653.3843459954533 238.5800613374159 695.0610295255591 291.10108450928277 0.06755618751049042
127.54830924153063 46.09647522764209 139.6859268793849 60.3353643238292 0.06753993034362793
10.615814209777529 170.69568898637948 88.63927644332021 295.94927927335914 0.0675237774848938
687.6973134440584 393.35926416177995 712.398882777207 426.93839558181446 0.06741025298833847
178.0085211779767 28.18594337344814 199.0097622354881 55.543018284556695 0.06735889613628387
839.7185132913967 327.1328342340354 846.7508402286195 335.29171045692954 0.06721684336662292
544.8125858498013 347.8923508262786 551.0234534763858 356.7423564890915 0.06721564382314682
379.19960964256205 338.9252124801645 387.88135128901337 351.93357351155856 0.06718718260526657
168.89157654250312 117.05146615089605 179.45729102636534 130.4317213066321 0.06716956943273544
139.5361498949099 30.08574187998431 149.2481198922016 40.0718622426599 0.06704380363225937
368.1461339887612 325.55290397973914 375.9490859137412 338.3030703541664 0.06698130816221237
198.89122159336134 100.44715663617417 216.69929401518525 122.92488870133296 0.06694208085536957
557.0671672739487 305.3050808246566 567.798219575606 320.1995014646681 0.06685720384120941
1035.9218742547241 149.1991304734068 1113.4358677627858 257.7994181307721 0.06682710349559784
48.300936924239835 291.80990448194717 55.23207403563245 301.4059115083116 0.06680478155612946
466.5790929868749 242.8545393205432 508.4065482577241 294.99583821144137 0.0667794793844223
545.3529146224092 375.5665126494283 555.874117655402 391.1026438317797 0.06672342121601105
82.45085006831793 42.91698337790983 104.31018696498899 71.60653553378809 0.06671176105737686
546.4862893153146 286.6604259479012 556.398801743929 298.38846027634247 0.06649862229824066
18.550929959659832 317.0907922522693 24.898975305500755 325.9445200042964 0.06647014617919922
39.81478323742608 290.31749212579274 86.88707079947076 363.8765998495528 0.06639662384986877
522.8904362746512 399.87169992040697 530.8656955408327 411.31945971498783 0.06638239324092865
531.4821132709652 316.35269582957005 540.2771902465971 326.4950727902235 0.0663536936044693
121.61534909321504 -8.102116121769136 151.69475279294335 22.10434068107121 0.0663473978638649
49.68251089288789 306.6342680239016 55.2966456629893 315.67544405453924 0.06631609052419662
-17.181513860727726 295.25146611420166 78.66676503389971 452.9848930477166 0.06630732864141464
211.35027622274305 27.256328706629283 226.46496118708586 51.965889779248634 0.06625615060329437
766.8980019176685 358.43445830002645 774.6215061824499 370.8246799783092 0.06624283641576767
565.1828773561364 319.3716844803054 576.5350245502606 334.3150436065099 0.06618824601173401
359.7984627340197 329.2157432190732 366.9768693035004 341.03305525993983 0.06610114872455597
580.9380362460386 202.24140922723183 624.3859031428656 254.67520231239442 0.0660669133067131
364.238917961424 262.39924581265683 373.29311868697795 281.47962067309254 0.06601013988256454
126.77925387968824 77.4475491534947 144.48881535594447 98.52612054092836 0.06598193943500519
552.4919419854513 397.0659828644907 564.4223479886207 414.15134444757507 0.06594660878181458
912.3155727093197 209.34136823911797 995.2556646425542 318.5558608331334 0.06592980772256851
754.6802766177872 404.3975025838069 788.302754184166 445.9629954119559 0.06592775136232376
193.06592015764005 95.7023409077232 220.88237312356677 134.406594763386 0.06592123210430145
387.06713854599735 273.68014674280363 398.9486332995046 294.25781335589363 0.06589467078447342
619.676342242886 294.67570771034605 640.2096554650254 320.1613302447159 0.06581517308950424
487.86327050541774 396.02748857434256 494.70173989063517 405.5269931915474 0.06578245759010315
593.1744440730391 375.122215100421 604.1757077258138 389.7556451836389 0.06578172743320465
566.0807806336561 336.94367594523175 576.1634526502434 352.1617864543071 0.06576883047819138
470.3555704086552 308.82070956299 479.84960435500955 319.2708471115032 0.06570446491241455
576.0836672698586 335.9683000909538 585.2766537899067 348.4951810078016 0.06562592089176178
189.4329876421515 49.69945556631602 203.37080907071618 67.70540645038837 0.06555122137069702
148.90523653324084 38.78771464487093 160.96962517236594 53.83359657720009 0.06551279127597809
694.6999676874117 357.72028220015056 709.4491983906978 376.2998089850565 0.06550616770982742
166.7866069388334 92.66355337679505 188.04675184362296 120.91939855736166 0.06535578519105911
368.6042505503555 171.66846139817747 387.61017768644274 198.5228499572247 0.06526622176170349
297.2391632926999 467.62378135834047 318.52545538146916 492.58606616095585 0.06521443277597427
61.96759393651202 9.061390104304541 72.44828625102313 21.70668595458877 0.06515617668628693
851.4883237013061 337.2105600367688 859.1273861496331 346.95176788441165 0.06513834744691849
665.623255576787 323.4135636280834 677.8790214875962 339.14653323313865 0.06509969383478165
376.06757991230785 373.8859642581466 382.90812020434663 383.64365745631517 0.06505988538265228
511.8580646221231 401.49496933501393 602.4952382194799 505.1217263246136 0.06493816524744034
547.7726675267658 271.4668316893522 578.8140458707455 311.9126745265474 0.06491456180810928
51.28255560890973 285.52373063004023 62.316081423540744 299.96557355479194 0.06472261250019073
370.0062649490889 378.68109489243056 378.00163312878664 391.80248487592917 0.0646820142865181
135.8195492285395 467.2844913311469 233.58006022923317 578.327579173904 0.06467503309249878
61.03970074310966 299.82628272508646 67.35356731019894 309.2585738650217 0.06465505808591843
369.1312340464792 300.5663376492018 378.0800305838896 315.44750950709914 0.0646510198712349
864.3565370169264 223.23060373092298 925.2272864362604 313.8231721718057 0.0646052286028862
65.24961431443465 65.08527250830757 96.52028355558649 105.67111581162929 0.06459590792655945
612.1001776089846 518.5137385912701 734.5114838166028 665.7571189356797 0.06458371132612228
490.5978037703738 403.4893192922867 531.2989471155357 458.6553584212261 0.06456160545349121
36.97791793526295 280.71682137166295 60.60491190167518 311.86097191519457 0.0644371509552002
500.94392243838155 307.17675858265494 511.6958420160482 319.75232249296386 0.06436863541603088
769.3576098229782 384.5265819185577 778.8885657860641 397.66279564759844 0.06423050165176392
848.9199756392469 328.7607738483001 856.5683162433069 337.9447119560311 0.06421487033367157
98.83719948220778 524.5788457606311 124.71554090711868 555.2739573096534 0.06409937888383865
530.0833982787055 385.24035452902973 536.3437157797557 394.5660869637487 0.06405732780694962
272.38694293375386 384.0325252889713 315.5201843892773 440.54154841988486 0.06395029276609421
498.48691464866505 390.9602035774735 504.2532273621875 398.88217578273 0.06393586844205856
50.91801511813253 271.7278316224919 59.43189005435111 282.48685018510866 0.063898004591465
817.0843910083368 243.90163655616286 882.1075944891453 324.0122933413525 0.06386318802833557
65.44867791293456 107.36261963279799 101.61138281594815 155.4427033690829 0.06383885443210602
735.2453285798961 416.1678391958985 772.5848323795728 462.41753952279527 0.0638384222984314
611.824453662057 357.4117959176172 620.9799149918027 368.4556695439225 0.06371118873357773
552.6418230480097 388.8708964075391 560.87795422982 400.190263325111 0.0636751800775528
312.94561376299583 454.6294753098229 412.81427149183446 569.9314860737726 0.06359884887933731
169.8512875004747 74.02862682572945 183.06311032544195 88.65870114430003 0.06352098286151886
694.0658303918011 217.3671160156156 745.5268122687469 279.29728613462396 0.0634809359908104
372.4282852139432 355.548364886106 380.99912450374615 367.77201975038275 0.06340690702199936
463.07388816314955 396.9067141130772 475.0236430631625 414.1546921316778 0.06339403986930847
51.12272976235863 53.53608731050325 62.33276932082343 68.18608711365415 0.06333574652671814
62.722636274309174 38.278194846149326 143.528514364208 136.89417870525608 0.06333010643720627
8.079214555925754 278.1168491419779 14.645053085628833 286.14561062242876 0.06322281062602997
49.98215939973312 311.46712425119966 57.99236604156726 325.0025891224364 0.06310337036848068
488.0156889059628 516.1071128790841 604.0323900720124 645.4634945085256 0.06306436657905579
44.835539741148445 37.702556130820575 54.885942475045624 50.64809471152904 0.06304813921451569
881.4746709717843 313.75267870941695 915.0098895479181 360.6578974478875 0.06298215687274933
160.0626646752082 536.5983467832198 337.1326878770838 733.8178980565112 0.06293844431638718
164.29168832404596 52.2895381074487 175.81026214770327 67.15847062886571 0.0629258081316948
755.9855625900649 245.34969177470748 810.3943778780198 312.2182645823511 0.06289348006248474
593.8660739186221 374.1456149702823 711.0032990579791 513.4274167190988 0.06276053190231323
371.38474703156726 269.50316620970176 382.1181126488556 288.28808539202925 0.0627601146697998
417.8462597450128 414.42562278808634 424.85465772221556 423.4334316636766 0.0626411885023117
707.6489862657075 297.40771322485 731.4136220715917 330.0852517475844 0.06259793788194656
666.9061709548954 358.7642919796764 680.9561417480259 377.4590258113729 0.06239572539925575
619.6534331723586 213.71621511342815 663.5582716487255 264.8828607121397 0.06236543878912926
443.46110487361335 391.06670715646567 455.9076718931542 409.086340487094 0.062296465039253235
80.35919219932913 82.2929097494949 106.10334362136179 117.35169560356849 0.06227167695760727
57.431782024354604 293.699931786548 64.31388393841856 303.27722991240057 0.06226523220539093
719.4390718832458 360.9448557633191 735.8726782513079 384.8445677968524 0.06219501048326492
832.306890978714 319.78184498408433 841.4868190529887 330.69413480523133 0.062138378620147705
489.35121857244513 244.0188675214477 530.7267516031527 292.37410102357444 0.062086015939712524
504.1441366980341 400.211089496548 511.008504059539 409.83261908610484 0.06206149235367775
603.1905927429065 348.2989489913822 610.6849555599364 357.662705498157 0.06199466809630394
565.9371365105022 386.5067839358087 581.2584923126961 405.7681163591213 0.06197131425142288
616.8412741697016 357.71004889969237 630.0939372491307 375.009224511707 0.06192192807793617
455.0513738528511 394.195762144767 465.9034335468522 410.60736692167757 0.06179798021912575
589.76765812775 384.0615738764989 599.4803330198524 398.0389494977703 0.06176461651921272
501.3831570546936 218.12094147421524 538.1555851085662 267.615296168458 0.06162281706929207
-11.397510057858923 199.28925765168404 37.81314808384591 277.66880346658496 0.06158819794654846
139.2582433742182 93.63547425058123 164.2769053408299 127.18113325305157 0.061560530215501785
545.842748686529 225.5985723863299 580.855794018585 269.5696759808029 0.061537180095911026
807.8507530711316 320.7804446641974 815.1495084626471 331.47051546653057 0.06132075563073158
-21.36663690431745 -32.68775881184892 72.21474265503767 76.53125250446824 0.06126118823885918
476.2299594295879 457.61420665767605 542.4658237540344 535.1424540757974 0.06123742461204529
712.0205448736922 422.3917198145427 738.8222167941461 456.86533179364756 0.06113791465759277
586.8203920219777 330.30417009240375 594.4810708858752 339.8725261690262 0.06095901504158974
55.52094445809073 151.19682773657115 90.19472248298672 201.9089475945285 0.06089921295642853
489.71739989575525 311.7458172060704 498.5243045013786 322.48879642696716 0.060882363468408585
518.1038765119338 472.7542933982644 585.7636602472821 562.7070963834597 0.06086665019392967
563.5859685634287 291.9423695769201 582.1332457362946 314.9173898759516 0.06078339368104935
244.26548365369104 205.05280842154568 252.50009569074695 215.95517714052392 0.060619696974754333
588.3013970708499 342.41981052655257 597.0366908322578 352.83227776455624 0.060590192675590515
405.5544519105442 344.11584278944855 414.42808244083096 355.9622375207938 0.06055998429656029
352.70182999938663 336.03493619130074 361.8335219718238 351.9441795389615 0.06051933020353317
675.7878716364002 184.07140932971132 718.4934498107302 236.62062871369497 0.06043434888124466
768.6241116436884 382.50837021438986 820.216009922854 440.93344387811294 0.0604131743311882
226.5164463361087 155.2537471476284 290.46529694834015 240.22411276916898 0.060384590178728104
278.7294593801439 415.1564098770754 325.3520081097349 468.2258471502743 0.06038442999124527
476.00566327356864 224.25912037897712 506.7144348240539 263.85501510430146 0.06036132946610451
107.08898309264156 336.46315828571306 111.96370250891404 342.4266461602552 0.06034639850258827
248.61382127347187 170.87551975126547 275.04707485761463 204.37122723244468 0.060306258499622345
180.52426466838725 75.15432569895223 193.08436304364164 89.59317871735128 0.059969235211610794
646.2389423115882 350.6027256821345 657.4491447678764 368.23299847639913 0.05975155159831047
51.42134118786856 299.46181954257037 59.75377917024164 311.98459827236474 0.05942158401012421
575.7304628650511 311.44970060262034 586.3866225136951 324.7715224719824 0.059332020580768585
549.224797099642 408.71086775475686 557.5919633215518 421.29347049485506 0.0592304952442646
618.956028109711 440.3905891983354 663.2286438963118 504.1696552594746 0.05904025584459305
17.870068786728403 307.6303143399346 26.035458981253047 320.004293113536 0.059019532054662704
299.7138492561298 283.42191974728337 380.2988906278794 414.71424079608875 0.05891945958137512
246.0421564829224 110.35923874967206 276.93880439572416 153.5092977958743 0.058664072304964066
657.235688034486 336.6891651196467 671.0099003335453 356.4350522705604 0.058570027351379395
492.9834134168221 395.9251457357849 502.33598521332016 408.81180248105863 0.05852770060300827
729.9387551887911 245.2204005597257 764.5620622781307 289.9109863765821 0.058446917682886124
576.9470837143705 462.3754883647462 626.9125189635778 533.1780146296902 0.058438990265131
51.57015410254656 260.32692380439784 60.63939044539897 272.53945876639585 0.05825227499008179
252.20341362638482 208.10084193231071 261.2469661136101 219.03493271420075 0.05817391723394394
717.516532618368 545.499260036482 865.1717218908873 724.4374927681966 0.058137256652116776
769.1193494269072 402.0712918180614 885.7901983491734 554.6122181864918 0.05754905566573143
576.5142208827212 327.15306081204255 585.4197784168721 338.9546799424081 0.057525016367435455
42.69451790760282 273.45262147659287 52.09373680418145 286.6214435398942 0.05745673179626465
684.6135289864226 423.6720907967287 704.0055605713289 448.45338848412644 0.05732990801334381
55.63995562279668 310.0240605804247 66.01571346675777 325.57896458256096 0.05717920511960983
814.8655341646613 381.69466179543883 828.4260963824955 397.4211324800087 0.05699694901704788
509.4010445406228 135.8573354195261 582.8956951792902 230.3631078482714 0.0568322017788887
778.5487958772087 394.04190437023595 788.4162258573039 407.35722774662844 0.056056730449199677
59.11633164072694 257.20205537332134 68.79148891514778 270.06101339053527 0.05588401481509209
143.13454269315108 26.722437999993105 157.5361869246084 43.389042493895744 0.05550631880760193
148.84037749724484 84.787004752015 164.55956268259786 103.39412392891404 0.05533677712082863
615.5371050634213 331.8946351675346 630.3431057983983 351.11013357176233 0.055327821522951126
95.96752438068759 532.7804686336347 221.8017105321102 673.5260470124571 0.05484650284051895
-10.130930180087399 92.95376071364257 40.00545454305292 171.77415874560162 0.05468118563294411
217.71102305885253 56.94316978426772 229.7315856865995 75.91404427888655 0.054560087621212006
137.00349847950946 257.55726916250336 143.69522109186195 268.13828406277406 0.05409052222967148
796.0106634587233 123.13956591960881 895.7211099994505 249.50624167827314 0.051288530230522156
