342.52039693293796 421.52963815006973 361.39037248560953 444.2135703895984 0.9992817044258118
766.0076396065192 432.58936549402665 779.7584615592083 450.4328774081746 0.999127209186554
469.5721377741685 423.2239752971924 485.2832049848294 450.2290884624863 0.9990885257720947
366.09165970529193 439.1830134368671 386.18477108497 463.74594076050045 0.9990266561508179
785.2205980689191 423.30205465627245 797.477006314706 439.2809356105489 0.9989396929740906
564.4604025999859 418.99749347678596 579.7458954204402 437.73008459783443 0.9989114999771118
272.13834720682223 431.16728748652497 287.17331621988393 451.27311184261674 0.9980564117431641
286.1405814506346 420.81933122229856 299.9326021943215 442.3913137928058 0.9978785514831543
195.75165735395976 439.714466422054 213.09178447905873 458.63345501407656 0.9951797723770142
250.59807980969455 421.601454321842 263.3724189977815 438.40526187789834 0.9898079037666321
532.4425317622924 426.1294541197308 544.2272629952004 445.52109823089984 0.970109760761261
695.3079010697263 429.31899334229877 703.544515854639 441.2308189260156 0.9613832235336304
682.1374435565533 431.9405741914853 689.8460011012633 442.3298158209968 0.7901763916015625
838.6079635898135 436.856016208131 851.5289765042498 452.42111902316657 0.7835010886192322
587.0560520159813 432.3626133079292 594.2322666237912 441.204593989603 0.470276415348053
662.5555807817359 434.97177657758164 671.9244080339686 447.5006527392418 0.4669407308101654
806.1145824115235 431.44012634280483 818.7158369772252 448.66278492659694 0.42996907234191895
215.43373327597394 444.24044332062635 227.791763627201 460.2670216936688 0.2707010805606842
820.2387255952585 407.80193254239686 826.2151266149152 416.1396043817979 0.25691384077072144
734.2915716838725 429.5581254486906 741.3020945042696 439.5132691565029 0.24185052514076233
814.288245643 407.2283511175042 822.0349173756114 416.4216916477077 0.2148813158273697
822.3071937691817 430.654507503428 834.9070341242035 448.949951193894 0.21207991242408752
639.5368672440816 449.3789292857875 649.7346557195244 463.223077943236 0.20801331102848053
576.8311584345386 454.322662477463 587.3342853954596 467.06039541870257 0.20140251517295837
902.2339530400272 413.0407394684669 914.2404303729298 427.86998550844106 0.192682683467865
615.1974935953259 448.77122953884935 621.9956089359611 458.5907120898511 0.15471795201301575
879.796576846585 419.31797582671 893.9324138943746 438.1122332642329 0.14121508598327637
709.1173125032075 436.16790402086235 717.6189070993081 448.3737286975542 0.13373126089572906
709.4767818807262 453.62725805453647 720.6306438300244 469.4225305908329 0.12823519110679626
573.3243061580908 278.2447623584783 614.1597993799649 334.7195099711359 0.12526147067546844
585.1382048510162 408.0756501124819 594.8116106594474 419.9321891723541 0.12494771182537079
914.7702433499788 407.2545175554938 927.0170253674203 422.59722220765786 0.12385763972997665
355.2099679320075 467.59609749993285 370.3779629043628 488.4135967294628 0.12202740460634232
899.2581652768041 428.17476807488475 919.3244420653826 451.301256272187 0.12148550152778625
648.8142500745276 427.2972740348949 657.0112193820034 437.87861327400327 0.1212257668375969
606.2979921850547 465.5935202143349 619.3232786442228 484.35901215069487 0.12102120369672775
706.7359316353752 469.28977798335995 718.8034938878938 485.480720029119 0.12070969492197037
12.407696518745281 6.568549301697915 34.84239817975623 32.381886727383865 0.11960974335670471
41.34963440661914 46.874902422791514 54.43480081316943 67.28356714784518 0.11824691295623779
29.99062177041589 31.718586942178423 41.30350789449586 47.97899623739264 0.11758385598659515
41.6515827712826 20.287683705859944 57.50233637842553 43.745201094897546 0.11640450358390808
6.067158711054864 29.743930714268803 18.57776743931135 47.57659648632556 0.11532709747552872
30.021950816116735 -0.015254591938278125 44.83588027989248 16.355676281563674 0.11426731199026108
428.871864082183 424.71130422135553 441.44764059300684 443.94904539115663 0.11295268684625626
689.2582532746394 431.7544435919749 695.9807630448558 441.644868143574 0.11257503181695938
937.3967803359247 404.8523720930591 956.7704652693744 430.03927634475866 0.11250903457403183
3.737465811142368 51.920319306270095 23.681133528834103 81.62573553501541 0.11167214065790176
868.2575485839021 405.62782654656047 879.1429565972996 420.44912745943884 0.11161444336175919
652.2866592563478 437.82815889480105 663.9242868657308 451.812067722441 0.1112457811832428
107.98144166721403 314.09579278883615 133.15230802398855 348.1055893255358 0.1110345646739006
718.4172196797799 428.07791616487566 727.8978802112499 440.49551445085206 0.11066414415836334
803.3660687734543 427.11115119875893 814.5512013123894 442.50455396419187 0.10998234897851944
962.9080583338399 409.1874056287387 970.6906806162921 420.4907211598224 0.1098325103521347
56.26359841196724 4.436120296997008 71.48822655358877 26.60158560365086 0.10967734456062317
932.3511102321908 413.9239356685936 942.2200498384321 427.0756429203191 0.10907676070928574
654.9071875982612 425.3449311927964 665.023583831708 437.15486377531556 0.10805387794971466
399.347573766821 429.0186013033911 412.47987359312765 447.611461689986 0.10736943781375885
876.6178461204738 389.44351303983274 903.7786143866907 422.2981196530893 0.10735377669334412
719.8388211229243 467.3437945613222 730.9363318827809 482.66885925376147 0.10714004933834076
916.884132993334 440.2937368553252 938.890887356913 467.9799597746125 0.10702800750732422
643.6201974415471 460.8550187766516 654.5874693775964 476.225160946919 0.10570971667766571
889.8320161942349 417.3746463114019 904.6173630979008 436.3548954539143 0.10530774295330048
390.75054945117273 451.812606814938 402.6025284591108 471.33461944206334 0.10508555173873901
18.409829999785785 62.623890189098795 36.424489332322715 91.23351569276012 0.1049831286072731
913.5421500859197 424.35406281014446 932.3876792632173 448.9082404042369 0.1049698069691658
53.696738577091224 31.63830512939433 71.42716428683538 59.88228333802739 0.10479222238063812
896.0203034756058 449.81638894324715 918.781862559002 479.83360299001527 0.10470138490200043
963.7480109888314 426.4598286211482 971.7307787044833 436.45197766199396 0.1043454110622406
921.843511151429 415.24123707472654 938.102314518748 435.66768939168486 0.10431767255067825
917.7495207192892 379.44153731177005 946.9054206693651 417.4166483921671 0.10356427729129791
816.0891467424659 414.9809079842086 827.0303509170585 429.0034576091777 0.10347919911146164
897.9912643833414 381.0438345061416 919.3723857246849 408.6569642875684 0.10319399833679199
853.641186750806 439.2802250998045 866.5283007752522 456.28254098741496 0.10275418311357498
29.097212431919374 50.5781723817139 42.78181712940865 72.1815946777645 0.10237768292427063
714.2176771940877 445.10010413871817 722.5801358234701 456.74084968533924 0.10228084027767181
866.9217943639416 422.2501674393594 879.015456403893 438.8464358591021 0.10214878618717194
743.892530970383 427.6793710261359 753.4341041279141 440.1198693018759 0.10175438225269318
642.9025852654423 439.8188756805026 653.051375661594 451.64557523002475 0.10171019285917282
654.9143415325536 415.41916832202764 665.7583145373754 428.26256316972774 0.10163269191980362
672.4010948882764 448.08229666664687 681.9899415621611 461.00985461761246 0.10152264684438705
956.0972724864916 396.84388829393123 960.9240273074223 403.24381446833667 0.10102678835391998
655.7546603746263 450.2860845784938 668.259778932637 465.25603596044 0.10084579885005951
664.214474498019 421.48839494984753 673.8876453074987 433.73011917202956 0.10074172914028168
816.1661353806115 448.98871701220986 831.7474664731948 468.11244123882017 0.10042241215705872
646.5849583472486 449.31605852371666 657.6337011915649 461.80731959262886 0.09980159997940063
726.0700130954395 427.9546309780149 734.2426724495581 438.67073043367276 0.09977379441261292
699.6440766495296 438.3221582297416 710.0275008629653 452.6540550992826 0.09974215179681778
780.439047813865 451.5511155791364 791.3020446745521 465.2452845906953 0.09963538497686386
949.9074235392598 406.79520275588885 956.1967647029339 414.9179682773838 0.099632129073143
710.259975286924 422.83566047351076 719.2173005904792 434.90522530480825 0.09947606176137924
539.3737506913379 408.73114183637347 548.1004858950575 422.3408404629634 0.09944938868284225
613.5265343863102 434.811947265636 624.9515936654119 450.8954971965229 0.09942208975553513
726.6687975362347 443.5389544465638 736.0231650988716 456.7976769849399 0.09936345368623734
352.6897972446669 447.55354493602954 370.62472447504337 470.0816047977468 0.0991596058011055
718.8683957270852 452.755865748647 729.6905521663674 467.8426522354086 0.099037304520607
515.0508826058687 438.04758357137933 528.2938342874094 459.10857771197345 0.098991259932518
637.8816509608258 438.3739982756399 645.9269938933627 449.3970004193178 0.09888751804828644
689.5690031957803 437.479675174187 699.6756362010916 452.0503841703659 0.0988607406616211
939.9917941570226 398.31100810307163 947.4028931141353 407.93726154370574 0.0986238643527031
720.7455902946783 439.92244672222944 728.7356785728851 450.8413133526775 0.09847675263881683
55.319870173695406 59.17517655026017 69.70223934644089 81.82751345809913 0.09843254089355469
631.0806490247253 452.1898358813385 640.947761901395 466.5623356823764 0.09816234558820724
413.24774237850664 426.8694456462212 426.04741671334824 445.0370049011883 0.09810375422239304
635.7736772220064 422.2707953559036 649.9524062698217 440.42575574486926 0.09800852090120316
703.4366300613613 428.2529977798642 711.636132135768 439.56464604752694 0.09791919589042664
669.7338799319966 441.41747119380733 679.2950524388001 453.61670150607955 0.09774289280176163
652.6833451268211 383.8256765076912 663.6371753338069 397.4177169806642 0.09771892428398132
679.7933937212872 469.39195850760524 688.2255865246007 480.9890270494342 0.09757062047719955
649.1637473955578 462.52093798173 660.3757735926099 477.8897222713249 0.09751071780920029
892.5297770480435 395.28473771751493 908.684414928523 416.081587297726 0.09743747115135193
917.957000807919 394.0371201785947 927.6722061379309 406.8521706501405 0.0972350463271141
717.2494971744823 420.98056644668185 725.0347049682098 431.7134891309985 0.09719312936067581
824.3393122491601 443.2347066600888 837.9065358367542 461.7124976914336 0.09718590974807739
945.3603264958404 425.31343934998154 954.8061518733989 436.8238479417479 0.09697245806455612
934.7999529730008 404.0928597920435 942.0128958693533 413.3251854520254 0.09671787917613983
714.7916884438274 432.61988045279855 722.6323230803309 443.22789976486087 0.09666077792644501
401.12487779232083 457.9273444940126 416.9667581931575 479.89724306786263 0.0965610221028328
950.2975156773142 396.8593377317991 958.2380762747943 407.4840578459847 0.09653761982917786
740.002738798053 431.88072340988845 748.8823388509162 444.5531517071799 0.09652801603078842
753.2005184397925 427.9650306202637 763.6500799267989 443.66178907635185 0.09633108228445053
943.88150942795 413.477971372733 951.160770875003 422.67213890563687 0.09632573276758194
949.5220175737209 384.1705222382578 957.899760881896 395.16006836402056 0.09625960886478424
670.0815552216943 430.7822849608513 678.0154154465969 441.53734872293387 0.09610824286937714
522.6698806384878 424.82293040087575 534.5060760524713 443.0868342565669 0.09585250914096832
925.3426680703432 408.5643810807403 933.3851327516317 419.403987728643 0.09568887948989868
558.5511566670004 450.6332276875244 570.0742635821491 465.63404484743404 0.09566976130008698
12.399178554187532 40.55231019197001 27.1130131123523 62.45517780544389 0.09561070054769516
660.595920875594 471.87065996519027 681.195836563413 498.1864089716647 0.09540049731731415
940.859807609438 408.014316532044 947.6878065056305 416.8626985989439 0.0953415036201477
954.9885975923085 431.71617443720146 973.1394839998039 453.4029601503639 0.09528468549251556
-3.8457362293789012 15.096232088648787 14.283139525214201 41.703923804289865 0.09514601528644562
27.837398151050284 33.12055185882006 35.97564972123711 45.70691434368969 0.09514432400465012
842.2110942544941 450.2592612171096 858.9380124317823 469.99841314514595 0.09494291245937347
681.018190300051 418.29033951025673 689.0553177383663 428.4579778016316 0.09489210695028305
931.9512838152772 434.76957084059393 949.1024607068547 456.0819790454075 0.09486772119998932
960.008012262029 409.20064087718333 973.9664751832807 427.44229497183466 0.09469499439001083
876.0480996300209 411.32432038770884 886.5158298658437 427.25769276313446 0.09442918747663498
655.0045970138042 404.1959422458518 670.750123519516 423.8529338379882 0.09433798491954803
607.637490465622 447.1385622185529 615.4060773379871 458.24134566525265 0.09414251893758774
632.9867931926905 462.12087184621646 646.8896170638812 481.0239445474265 0.09366555511951447
619.2180099710837 455.7926986188536 628.1585915910017 468.6979994235601 0.09365957975387573
583.6263147899132 467.9177540220792 595.3330071289604 482.6232706940006 0.09352932870388031
872.2073446547165 446.6356894528425 889.2725372187042 468.9894981869333 0.0934559777379036
637.3147791107066 409.6244989608516 650.6755180214609 427.72516587914106 0.09317464381456375
831.6331802825082 425.4960671205836 841.6200630204892 439.3929495966596 0.09308984875679016
305.7101287286328 443.30979162637817 317.01565898957017 457.7023946660513 0.09303581714630127
957.1162557490688 403.83324778142935 964.8602276747813 414.0311182867874 0.0928197130560875
925.1720829522609 505.6842350493633 948.0531084948661 538.036203254223 0.092603400349617
19.684912098553887 -5.495691232903961 64.1996586266033 47.723907742022774 0.09233012795448303
670.4459543498925 458.1515737183087 681.4906485373082 472.70517729164544 0.09228681027889252
633.2257818476833 442.63186726911175 641.304032646146 454.6828531908939 0.09227427840232849
595.9994753724301 445.3916964313796 603.7137489793926 455.631527205927 0.09218718111515045
868.8477333238371 390.45413975588866 882.6483655895836 409.1221893114094 0.09218712896108627
951.950211990195 427.56265344750057 963.4583158965487 441.4789751190854 0.09201417863368988
612.7672177066299 457.38948325601433 621.4415980394932 468.4849558120735 0.09198236465454102
731.8934296893644 445.94251352974027 741.530995001593 460.8194779095732 0.09188220649957657
867.4327105501698 441.32432908601095 880.5197426634844 458.71741547697286 0.09186538308858871
691.2306319253294 421.53110320540094 699.0779641476918 432.36371277400866 0.0916779488325119
44.475989903949774 21.37762874313728 51.00596064698403 31.23653226802345 0.09165626019239426
842.4367123272566 423.9811166409667 854.9788161667637 438.8906109155346 0.09142649173736572
896.050169975584 404.2534810854237 906.3176950864488 417.5096024288448 0.09140131622552872
11.70574225380637 409.619908063553 18.07386209491808 417.7791881487407 0.09131966531276703
727.5157994621604 437.2974455607518 735.3466779001797 448.2802350408978 0.09076281636953354
26.015516816933594 9.453569934983186 79.06223661965467 90.548639604479 0.09071104228496552
693.8577737989649 478.7885213967158 704.4142924525981 491.780123203296 0.09062865376472473
25.1542982195505 17.97894711940824 33.587605462341756 30.457520724290475 0.09048297256231308
70.37167296409123 24.376530733179816 89.26707290287152 58.77449104484848 0.09048011153936386
882.1384061876948 445.60947788127714 902.0672854421451 470.1037854693667 0.0904226303100586
680.8615777402915 444.3477516008439 690.8823412339768 458.07558052523547 0.09031205624341965
976.0821226651516 248.44439554945885 1023.8774874858403 308.9872771200084 0.09030909091234207
648.14456287848 418.4198680898104 656.8200440666905 430.55000090509503 0.09004393219947815
683.6809188453718 459.3159436320585 693.8423131169357 474.01571911331183 0.09003499895334244
708.4593113092515 418.61186769361194 716.3732720859223 429.3793214645054 0.08994332700967789
650.9491102561142 394.9011884133446 663.4517817582639 410.1603721641682 0.08989547193050385
928.4523280819025 428.0392248850582 939.2696722376007 442.149947576787 0.08980318158864975
252.52627367072887 438.70332951184145 267.0296424777449 458.21140843758906 0.08976893872022629
951.2955224926153 417.1490923274651 959.0430335948078 427.4343682406759 0.08975474536418915
730.5487777599119 420.6918319669078 738.697374800088 431.526986365233 0.08975254744291306
7.5644427327637125 19.970151874366934 13.46822191010712 27.184662267233485 0.08973756432533264
969.8065881695607 397.0792011431051 990.8117606335455 424.20810458505457 0.08962177485227585
859.0705470470319 426.9014093600476 868.0183252422207 438.65748823372974 0.08951425552368164
622.1670197196422 445.4524806399842 629.9501177417167 457.37102269361026 0.08938446640968323
936.0998728416373 454.44979085311996 959.998363945564 486.1005126260448 0.08930977433919907
940.53056063444 381.7267883467376 977.4184185852877 428.9318300645627 0.08911404013633728
913.4955404096139 421.14460457564326 926.9809634208026 437.29254780676683 0.0890451967716217
713.2470556073042 410.5073744340789 722.4694124169908 423.5387072227712 0.0887620747089386
160.7774764954966 455.0130851498648 167.71744680987553 464.83776801047827 0.08873412013053894
733.3113827858048 458.4449684300465 750.1683457939415 480.1730686284919 0.08850100636482239
960.2518947310234 394.7566689462478 965.8468636461663 402.00969082456686 0.08800840377807617
885.7257924998631 407.6011008989342 895.760627850606 419.6970487843829 0.08798035234212875
954.0835470022026 432.1575650434707 986.8258003844081 471.3432314018755 0.08796537667512894
850.1315979183671 401.4544918656238 865.793834427584 421.77230099413123 0.08771645277738571
583.5122221085443 319.4535043470808 592.7907336962967 330.89222172406295 0.08751679956912994
696.4292940091088 449.6294172571929 707.6770973028019 464.90578322908084 0.08743035793304443
676.138670697028 426.1308195659742 683.2938180622393 435.4483600438828 0.08722424507141113
66.36150234988455 -8.441638858804454 91.60851796837514 20.80444560155832 0.08715397864580154
690.692722891745 461.1172215796536 702.6183556246539 476.84825556690595 0.08713002502918243
956.2903495518465 388.28325489047273 963.3752011405726 397.07278201524946 0.0870961919426918
962.3581309235346 373.8033275278441 971.1243905246064 384.3433093076994 0.08705036342144012
905.1822473912644 392.2212824166472 915.326036109634 405.9745327209858 0.0870460793375969
936.1478575422196 393.56989754268903 942.6722242816794 401.3595414256847 0.08701157569885254
960.0027996157252 394.38130847043163 970.6106087505035 408.3846102642924 0.08699463307857513
678.643451670559 481.70133915629634 688.0014326929357 494.8780149840999 0.08698436617851257
876.68371962765 405.48165924441753 885.0550989772728 416.922182760838 0.08695746213197708
610.8601087278383 461.0401210297477 617.0892933755324 469.8338961592774 0.08673601597547531
602.4717921305231 448.81755422681147 610.9854274724074 460.04053244639454 0.08669508248567581
701.7176055758632 408.3649575160883 712.2048424591168 422.2362276852811 0.08665940165519714
874.8496742169365 472.3428079993124 902.0966878150266 507.9226727189459 0.08663776516914368
671.2664078659169 416.44437822023434 680.003454014094 427.60529325522094 0.08651264011859894
617.292887982039 466.8620332668926 628.6289198583589 484.0217135636622 0.08649084717035294
667.5656252233114 386.8900410364362 688.125550928169 410.7208133214838 0.08643282949924469
775.4994960872259 424.0630510077208 785.2746146007539 437.76229883681805 0.08631730824708939
585.045359658398 311.7837963535931 588.7422269204784 316.25958486565935 0.08621712774038315
917.1758351834227 379.52871919947944 928.107956420358 394.5992820814204 0.08611050248146057
913.099192578448 456.1378087754414 937.5048574439353 492.3898069382777 0.08610870689153671
613.3811339927245 428.8913460202855 621.3936040308488 442.34345793045327 0.08608158677816391
970.0577738296979 409.23886531608247 977.7322243598346 419.00370718681756 0.08606965094804764
965.2775092484453 399.72805309786753 971.4688284399705 407.9072329062514 0.08604542911052704
598.7221535832738 470.13256658135555 610.5785451133734 486.112526413619 0.08604194223880768
630.6684211261071 399.6785053758794 640.3404026591539 413.01350405740214 0.0859602838754654
845.9026277119242 411.6346328802747 870.6353076170739 442.4848493385039 0.08584465831518173
649.1383581407939 473.89001821268454 665.4672720608036 495.74046134354853 0.08584333211183548
631.1634872260929 392.35283625517957 638.1906481750935 401.88565612710823 0.08583489805459976
38.354091686397176 34.79932075312682 45.48461523989741 46.491775787185865 0.08572260290384293
726.8626112563772 456.0694106670838 737.1685128257423 470.7791928818306 0.08570128679275513
0.6715980123105859 418.14386706143574 9.38667350585669 430.78374602096187 0.08569612354040146
522.6381951106073 408.24512808710836 532.7808990320711 423.07183652930354 0.08562206476926804
569.3300383952741 169.82652217466165 933.339913138162 581.6101193128314 0.08548947423696518
943.6728290831124 444.52285386280016 955.8109061880623 459.8064928186822 0.08546487987041473
644.4860098151779 409.7972942844554 654.1259741366363 422.95286822206526 0.0854550451040268
699.7905079277815 475.6162191794287 710.9333803878378 490.03035270540926 0.08543124049901962
885.1188746361452 434.2022482810109 899.4081545622311 451.1297093552355 0.08536138385534286
481.7261824837085 440.1426479619254 500.3338606725437 465.5189398098254 0.08529504388570786
946.4480281652127 397.4138602005894 952.9381214135988 405.4321236578818 0.0852808803319931
259.70658225129023 428.7739311262212 271.12796311074044 445.30408033509553 0.08524826169013977
848.9080492122919 432.8233821025259 861.6369004048166 448.7412096950958 0.08520939201116562
627.5447197312842 448.4792279972366 636.5223180710013 460.34741621974615 0.08505194634199142
604.7987465928477 456.3971393488519 613.3741139280131 467.75230063913233 0.0850181132555008
53.00823499861232 -1.4648192734714667 63.3833933433345 10.612164999561879 0.0850171446800232
619.4470169731669 424.11052250407454 628.9008543897943 438.2555221050242 0.0850047916173935
700.8186264989931 400.0654818463188 718.8751699342995 423.01375092137 0.0848952904343605
662.6423909666529 458.017371721641 675.0532019279241 473.53196001497116 0.08483684062957764
379.7197719065453 488.64196839050646 389.430632524129 499.735567976799 0.08483149111270905
947.7837023103441 379.6569653344623 951.8709361356105 384.9105254114539 0.08481689542531967
16.095060963127793 16.510817373368024 23.40912185734834 26.869844368400276 0.0847897082567215
886.4215282846338 398.37875595941625 895.752335091587 410.5517770199702 0.08473111689090729
932.7022426105221 365.480153202012 954.6051877635729 393.0420138364588 0.0846935510635376
402.11633644404696 442.89305872761815 413.75249563329726 459.62089277643486 0.08462996035814285
336.1173730833105 437.86880591214714 351.86243710782657 459.7471205651334 0.08451935648918152
33.91457655105093 70.08456864806578 53.794720035673784 100.12305553601301 0.08436918258666992
642.4370127691179 480.37300715918445 652.2722336269093 495.3215375421658 0.08431145548820496
829.1419574059681 453.3902767948733 842.7695439604232 472.37351049061004 0.08426830172538757
807.523925981969 406.69007263011395 815.2758001417184 416.8352476772505 0.08424194902181625
675.9083289241555 410.67875589524107 694.936717294344 433.4744298362869 0.08424191176891327
796.2005048704887 452.10106703151513 809.3029775676115 471.4949436986133 0.0840127244591713
850.3382332803346 365.08531797933904 878.711727813814 399.216178775087 0.08400562405586243
223.0572131288037 431.36837241017633 235.96935203574193 447.32805059267974 0.0840006172657013
881.4742453479442 227.2900293920826 907.5624681499135 261.3780822386162 0.08400025963783264
605.9441416789177 415.3626012787062 623.156533372583 437.3725925874107 0.08398538082838058
933.8460706723971 387.93387524155753 942.5430995304922 399.14999911095776 0.08386821299791336
916.5416470301514 469.5346024685571 953.9980012656315 520.2046630205168 0.0838589295744896
677.6877299928335 436.69358487682706 685.108723844003 446.8637480662985 0.0838347002863884
623.4489361075535 433.96827852179337 638.9277375875478 452.02053524063547 0.08359253406524658
681.7534868732586 403.3003728228821 692.7548155714069 416.88544049863725 0.08352812379598618
944.2984533293994 382.41931468284923 950.4641455047347 390.668171048573 0.0834931880235672
642.2889457363578 399.014826447333 651.2219388320159 410.2775809034654 0.08348429203033447
638.7924535767136 404.6106754683807 648.7363018659687 417.75505367160554 0.0834699496626854
897.8641062925464 392.1346835138554 906.5255082585642 404.25347837956207 0.0834696814417839
689.4521312489748 474.0111376220771 699.0220884623167 486.75269725901023 0.0834418535232544
274.9727802193971 416.821928562988 285.2040478339324 431.8090017695006 0.0833587720990181
926.2075990897173 397.843461699745 935.6544067236573 410.0647889765692 0.08320819586515427
979.1200121635443 433.34241539581444 986.6906095360092 441.66924447811806 0.0831986516714096
730.875005606986 477.99229981602326 739.0794484817338 489.5569254711988 0.08317229151725769
629.1896181606289 431.9406278546422 638.060239152451 445.0800433421971 0.08315591514110565
901.2465559021911 380.08335184478324 911.0636650297898 394.104996912375 0.0829370990395546
907.9005435899104 401.360643451606 919.3250764297591 415.0452228699285 0.08283377438783646
566.54484293907 462.7019170994107 581.3701717575711 481.0904716183003 0.08282153308391571
380.74452509050377 426.5662521781151 393.95217870483737 444.4499117111787 0.08279629796743393
653.557991479003 399.8792638727161 662.8339917409875 410.2485717828839 0.08277583867311478
416.00315853542287 441.9615501990639 427.6305175503392 458.9373729683607 0.08272311836481094
740.7448242130014 442.8214466161906 752.801820161766 458.8885977665571 0.08269902318716049
23.402934613304232 9.728603340386343 29.158806724068373 16.94684914038928 0.08267061412334442
674.7223466519389 433.0653777896799 681.8662531305398 442.340319297427 0.08259058743715286
589.9255530999071 324.25677524276244 612.0354647089131 352.5550241853688 0.08246737718582153
734.6560148821371 438.61452045873517 743.8055585005659 452.48995270422 0.08245668560266495
10.508341093261642 0.6946997236525931 19.4815443630855 13.376534933396023 0.08214617520570755
52.87044822048974 24.362728639514096 59.74910439222065 35.47823720674808 0.08212167769670486
605.6488795828857 408.6617191936618 613.9424207786166 420.6985574307311 0.08204160630702972
-1.9582333526630271 32.87361451192676 10.857127676998509 52.04200156148755 0.08200240135192871
879.4713842246224 374.3467195172685 899.2118263648803 401.193709334845 0.08193853497505188
296.45670449807494 422.92211049966363 311.4892472047105 442.55122795054257 0.08185391873121262
803.1498175970189 416.68772814469634 812.9793910827065 429.89337845322234 0.0816626101732254
565.2790084722968 437.5601942225794 580.5752833339175 456.48682657381283 0.0816609337925911
22.153341732786636 32.51766802797092 31.024306449515926 45.53188177013501 0.0816286951303482
537.1421759644276 442.3663583332025 548.4472628343088 459.8302337785483 0.0815977230668068
747.5786215969592 215.95465891070654 769.1231986074031 241.92152660624123 0.08159451186656952
585.678409720269 441.86528555288805 599.935181706355 460.75120435594533 0.08153688907623291
945.3667707845434 394.4021452322413 950.3084328787486 400.71414931540806 0.08143368363380432
-3.1957744277824625 37.0546082658751 16.69089457164436 69.65041210642303 0.08137219399213791
719.2747337344014 480.41107394250037 731.4107792103188 496.4149142108966 0.08134359121322632
954.0037270703989 380.12954782080186 958.7129453452451 386.0798097521932 0.08122208714485168
39.773733286044994 -4.370190105605142 58.39923589676586 16.203118070672673 0.08118785172700882
639.6195718834796 386.3019384919495 650.424133957204 399.78983703071344 0.08111846446990967
594.6011436465692 429.3854319095083 603.9636313173198 441.6972279954244 0.08110801130533218
594.5488103951024 452.0201081244099 606.3871063377837 466.6939869069094 0.08109739422798157
307.5443950379909 425.4484609009837 319.0469750988717 442.816714464642 0.0810895711183548
945.1045029302913 345.74209469408913 975.5630926011918 385.8346728418437 0.0810878723859787
898.9836667119655 349.94555621738755 929.4124667060562 388.48919270618507 0.0810742899775505
838.2591139090459 430.02146922070244 1214.482022392054 870.7281048879798 0.0809779092669487
612.2706342465636 475.8806455584027 634.6410187468241 505.8663711789123 0.0809464231133461
956.4383240144514 417.7779683862744 964.8490003576113 428.2843503411011 0.08091997355222702
825.6304575282591 408.96739199171077 833.8426918717405 419.21733025762137 0.08088415116071701
837.4088393353 376.1698613338294 890.1623303310282 440.95421626991845 0.0808708667755127
968.5523585104128 379.97132397451486 972.1817581261458 384.6512139033785 0.08086835592985153
50.48259169294851 41.36006908812571 56.037790116394305 50.15662628808431 0.08080790936946869
857.8977690067132 452.61806965922966 873.0498775838834 473.6080013677904 0.08072831481695175
553.2539236930661 419.60226092733296 564.8807773923675 436.44025422098974 0.08055943995714188
962.5508290981566 376.638664189535 966.1729782790723 381.3716700782494 0.08055216073989868
947.906865502648 458.058732091509 963.3515876580334 478.7785162994918 0.08051745593547821
797.5336358346727 424.94791383054707 807.0781548871947 438.586338263172 0.08046289533376694
860.9048274438255 440.65785820285834 871.9894456785067 456.1138311197033 0.08036342263221741
671.758608943913 472.7865824639818 682.5904245956538 486.69117743384624 0.0803605243563652
625.545317168085 462.5326733315338 634.2240928849578 475.78775516365147 0.08032424002885818
719.938565489566 406.88021003949785 732.2610532236893 423.31897441518964 0.08022891730070114
-5.601616012452998 -7.037776543337073 15.735021564483647 17.310409439397777 0.08013450354337692
371.7239697440123 478.6768967447455 383.4824061916431 493.1300278663558 0.08011282980442047
420.5954037548142 451.15665758931897 433.99181172624026 469.7483931391502 0.08003099262714386
907.8977792533235 380.35750135492486 919.5096036907648 396.15451530766285 0.07979533821344376
684.2900686873564 393.8361020308853 696.8629844533374 409.58966801059626 0.07959380745887756
694.1700351884957 411.16900783061016 702.2475727925133 421.47814916997186 0.07950417697429657
659.7834957029484 401.27586989397713 668.3740960888746 410.7444207843173 0.0794450119137764
832.4345605564353 410.17514524200146 843.5808034198911 424.4900772789301 0.07942965626716614
598.3498377232733 427.65263381095934 613.9501439199925 447.15978081817775 0.07921363413333893
962.9985450988546 390.42697618098583 969.3104402674987 397.21886427665754 0.07912527769804001
221.83497022756788 423.52830317173846 232.8824873339002 437.1709587681246 0.07911355793476105
971.2721993564796 427.87820273217693 978.5205861999799 436.8987914178497 0.07904420793056488
700.4555914712741 420.555658139039 709.6392975062461 432.7794450585002 0.07904306054115295
56.80578886608155 37.751247183612875 61.97176797747958 45.83306704585136 0.07903693616390228
48.64658457423399 81.19553602315099 67.51655153313811 115.53661881807176 0.07899793237447739
36.44506099727854 25.214554513161893 42.74406138504179 35.048629442490764 0.07897554337978363
18.753647351230423 -0.5100775978973678 26.94675758229494 9.497908566137996 0.07889493554830551
642.2809421329658 429.2389540271101 649.243677516682 438.59933814409476 0.07889413833618164
823.9782173763547 497.9337338427847 830.9601152021679 506.549834704837 0.0787833034992218
542.2173456146026 429.0051255444815 555.5080500810012 448.07379096589864 0.07876046746969223
714.4213902391592 483.69148063540763 725.697104854446 497.6825094591736 0.07874799519777298
178.70797165361742 480.65320517051157 188.14221226514553 492.8121085810109 0.07852880656719208
686.126956654762 382.7154563550678 699.1082582996504 397.5634449831862 0.07852578163146973
626.4874216019468 413.80686935489746 635.6948497252889 427.9943175551252 0.078493632376194
964.0856833252689 449.63090143894254 978.1688066196755 464.97018744988367 0.07847253978252411
634.2469910542642 389.6093278335581 650.4920268969438 409.8307172816948 0.07837821543216705
940.5595774443822 392.17204989213434 946.6258969100146 399.15981353633373 0.07826869934797287
584.1672959496133 290.7646683903298 596.387782617446 307.26089424971804 0.07819563895463943
974.8925187497766 420.6983307330054 993.6406796748986 441.48863187479805 0.07810380309820175
591.9217893777189 439.25886481780003 599.1581060677041 448.8386263842775 0.07808410376310349
621.6334504099177 399.28197741706066 629.6758334311586 410.5847859788829 0.07800472527742386
957.400771733999 380.0438605543651 964.775198834648 389.8107413208529 0.077989861369133
615.7210707084586 443.391566018138 620.9738097588881 449.89682489887434 0.07795995473861694
530.1343799575031 410.51616235409404 541.4942546041555 428.142822366993 0.07787468284368515
4.71479706679079 22.217717060652973 10.078353933407362 29.332247818484177 0.07787130028009415
584.5291516228674 458.49253584064826 594.7218000314411 470.28645180139137 0.0778384730219841
621.999287863051 449.0148986689243 627.3388934488358 457.5144033114548 0.07774153351783752
360.979502188099 427.00786709488193 376.1615710625908 446.37263340066426 0.07771836966276169
953.4924009991172 467.71002307266457 978.4808582755057 500.8045312510352 0.07769681513309479
902.0266383471867 479.2989109897271 926.1465126504814 512.5393378613131 0.07766450941562653
620.9654304239426 339.34055801171877 634.8831332712807 358.9381268955242 0.07764237374067307
667.8199174708052 402.2444349351775 680.1671984537231 417.48235838279527 0.07762015610933304
684.193341131415 490.2074904760617 692.5644719652355 502.0267363812444 0.07752236723899841
605.9607589728982 433.9637633763574 613.7849780604538 444.9630663905275 0.07744646072387695
972.8248715773411 420.0800632706509 982.8085641788763 432.04048791158556 0.07743237912654877
220.44398580046627 455.31440407523587 234.47307522142643 473.7639789443252 0.07742016017436981
612.5645114357774 411.189087466745 622.566624446173 424.6801889841697 0.07739736139774323
663.0233573245117 493.0015369013376 684.6750295328102 519.9772598220634 0.07733168452978134
621.2054885145562 429.92092905518854 629.9762284768085 444.30522984230197 0.07731712609529495
626.4925066561034 483.5162160283847 641.009090105863 503.3025357347382 0.07731515914201736
385.52580641335294 468.4966021155598 400.51256832823753 490.1951354201447 0.0772872120141983
967.2951885659296 419.0451246081136 974.6065361855763 428.6891440891154 0.07723790407180786
1034.1740074798395 300.65025163288584 1072.5877532225818 352.36611570125547 0.0772143229842186
819.6249744736058 251.57707008166963 1032.7052267445 507.61189037884225 0.07716504484415054
552.999234667771 463.850162574382 565.1029766466025 480.1668468158282 0.07704374194145203
991.5367385046251 378.85580243613094 996.4869825101031 385.5034128467492 0.07703369855880737
370.8982032014472 415.1864246727059 385.7729793996734 432.7583881831629 0.07703318446874619
792.4239191068774 389.19236094710857 835.7581757022298 449.15023076578547 0.07702828198671341
170.31284345826649 488.57051620771136 175.81615490210555 496.09217934740747 0.07699436694383621
827.2664655727391 421.96617913525046 836.9913133212549 435.38221675287025 0.0769769549369812
626.6941457516465 457.81932292270045 633.6466797629043 467.76082896255986 0.0769549086689949
967.712892288732 381.7686847503697 978.5061611407041 395.9727434260119 0.07692477107048035
261.1546356951889 418.30556314071083 271.89860392647 432.2356139000698 0.07692442834377289
317.5703086069041 413.99192323700726 331.76025682439786 433.938065296489 0.07689135521650314
934.1141656885305 376.9024986315089 946.9280055692182 392.9275871795099 0.07687612622976303
623.1641662136691 406.84182202007185 632.1613156124367 420.1809075117907 0.07685218751430511
771.331960224151 420.65561739641726 838.1765212199332 500.0207840056662 0.07671546190977097
228.8035784160202 458.2328973236988 254.68993696437764 491.17241362476454 0.07670986652374268
609.2277205589985 393.4164162961073 624.6314608111282 411.19893835557093 0.07670983672142029
583.4117757726782 432.4972474294181 614.5934833941866 474.10099050484934 0.07663551717996597
55.45385568419875 45.82844638397133 61.26431010810101 56.05936225334753 0.07661781460046768
-13.052395766857426 -15.068247990026427 34.39612569006051 40.69663058793781 0.07639029622077942
633.2196972184876 369.6369051376354 645.3529716683063 384.9893044330921 0.07633335143327713
647.498551265484 402.8414795702495 655.1052769472567 412.6325661291851 0.07628116011619568
241.3070912103417 425.5868413461305 252.2523938038541 441.34433109630027 0.07620967924594879
663.746721264868 388.9462949217523 674.9220664343967 401.9328062777194 0.07618095725774765
330.9962230914383 433.1313428450304 343.28567415950766 450.4484550251626 0.07604464888572693
595.2290276773466 404.8540848577513 604.1009803462933 416.8048745090532 0.07599598169326782
575.2598838080802 376.8738656024604 586.0075074789344 390.22321117926094 0.07599259167909622
857.5242180851237 413.0420690296461 867.272224824587 427.8137957036108 0.07596428692340851
685.3875647822805 489.2780639663725 701.8114662318827 511.41924424576285 0.07592602074146271
340.29006473672496 469.2815948042079 355.0526872271942 488.5837464856964 0.07587295770645142
789.9592593824796 437.78186338513024 801.9907677787684 453.8506564557389 0.07581689953804016
841.8179290480397 406.51140260376076 850.364125466045 418.79838371730204 0.07577618211507797
647.7286445869246 367.3199572424974 663.0120570784844 385.24132105251095 0.07577454298734665
625.5323766477618 385.7547656819406 632.5651318976138 396.1164309492172 0.07571397721767426
662.5830338469909 339.3337172737575 671.859329273995 349.2828453333246 0.0756034404039383
697.1248930360364 387.25261193922626 715.9327454844424 411.34896687794327 0.07558225095272064
736.2323872997775 393.8017803955331 781.7915527832179 455.622878601699 0.07558019459247589
52.272785080469525 298.7215184951121 70.58986231729263 318.68288743829913 0.07551572471857071
871.56805952388 17.300627825254594 1209.1457914212042 437.371152542659 0.0754164382815361
516.7851541325628 404.4762417216581 525.771975975883 417.5002202189679 0.07537166774272919
967.629640515427 435.4704743808711 978.286169842642 447.9568890404869 0.07534825801849365
294.01124384144254 470.02009982722035 307.37015644845144 485.87724052348614 0.07524273544549942
183.05719559436304 382.9869517260849 231.89622916442235 440.11314011843126 0.07520521432161331
823.5889933929342 524.6452950390958 837.1249514868047 539.6253599613145 0.07520479708909988
571.7925300832615 405.76719890103595 582.2209855493652 418.09897697654264 0.07517194747924805
433.960376683827 445.175432830541 446.9941889192686 464.71689126691444 0.07511893659830093
31.277544715393645 19.70869821675123 38.60751202412628 30.838454885705808 0.07505033910274506
695.0756379311919 441.26838777317306 703.82805515369 454.02236852570445 0.07504072040319443
706.0109607070362 484.7462601052205 715.1301107267552 497.3757486171958 0.07502509653568268
738.7890576071585 424.18453793056693 745.866046684179 434.06279971296294 0.07502353191375732
52.02567448553648 37.156133516364925 58.710970413996456 48.744070805925965 0.07491135597229004
633.993199122091 380.7454347519592 642.274171985587 392.6363713031939 0.07486768066883087
637.4581403461533 491.59908599118177 654.138513584561 513.9578011419301 0.07484862208366394
731.5999771211731 411.90450553484675 740.3481110402993 423.9447133310807 0.07483895123004913
967.1310169181571 347.65224960569645 1008.4968384083445 398.58750885987826 0.07476800680160522
159.14032807344287 441.0339572705844 167.26157962738353 453.81586018293217 0.0747215747833252
49.027837937670384 63.25820201687791 59.456340120152525 78.74682824283924 0.07471524178981781
945.2476484625711 387.68738301599865 953.8645268651015 399.2442150129394 0.07439574599266052
924.5568191753999 326.45475964764944 960.9675393768085 371.43479327494475 0.07437673211097717
871.511468568481 341.43292180764024 902.2690670873268 379.4901069403228 0.07437579333782196
741.2465699625258 480.64361547062515 753.6750356151268 496.93720913722507 0.07434560358524323
986.7243949061096 387.8275517400619 1010.8506119194958 419.84511365612735 0.07434216886758804
248.46404114601876 361.17568102463736 274.09287526082085 393.7470394674141 0.07426529377698898
815.8872672084042 401.04060262429005 823.0492588028704 409.6646895142552 0.0742521807551384
808.701523261163 399.7584605418063 816.0736362042037 408.62282507220823 0.07417032122612
604.44807788559 403.5329697320989 646.0655112840969 456.3747054595002 0.0741121843457222
986.3556509266141 398.5937811509781 1024.0858310110355 447.70382138453056 0.0740436241030693
929.016610734735 380.01516677537336 937.9284143263498 393.07250937471684 0.0738164559006691
949.7418412566952 376.7279265099777 955.059619082965 383.4947019895482 0.07366883754730225
956.2785202331814 315.77193672842486 1024.3374165789578 401.2958191192314 0.07361174374818802
403.94307618781664 479.5347691081066 414.4753199031726 493.9853437853518 0.07354549318552017
691.7827006190741 485.64887942418983 701.2251015711511 498.1354084983961 0.07347474247217178
981.2909508143132 451.08381495884424 1004.6952047974544 475.6225719257325 0.07343797385692596
874.937389449978 409.0937889746934 880.7647828403602 417.182573698843 0.07343511283397675
740.9406540061037 417.68114339055927 748.4831130549625 428.57885400775024 0.07343105971813202
1060.3725417581863 231.1825309318858 1082.6444223033657 264.7090139763625 0.07339340448379517
981.5850176317745 218.3280152284164 1006.4627632151299 241.76142967257772 0.07322222739458084
952.3458009396167 477.34718763025126 983.7320580349941 518.662708131363 0.0732191875576973
661.1620919691951 373.55530549054185 673.5544758308789 387.5640369774687 0.07315933704376221
407.38184451425263 386.88433593045073 432.69153342831896 418.12303462606326 0.07313115149736404
1011.4999257940005 265.9849905450039 1023.2995662909964 282.3484373087628 0.07304023206233978
382.6542001927592 406.19623331626286 400.20346698850216 427.5040585329337 0.07281149923801422
834.9431529853782 463.45023243721477 874.4429254350803 514.3939919110013 0.07279601693153381
640.6745214943704 364.7876002779127 651.7535549775506 378.2340749068407 0.0727490559220314
812.7878169298784 466.64599781875586 823.6768637154918 482.05145947710713 0.07273782789707184
712.7574779845369 382.33766284537614 734.3146214013689 411.46606159830753 0.07263928651809692
906.2565397929611 463.85337550379336 927.6194123992713 489.6817861075509 0.0725933387875557
651.1584936889149 485.8505733749718 668.0181133907043 505.19811161329187 0.07259197533130646
670.403594868889 390.7637819498869 724.5297912030064 461.5553514182418 0.07251034677028656
205.007480464165 425.79605524597685 217.67385771193068 440.19430181120293 0.07249786704778671
956.551731567156 374.4941006531076 962.1704944254848 381.6341314311562 0.07248493283987045
829.6923283248717 501.58930946955496 837.9534181113936 511.836052316535 0.07247868180274963
864.1540341288473 462.53457223967246 886.030487939884 492.9558439050336 0.07243812084197998
-117.23832050048468 351.59781380143227 301.0253844917942 857.0591065659258 0.0724342092871666
1003.8559113618405 362.5074730335384 1008.12228027082 368.0110972988876 0.07224073261022568
773.2863378116427 315.5061878955762 851.8314145519224 410.3530040165721 0.07223723083734512
364.1486981333105 469.16666922970654 380.0314278748354 490.3562445745211 0.07215428352355957
875.2376151976216 382.8850336838514 883.3349104769306 394.2807187404943 0.07199119031429291
957.2109565159999 364.4183007292578 965.9495682645809 374.80310072353933 0.0719272643327713
858.0278105745849 387.36364230684563 871.7814248516139 406.5341219049215 0.07187728583812714
841.243757377634 214.52642010639585 900.6759691330898 282.9902662562942 0.07186518609523773
185.40700545621743 441.54756166543314 198.17406359747056 457.6075093944555 0.07185320556163788
855.4909152209705 319.0138413931791 907.8791632811639 379.2003163639221 0.07162661850452423
293.720519627147 441.20517288582073 305.9859210527017 457.3215610184306 0.07159475237131119
617.5522872775908 384.5877248505712 626.6700842540293 396.43575424041364 0.0715545043349266
320.12384594499434 402.16518539674604 329.1692469395698 414.115080988046 0.07152533531188965
437.8165386934271 419.6025917046857 450.066854841898 438.3881181964957 0.07150962948799133
899.8672210137504 303.01014482190425 948.8518277921962 360.50480141088406 0.07149649411439896
342.08771432495973 367.9162217952701 368.7841340077868 401.1089605771207 0.07149554044008255
969.9299680117086 396.14593355858216 979.4628985326639 408.2018109161058 0.07146403193473816
553.9312881390159 479.4927825396411 565.632299655068 494.69991363643203 0.07140222191810608
751.2189171934357 463.1059894269 772.7296126136902 492.5888520541361 0.07135988026857376
548.8095128611587 442.7188820360242 560.9108545967266 459.3525494318856 0.07124404609203339
63.10793503022697 40.40422502756862 69.90186262156442 52.438089589863395 0.07124046236276627
642.1253200597026 379.17577984141286 649.4314342904665 389.2372711684632 0.07112058997154236
688.3823497224731 370.97344911551113 700.1196008871464 383.65030311833294 0.07111874967813492
332.10898769360085 413.09559897500776 347.8027507085562 433.90695888276514 0.07109999656677246
11.523565553576256 22.595512303753228 17.916446687352785 30.622930556977717 0.07105352729558945
494.1371431092172 526.2209034271186 502.1873360113082 536.0392154801121 0.07097139209508896
231.9585026633478 423.26747073681946 245.28164302447288 440.41156809851446 0.0709240585565567
419.8683563729562 410.7697487343218 432.3235404556133 427.7689744105814 0.07085723429918289
376.45295685865614 376.8533454825318 408.5022544938739 416.5017120767315 0.07070477306842804
932.9149580271556 537.0153287601667 1149.5541805570774 777.2615690306459 0.07070095092058182
599.3674726547206 442.9057576087132 605.8153529597811 451.6522141378345 0.07067174464464188
824.7916057704222 233.60643708859206 883.183824878868 310.7138169070347 0.07052680850028992
849.8046149253603 493.83277450843724 903.6170295120487 559.8236456042424 0.07051196694374084
304.7887936998251 404.4070552804799 315.70673345544304 419.26496113388214 0.07046889513731003
973.4845439119676 436.4095999181058 1011.1075746472321 479.7730439499799 0.07046329230070114
811.8917053155685 421.387713770821 820.486501290227 433.6159195783585 0.07044995576143265
689.8159570279283 404.35763818403615 700.2777121070764 417.5327690314323 0.07038307934999466
1002.2950309002667 275.5845474846427 1015.2632718344935 291.85740988395133 0.07036686688661575
793.1668873007161 412.01956674233503 803.1071933716964 425.6053696264977 0.07035434991121292
862.2193037730233 523.0474248239938 870.4894852581654 533.177459599502 0.07028638571500778
673.836302559255 367.09052592934256 694.0414110914636 392.8665569072762 0.07009527087211609
632.6374863022721 493.3841383229313 643.3043102301177 508.50570680495423 0.07001356035470963
867.602806893694 286.3890798811183 911.1413698573422 339.3334757781536 0.06989707052707672
269.27743848259604 355.62279473052854 349.9581447648677 449.316655815426 0.06984233111143112
381.9999278218078 497.09166550006654 394.49429483961865 512.2266725133901 0.06981614977121353
935.3059942685799 365.24314407140565 944.4517416236625 374.63988077772 0.06977806985378265
794.2854950169625 485.2062097678043 807.9872773463369 501.2602412504801 0.06956547498703003
304.57918465564876 393.2905924867241 311.88971385392654 403.72961636889875 0.06947110593318939
175.25615246099161 421.1338626506365 185.4049888381259 434.9870163896821 0.06941157579421997
995.3789111010777 311.73304494735993 1051.6291086556287 382.26475982269733 0.06938093900680542
-59.16129681157378 572.3828198671272 120.31517182821064 778.7240122199088 0.06925627589225769
891.6143474437905 377.3987041370118 900.8407344053755 389.7975826841941 0.06908010691404343
203.8585387008229 454.28037603465543 219.25736640359958 472.229685673998 0.06906688958406448
552.0346541508735 403.7848841147287 562.8921316763269 418.893655154651 0.06895899027585983
936.4370736969313 466.6514919078207 946.5173712072326 480.3536609857525 0.06893952190876007
752.2859815187138 485.6879343186517 764.6524043233268 501.45325122800824 0.06860499083995819
823.7579380860491 466.602532631671 837.5533769322672 485.42300053260936 0.06846605986356735
818.7845763151053 344.32640960932855 835.752276237355 364.01105324866904 0.06829551607370377
594.8078327293763 386.0504727742415 601.3771316779736 393.71132360377874 0.06794433295726776
-4.966138562599521 69.11750115578982 20.305198476412418 109.90016183768745 0.06783048808574677
826.1387507096512 484.06486729118626 837.7458172031079 498.98800401938746 0.06782575696706772
397.1355864309888 339.4063651344454 435.7647974904648 389.44402396969514 0.06776406615972519
555.2036037932361 380.80206226564036 639.4805205878179 484.4968657849271 0.06764035671949387
842.2824564318913 329.2613403940327 874.2522098461192 368.21005782237984 0.0672951266169548
915.7168721085338 365.7566349120737 924.7285236322522 375.9330599362769 0.06726953387260437
925.3019007610981 366.43284973545667 933.9521199029195 376.1666742120626 0.06717343628406525
760.0663359221403 419.775219608056 770.3815769568528 434.3646889057956 0.06711418181657791
313.9412182700154 392.37608737433084 323.61110938949827 406.34811371106224 0.06711374223232269
346.5378828676009 485.8749457536932 361.6518101857273 504.8830372881783 0.06695587188005447
727.8140351680787 405.50333014298786 738.7618520424303 419.82710751738875 0.06695281714200974
685.327049398686 503.05462634242895 694.2001767209993 515.0816046465146 0.0668596476316452
585.6291510578092 394.3828665153309 621.8889196471413 441.18762344731675 0.0667787566781044
422.1008273684174 456.96815628443005 525.6536866034768 582.116868785743 0.0667102113366127
426.33157261469785 463.9088996079863 437.63272994366844 478.86868386410634 0.06646925956010818
392.9679585635265 491.4625769568147 403.635888061184 505.4227918383298 0.06646326184272766
309.18178213048515 460.92790477323297 324.53707572102496 481.81949640357834 0.06646035611629486
744.8273524942518 450.9412949806633 755.8454362116373 467.01531057871244 0.06631727516651154
508.7337470820574 406.72956636599537 518.5725762574682 421.4921045047398 0.06624878197908401
339.75022972189436 400.19348872865487 358.5849967282057 422.41669978834153 0.06583307683467865
607.639602628846 493.6820325171245 622.436499424967 511.1189040996066 0.06558848172426224
346.42651577171176 388.17946873697514 447.3748459383756 501.9366881934427 0.06554324924945831
322.7101938060572 467.6763516365485 340.1336930280174 489.85897290661745 0.06550250202417374
1013.7743823210456 345.1414289327695 1071.4453282400048 420.7621718972987 0.06550231575965881
285.807884238424 390.1939967357179 298.38504421827247 407.7265493592655 0.06549743562936783
783.88365046374 373.163721016546 795.2965620192547 385.55337055229984 0.06545194983482361
811.8936460026766 485.4316652772565 821.3993187461044 498.9169995823845 0.06528625637292862
807.3014118021115 226.14741706637324 827.3214637117533 254.92446522478613 0.06525665521621704
227.67423002285972 443.6172739264653 243.51920960114776 462.8345958058541 0.0652315616607666
82.37034656985583 -16.35308864936003 121.96672560517302 29.712190283558463 0.06517566740512848
772.3266820183851 374.2388251996616 783.6054308276249 386.80977634189264 0.06497111916542053
692.5036272554119 497.381783808727 703.2536856480814 511.4936935168749 0.06496114283800125
626.9468838822329 342.91154054030164 633.3272611166185 352.23239176646086 0.06474613398313522
585.0770448974628 490.6038011993872 596.9526700313629 505.9506540556898 0.0645926371216774
934.7360135910533 479.979504117708 946.8552927574519 494.848128197971 0.06446917355060577
265.78737067823977 471.13506208548534 282.69883699980807 492.515812880664 0.0643320232629776
756.8163630740742 570.7372901258997 936.4985542337472 767.1094726944284 0.0641915574669838
503.23127060700693 421.96537814046025 515.7100285035887 442.9392517177209 0.06344309449195862
790.4460531281148 509.9061964789166 798.4132964755714 520.5766918429284 0.06340721994638443
296.58137498952925 428.67824358323423 347.03886547962935 498.6033369829152 0.06174355745315552
890.9287700651923 522.0807383940738 942.1407827722231 581.4664166835673 0.06165914237499237
191.09349732948698 239.8102042292907 273.60375915908645 342.03801074067513 0.06037808582186699
435.33253680118673 315.89557723374287 470.3409082796746 361.30539859290377 0.059316184371709824
